npart: 8 3 
ipart: 1 2 
ngrid: 51 46 
4.122381e-01 6.866399e-01 
4.189072e-01 6.874661e-01 
4.255725e-01 6.883185e-01 
4.322359e-01 6.891979e-01 
4.388986e-01 6.901047e-01 
4.459424e-01 6.910926e-01 
4.529899e-01 6.921105e-01 
4.600432e-01 6.931594e-01 
4.671035e-01 6.942377e-01 
4.741724e-01 6.953451e-01 
4.812516e-01 6.964803e-01 
4.883436e-01 6.976436e-01 
4.954504e-01 6.988329e-01 
5.025749e-01 7.000476e-01 
5.097200e-01 7.012855e-01 
5.168887e-01 7.025439e-01 
5.240855e-01 7.038161e-01 
5.313136e-01 7.050904e-01 
5.385763e-01 7.063510e-01 
5.458737e-01 7.075722e-01 
5.532094e-01 7.087580e-01 
5.605766e-01 7.098571e-01 
5.679734e-01 7.107571e-01 
5.753868e-01 7.111739e-01 
5.828129e-01 7.106690e-01 
5.899858e-01 7.122375e-01 
5.971998e-01 7.137147e-01 
6.044435e-01 7.151209e-01 
6.117155e-01 7.164544e-01 
6.190137e-01 7.177163e-01 
6.263360e-01 7.189066e-01 
6.336803e-01 7.200268e-01 
6.410442e-01 7.210797e-01 
6.484254e-01 7.220677e-01 
6.558219e-01 7.229938e-01 
6.632307e-01 7.238654e-01 
6.706500e-01 7.246873e-01 
6.780781e-01 7.254640e-01 
6.855140e-01 7.261975e-01 
6.929560e-01 7.268941e-01 
7.004032e-01 7.275571e-01 
7.078550e-01 7.281887e-01 
7.153108e-01 7.287904e-01 
7.227702e-01 7.293637e-01 
7.302326e-01 7.299109e-01 
7.376978e-01 7.304326e-01 
7.451655e-01 7.309286e-01 
7.526356e-01 7.313990e-01 
7.601079e-01 7.318421e-01 
7.679441e-01 7.323214e-01 
7.757595e-01 7.327687e-01 
4.123118e-01 6.935537e-01 
4.189932e-01 6.943618e-01 
4.256710e-01 6.951957e-01 
4.323468e-01 6.960561e-01 
4.390220e-01 6.969434e-01 
4.460818e-01 6.979106e-01 
4.531454e-01 6.989073e-01 
4.602146e-01 6.999345e-01 
4.672907e-01 7.009906e-01 
4.743753e-01 7.020754e-01 
4.814699e-01 7.031876e-01 
4.885772e-01 7.043273e-01 
4.956991e-01 7.054927e-01 
5.028383e-01 7.066829e-01 
5.099976e-01 7.078960e-01 
5.171802e-01 7.091292e-01 
5.243904e-01 7.103758e-01 
5.316313e-01 7.116245e-01 
5.389061e-01 7.128593e-01 
5.462149e-01 7.140552e-01 
5.535613e-01 7.152159e-01 
5.609387e-01 7.162911e-01 
5.683449e-01 7.171695e-01 
5.757673e-01 7.175710e-01 
5.832019e-01 7.170620e-01 
5.903697e-01 7.185962e-01 
5.975777e-01 7.200410e-01 
6.048148e-01 7.214163e-01 
6.120795e-01 7.227207e-01 
6.193698e-01 7.239549e-01 
6.266837e-01 7.251192e-01 
6.340192e-01 7.262149e-01 
6.413737e-01 7.272448e-01 
6.487453e-01 7.282112e-01 
6.561317e-01 7.291171e-01 
6.635302e-01 7.299698e-01 
6.709390e-01 7.307737e-01 
6.783563e-01 7.315335e-01 
6.857813e-01 7.322511e-01 
6.932123e-01 7.329326e-01 
7.006483e-01 7.335812e-01 
7.080889e-01 7.341991e-01 
7.155333e-01 7.347878e-01 
7.229813e-01 7.353487e-01 
7.304322e-01 7.358841e-01 
7.378858e-01 7.363945e-01 
7.453420e-01 7.368799e-01 
7.528004e-01 7.373401e-01 
7.602610e-01 7.377737e-01 
7.680887e-01 7.382425e-01 
7.758961e-01 7.386799e-01 
4.123875e-01 7.004692e-01 
4.190812e-01 7.012592e-01 
4.257713e-01 7.020747e-01 
4.324594e-01 7.029161e-01 
4.391470e-01 7.037839e-01 
4.462229e-01 7.047305e-01 
4.533024e-01 7.057060e-01 
4.603876e-01 7.067115e-01 
4.674794e-01 7.077456e-01 
4.745795e-01 7.088077e-01 
4.816896e-01 7.098968e-01 
4.888121e-01 7.110131e-01 
4.959489e-01 7.121545e-01 
5.031027e-01 7.133203e-01 
5.102763e-01 7.145086e-01 
5.174726e-01 7.157166e-01 
5.246961e-01 7.169376e-01 
5.319497e-01 7.181606e-01 
5.392366e-01 7.193697e-01 
5.465568e-01 7.205403e-01 
5.539139e-01 7.216760e-01 
5.613013e-01 7.227271e-01 
5.687170e-01 7.235842e-01 
5.761483e-01 7.239703e-01 
5.835913e-01 7.234573e-01 
5.907540e-01 7.249571e-01 
5.979560e-01 7.263695e-01 
6.051864e-01 7.277140e-01 
6.124439e-01 7.289892e-01 
6.197264e-01 7.301958e-01 
6.270320e-01 7.313339e-01 
6.343586e-01 7.324051e-01 
6.417038e-01 7.334121e-01 
6.490657e-01 7.343568e-01 
6.564422e-01 7.352425e-01 
6.638304e-01 7.360762e-01 
6.712286e-01 7.368623e-01 
6.786353e-01 7.376051e-01 
6.860494e-01 7.383067e-01 
6.934693e-01 7.389731e-01 
7.008943e-01 7.396073e-01 
7.083236e-01 7.402115e-01 
7.157567e-01 7.407872e-01 
7.231933e-01 7.413357e-01 
7.306328e-01 7.418592e-01 
7.380749e-01 7.423583e-01 
7.455194e-01 7.428330e-01 
7.529662e-01 7.432831e-01 
7.604151e-01 7.437072e-01 
7.682344e-01 7.441653e-01 
7.760338e-01 7.445929e-01 
4.124650e-01 7.073863e-01 
4.191709e-01 7.081584e-01 
4.258733e-01 7.089554e-01 
4.325738e-01 7.097779e-01 
4.392737e-01 7.106264e-01 
4.463655e-01 7.115523e-01 
4.534610e-01 7.125067e-01 
4.605619e-01 7.134906e-01 
4.676694e-01 7.145025e-01 
4.747851e-01 7.155421e-01 
4.819105e-01 7.166082e-01 
4.890482e-01 7.177009e-01 
4.961998e-01 7.188183e-01 
5.033681e-01 7.199598e-01 
5.105559e-01 7.211232e-01 
5.177660e-01 7.223060e-01 
5.250027e-01 7.235015e-01 
5.322689e-01 7.246987e-01 
5.395677e-01 7.258822e-01 
5.468993e-01 7.270274e-01 
5.542670e-01 7.281381e-01 
5.616644e-01 7.291652e-01 
5.690895e-01 7.300009e-01 
5.765298e-01 7.303717e-01 
5.839811e-01 7.298549e-01 
5.911388e-01 7.313202e-01 
5.983349e-01 7.327002e-01 
6.055587e-01 7.340139e-01 
6.128090e-01 7.352598e-01 
6.200837e-01 7.364387e-01 
6.273809e-01 7.375508e-01 
6.346986e-01 7.385975e-01 
6.420346e-01 7.395814e-01 
6.493869e-01 7.405046e-01 
6.567534e-01 7.413700e-01 
6.641314e-01 7.421847e-01 
6.715191e-01 7.429528e-01 
6.789151e-01 7.436788e-01 
6.863183e-01 7.443644e-01 
6.937273e-01 7.450156e-01 
7.011411e-01 7.456354e-01 
7.085592e-01 7.462259e-01 
7.159811e-01 7.467885e-01 
7.234063e-01 7.473246e-01 
7.308343e-01 7.478363e-01 
7.382649e-01 7.483241e-01 
7.456979e-01 7.487881e-01 
7.531331e-01 7.492281e-01 
7.605703e-01 7.496426e-01 
7.683810e-01 7.500900e-01 
7.761725e-01 7.505075e-01 
4.125443e-01 7.143049e-01 
4.192623e-01 7.150591e-01 
4.259769e-01 7.158377e-01 
4.326897e-01 7.166414e-01 
4.394019e-01 7.174705e-01 
4.465096e-01 7.183758e-01 
4.536208e-01 7.193091e-01 
4.607375e-01 7.202714e-01 
4.678606e-01 7.212613e-01 
4.749918e-01 7.222783e-01 
4.821325e-01 7.233213e-01 
4.892852e-01 7.243906e-01 
4.964516e-01 7.254841e-01 
5.036344e-01 7.266011e-01 
5.108363e-01 7.277397e-01 
5.180600e-01 7.288972e-01 
5.253099e-01 7.300672e-01 
5.325887e-01 7.312387e-01 
5.398995e-01 7.323964e-01 
5.472422e-01 7.335162e-01 
5.546205e-01 7.346019e-01 
5.620279e-01 7.356051e-01 
5.694624e-01 7.364193e-01 
5.769116e-01 7.367749e-01 
5.843713e-01 7.362545e-01 
5.915239e-01 7.376853e-01 
5.987141e-01 7.390329e-01 
6.059314e-01 7.403157e-01 
6.131744e-01 7.415324e-01 
6.204413e-01 7.426836e-01 
6.277302e-01 7.437697e-01 
6.350392e-01 7.447918e-01 
6.423660e-01 7.457526e-01 
6.497086e-01 7.466542e-01 
6.570651e-01 7.474994e-01 
6.644329e-01 7.482950e-01 
6.718102e-01 7.490453e-01 
6.791955e-01 7.497542e-01 
6.865879e-01 7.504239e-01 
6.939859e-01 7.510600e-01 
7.013887e-01 7.516653e-01 
7.087956e-01 7.522421e-01 
7.162062e-01 7.527917e-01 
7.236201e-01 7.533153e-01 
7.310367e-01 7.538152e-01 
7.384558e-01 7.542917e-01 
7.458773e-01 7.547450e-01 
7.533009e-01 7.551748e-01 
7.607265e-01 7.555798e-01 
7.685287e-01 7.560163e-01 
7.763122e-01 7.564237e-01 
4.126251e-01 7.212248e-01 
4.193552e-01 7.219611e-01 
4.260820e-01 7.227214e-01 
4.328069e-01 7.235063e-01 
4.395313e-01 7.243161e-01 
4.466549e-01 7.252009e-01 
4.537819e-01 7.261132e-01 
4.609143e-01 7.270539e-01 
4.680529e-01 7.280217e-01 
4.751995e-01 7.290162e-01 
4.823555e-01 7.300362e-01 
4.895231e-01 7.310819e-01 
4.967043e-01 7.321515e-01 
5.039015e-01 7.332441e-01 
5.111174e-01 7.343579e-01 
5.183548e-01 7.354902e-01 
5.256177e-01 7.366345e-01 
5.329090e-01 7.377802e-01 
5.402316e-01 7.389122e-01 
5.475856e-01 7.400066e-01 
5.549743e-01 7.410672e-01 
5.623916e-01 7.420464e-01 
5.698354e-01 7.428392e-01 
5.772935e-01 7.431797e-01 
5.847614e-01 7.426558e-01 
5.919092e-01 7.440522e-01 
5.990934e-01 7.453674e-01 
6.063042e-01 7.466193e-01 
6.135401e-01 7.478067e-01 
6.207992e-01 7.489303e-01 
6.280799e-01 7.499902e-01 
6.353801e-01 7.509878e-01 
6.426976e-01 7.519256e-01 
6.500307e-01 7.528056e-01 
6.573773e-01 7.536305e-01 
6.647349e-01 7.544071e-01 
6.721018e-01 7.551394e-01 
6.794765e-01 7.558314e-01 
6.868581e-01 7.564851e-01 
6.942452e-01 7.571060e-01 
7.016369e-01 7.576970e-01 
7.090327e-01 7.582600e-01 
7.164321e-01 7.587965e-01 
7.238346e-01 7.593077e-01 
7.312398e-01 7.597957e-01 
7.386475e-01 7.602610e-01 
7.460575e-01 7.607035e-01 
7.534695e-01 7.611232e-01 
7.608836e-01 7.615186e-01 
7.686773e-01 7.619441e-01 
7.764528e-01 7.623414e-01 
4.127073e-01 7.281458e-01 
4.194494e-01 7.288643e-01 
4.261883e-01 7.296063e-01 
4.329254e-01 7.303725e-01 
4.396619e-01 7.311631e-01 
4.468013e-01 7.320273e-01 
4.539441e-01 7.329186e-01 
4.610920e-01 7.338377e-01 
4.682462e-01 7.347835e-01 
4.754081e-01 7.357555e-01 
4.825793e-01 7.367525e-01 
4.897619e-01 7.377747e-01 
4.969577e-01 7.388204e-01 
5.041693e-01 7.398886e-01 
5.113991e-01 7.409775e-01 
5.186500e-01 7.420845e-01 
5.259260e-01 7.432032e-01 
5.332296e-01 7.443231e-01 
5.405641e-01 7.454293e-01 
5.479292e-01 7.464983e-01 
5.553283e-01 7.475338e-01 
5.627554e-01 7.484889e-01 
5.702084e-01 7.492603e-01 
5.776753e-01 7.495857e-01 
5.851514e-01 7.490586e-01 
5.922942e-01 7.504206e-01 
5.994727e-01 7.517033e-01 
6.066769e-01 7.529244e-01 
6.139057e-01 7.540825e-01 
6.211571e-01 7.551784e-01 
6.284296e-01 7.562123e-01 
6.357210e-01 7.571854e-01 
6.430295e-01 7.581001e-01 
6.503530e-01 7.589584e-01 
6.576897e-01 7.597632e-01 
6.650372e-01 7.605207e-01 
6.723937e-01 7.612350e-01 
6.797578e-01 7.619101e-01 
6.871287e-01 7.625478e-01 
6.945049e-01 7.631536e-01 
7.018856e-01 7.637301e-01 
7.092703e-01 7.642794e-01 
7.166585e-01 7.648029e-01 
7.240498e-01 7.653016e-01 
7.314437e-01 7.657778e-01 
7.388400e-01 7.662318e-01 
7.462385e-01 7.666636e-01 
7.536391e-01 7.670731e-01 
7.610416e-01 7.674590e-01 
7.688269e-01 7.678736e-01 
7.765944e-01 7.682606e-01 
4.127907e-01 7.350678e-01 
4.195449e-01 7.357686e-01 
4.262958e-01 7.364924e-01 
4.330450e-01 7.372398e-01 
4.397936e-01 7.380112e-01 
4.469487e-01 7.388550e-01 
4.541072e-01 7.397253e-01 
4.612707e-01 7.406229e-01 
4.684404e-01 7.415467e-01 
4.756176e-01 7.424962e-01 
4.828038e-01 7.434702e-01 
4.900013e-01 7.444689e-01 
4.972118e-01 7.454906e-01 
5.044376e-01 7.465344e-01 
5.116814e-01 7.475985e-01 
5.189457e-01 7.486801e-01 
5.262346e-01 7.497732e-01 
5.335506e-01 7.508672e-01 
5.408967e-01 7.519476e-01 
5.482729e-01 7.529911e-01 
5.556824e-01 7.540015e-01 
5.631192e-01 7.549326e-01 
5.705814e-01 7.556825e-01 
5.780569e-01 7.559929e-01 
5.855412e-01 7.554629e-01 
5.926791e-01 7.567904e-01 
5.998518e-01 7.580406e-01 
6.070496e-01 7.592308e-01 
6.142713e-01 7.603597e-01 
6.215151e-01 7.614280e-01 
6.287793e-01 7.624357e-01 
6.360621e-01 7.633843e-01 
6.433615e-01 7.642760e-01 
6.506755e-01 7.651127e-01 
6.580024e-01 7.658972e-01 
6.653398e-01 7.666357e-01 
6.726859e-01 7.673321e-01 
6.800396e-01 7.679903e-01 
6.873997e-01 7.686120e-01 
6.947651e-01 7.692026e-01 
7.021349e-01 7.697647e-01 
7.095085e-01 7.703003e-01 
7.168856e-01 7.708108e-01 
7.242656e-01 7.712971e-01 
7.316483e-01 7.717614e-01 
7.390332e-01 7.722041e-01 
7.464203e-01 7.726252e-01 
7.538094e-01 7.730246e-01 
7.612004e-01 7.734010e-01 
7.689773e-01 7.738044e-01 
7.767370e-01 7.741811e-01 
4.128753e-01 7.419907e-01 
4.196414e-01 7.426738e-01 
4.264043e-01 7.433794e-01 
4.331656e-01 7.441082e-01 
4.399262e-01 7.448605e-01 
4.470971e-01 7.456839e-01 
4.542712e-01 7.465331e-01 
4.614502e-01 7.474093e-01 
4.686353e-01 7.483111e-01 
4.758278e-01 7.492380e-01 
4.830291e-01 7.501891e-01 
4.902414e-01 7.511644e-01 
4.974664e-01 7.521621e-01 
5.047064e-01 7.531815e-01 
5.119640e-01 7.542206e-01 
5.192418e-01 7.552769e-01 
5.265435e-01 7.563443e-01 
5.338718e-01 7.574124e-01 
5.412295e-01 7.584669e-01 
5.486166e-01 7.594849e-01 
5.560363e-01 7.604701e-01 
5.634828e-01 7.613770e-01 
5.709540e-01 7.621056e-01 
5.784382e-01 7.624011e-01 
5.859305e-01 7.618682e-01 
5.930636e-01 7.631612e-01 
6.002305e-01 7.643791e-01 
6.074219e-01 7.655384e-01 
6.146366e-01 7.666381e-01 
6.218728e-01 7.676787e-01 
6.291289e-01 7.686604e-01 
6.364032e-01 7.695844e-01 
6.436934e-01 7.704530e-01 
6.509980e-01 7.712682e-01 
6.583152e-01 7.720325e-01 
6.656425e-01 7.727519e-01 
6.729784e-01 7.734304e-01 
6.803215e-01 7.740717e-01 
6.876711e-01 7.746775e-01 
6.950257e-01 7.752529e-01 
7.023846e-01 7.758007e-01 
7.097472e-01 7.763225e-01 
7.171132e-01 7.768199e-01 
7.244821e-01 7.772938e-01 
7.318534e-01 7.777463e-01 
7.392271e-01 7.781778e-01 
7.466029e-01 7.785882e-01 
7.539806e-01 7.789775e-01 
7.613601e-01 7.793443e-01 
7.691287e-01 7.797366e-01 
7.768804e-01 7.801028e-01 
4.129609e-01 7.489145e-01 
4.197389e-01 7.495799e-01 
4.265138e-01 7.502674e-01 
4.332870e-01 7.509776e-01 
4.400597e-01 7.517108e-01 
4.472462e-01 7.525137e-01 
4.544359e-01 7.533420e-01 
4.616305e-01 7.541967e-01 
4.688309e-01 7.550765e-01 
4.760385e-01 7.559810e-01 
4.832548e-01 7.569090e-01 
4.904819e-01 7.578608e-01 
4.977214e-01 7.588346e-01 
5.049756e-01 7.598295e-01 
5.122470e-01 7.608437e-01 
5.195381e-01 7.618746e-01 
5.268526e-01 7.629162e-01 
5.341931e-01 7.639584e-01 
5.415624e-01 7.649871e-01 
5.489603e-01 7.659794e-01 
5.563901e-01 7.669394e-01 
5.638460e-01 7.678222e-01 
5.713262e-01 7.685294e-01 
5.788189e-01 7.688100e-01 
5.863192e-01 7.682744e-01 
5.934476e-01 7.695331e-01 
6.006088e-01 7.707185e-01 
6.077939e-01 7.718470e-01 
6.150017e-01 7.729174e-01 
6.222303e-01 7.739304e-01 
6.294784e-01 7.748860e-01 
6.367440e-01 7.757855e-01 
6.440253e-01 7.766312e-01 
6.513206e-01 7.774247e-01 
6.586280e-01 7.781688e-01 
6.659453e-01 7.788692e-01 
6.732710e-01 7.795299e-01 
6.806037e-01 7.801542e-01 
6.879427e-01 7.807441e-01 
6.952865e-01 7.813044e-01 
7.026346e-01 7.818377e-01 
7.099863e-01 7.823459e-01 
7.173412e-01 7.828303e-01 
7.246990e-01 7.832918e-01 
7.320592e-01 7.837325e-01 
7.394217e-01 7.841527e-01 
7.467861e-01 7.845525e-01 
7.541525e-01 7.849316e-01 
7.615206e-01 7.852890e-01 
7.692809e-01 7.856699e-01 
7.770248e-01 7.860256e-01 
4.130473e-01 7.558390e-01 
4.198372e-01 7.564868e-01 
4.266240e-01 7.571562e-01 
4.334092e-01 7.578478e-01 
4.401939e-01 7.585619e-01 
4.473960e-01 7.593445e-01 
4.546013e-01 7.601519e-01 
4.618113e-01 7.609851e-01 
4.690270e-01 7.618430e-01 
4.762499e-01 7.627249e-01 
4.834811e-01 7.636300e-01 
4.907229e-01 7.645583e-01 
4.979769e-01 7.655080e-01 
5.052452e-01 7.664785e-01 
5.125303e-01 7.674677e-01 
5.198346e-01 7.684732e-01 
5.271619e-01 7.694890e-01 
5.345145e-01 7.705052e-01 
5.418951e-01 7.715079e-01 
5.493038e-01 7.724746e-01 
5.567436e-01 7.734093e-01 
5.642090e-01 7.742680e-01 
5.716979e-01 7.749537e-01 
5.791990e-01 7.752195e-01 
5.867073e-01 7.746814e-01 
5.938310e-01 7.759056e-01 
6.009866e-01 7.770587e-01 
6.081654e-01 7.781564e-01 
6.153663e-01 7.791976e-01 
6.225875e-01 7.801829e-01 
6.298275e-01 7.811125e-01 
6.370847e-01 7.819875e-01 
6.443570e-01 7.828102e-01 
6.516430e-01 7.835822e-01 
6.589407e-01 7.843060e-01 
6.662481e-01 7.849875e-01 
6.735637e-01 7.856302e-01 
6.808860e-01 7.862377e-01 
6.882145e-01 7.868116e-01 
6.955477e-01 7.873569e-01 
7.028850e-01 7.878759e-01 
7.102258e-01 7.883704e-01 
7.175698e-01 7.888418e-01 
7.249165e-01 7.892909e-01 
7.322656e-01 7.897198e-01 
7.396169e-01 7.901288e-01 
7.469701e-01 7.905179e-01 
7.543252e-01 7.908870e-01 
7.616820e-01 7.912348e-01 
7.694340e-01 7.916044e-01 
7.771701e-01 7.919494e-01 
4.131344e-01 7.627643e-01 
4.199362e-01 7.633945e-01 
4.267350e-01 7.640458e-01 
4.335321e-01 7.647189e-01 
4.403287e-01 7.654141e-01 
4.475465e-01 7.661762e-01 
4.547673e-01 7.669627e-01 
4.619927e-01 7.677745e-01 
4.692237e-01 7.686104e-01 
4.764617e-01 7.694699e-01 
4.837079e-01 7.703519e-01 
4.909643e-01 7.712567e-01 
4.982327e-01 7.721824e-01 
5.055151e-01 7.731284e-01 
5.128138e-01 7.740926e-01 
5.201313e-01 7.750726e-01 
5.274712e-01 7.760625e-01 
5.348358e-01 7.770527e-01 
5.422278e-01 7.780293e-01 
5.496472e-01 7.789703e-01 
5.570968e-01 7.798798e-01 
5.645715e-01 7.807142e-01 
5.720691e-01 7.813785e-01 
5.795786e-01 7.816294e-01 
5.870948e-01 7.810891e-01 
5.942138e-01 7.822789e-01 
6.013639e-01 7.833996e-01 
6.085365e-01 7.844664e-01 
6.157306e-01 7.854784e-01 
6.229443e-01 7.864362e-01 
6.301764e-01 7.873397e-01 
6.374251e-01 7.881903e-01 
6.446886e-01 7.889899e-01 
6.519653e-01 7.897404e-01 
6.592535e-01 7.904441e-01 
6.665510e-01 7.911066e-01 
6.738565e-01 7.917315e-01 
6.811686e-01 7.923221e-01 
6.884865e-01 7.928801e-01 
6.958092e-01 7.934102e-01 
7.031357e-01 7.939149e-01 
7.104658e-01 7.943958e-01 
7.177988e-01 7.948542e-01 
7.251346e-01 7.952910e-01 
7.324726e-01 7.957081e-01 
7.398128e-01 7.961059e-01 
7.471549e-01 7.964843e-01 
7.544987e-01 7.968433e-01 
7.618443e-01 7.971817e-01 
7.695879e-01 7.975397e-01 
7.773162e-01 7.978739e-01 
4.132222e-01 7.696903e-01 
4.200358e-01 7.703029e-01 
4.268465e-01 7.709363e-01 
4.336555e-01 7.715909e-01 
4.404640e-01 7.722671e-01 
4.476974e-01 7.730089e-01 
4.549337e-01 7.737744e-01 
4.621746e-01 7.745648e-01 
4.694208e-01 7.753787e-01 
4.766739e-01 7.762157e-01 
4.839350e-01 7.770747e-01 
4.912061e-01 7.779560e-01 
4.984888e-01 7.788576e-01 
5.057852e-01 7.797790e-01 
5.130975e-01 7.807181e-01 
5.204281e-01 7.816726e-01 
5.277806e-01 7.826366e-01 
5.351571e-01 7.836006e-01 
5.425603e-01 7.845511e-01 
5.499902e-01 7.854664e-01 
5.574497e-01 7.863505e-01 
5.649334e-01 7.871607e-01 
5.724396e-01 7.878035e-01 
5.799574e-01 7.880396e-01 
5.874815e-01 7.874971e-01 
5.945959e-01 7.886525e-01 
6.017405e-01 7.897408e-01 
6.089070e-01 7.907769e-01 
6.160943e-01 7.917598e-01 
6.233007e-01 7.926899e-01 
6.305249e-01 7.935674e-01 
6.377653e-01 7.943935e-01 
6.450200e-01 7.951702e-01 
6.522875e-01 7.958992e-01 
6.595662e-01 7.965827e-01 
6.668539e-01 7.972263e-01 
6.741493e-01 7.978333e-01 
6.814512e-01 7.984071e-01 
6.887588e-01 7.989492e-01 
6.960709e-01 7.994642e-01 
7.033868e-01 7.999546e-01 
7.107061e-01 8.004219e-01 
7.180283e-01 8.008673e-01 
7.253531e-01 8.012917e-01 
7.326802e-01 8.016971e-01 
7.400093e-01 8.020837e-01 
7.473403e-01 8.024515e-01 
7.546730e-01 8.028005e-01 
7.620073e-01 8.031295e-01 
7.697428e-01 8.034757e-01 
7.774632e-01 8.037990e-01 
4.133104e-01 7.766171e-01 
4.201359e-01 7.772122e-01 
4.269584e-01 7.778276e-01 
4.337794e-01 7.784637e-01 
4.405998e-01 7.791210e-01 
4.478488e-01 7.798424e-01 
4.551006e-01 7.805871e-01 
4.623568e-01 7.813560e-01 
4.696183e-01 7.821479e-01 
4.768864e-01 7.829624e-01 
4.841624e-01 7.837983e-01 
4.914481e-01 7.846560e-01 
4.987451e-01 7.855335e-01 
5.060555e-01 7.864303e-01 
5.133814e-01 7.873443e-01 
5.207250e-01 7.882731e-01 
5.280899e-01 7.892112e-01 
5.354783e-01 7.901490e-01 
5.428927e-01 7.910733e-01 
5.503330e-01 7.919628e-01 
5.578020e-01 7.928214e-01 
5.652948e-01 7.936073e-01 
5.728095e-01 7.942285e-01 
5.803353e-01 7.944499e-01 
5.878673e-01 7.939053e-01 
5.949772e-01 7.950264e-01 
6.021164e-01 7.960824e-01 
6.092768e-01 7.970877e-01 
6.164574e-01 7.980413e-01 
6.236566e-01 7.989439e-01 
6.308730e-01 7.997955e-01 
6.381051e-01 8.005971e-01 
6.453510e-01 8.013508e-01 
6.526094e-01 8.020583e-01 
6.598786e-01 8.027217e-01 
6.671566e-01 8.033463e-01 
6.744421e-01 8.039355e-01 
6.817338e-01 8.044925e-01 
6.890311e-01 8.050187e-01 
6.963327e-01 8.055187e-01 
7.036381e-01 8.059947e-01 
7.109467e-01 8.064484e-01 
7.182581e-01 8.068809e-01 
7.255721e-01 8.072930e-01 
7.328883e-01 8.076867e-01 
7.402064e-01 8.080621e-01 
7.475263e-01 8.084193e-01 
7.548479e-01 8.087583e-01 
7.621712e-01 8.090778e-01 
7.698984e-01 8.094122e-01 
7.776111e-01 8.097244e-01 
4.133990e-01 7.835447e-01 
4.202363e-01 7.841223e-01 
4.270707e-01 7.847197e-01 
4.339036e-01 7.853374e-01 
4.407359e-01 7.859757e-01 
4.480005e-01 7.866768e-01 
4.552678e-01 7.874005e-01 
4.625394e-01 7.881480e-01 
4.698161e-01 7.889179e-01 
4.770993e-01 7.897098e-01 
4.843901e-01 7.905227e-01 
4.916904e-01 7.913567e-01 
4.990017e-01 7.922101e-01 
5.063260e-01 7.930821e-01 
5.136653e-01 7.939709e-01 
5.210220e-01 7.948740e-01 
5.283993e-01 7.957860e-01 
5.357994e-01 7.966976e-01 
5.432248e-01 7.975956e-01 
5.506754e-01 7.984592e-01 
5.581539e-01 7.992923e-01 
5.656556e-01 8.000538e-01 
5.731785e-01 8.006534e-01 
5.807123e-01 8.008600e-01 
5.882521e-01 8.003135e-01 
5.953576e-01 8.014003e-01 
6.024915e-01 8.024239e-01 
6.096459e-01 8.033985e-01 
6.168199e-01 8.043230e-01 
6.240119e-01 8.051980e-01 
6.312205e-01 8.060236e-01 
6.384444e-01 8.068008e-01 
6.456817e-01 8.075316e-01 
6.529310e-01 8.082175e-01 
6.601909e-01 8.088608e-01 
6.674592e-01 8.094665e-01 
6.747348e-01 8.100379e-01 
6.820164e-01 8.105780e-01 
6.893034e-01 8.110884e-01 
6.965947e-01 8.115734e-01 
7.038895e-01 8.120351e-01 
7.111875e-01 8.124752e-01 
7.184883e-01 8.128947e-01 
7.257915e-01 8.132946e-01 
7.330968e-01 8.136765e-01 
7.404040e-01 8.140407e-01 
7.477130e-01 8.143874e-01 
7.550236e-01 8.147163e-01 
7.623358e-01 8.150264e-01 
7.700548e-01 8.153488e-01 
7.777597e-01 8.156497e-01 
4.134878e-01 7.904733e-01 
4.203369e-01 7.910334e-01 
4.271832e-01 7.916129e-01 
4.340280e-01 7.922121e-01 
4.408722e-01 7.928315e-01 
4.481524e-01 7.935122e-01 
4.554353e-01 7.942150e-01 
4.627223e-01 7.949409e-01 
4.700142e-01 7.956887e-01 
4.773125e-01 7.964580e-01 
4.846181e-01 7.972478e-01 
4.919330e-01 7.980581e-01 
4.992585e-01 7.988872e-01 
5.065967e-01 7.997345e-01 
5.139495e-01 8.005980e-01 
5.213191e-01 8.014753e-01 
5.287087e-01 8.023612e-01 
5.361204e-01 8.032463e-01 
5.435567e-01 8.041180e-01 
5.510175e-01 8.049556e-01 
5.585054e-01 8.057631e-01 
5.660157e-01 8.065001e-01 
5.735467e-01 8.070781e-01 
5.810885e-01 8.072699e-01 
5.886361e-01 8.067216e-01 
5.957373e-01 8.077740e-01 
6.028659e-01 8.087653e-01 
6.100144e-01 8.097091e-01 
6.171818e-01 8.106045e-01 
6.243666e-01 8.114519e-01 
6.315676e-01 8.122515e-01 
6.387833e-01 8.130043e-01 
6.460120e-01 8.137122e-01 
6.532524e-01 8.143766e-01 
6.605029e-01 8.149998e-01 
6.677616e-01 8.155866e-01 
6.750274e-01 8.161401e-01 
6.822990e-01 8.166635e-01 
6.895759e-01 8.171580e-01 
6.968568e-01 8.176279e-01 
7.041412e-01 8.180754e-01 
7.114286e-01 8.185019e-01 
7.187188e-01 8.189085e-01 
7.260113e-01 8.192960e-01 
7.333058e-01 8.196662e-01 
7.406022e-01 8.200193e-01 
7.479003e-01 8.203554e-01 
7.551999e-01 8.206743e-01 
7.625011e-01 8.209751e-01 
7.702119e-01 8.212851e-01 
7.779090e-01 8.215746e-01 
4.135767e-01 7.974030e-01 
4.204377e-01 7.979457e-01 
4.272959e-01 7.985071e-01 
4.341526e-01 7.990880e-01 
4.410087e-01 7.996884e-01 
4.483045e-01 8.003486e-01 
4.556029e-01 8.010304e-01 
4.629053e-01 8.017348e-01 
4.702126e-01 8.024605e-01 
4.775259e-01 8.032071e-01 
4.848463e-01 8.039735e-01 
4.921758e-01 8.047601e-01 
4.995155e-01 8.055649e-01 
5.068675e-01 8.063872e-01 
5.142338e-01 8.072253e-01 
5.216162e-01 8.080768e-01 
5.290181e-01 8.089364e-01 
5.364414e-01 8.097951e-01 
5.438885e-01 8.106403e-01 
5.513592e-01 8.114519e-01 
5.588563e-01 8.122337e-01 
5.663751e-01 8.129461e-01 
5.739141e-01 8.135025e-01 
5.814637e-01 8.136794e-01 
5.890191e-01 8.131293e-01 
5.961160e-01 8.141473e-01 
6.032394e-01 8.151063e-01 
6.103820e-01 8.160194e-01 
6.175429e-01 8.168856e-01 
6.247207e-01 8.177055e-01 
6.319141e-01 8.184791e-01 
6.391217e-01 8.192075e-01 
6.463419e-01 8.198924e-01 
6.535733e-01 8.205354e-01 
6.608146e-01 8.211384e-01 
6.680639e-01 8.217063e-01 
6.753199e-01 8.222420e-01 
6.825816e-01 8.227486e-01 
6.898483e-01 8.232273e-01 
6.971189e-01 8.236821e-01 
7.043930e-01 8.241153e-01 
7.116700e-01 8.245282e-01 
7.189495e-01 8.249219e-01 
7.262314e-01 8.252971e-01 
7.335152e-01 8.256556e-01 
7.408009e-01 8.259976e-01 
7.480881e-01 8.263230e-01 
7.553769e-01 8.266319e-01 
7.626671e-01 8.269233e-01 
7.703698e-01 8.272208e-01 
7.780591e-01 8.274986e-01 
4.136656e-01 8.043342e-01 
4.205384e-01 8.048593e-01 
4.274086e-01 8.054028e-01 
4.342773e-01 8.059651e-01 
4.411453e-01 8.065466e-01 
4.484568e-01 8.071863e-01 
4.557708e-01 8.078470e-01 
4.630886e-01 8.085297e-01 
4.704111e-01 8.092332e-01 
4.777395e-01 8.099569e-01 
4.850748e-01 8.107001e-01 
4.924188e-01 8.114626e-01 
4.997728e-01 8.122430e-01 
5.071387e-01 8.130403e-01 
5.145183e-01 8.138529e-01 
5.219135e-01 8.146784e-01 
5.293276e-01 8.155117e-01 
5.367623e-01 8.163438e-01 
5.442201e-01 8.171625e-01 
5.517007e-01 8.179479e-01 
5.592068e-01 8.187039e-01 
5.667339e-01 8.193918e-01 
5.742807e-01 8.199263e-01 
5.818379e-01 8.200884e-01 
5.894012e-01 8.195365e-01 
5.964938e-01 8.205201e-01 
6.036121e-01 8.214468e-01 
6.107489e-01 8.223291e-01 
6.179034e-01 8.231662e-01 
6.250742e-01 8.239585e-01 
6.322601e-01 8.247061e-01 
6.394596e-01 8.254101e-01 
6.466714e-01 8.260721e-01 
6.538940e-01 8.266935e-01 
6.611261e-01 8.272764e-01 
6.683659e-01 8.278253e-01 
6.756122e-01 8.283433e-01 
6.828640e-01 8.288330e-01 
6.901207e-01 8.292958e-01 
6.973812e-01 8.297356e-01 
7.046449e-01 8.301545e-01 
7.119115e-01 8.305538e-01 
7.191806e-01 8.309345e-01 
7.264519e-01 8.312975e-01 
7.337251e-01 8.316442e-01 
7.410000e-01 8.319750e-01 
7.482765e-01 8.322899e-01 
7.555545e-01 8.325888e-01 
7.628338e-01 8.328707e-01 
7.705282e-01 8.331554e-01 
7.782098e-01 8.334213e-01 
4.137543e-01 8.112671e-01 
4.206391e-01 8.117747e-01 
4.275212e-01 8.123001e-01 
4.344019e-01 8.128439e-01 
4.412819e-01 8.134062e-01 
4.486091e-01 8.140254e-01 
4.559387e-01 8.146649e-01 
4.632721e-01 8.153258e-01 
4.706099e-01 8.160069e-01 
4.779534e-01 8.167077e-01 
4.853036e-01 8.174273e-01 
4.926621e-01 8.181658e-01 
5.000304e-01 8.189215e-01 
5.074101e-01 8.196937e-01 
5.148030e-01 8.204807e-01 
5.222111e-01 8.212801e-01 
5.296372e-01 8.220869e-01 
5.370834e-01 8.228923e-01 
5.445517e-01 8.236844e-01 
5.520420e-01 8.244436e-01 
5.595570e-01 8.251738e-01 
5.670923e-01 8.258369e-01 
5.746466e-01 8.263496e-01 
5.822114e-01 8.264968e-01 
5.897824e-01 8.259429e-01 
5.968709e-01 8.268922e-01 
6.039841e-01 8.277865e-01 
6.111152e-01 8.286380e-01 
6.182633e-01 8.294459e-01 
6.254272e-01 8.302106e-01 
6.326055e-01 8.309322e-01 
6.397972e-01 8.316117e-01 
6.470005e-01 8.322508e-01 
6.542144e-01 8.328507e-01 
6.614374e-01 8.334134e-01 
6.686678e-01 8.339434e-01 
6.759045e-01 8.344435e-01 
6.831465e-01 8.349163e-01 
6.903931e-01 8.353633e-01 
6.976435e-01 8.357880e-01 
7.048970e-01 8.361926e-01 
7.121532e-01 8.365782e-01 
7.194119e-01 8.369460e-01 
7.266727e-01 8.372966e-01 
7.339353e-01 8.376316e-01 
7.411996e-01 8.379512e-01 
7.484654e-01 8.382555e-01 
7.557326e-01 8.385443e-01 
7.630012e-01 8.388168e-01 
7.706873e-01 8.390884e-01 
7.783610e-01 8.393420e-01 
4.138428e-01 8.182021e-01 
4.207396e-01 8.186920e-01 
4.276337e-01 8.191993e-01 
4.345264e-01 8.197245e-01 
4.414185e-01 8.202677e-01 
4.487615e-01 8.208661e-01 
4.561068e-01 8.214843e-01 
4.634557e-01 8.221232e-01 
4.708088e-01 8.227817e-01 
4.781675e-01 8.234594e-01 
4.855326e-01 8.241553e-01 
4.929058e-01 8.248695e-01 
5.002883e-01 8.256005e-01 
5.076818e-01 8.263474e-01 
5.150881e-01 8.271086e-01 
5.225089e-01 8.278817e-01 
5.299472e-01 8.286619e-01 
5.374046e-01 8.294407e-01 
5.448834e-01 8.302061e-01 
5.523834e-01 8.309390e-01 
5.599070e-01 8.316433e-01 
5.674503e-01 8.322816e-01 
5.750120e-01 8.327724e-01 
5.825842e-01 8.329044e-01 
5.901632e-01 8.323485e-01 
5.972475e-01 8.332633e-01 
6.043557e-01 8.341252e-01 
6.114811e-01 8.349459e-01 
6.186229e-01 8.357246e-01 
6.257799e-01 8.364617e-01 
6.329508e-01 8.371573e-01 
6.401345e-01 8.378122e-01 
6.473295e-01 8.384283e-01 
6.545347e-01 8.390066e-01 
6.617486e-01 8.395491e-01 
6.689696e-01 8.400601e-01 
6.761968e-01 8.405423e-01 
6.834290e-01 8.409983e-01 
6.906657e-01 8.414293e-01 
6.979060e-01 8.418389e-01 
7.051493e-01 8.422291e-01 
7.123952e-01 8.426011e-01 
7.196435e-01 8.429558e-01 
7.268938e-01 8.432940e-01 
7.341459e-01 8.436172e-01 
7.413996e-01 8.439256e-01 
7.486548e-01 8.442192e-01 
7.559113e-01 8.444979e-01 
7.631691e-01 8.447609e-01 
7.708469e-01 8.450189e-01 
7.785127e-01 8.452601e-01 
4.139309e-01 8.251397e-01 
4.208397e-01 8.256118e-01 
4.277460e-01 8.261009e-01 
4.346508e-01 8.266073e-01 
4.415550e-01 8.271312e-01 
4.489139e-01 8.277087e-01 
4.562749e-01 8.283054e-01 
4.636394e-01 8.289222e-01 
4.710080e-01 8.295579e-01 
4.783819e-01 8.302123e-01 
4.857620e-01 8.308842e-01 
4.931499e-01 8.315740e-01 
5.005467e-01 8.322799e-01 
5.079540e-01 8.330014e-01 
5.153737e-01 8.337366e-01 
5.228073e-01 8.344834e-01 
5.302576e-01 8.352369e-01 
5.377263e-01 8.359888e-01 
5.452155e-01 8.367274e-01 
5.527250e-01 8.374340e-01 
5.602572e-01 8.381124e-01 
5.678082e-01 8.387259e-01 
5.753772e-01 8.391946e-01 
5.829566e-01 8.393114e-01 
5.905436e-01 8.387531e-01 
5.976238e-01 8.396335e-01 
6.047270e-01 8.404629e-01 
6.118468e-01 8.412527e-01 
6.189823e-01 8.420020e-01 
6.261324e-01 8.427114e-01 
6.332960e-01 8.433809e-01 
6.404718e-01 8.440113e-01 
6.476585e-01 8.446042e-01 
6.548549e-01 8.451609e-01 
6.620598e-01 8.456832e-01 
6.692715e-01 8.461751e-01 
6.764891e-01 8.466393e-01 
6.837116e-01 8.470783e-01 
6.909384e-01 8.474933e-01 
6.981686e-01 8.478877e-01 
7.054018e-01 8.482634e-01 
7.126375e-01 8.486217e-01 
7.198754e-01 8.489633e-01 
7.271153e-01 8.492891e-01 
7.343569e-01 8.496004e-01 
7.416000e-01 8.498974e-01 
7.488445e-01 8.501803e-01 
7.560904e-01 8.504488e-01 
7.633375e-01 8.507022e-01 
7.710069e-01 8.509464e-01 
7.786646e-01 8.511747e-01 
4.140185e-01 8.320801e-01 
4.209395e-01 8.325345e-01 
4.278580e-01 8.330051e-01 
4.347750e-01 8.334926e-01 
4.416914e-01 8.339971e-01 
4.490662e-01 8.345534e-01 
4.564432e-01 8.351284e-01 
4.638233e-01 8.357228e-01 
4.712075e-01 8.363356e-01 
4.785967e-01 8.369663e-01 
4.859918e-01 8.376142e-01 
4.933944e-01 8.382792e-01 
5.008056e-01 8.389599e-01 
5.082269e-01 8.396557e-01 
5.156599e-01 8.403647e-01 
5.231063e-01 8.410850e-01 
5.305686e-01 8.418117e-01 
5.380486e-01 8.425367e-01 
5.455482e-01 8.432485e-01 
5.530671e-01 8.439287e-01 
5.606078e-01 8.445811e-01 
5.681666e-01 8.451697e-01 
5.757427e-01 8.456163e-01 
5.833293e-01 8.457176e-01 
5.909241e-01 8.451567e-01 
5.980003e-01 8.460024e-01 
6.050985e-01 8.467993e-01 
6.122126e-01 8.475581e-01 
6.193418e-01 8.482780e-01 
6.264851e-01 8.489595e-01 
6.336413e-01 8.496028e-01 
6.408092e-01 8.502085e-01 
6.479876e-01 8.507782e-01 
6.551753e-01 8.513132e-01 
6.623712e-01 8.518150e-01 
6.695736e-01 8.522878e-01 
6.767817e-01 8.527339e-01 
6.839944e-01 8.531558e-01 
6.912113e-01 8.535547e-01 
6.984315e-01 8.539338e-01 
7.056545e-01 8.542950e-01 
7.128800e-01 8.546393e-01 
7.201075e-01 8.549677e-01 
7.273370e-01 8.552809e-01 
7.345681e-01 8.555802e-01 
7.418007e-01 8.558658e-01 
7.490346e-01 8.561378e-01 
7.562698e-01 8.563961e-01 
7.635062e-01 8.566398e-01 
7.711671e-01 8.568697e-01 
7.788168e-01 8.570849e-01 
4.141055e-01 8.390239e-01 
4.210387e-01 8.394602e-01 
4.279695e-01 8.399124e-01 
4.348989e-01 8.403808e-01 
4.418276e-01 8.408656e-01 
4.492185e-01 8.414006e-01 
4.566115e-01 8.419535e-01 
4.640074e-01 8.425253e-01 
4.714072e-01 8.431148e-01 
4.788118e-01 8.437217e-01 
4.862222e-01 8.443451e-01 
4.936395e-01 8.449852e-01 
5.010652e-01 8.456405e-01 
5.085004e-01 8.463103e-01 
5.159469e-01 8.469930e-01 
5.234061e-01 8.476866e-01 
5.308806e-01 8.483864e-01 
5.383718e-01 8.490843e-01 
5.458818e-01 8.497692e-01 
5.534102e-01 8.504230e-01 
5.609593e-01 8.510494e-01 
5.685258e-01 8.516131e-01 
5.761089e-01 8.520375e-01 
5.837026e-01 8.521232e-01 
5.913052e-01 8.515591e-01 
5.983773e-01 8.523701e-01 
6.054705e-01 8.531342e-01 
6.125789e-01 8.538618e-01 
6.197019e-01 8.545522e-01 
6.268382e-01 8.552058e-01 
6.339870e-01 8.558226e-01 
6.411471e-01 8.564035e-01 
6.483171e-01 8.569499e-01 
6.554961e-01 8.574629e-01 
6.626830e-01 8.579442e-01 
6.698761e-01 8.583976e-01 
6.770746e-01 8.588255e-01 
6.842776e-01 8.592302e-01 
6.914846e-01 8.596128e-01 
6.986947e-01 8.599764e-01 
7.059076e-01 8.603229e-01 
7.131227e-01 8.606532e-01 
7.203399e-01 8.609682e-01 
7.275590e-01 8.612687e-01 
7.347796e-01 8.615558e-01 
7.420016e-01 8.618299e-01 
7.492249e-01 8.620908e-01 
7.564494e-01 8.623386e-01 
7.636751e-01 8.625724e-01 
7.713274e-01 8.627878e-01 
7.789689e-01 8.629899e-01 
4.141919e-01 8.459713e-01 
4.211375e-01 8.463895e-01 
4.280807e-01 8.468229e-01 
4.350225e-01 8.472720e-01 
4.419636e-01 8.477369e-01 
4.493708e-01 8.482503e-01 
4.567799e-01 8.487810e-01 
4.641918e-01 8.493298e-01 
4.716074e-01 8.498957e-01 
4.790275e-01 8.504785e-01 
4.864531e-01 8.510772e-01 
4.938854e-01 8.516920e-01 
5.013256e-01 8.523216e-01 
5.087749e-01 8.529652e-01 
5.162350e-01 8.536214e-01 
5.237071e-01 8.542881e-01 
5.311937e-01 8.549608e-01 
5.386963e-01 8.556316e-01 
5.462167e-01 8.562896e-01 
5.537546e-01 8.569169e-01 
5.613123e-01 8.575173e-01 
5.688864e-01 8.580561e-01 
5.764766e-01 8.584581e-01 
5.840773e-01 8.585279e-01 
5.916877e-01 8.579603e-01 
5.987557e-01 8.587364e-01 
6.058438e-01 8.594675e-01 
6.129465e-01 8.601638e-01 
6.200631e-01 8.608244e-01 
6.271925e-01 8.614498e-01 
6.343338e-01 8.620401e-01 
6.414859e-01 8.625959e-01 
6.486476e-01 8.631187e-01 
6.558178e-01 8.636097e-01 
6.629956e-01 8.640702e-01 
6.701793e-01 8.645041e-01 
6.773682e-01 8.649135e-01 
6.845614e-01 8.653008e-01 
6.917584e-01 8.656668e-01 
6.989585e-01 8.660148e-01 
7.061611e-01 8.663463e-01 
7.133659e-01 8.666624e-01 
7.205727e-01 8.669639e-01 
7.277812e-01 8.672514e-01 
7.349913e-01 8.675262e-01 
7.422026e-01 8.677884e-01 
7.494153e-01 8.680381e-01 
7.566291e-01 8.682752e-01 
7.638439e-01 8.684990e-01 
7.714875e-01 8.686997e-01 
7.791208e-01 8.688884e-01 
4.142775e-01 8.529228e-01 
4.212356e-01 8.533225e-01 
4.281914e-01 8.537369e-01 
4.351458e-01 8.541665e-01 
4.420995e-01 8.546113e-01 
4.495231e-01 8.551027e-01 
4.569484e-01 8.556108e-01 
4.643764e-01 8.561363e-01 
4.718079e-01 8.566783e-01 
4.792437e-01 8.572366e-01 
4.866847e-01 8.578102e-01 
4.941321e-01 8.583995e-01 
5.015869e-01 8.590029e-01 
5.090505e-01 8.596201e-01 
5.165242e-01 8.602495e-01 
5.240093e-01 8.608892e-01 
5.315082e-01 8.615347e-01 
5.390223e-01 8.621783e-01 
5.465531e-01 8.628092e-01 
5.541007e-01 8.634101e-01 
5.616669e-01 8.639845e-01 
5.692488e-01 8.644984e-01 
5.768461e-01 8.648781e-01 
5.844539e-01 8.649318e-01 
5.920720e-01 8.643602e-01 
5.991357e-01 8.651010e-01 
6.062187e-01 8.657990e-01 
6.133156e-01 8.664637e-01 
6.204257e-01 8.670943e-01 
6.275482e-01 8.676913e-01 
6.346819e-01 8.682547e-01 
6.418260e-01 8.687853e-01 
6.489792e-01 8.692843e-01 
6.561406e-01 8.697528e-01 
6.633091e-01 8.701924e-01 
6.704834e-01 8.706065e-01 
6.776626e-01 8.709973e-01 
6.848460e-01 8.713668e-01 
6.920329e-01 8.717162e-01 
6.992228e-01 8.720482e-01 
7.064150e-01 8.723646e-01 
7.136095e-01 8.726662e-01 
7.208058e-01 8.729538e-01 
7.280037e-01 8.732281e-01 
7.352031e-01 8.734903e-01 
7.424038e-01 8.737404e-01 
7.496057e-01 8.739786e-01 
7.568087e-01 8.742048e-01 
7.640127e-01 8.744182e-01 
7.716474e-01 8.746043e-01 
7.792724e-01 8.747796e-01 
4.143623e-01 8.598784e-01 
4.213331e-01 8.602595e-01 
4.283016e-01 8.606547e-01 
4.352688e-01 8.610644e-01 
4.422352e-01 8.614888e-01 
4.496753e-01 8.619579e-01 
4.571171e-01 8.624430e-01 
4.645614e-01 8.629448e-01 
4.720089e-01 8.634625e-01 
4.794605e-01 8.639958e-01 
4.869171e-01 8.645439e-01 
4.943797e-01 8.651072e-01 
5.018493e-01 8.656843e-01 
5.093272e-01 8.662746e-01 
5.168148e-01 8.668769e-01 
5.243130e-01 8.674894e-01 
5.318244e-01 8.681075e-01 
5.393500e-01 8.687239e-01 
5.468915e-01 8.693278e-01 
5.544488e-01 8.699023e-01 
5.620238e-01 8.704509e-01 
5.696136e-01 8.709399e-01 
5.772181e-01 8.712972e-01 
5.848331e-01 8.713346e-01 
5.924589e-01 8.707586e-01 
5.995182e-01 8.714639e-01 
6.065959e-01 8.721284e-01 
6.136869e-01 8.727612e-01 
6.207905e-01 8.733615e-01 
6.279058e-01 8.739298e-01 
6.350319e-01 8.744661e-01 
6.421678e-01 8.749711e-01 
6.493124e-01 8.754460e-01 
6.564649e-01 8.758920e-01 
6.636241e-01 8.763103e-01 
6.707888e-01 8.767043e-01 
6.779582e-01 8.770760e-01 
6.851315e-01 8.774276e-01 
6.923083e-01 8.777599e-01 
6.994878e-01 8.780758e-01 
7.066697e-01 8.783767e-01 
7.138536e-01 8.786635e-01 
7.210393e-01 8.789370e-01 
7.282265e-01 8.791978e-01 
7.354152e-01 8.794471e-01 
7.426050e-01 8.796849e-01 
7.497960e-01 8.799113e-01 
7.569881e-01 8.801262e-01 
7.641811e-01 8.803290e-01 
7.718069e-01 8.805003e-01 
7.794234e-01 8.806623e-01 
4.144462e-01 8.668384e-01 
4.214298e-01 8.672006e-01 
4.284113e-01 8.675763e-01 
4.353913e-01 8.679658e-01 
4.423707e-01 8.683694e-01 
4.498276e-01 8.688158e-01 
4.572859e-01 8.692774e-01 
4.647467e-01 8.697552e-01 
4.722105e-01 8.702480e-01 
4.796781e-01 8.707559e-01 
4.871504e-01 8.712781e-01 
4.946283e-01 8.718150e-01 
5.021130e-01 8.723651e-01 
5.096054e-01 8.729284e-01 
5.171068e-01 8.735033e-01 
5.246185e-01 8.740883e-01 
5.321423e-01 8.746790e-01 
5.396797e-01 8.752680e-01 
5.472321e-01 8.758450e-01 
5.547994e-01 8.763932e-01 
5.623833e-01 8.769160e-01 
5.699812e-01 8.773803e-01 
5.775932e-01 8.777153e-01 
5.852156e-01 8.777362e-01 
5.928491e-01 8.771553e-01 
5.999039e-01 8.778248e-01 
6.069761e-01 8.784555e-01 
6.140610e-01 8.790560e-01 
6.211579e-01 8.796258e-01 
6.282659e-01 8.801650e-01 
6.353842e-01 8.806739e-01 
6.425118e-01 8.811530e-01 
6.496477e-01 8.816035e-01 
6.567910e-01 8.820265e-01 
6.639407e-01 8.824232e-01 
6.710957e-01 8.827967e-01 
6.782551e-01 8.831492e-01 
6.854183e-01 8.834825e-01 
6.925847e-01 8.837974e-01 
6.997538e-01 8.840968e-01 
7.069251e-01 8.843818e-01 
7.140983e-01 8.846535e-01 
7.212732e-01 8.849126e-01 
7.284497e-01 8.851595e-01 
7.356274e-01 8.853955e-01 
7.428063e-01 8.856206e-01 
7.499862e-01 8.858348e-01 
7.571672e-01 8.860382e-01 
7.643491e-01 8.862300e-01 
7.719658e-01 8.863868e-01 
7.795737e-01 8.865356e-01 
4.145291e-01 8.738028e-01 
4.215258e-01 8.741457e-01 
4.285204e-01 8.745015e-01 
4.355136e-01 8.748706e-01 
4.425061e-01 8.752531e-01 
4.499799e-01 8.756763e-01 
4.574551e-01 8.761141e-01 
4.649324e-01 8.765672e-01 
4.724126e-01 8.770348e-01 
4.798965e-01 8.775168e-01 
4.873846e-01 8.780125e-01 
4.948781e-01 8.785224e-01 
5.023779e-01 8.790453e-01 
5.098850e-01 8.795810e-01 
5.174006e-01 8.801282e-01 
5.249257e-01 8.806856e-01 
5.324624e-01 8.812487e-01 
5.400117e-01 8.818104e-01 
5.475752e-01 8.823605e-01 
5.551526e-01 8.828825e-01 
5.627458e-01 8.833796e-01 
5.703522e-01 8.838192e-01 
5.779720e-01 8.841318e-01 
5.856021e-01 8.841362e-01 
5.932435e-01 8.835503e-01 
6.002936e-01 8.841836e-01 
6.073602e-01 8.847802e-01 
6.144388e-01 8.853481e-01 
6.215288e-01 8.858868e-01 
6.286293e-01 8.863967e-01 
6.357396e-01 8.868777e-01 
6.428586e-01 8.873306e-01 
6.499856e-01 8.877563e-01 
6.571195e-01 8.881559e-01 
6.642596e-01 8.885306e-01 
6.714047e-01 8.888835e-01 
6.785539e-01 8.892162e-01 
6.857067e-01 8.895308e-01 
6.928626e-01 8.898280e-01 
7.000210e-01 8.901104e-01 
7.071815e-01 8.903793e-01 
7.143439e-01 8.906355e-01 
7.215078e-01 8.908797e-01 
7.286732e-01 8.911125e-01 
7.358398e-01 8.913348e-01 
7.430075e-01 8.915467e-01 
7.501762e-01 8.917485e-01 
7.573459e-01 8.919398e-01 
7.645165e-01 8.921203e-01 
7.721239e-01 8.922628e-01 
7.797231e-01 8.923984e-01 
4.146112e-01 8.807715e-01 
4.216211e-01 8.810948e-01 
4.286290e-01 8.814305e-01 
4.356356e-01 8.817787e-01 
4.426414e-01 8.821396e-01 
4.501323e-01 8.825392e-01 
4.576245e-01 8.829526e-01 
4.651187e-01 8.833806e-01 
4.726155e-01 8.838224e-01 
4.801157e-01 8.842779e-01 
4.876199e-01 8.847467e-01 
4.951291e-01 8.852292e-01 
5.026442e-01 8.857243e-01 
5.101662e-01 8.862320e-01 
5.176961e-01 8.867512e-01 
5.252349e-01 8.872806e-01 
5.327845e-01 8.878160e-01 
5.403460e-01 8.883503e-01 
5.479208e-01 8.888734e-01 
5.555087e-01 8.893693e-01 
5.631114e-01 8.898409e-01 
5.707266e-01 8.902560e-01 
5.783546e-01 8.905463e-01 
5.859926e-01 8.905342e-01 
5.936421e-01 8.899435e-01 
6.006873e-01 8.905402e-01 
6.077481e-01 8.911022e-01 
6.148202e-01 8.916371e-01 
6.219031e-01 8.921444e-01 
6.289959e-01 8.926245e-01 
6.360979e-01 8.930773e-01 
6.432082e-01 8.935035e-01 
6.503260e-01 8.939041e-01 
6.574505e-01 8.942799e-01 
6.645807e-01 8.946323e-01 
6.717156e-01 8.949639e-01 
6.788545e-01 8.952766e-01 
6.859967e-01 8.955721e-01 
6.931419e-01 8.958512e-01 
7.002894e-01 8.961162e-01 
7.074389e-01 8.963685e-01 
7.145902e-01 8.966088e-01 
7.217430e-01 8.968378e-01 
7.288971e-01 8.970559e-01 
7.360524e-01 8.972641e-01 
7.432087e-01 8.974626e-01 
7.503660e-01 8.976513e-01 
7.575243e-01 8.978303e-01 
7.646833e-01 8.979989e-01 
7.722812e-01 8.981275e-01 
7.798716e-01 8.982503e-01 
4.146924e-01 8.877442e-01 
4.217157e-01 8.880477e-01 
4.287372e-01 8.883628e-01 
4.357573e-01 8.886898e-01 
4.427767e-01 8.890288e-01 
4.502850e-01 8.894043e-01 
4.577943e-01 8.897928e-01 
4.653055e-01 8.901952e-01 
4.728191e-01 8.906106e-01 
4.803358e-01 8.910391e-01 
4.878562e-01 8.914804e-01 
4.953814e-01 8.919349e-01 
5.029120e-01 8.924018e-01 
5.104490e-01 8.928811e-01 
5.179933e-01 8.933719e-01 
5.255461e-01 8.938731e-01 
5.331089e-01 8.943805e-01 
5.406828e-01 8.948872e-01 
5.482691e-01 8.953833e-01 
5.558677e-01 8.958533e-01 
5.634801e-01 8.962995e-01 
5.711045e-01 8.966902e-01 
5.787410e-01 8.969584e-01 
5.863873e-01 8.969300e-01 
5.940451e-01 8.963348e-01 
6.010851e-01 8.968945e-01 
6.081399e-01 8.974214e-01 
6.152053e-01 8.979229e-01 
6.222808e-01 8.983985e-01 
6.293657e-01 8.988483e-01 
6.364593e-01 8.992725e-01 
6.435607e-01 8.996716e-01 
6.506692e-01 9.000466e-01 
6.577839e-01 9.003983e-01 
6.649040e-01 9.007278e-01 
6.720286e-01 9.010378e-01 
6.791569e-01 9.013300e-01 
6.862883e-01 9.016060e-01 
6.934226e-01 9.018665e-01 
7.005590e-01 9.021138e-01 
7.076974e-01 9.023490e-01 
7.148373e-01 9.025730e-01 
7.219787e-01 9.027862e-01 
7.291214e-01 9.029893e-01 
7.362652e-01 9.031830e-01 
7.434100e-01 9.033675e-01 
7.505557e-01 9.035429e-01 
7.577022e-01 9.037090e-01 
7.648495e-01 9.038653e-01 
7.724376e-01 9.039802e-01 
7.800188e-01 9.040907e-01 
4.147726e-01 8.947209e-01 
4.218097e-01 8.950042e-01 
4.288449e-01 8.952984e-01 
4.358788e-01 8.956037e-01 
4.429121e-01 8.959203e-01 
4.504378e-01 8.962713e-01 
4.579645e-01 8.966344e-01 
4.654928e-01 8.970106e-01 
4.730234e-01 8.973991e-01 
4.805567e-01 8.978001e-01 
4.880936e-01 8.982133e-01 
4.956348e-01 8.986394e-01 
5.031811e-01 8.990775e-01 
5.107333e-01 8.995280e-01 
5.182924e-01 8.999899e-01 
5.258592e-01 9.004626e-01 
5.334353e-01 9.009418e-01 
5.410219e-01 9.014207e-01 
5.486200e-01 9.018898e-01 
5.562295e-01 9.023338e-01 
5.638520e-01 9.027547e-01 
5.714859e-01 9.031213e-01 
5.791314e-01 9.033677e-01 
5.867862e-01 9.033233e-01 
5.944523e-01 9.027242e-01 
6.014870e-01 9.032464e-01 
6.085355e-01 9.037379e-01 
6.155940e-01 9.042055e-01 
6.226621e-01 9.046488e-01 
6.297388e-01 9.050680e-01 
6.368238e-01 9.054631e-01 
6.439161e-01 9.058347e-01 
6.510150e-01 9.061836e-01 
6.581197e-01 9.065107e-01 
6.652296e-01 9.068170e-01 
6.723436e-01 9.071049e-01 
6.794611e-01 9.073762e-01 
6.865816e-01 9.076322e-01 
6.937047e-01 9.078736e-01 
7.008299e-01 9.081027e-01 
7.079568e-01 9.083204e-01 
7.150853e-01 9.085276e-01 
7.222152e-01 9.087247e-01 
7.293462e-01 9.089122e-01 
7.364783e-01 9.090909e-01 
7.436113e-01 9.092610e-01 
7.507451e-01 9.094225e-01 
7.578798e-01 9.095753e-01 
7.650152e-01 9.097189e-01 
7.725928e-01 9.098207e-01 
7.801648e-01 9.099191e-01 
4.148521e-01 9.017011e-01 
4.219031e-01 9.019639e-01 
4.289523e-01 9.022369e-01 
4.360003e-01 9.025203e-01 
4.430476e-01 9.028141e-01 
4.505909e-01 9.031400e-01 
4.581352e-01 9.034773e-01 
4.656808e-01 9.038268e-01 
4.732284e-01 9.041880e-01 
4.807786e-01 9.045610e-01 
4.883320e-01 9.049456e-01 
4.958895e-01 9.053427e-01 
5.034516e-01 9.057516e-01 
5.110192e-01 9.061728e-01 
5.185931e-01 9.066055e-01 
5.261742e-01 9.070492e-01 
5.337639e-01 9.074998e-01 
5.413632e-01 9.079507e-01 
5.489734e-01 9.083926e-01 
5.565941e-01 9.088106e-01 
5.642270e-01 9.092064e-01 
5.718708e-01 9.095490e-01 
5.795256e-01 9.097739e-01 
5.871896e-01 9.097139e-01 
5.948644e-01 9.091119e-01 
6.018935e-01 9.095962e-01 
6.089356e-01 9.100518e-01 
6.159869e-01 9.104851e-01 
6.230472e-01 9.108956e-01 
6.301157e-01 9.112837e-01 
6.371917e-01 9.116492e-01 
6.442747e-01 9.119928e-01 
6.513638e-01 9.123152e-01 
6.584583e-01 9.126172e-01 
6.655577e-01 9.128998e-01 
6.726609e-01 9.131652e-01 
6.797675e-01 9.134150e-01 
6.868768e-01 9.136505e-01 
6.939885e-01 9.138725e-01 
7.011022e-01 9.140829e-01 
7.082175e-01 9.142827e-01 
7.153343e-01 9.144725e-01 
7.224523e-01 9.146530e-01 
7.295715e-01 9.148245e-01 
7.366917e-01 9.149877e-01 
7.438127e-01 9.151429e-01 
7.509345e-01 9.152900e-01 
7.580570e-01 9.154290e-01 
7.651803e-01 9.155594e-01 
7.727470e-01 9.156484e-01 
7.803093e-01 9.157352e-01 
4.149307e-01 9.086852e-01 
4.219958e-01 9.089272e-01 
4.290593e-01 9.091786e-01 
4.361216e-01 9.094397e-01 
4.431833e-01 9.097105e-01 
4.507443e-01 9.100110e-01 
4.583062e-01 9.103220e-01 
4.658692e-01 9.106444e-01 
4.734340e-01 9.109776e-01 
4.810011e-01 9.113221e-01 
4.885713e-01 9.116777e-01 
4.961452e-01 9.120453e-01 
5.037233e-01 9.124245e-01 
5.113064e-01 9.128158e-01 
5.188953e-01 9.132187e-01 
5.264908e-01 9.136329e-01 
5.340943e-01 9.140543e-01 
5.417066e-01 9.144767e-01 
5.493289e-01 9.148910e-01 
5.569611e-01 9.152830e-01 
5.646046e-01 9.156536e-01 
5.722587e-01 9.159725e-01 
5.799235e-01 9.161761e-01 
5.875969e-01 9.161016e-01 
5.952806e-01 9.154982e-01 
6.023040e-01 9.159440e-01 
6.093394e-01 9.163632e-01 
6.163834e-01 9.167617e-01 
6.234357e-01 9.171391e-01 
6.304957e-01 9.174955e-01 
6.375627e-01 9.178310e-01 
6.446361e-01 9.181461e-01 
6.517152e-01 9.184415e-01 
6.587994e-01 9.187180e-01 
6.658881e-01 9.189763e-01 
6.729804e-01 9.192188e-01 
6.800757e-01 9.194466e-01 
6.871736e-01 9.196613e-01 
6.942738e-01 9.198633e-01 
7.013758e-01 9.200544e-01 
7.084793e-01 9.202358e-01 
7.155842e-01 9.204078e-01 
7.226903e-01 9.205712e-01 
7.297974e-01 9.207261e-01 
7.369054e-01 9.208734e-01 
7.440142e-01 9.210132e-01 
7.511238e-01 9.211455e-01 
7.582341e-01 9.212701e-01 
7.653450e-01 9.213868e-01 
7.728999e-01 9.214638e-01 
7.804522e-01 9.215397e-01 
4.150083e-01 9.156734e-01 
4.220879e-01 9.158944e-01 
4.291659e-01 9.161241e-01 
4.362427e-01 9.163626e-01 
4.433192e-01 9.166101e-01 
4.508980e-01 9.168847e-01 
4.584775e-01 9.171691e-01 
4.660579e-01 9.174639e-01 
4.736400e-01 9.177688e-01 
4.812242e-01 9.180843e-01 
4.888113e-01 9.184103e-01 
4.964016e-01 9.187480e-01 
5.039959e-01 9.190969e-01 
5.115947e-01 9.194578e-01 
5.191988e-01 9.198302e-01 
5.268090e-01 9.202141e-01 
5.344263e-01 9.206055e-01 
5.420518e-01 9.209987e-01 
5.496864e-01 9.213848e-01 
5.573302e-01 9.217505e-01 
5.649847e-01 9.220961e-01 
5.726494e-01 9.223913e-01 
5.803246e-01 9.225743e-01 
5.880080e-01 9.224863e-01 
5.957009e-01 9.218837e-01 
6.027183e-01 9.222906e-01 
6.097469e-01 9.226729e-01 
6.167834e-01 9.230361e-01 
6.238276e-01 9.233798e-01 
6.308789e-01 9.237041e-01 
6.379366e-01 9.240091e-01 
6.450003e-01 9.242953e-01 
6.520693e-01 9.245632e-01 
6.591429e-01 9.248136e-01 
6.662207e-01 9.250473e-01 
6.733019e-01 9.252662e-01 
6.803859e-01 9.254717e-01 
6.874722e-01 9.256649e-01 
6.945607e-01 9.258464e-01 
7.016508e-01 9.260179e-01 
7.087424e-01 9.261803e-01 
7.158352e-01 9.263341e-01 
7.229291e-01 9.264798e-01 
7.300240e-01 9.266178e-01 
7.371197e-01 9.267486e-01 
7.442162e-01 9.268725e-01 
7.513133e-01 9.269893e-01 
7.584112e-01 9.270992e-01 
7.655096e-01 9.272016e-01 
7.730515e-01 9.272672e-01 
7.805932e-01 9.273330e-01 
4.150849e-01 9.226660e-01 
4.221791e-01 9.228659e-01 
4.292719e-01 9.230735e-01 
4.363637e-01 9.232893e-01 
4.434553e-01 9.235132e-01 
4.510517e-01 9.237618e-01 
4.586489e-01 9.240192e-01 
4.662468e-01 9.242861e-01 
4.738462e-01 9.245623e-01 
4.814476e-01 9.248484e-01 
4.890516e-01 9.251444e-01 
4.966586e-01 9.254516e-01 
5.042692e-01 9.257696e-01 
5.118838e-01 9.260993e-01 
5.195032e-01 9.264405e-01 
5.271281e-01 9.267931e-01 
5.347595e-01 9.271536e-01 
5.423982e-01 9.275166e-01 
5.500452e-01 9.278738e-01 
5.577007e-01 9.282126e-01 
5.653663e-01 9.285326e-01 
5.730422e-01 9.288042e-01 
5.807286e-01 9.289670e-01 
5.884227e-01 9.288673e-01 
5.961243e-01 9.282693e-01 
6.031357e-01 9.286368e-01 
6.101573e-01 9.289817e-01 
6.171862e-01 9.293091e-01 
6.242222e-01 9.296186e-01 
6.312646e-01 9.299104e-01 
6.383129e-01 9.301845e-01 
6.453668e-01 9.304411e-01 
6.524255e-01 9.306812e-01 
6.594885e-01 9.309050e-01 
6.665553e-01 9.311136e-01 
6.736251e-01 9.313085e-01 
6.806976e-01 9.314911e-01 
6.877723e-01 9.316625e-01 
6.948489e-01 9.318230e-01 
7.019270e-01 9.319744e-01 
7.090065e-01 9.321173e-01 
7.160871e-01 9.322524e-01 
7.231687e-01 9.323800e-01 
7.302512e-01 9.325004e-01 
7.373345e-01 9.326143e-01 
7.444185e-01 9.327218e-01 
7.515031e-01 9.328228e-01 
7.585884e-01 9.329173e-01 
7.656742e-01 9.330049e-01 
7.732012e-01 9.330602e-01 
7.807317e-01 9.331166e-01 
4.151603e-01 9.296634e-01 
4.222693e-01 9.298420e-01 
4.293772e-01 9.300276e-01 
4.364843e-01 9.302205e-01 
4.435916e-01 9.304207e-01 
4.512054e-01 9.306430e-01 
4.588202e-01 9.308732e-01 
4.664356e-01 9.311119e-01 
4.740523e-01 9.313591e-01 
4.816709e-01 9.316154e-01 
4.892918e-01 9.318811e-01 
4.969156e-01 9.321572e-01 
5.045426e-01 9.324437e-01 
5.121732e-01 9.327414e-01 
5.198080e-01 9.330503e-01 
5.274477e-01 9.333706e-01 
5.350931e-01 9.336990e-01 
5.427450e-01 9.340307e-01 
5.504043e-01 9.343579e-01 
5.580714e-01 9.346688e-01 
5.657479e-01 9.349626e-01 
5.734349e-01 9.352101e-01 
5.811328e-01 9.353531e-01 
5.888384e-01 9.352440e-01 
5.965500e-01 9.346562e-01 
6.035553e-01 9.349839e-01 
6.105698e-01 9.352911e-01 
6.175910e-01 9.355823e-01 
6.246186e-01 9.358572e-01 
6.316521e-01 9.361160e-01 
6.386910e-01 9.363586e-01 
6.457349e-01 9.365855e-01 
6.527833e-01 9.367971e-01 
6.598355e-01 9.369941e-01 
6.668912e-01 9.371770e-01 
6.739498e-01 9.373476e-01 
6.810107e-01 9.375069e-01 
6.880736e-01 9.376559e-01 
6.951382e-01 9.377951e-01 
7.022043e-01 9.379259e-01 
7.092716e-01 9.380489e-01 
7.163399e-01 9.381648e-01 
7.234092e-01 9.382739e-01 
7.304793e-01 9.383764e-01 
7.375501e-01 9.384729e-01 
7.446215e-01 9.385635e-01 
7.516936e-01 9.386482e-01 
7.587661e-01 9.387270e-01 
7.658393e-01 9.387994e-01 
7.733491e-01 9.388449e-01 
7.808675e-01 9.388928e-01 
4.152341e-01 9.366648e-01 
4.223582e-01 9.368222e-01 
4.294816e-01 9.369857e-01 
4.366043e-01 9.371556e-01 
4.437277e-01 9.373320e-01 
4.513586e-01 9.375279e-01 
4.589908e-01 9.377308e-01 
4.666235e-01 9.379412e-01 
4.742575e-01 9.381592e-01 
4.818932e-01 9.383855e-01 
4.895312e-01 9.386203e-01 
4.971718e-01 9.388649e-01 
5.048153e-01 9.391190e-01 
5.124620e-01 9.393838e-01 
5.201122e-01 9.396594e-01 
5.277666e-01 9.399460e-01 
5.354258e-01 9.402409e-01 
5.430905e-01 9.405397e-01 
5.507616e-01 9.408354e-01 
5.584396e-01 9.411172e-01 
5.661262e-01 9.413835e-01 
5.738235e-01 9.416064e-01 
5.815325e-01 9.417299e-01 
5.892500e-01 9.416148e-01 
5.969734e-01 9.410454e-01 
6.039727e-01 9.413329e-01 
6.109804e-01 9.416020e-01 
6.179940e-01 9.418567e-01 
6.250135e-01 9.420967e-01 
6.320382e-01 9.423222e-01 
6.390678e-01 9.425332e-01 
6.461020e-01 9.427299e-01 
6.531401e-01 9.429128e-01 
6.601818e-01 9.430825e-01 
6.672266e-01 9.432396e-01 
6.742739e-01 9.433855e-01 
6.813234e-01 9.435212e-01 
6.883747e-01 9.436476e-01 
6.954276e-01 9.437651e-01 
7.024818e-01 9.438750e-01 
7.095370e-01 9.439779e-01 
7.165933e-01 9.440744e-01 
7.236503e-01 9.441646e-01 
7.307081e-01 9.442488e-01 
7.377666e-01 9.443277e-01 
7.448257e-01 9.444011e-01 
7.518852e-01 9.444692e-01 
7.589453e-01 9.445319e-01 
7.660059e-01 9.445888e-01 
7.734951e-01 9.446259e-01 
7.810005e-01 9.446663e-01 
4.153059e-01 9.436702e-01 
4.224453e-01 9.438062e-01 
4.295843e-01 9.439477e-01 
4.367230e-01 9.440947e-01 
4.438635e-01 9.442474e-01 
4.515107e-01 9.444168e-01 
4.591599e-01 9.445923e-01 
4.668097e-01 9.447743e-01 
4.744608e-01 9.449630e-01 
4.821136e-01 9.451591e-01 
4.897687e-01 9.453627e-01 
4.974261e-01 9.455752e-01 
5.050861e-01 9.457963e-01 
5.127488e-01 9.460273e-01 
5.204144e-01 9.462683e-01 
5.280833e-01 9.465200e-01 
5.357560e-01 9.467796e-01 
5.434330e-01 9.470437e-01 
5.511150e-01 9.473062e-01 
5.588026e-01 9.475573e-01 
5.664978e-01 9.477949e-01 
5.742038e-01 9.479922e-01 
5.819225e-01 9.480970e-01 
5.896516e-01 9.479796e-01 
5.973895e-01 9.474389e-01 
6.043833e-01 9.476861e-01 
6.113845e-01 9.479170e-01 
6.183911e-01 9.481351e-01 
6.254027e-01 9.483401e-01 
6.324191e-01 9.485322e-01 
6.394399e-01 9.487113e-01 
6.464647e-01 9.488777e-01 
6.534931e-01 9.490319e-01 
6.605246e-01 9.491743e-01 
6.675589e-01 9.493054e-01 
6.745955e-01 9.494265e-01 
6.816340e-01 9.495385e-01 
6.886741e-01 9.496421e-01 
6.957157e-01 9.497378e-01 
7.027584e-01 9.498267e-01 
7.098021e-01 9.499094e-01 
7.168466e-01 9.499862e-01 
7.238919e-01 9.500575e-01 
7.309379e-01 9.501234e-01 
7.379844e-01 9.501844e-01 
7.450315e-01 9.502406e-01 
7.520791e-01 9.502920e-01 
7.591271e-01 9.503385e-01 
7.661756e-01 9.503798e-01 
7.736389e-01 9.504090e-01 
7.811298e-01 9.504431e-01 
4.153751e-01 9.506793e-01 
4.225299e-01 9.507942e-01 
4.296847e-01 9.509137e-01 
4.368398e-01 9.510380e-01 
4.439982e-01 9.511670e-01 
4.516607e-01 9.513102e-01 
4.593265e-01 9.514584e-01 
4.669930e-01 9.516121e-01 
4.746610e-01 9.517716e-01 
4.823308e-01 9.519373e-01 
4.900029e-01 9.521097e-01 
4.976771e-01 9.522895e-01 
5.053535e-01 9.524770e-01 
5.130322e-01 9.526734e-01 
5.207129e-01 9.528787e-01 
5.283961e-01 9.530937e-01 
5.360818e-01 9.533164e-01 
5.437702e-01 9.535440e-01 
5.514619e-01 9.537712e-01 
5.591576e-01 9.539899e-01 
5.668593e-01 9.541969e-01 
5.745714e-01 9.543676e-01 
5.822974e-01 9.544538e-01 
5.900368e-01 9.543399e-01 
5.977919e-01 9.538404e-01 
6.047809e-01 9.540475e-01 
6.117764e-01 9.542403e-01 
6.187766e-01 9.544219e-01 
6.257813e-01 9.545920e-01 
6.327901e-01 9.547508e-01 
6.398028e-01 9.548983e-01 
6.468190e-01 9.550346e-01 
6.538383e-01 9.551601e-01 
6.608604e-01 9.552753e-01 
6.678849e-01 9.553805e-01 
6.749115e-01 9.554769e-01 
6.819397e-01 9.555654e-01 
6.889694e-01 9.556464e-01 
6.960004e-01 9.557205e-01 
7.030323e-01 9.557886e-01 
7.100651e-01 9.558511e-01 
7.170987e-01 9.559085e-01 
7.241330e-01 9.559609e-01 
7.311678e-01 9.560087e-01 
7.382032e-01 9.560520e-01 
7.452391e-01 9.560911e-01 
7.522754e-01 9.561260e-01 
7.593121e-01 9.561564e-01 
7.663492e-01 9.561823e-01 
7.737790e-01 9.562049e-01 
7.812538e-01 9.562339e-01 
4.154411e-01 9.576923e-01 
4.226110e-01 9.577865e-01 
4.297816e-01 9.578844e-01 
4.369535e-01 9.579862e-01 
4.441310e-01 9.580920e-01 
4.518072e-01 9.582091e-01 
4.594888e-01 9.583305e-01 
4.671716e-01 9.584564e-01 
4.748563e-01 9.585869e-01 
4.825429e-01 9.587226e-01 
4.902318e-01 9.588636e-01 
4.979228e-01 9.590108e-01 
5.056155e-01 9.591642e-01 
5.133098e-01 9.593253e-01 
5.210055e-01 9.594940e-01 
5.287025e-01 9.596714e-01 
5.364007e-01 9.598557e-01 
5.440999e-01 9.600451e-01 
5.518002e-01 9.602353e-01 
5.595023e-01 9.604194e-01 
5.672081e-01 9.605937e-01 
5.749233e-01 9.607362e-01 
5.826534e-01 9.608052e-01 
5.904010e-01 9.607002e-01 
5.981743e-01 9.602562e-01 
6.051595e-01 9.604236e-01 
6.121503e-01 9.605786e-01 
6.191451e-01 9.607241e-01 
6.261438e-01 9.608598e-01 
6.331461e-01 9.609857e-01 
6.401517e-01 9.611018e-01 
6.471603e-01 9.612084e-01 
6.541715e-01 9.613057e-01 
6.611852e-01 9.613940e-01 
6.682010e-01 9.614738e-01 
6.752186e-01 9.615460e-01 
6.822376e-01 9.616113e-01 
6.892578e-01 9.616702e-01 
6.962792e-01 9.617230e-01 
7.033014e-01 9.617707e-01 
7.103244e-01 9.618135e-01 
7.173480e-01 9.618519e-01 
7.243722e-01 9.618859e-01 
7.313970e-01 9.619159e-01 
7.384222e-01 9.619421e-01 
7.454478e-01 9.619645e-01 
7.524738e-01 9.619832e-01 
7.595002e-01 9.619981e-01 
7.665270e-01 9.620090e-01 
7.739118e-01 9.620253e-01 
7.813686e-01 9.620514e-01 
4.155029e-01 9.647074e-01 
4.226874e-01 9.647816e-01 
4.298735e-01 9.648586e-01 
4.370623e-01 9.649387e-01 
4.442607e-01 9.650221e-01 
4.519479e-01 9.651142e-01 
4.596443e-01 9.652096e-01 
4.673430e-01 9.653084e-01 
4.750442e-01 9.654108e-01 
4.827473e-01 9.655172e-01 
4.904529e-01 9.656276e-01 
4.981602e-01 9.657426e-01 
5.058690e-01 9.658622e-01 
5.135787e-01 9.659880e-01 
5.212891e-01 9.661199e-01 
5.289997e-01 9.662590e-01 
5.367100e-01 9.664042e-01 
5.444194e-01 9.665541e-01 
5.521275e-01 9.667056e-01 
5.598347e-01 9.668526e-01 
5.675426e-01 9.669914e-01 
5.752576e-01 9.671037e-01 
5.829881e-01 9.671548e-01 
5.907421e-01 9.670653e-01 
5.985378e-01 9.666936e-01 
6.055201e-01 9.668218e-01 
6.125070e-01 9.669398e-01 
6.194974e-01 9.670497e-01 
6.264909e-01 9.671515e-01 
6.334874e-01 9.672451e-01 
6.404868e-01 9.673306e-01 
6.474886e-01 9.674080e-01 
6.544927e-01 9.674776e-01 
6.614988e-01 9.675398e-01 
6.685067e-01 9.675947e-01 
6.755161e-01 9.676433e-01 
6.825267e-01 9.676861e-01 
6.895383e-01 9.677235e-01 
6.965509e-01 9.677557e-01 
7.035642e-01 9.677836e-01 
7.105782e-01 9.678074e-01 
7.175927e-01 9.678274e-01 
7.246078e-01 9.678437e-01 
7.316232e-01 9.678566e-01 
7.386391e-01 9.678662e-01 
7.456553e-01 9.678727e-01 
7.526719e-01 9.678760e-01 
7.596888e-01 9.678760e-01 
7.667060e-01 9.678726e-01 
7.740322e-01 9.678886e-01 
7.814695e-01 9.679149e-01 
4.155588e-01 9.717284e-01 
4.227568e-01 9.717836e-01 
4.299575e-01 9.718408e-01 
4.371630e-01 9.719004e-01 
4.443842e-01 9.719625e-01 
4.520791e-01 9.720309e-01 
4.597894e-01 9.721016e-01 
4.675036e-01 9.721747e-01 
4.752211e-01 9.722505e-01 
4.829406e-01 9.723287e-01 
4.906625e-01 9.724098e-01 
4.983860e-01 9.724938e-01 
5.061104e-01 9.725806e-01 
5.138353e-01 9.726719e-01 
5.215601e-01 9.727676e-01 
5.292840e-01 9.728686e-01 
5.370063e-01 9.729745e-01 
5.447259e-01 9.730844e-01 
5.524416e-01 9.731955e-01 
5.601535e-01 9.733026e-01 
5.678618e-01 9.734023e-01 
5.755735e-01 9.734804e-01 
5.832995e-01 9.735116e-01 
5.910553e-01 9.734412e-01 
5.988788e-01 9.731677e-01 
6.058591e-01 9.732580e-01 
6.128431e-01 9.733400e-01 
6.198298e-01 9.734157e-01 
6.268191e-01 9.734848e-01 
6.338108e-01 9.735474e-01 
6.408047e-01 9.736035e-01 
6.478007e-01 9.736530e-01 
6.547985e-01 9.736963e-01 
6.617979e-01 9.737335e-01 
6.687988e-01 9.737650e-01 
6.758008e-01 9.737912e-01 
6.828039e-01 9.738127e-01 
6.898078e-01 9.738299e-01 
6.968125e-01 9.738429e-01 
7.038177e-01 9.738524e-01 
7.108235e-01 9.738585e-01 
7.178298e-01 9.738615e-01 
7.248365e-01 9.738615e-01 
7.318435e-01 9.738586e-01 
7.388509e-01 9.738531e-01 
7.458586e-01 9.738450e-01 
7.528665e-01 9.738342e-01 
7.598748e-01 9.738208e-01 
7.668832e-01 9.738045e-01 
7.741333e-01 9.738261e-01 
7.815513e-01 9.738569e-01 
4.156054e-01 9.787597e-01 
4.228152e-01 9.787973e-01 
4.300286e-01 9.788362e-01 
4.372496e-01 9.788767e-01 
4.444961e-01 9.789193e-01 
4.521940e-01 9.789659e-01 
4.599172e-01 9.790138e-01 
4.676469e-01 9.790633e-01 
4.753803e-01 9.791143e-01 
4.831161e-01 9.791669e-01 
4.908540e-01 9.792208e-01 
4.985931e-01 9.792762e-01 
5.063328e-01 9.793326e-01 
5.140725e-01 9.793920e-01 
5.218114e-01 9.794539e-01 
5.295487e-01 9.795190e-01 
5.372832e-01 9.795873e-01 
5.450133e-01 9.796583e-01 
5.527374e-01 9.797294e-01 
5.604537e-01 9.797963e-01 
5.681617e-01 9.798558e-01 
5.758662e-01 9.798975e-01 
5.835797e-01 9.799066e-01 
5.913271e-01 9.798533e-01 
5.991687e-01 9.797002e-01 
6.061493e-01 9.797551e-01 
6.131327e-01 9.798038e-01 
6.201181e-01 9.798478e-01 
6.271055e-01 9.798868e-01 
6.340947e-01 9.799209e-01 
6.410856e-01 9.799501e-01 
6.480780e-01 9.799743e-01 
6.550718e-01 9.799939e-01 
6.620668e-01 9.800088e-01 
6.690630e-01 9.800193e-01 
6.760600e-01 9.800259e-01 
6.830578e-01 9.800289e-01 
6.900563e-01 9.800285e-01 
6.970553e-01 9.800250e-01 
7.040548e-01 9.800187e-01 
7.110548e-01 9.800098e-01 
7.180550e-01 9.799986e-01 
7.250557e-01 9.799850e-01 
7.320566e-01 9.799692e-01 
7.390577e-01 9.799514e-01 
7.460591e-01 9.799315e-01 
7.530607e-01 9.799095e-01 
7.600626e-01 9.798854e-01 
7.670646e-01 9.798592e-01 
7.742148e-01 9.798885e-01 
7.816148e-01 9.799229e-01 
4.156385e-01 9.858111e-01 
4.228574e-01 9.858331e-01 
4.300800e-01 9.858557e-01 
4.373127e-01 9.858794e-01 
4.445836e-01 9.859046e-01 
4.522821e-01 9.859318e-01 
4.600193e-01 9.859597e-01 
4.677648e-01 9.859883e-01 
4.755141e-01 9.860178e-01 
4.832654e-01 9.860479e-01 
4.910187e-01 9.860784e-01 
4.987728e-01 9.861092e-01 
5.065271e-01 9.861395e-01 
5.142810e-01 9.861714e-01 
5.220338e-01 9.862044e-01 
5.297845e-01 9.862388e-01 
5.375319e-01 9.862748e-01 
5.452740e-01 9.863122e-01 
5.530083e-01 9.863490e-01 
5.607321e-01 9.863821e-01 
5.684426e-01 9.864085e-01 
5.761419e-01 9.864223e-01 
5.838417e-01 9.864145e-01 
5.915661e-01 9.863793e-01 
5.993830e-01 9.863249e-01 
6.063667e-01 9.863493e-01 
6.133523e-01 9.863697e-01 
6.203392e-01 9.863868e-01 
6.273275e-01 9.864006e-01 
6.343169e-01 9.864112e-01 
6.413075e-01 9.864185e-01 
6.482992e-01 9.864224e-01 
6.552917e-01 9.864232e-01 
6.622851e-01 9.864208e-01 
6.692793e-01 9.864155e-01 
6.762741e-01 9.864075e-01 
6.832694e-01 9.863970e-01 
6.902651e-01 9.863842e-01 
6.972613e-01 9.863693e-01 
7.042578e-01 9.863525e-01 
7.112545e-01 9.863339e-01 
7.182515e-01 9.863136e-01 
7.252488e-01 9.862917e-01 
7.322462e-01 9.862683e-01 
7.392438e-01 9.862434e-01 
7.462416e-01 9.862171e-01 
7.532396e-01 9.861894e-01 
7.602377e-01 9.861602e-01 
7.672360e-01 9.861294e-01 
7.742672e-01 9.861638e-01 
7.816604e-01 9.861996e-01 
4.156550e-01 9.928915e-01 
4.228786e-01 9.929007e-01 
4.301043e-01 9.929100e-01 
4.373380e-01 9.929199e-01 
4.446207e-01 9.929309e-01 
4.523282e-01 9.929424e-01 
4.600854e-01 9.929539e-01 
4.678486e-01 9.929655e-01 
4.756139e-01 9.929775e-01 
4.833800e-01 9.929894e-01 
4.911475e-01 9.930013e-01 
4.989153e-01 9.930126e-01 
5.066831e-01 9.930228e-01 
5.144504e-01 9.930339e-01 
5.222167e-01 9.930453e-01 
5.299815e-01 9.930572e-01 
5.377435e-01 9.930698e-01 
5.455015e-01 9.930832e-01 
5.532528e-01 9.930967e-01 
5.609950e-01 9.931084e-01 
5.687244e-01 9.931175e-01 
5.764402e-01 9.931212e-01 
5.841492e-01 9.931171e-01 
5.918623e-01 9.931053e-01 
5.996144e-01 9.930811e-01 
6.065955e-01 9.930844e-01 
6.135776e-01 9.930856e-01 
6.205604e-01 9.930852e-01 
6.275438e-01 9.930832e-01 
6.345279e-01 9.930795e-01 
6.415125e-01 9.930742e-01 
6.484976e-01 9.930672e-01 
6.554832e-01 9.930586e-01 
6.624693e-01 9.930484e-01 
6.694557e-01 9.930367e-01 
6.764424e-01 9.930236e-01 
6.834295e-01 9.930092e-01 
6.904167e-01 9.929937e-01 
6.974042e-01 9.929770e-01 
7.043918e-01 9.929594e-01 
7.113796e-01 9.929408e-01 
7.183675e-01 9.929213e-01 
7.253555e-01 9.929010e-01 
7.323437e-01 9.928799e-01 
7.393319e-01 9.928580e-01 
7.463203e-01 9.928353e-01 
7.533087e-01 9.928119e-01 
7.602972e-01 9.927876e-01 
7.672858e-01 9.927626e-01 
7.742616e-01 9.927975e-01 
7.816869e-01 9.928306e-01 
4.156435e-01 1.000000e+00 
4.228673e-01 1.000000e+00 
4.300910e-01 1.000000e+00 
4.373148e-01 1.000000e+00 
4.445385e-01 1.000000e+00 
4.523180e-01 1.000000e+00 
4.600974e-01 1.000000e+00 
4.678768e-01 1.000000e+00 
4.756562e-01 1.000000e+00 
4.834356e-01 1.000000e+00 
4.912151e-01 1.000000e+00 
4.989945e-01 1.000000e+00 
5.067739e-01 1.000000e+00 
5.145533e-01 1.000000e+00 
5.223328e-01 1.000000e+00 
5.301122e-01 1.000000e+00 
5.378916e-01 1.000000e+00 
5.456710e-01 1.000000e+00 
5.534505e-01 1.000000e+00 
5.612299e-01 1.000000e+00 
5.690093e-01 1.000000e+00 
5.767887e-01 1.000000e+00 
5.845682e-01 1.000000e+00 
5.923476e-01 1.000000e+00 
6.001270e-01 1.000000e+00 
6.070729e-01 1.000000e+00 
6.140188e-01 1.000000e+00 
6.209648e-01 1.000000e+00 
6.279107e-01 1.000000e+00 
6.348566e-01 1.000000e+00 
6.418025e-01 1.000000e+00 
6.487484e-01 1.000000e+00 
6.556943e-01 1.000000e+00 
6.626402e-01 1.000000e+00 
6.695862e-01 1.000000e+00 
6.765321e-01 1.000000e+00 
6.834780e-01 1.000000e+00 
6.904239e-01 1.000000e+00 
6.973698e-01 1.000000e+00 
7.043157e-01 1.000000e+00 
7.112616e-01 1.000000e+00 
7.182076e-01 1.000000e+00 
7.251535e-01 1.000000e+00 
7.320994e-01 1.000000e+00 
7.390453e-01 1.000000e+00 
7.459912e-01 1.000000e+00 
7.529371e-01 1.000000e+00 
7.598830e-01 1.000000e+00 
7.668290e-01 1.000000e+00 
7.742978e-01 1.000000e+00 
7.817666e-01 1.000000e+00 
BC
-1
-1
-1
-1
-1
-1
-1
-1
-1
-1
-1
-1
-1
-1
-1
-1
-1
-1
-1
-1
-1
-1
-1
-1
-1
-1
-1
-1
-1
-1
-1
-1
-1
-1
-1
-1
-1
-1
-1
-1
-1
-1
-1
-1
-1
-1
-1
-1
-1
-1
-1
-1
-1
-1
-1
-1
-1
-1
-1
-1
-1
-1
-1
-1
-1
-1
-1
-1
-1
-1
-1
-1
-1
-1
-1
-1
-1
-1
-1
-1
-1
-1
-1
-1
-1
-1
-1
-1
-1
-1
-1
-1
-1
-1
-1
4
4
4
4
4
4
4
4
4
4
4
4
4
4
4
4
4
4
4
4
4
4
4
4
4
4
4
4
4
4
4
4
4
4
4
4
4
4
4
4
4
4
4
4
4
4
4
4
4
4
-1
-1
-1
-1
-1
-1
-1
-1
-1
-1
-1
-1
-1
-1
-1
-1
-1
-1
-1
-1
-1
-1
-1
-1
-1
-1
-1
-1
-1
-1
-1
-1
-1
-1
-1
-1
-1
-1
-1
-1
-1
-1
-1
-1
-1
