npart: 4 4 
ipart: 2 0 
ngrid: 27 27 
5.200000e-01 0.000000e+00 
5.300000e-01 0.000000e+00 
5.400000e-01 0.000000e+00 
5.500000e-01 0.000000e+00 
5.600000e-01 0.000000e+00 
5.700000e-01 0.000000e+00 
5.800000e-01 0.000000e+00 
5.900000e-01 0.000000e+00 
6.000000e-01 0.000000e+00 
6.100000e-01 0.000000e+00 
6.200000e-01 0.000000e+00 
6.300000e-01 0.000000e+00 
6.400000e-01 0.000000e+00 
6.500000e-01 0.000000e+00 
6.600000e-01 0.000000e+00 
6.700000e-01 0.000000e+00 
6.800000e-01 0.000000e+00 
6.900000e-01 0.000000e+00 
7.000000e-01 0.000000e+00 
7.100000e-01 0.000000e+00 
7.200000e-01 0.000000e+00 
7.300000e-01 0.000000e+00 
7.400000e-01 0.000000e+00 
7.500000e-01 0.000000e+00 
7.600000e-01 0.000000e+00 
7.700000e-01 0.000000e+00 
7.800000e-01 0.000000e+00 
5.200000e-01 1.000000e-06 
5.300000e-01 1.000000e-06 
5.400000e-01 1.000000e-06 
5.500000e-01 1.000000e-06 
5.600000e-01 1.000000e-06 
5.700000e-01 1.000000e-06 
5.800000e-01 1.000000e-06 
5.900000e-01 1.000000e-06 
6.000000e-01 1.000000e-06 
6.100000e-01 1.000000e-06 
6.200000e-01 1.000000e-06 
6.300000e-01 1.000000e-06 
6.400000e-01 1.000000e-06 
6.500000e-01 1.000000e-06 
6.600000e-01 1.000000e-06 
6.700000e-01 1.000000e-06 
6.800000e-01 1.000000e-06 
6.900000e-01 1.000000e-06 
7.000000e-01 1.000000e-06 
7.100000e-01 1.000000e-06 
7.200000e-01 1.000000e-06 
7.300000e-01 1.000000e-06 
7.400000e-01 1.000000e-06 
7.500000e-01 1.000000e-06 
7.600000e-01 1.000000e-06 
7.700000e-01 1.000000e-06 
7.800000e-01 1.000000e-06 
5.200000e-01 2.123458e-06 
5.300000e-01 2.123458e-06 
5.400000e-01 2.123458e-06 
5.500000e-01 2.123458e-06 
5.600000e-01 2.123458e-06 
5.700000e-01 2.123458e-06 
5.800000e-01 2.123458e-06 
5.900000e-01 2.123458e-06 
6.000000e-01 2.123458e-06 
6.100000e-01 2.123458e-06 
6.200000e-01 2.123458e-06 
6.300000e-01 2.123458e-06 
6.400000e-01 2.123458e-06 
6.500000e-01 2.123458e-06 
6.600000e-01 2.123458e-06 
6.700000e-01 2.123458e-06 
6.800000e-01 2.123458e-06 
6.900000e-01 2.123458e-06 
7.000000e-01 2.123458e-06 
7.100000e-01 2.123458e-06 
7.200000e-01 2.123458e-06 
7.300000e-01 2.123458e-06 
7.400000e-01 2.123458e-06 
7.500000e-01 2.123458e-06 
7.600000e-01 2.123458e-06 
7.700000e-01 2.123458e-06 
7.800000e-01 2.123458e-06 
5.200000e-01 3.385616e-06 
5.300000e-01 3.385616e-06 
5.400000e-01 3.385616e-06 
5.500000e-01 3.385616e-06 
5.600000e-01 3.385616e-06 
5.700000e-01 3.385616e-06 
5.800000e-01 3.385616e-06 
5.900000e-01 3.385616e-06 
6.000000e-01 3.385616e-06 
6.100000e-01 3.385616e-06 
6.200000e-01 3.385616e-06 
6.300000e-01 3.385616e-06 
6.400000e-01 3.385616e-06 
6.500000e-01 3.385616e-06 
6.600000e-01 3.385616e-06 
6.700000e-01 3.385616e-06 
6.800000e-01 3.385616e-06 
6.900000e-01 3.385616e-06 
7.000000e-01 3.385616e-06 
7.100000e-01 3.385616e-06 
7.200000e-01 3.385616e-06 
7.300000e-01 3.385616e-06 
7.400000e-01 3.385616e-06 
7.500000e-01 3.385616e-06 
7.600000e-01 3.385616e-06 
7.700000e-01 3.385616e-06 
7.800000e-01 3.385616e-06 
5.200000e-01 4.803597e-06 
5.300000e-01 4.803597e-06 
5.400000e-01 4.803597e-06 
5.500000e-01 4.803597e-06 
5.600000e-01 4.803597e-06 
5.700000e-01 4.803597e-06 
5.800000e-01 4.803597e-06 
5.900000e-01 4.803597e-06 
6.000000e-01 4.803597e-06 
6.100000e-01 4.803597e-06 
6.200000e-01 4.803597e-06 
6.300000e-01 4.803597e-06 
6.400000e-01 4.803597e-06 
6.500000e-01 4.803597e-06 
6.600000e-01 4.803597e-06 
6.700000e-01 4.803597e-06 
6.800000e-01 4.803597e-06 
6.900000e-01 4.803597e-06 
7.000000e-01 4.803597e-06 
7.100000e-01 4.803597e-06 
7.200000e-01 4.803597e-06 
7.300000e-01 4.803597e-06 
7.400000e-01 4.803597e-06 
7.500000e-01 4.803597e-06 
7.600000e-01 4.803597e-06 
7.700000e-01 4.803597e-06 
7.800000e-01 4.803597e-06 
5.200000e-01 6.396640e-06 
5.300000e-01 6.396640e-06 
5.400000e-01 6.396640e-06 
5.500000e-01 6.396640e-06 
5.600000e-01 6.396640e-06 
5.700000e-01 6.396640e-06 
5.800000e-01 6.396640e-06 
5.900000e-01 6.396640e-06 
6.000000e-01 6.396640e-06 
6.100000e-01 6.396640e-06 
6.200000e-01 6.396640e-06 
6.300000e-01 6.396640e-06 
6.400000e-01 6.396640e-06 
6.500000e-01 6.396640e-06 
6.600000e-01 6.396640e-06 
6.700000e-01 6.396640e-06 
6.800000e-01 6.396640e-06 
6.900000e-01 6.396640e-06 
7.000000e-01 6.396640e-06 
7.100000e-01 6.396640e-06 
7.200000e-01 6.396640e-06 
7.300000e-01 6.396640e-06 
7.400000e-01 6.396640e-06 
7.500000e-01 6.396640e-06 
7.600000e-01 6.396640e-06 
7.700000e-01 6.396640e-06 
7.800000e-01 6.396640e-06 
5.200000e-01 8.186357e-06 
5.300000e-01 8.186357e-06 
5.400000e-01 8.186357e-06 
5.500000e-01 8.186357e-06 
5.600000e-01 8.186357e-06 
5.700000e-01 8.186357e-06 
5.800000e-01 8.186357e-06 
5.900000e-01 8.186357e-06 
6.000000e-01 8.186357e-06 
6.100000e-01 8.186357e-06 
6.200000e-01 8.186357e-06 
6.300000e-01 8.186357e-06 
6.400000e-01 8.186357e-06 
6.500000e-01 8.186357e-06 
6.600000e-01 8.186357e-06 
6.700000e-01 8.186357e-06 
6.800000e-01 8.186357e-06 
6.900000e-01 8.186357e-06 
7.000000e-01 8.186357e-06 
7.100000e-01 8.186357e-06 
7.200000e-01 8.186357e-06 
7.300000e-01 8.186357e-06 
7.400000e-01 8.186357e-06 
7.500000e-01 8.186357e-06 
7.600000e-01 8.186357e-06 
7.700000e-01 8.186357e-06 
7.800000e-01 8.186357e-06 
5.200000e-01 1.019703e-05 
5.300000e-01 1.019703e-05 
5.400000e-01 1.019703e-05 
5.500000e-01 1.019703e-05 
5.600000e-01 1.019703e-05 
5.700000e-01 1.019703e-05 
5.800000e-01 1.019703e-05 
5.900000e-01 1.019703e-05 
6.000000e-01 1.019703e-05 
6.100000e-01 1.019703e-05 
6.200000e-01 1.019703e-05 
6.300000e-01 1.019703e-05 
6.400000e-01 1.019703e-05 
6.500000e-01 1.019703e-05 
6.600000e-01 1.019703e-05 
6.700000e-01 1.019703e-05 
6.800000e-01 1.019703e-05 
6.900000e-01 1.019703e-05 
7.000000e-01 1.019703e-05 
7.100000e-01 1.019703e-05 
7.200000e-01 1.019703e-05 
7.300000e-01 1.019703e-05 
7.400000e-01 1.019703e-05 
7.500000e-01 1.019703e-05 
7.600000e-01 1.019703e-05 
7.700000e-01 1.019703e-05 
7.800000e-01 1.019703e-05 
5.200000e-01 1.245593e-05 
5.300000e-01 1.245593e-05 
5.400000e-01 1.245593e-05 
5.500000e-01 1.245593e-05 
5.600000e-01 1.245593e-05 
5.700000e-01 1.245593e-05 
5.800000e-01 1.245593e-05 
5.900000e-01 1.245593e-05 
6.000000e-01 1.245593e-05 
6.100000e-01 1.245593e-05 
6.200000e-01 1.245593e-05 
6.300000e-01 1.245593e-05 
6.400000e-01 1.245593e-05 
6.500000e-01 1.245593e-05 
6.600000e-01 1.245593e-05 
6.700000e-01 1.245593e-05 
6.800000e-01 1.245593e-05 
6.900000e-01 1.245593e-05 
7.000000e-01 1.245593e-05 
7.100000e-01 1.245593e-05 
7.200000e-01 1.245593e-05 
7.300000e-01 1.245593e-05 
7.400000e-01 1.245593e-05 
7.500000e-01 1.245593e-05 
7.600000e-01 1.245593e-05 
7.700000e-01 1.245593e-05 
7.800000e-01 1.245593e-05 
5.200000e-01 1.499372e-05 
5.300000e-01 1.499372e-05 
5.400000e-01 1.499372e-05 
5.500000e-01 1.499372e-05 
5.600000e-01 1.499372e-05 
5.700000e-01 1.499372e-05 
5.800000e-01 1.499372e-05 
5.900000e-01 1.499372e-05 
6.000000e-01 1.499372e-05 
6.100000e-01 1.499372e-05 
6.200000e-01 1.499372e-05 
6.300000e-01 1.499372e-05 
6.400000e-01 1.499372e-05 
6.500000e-01 1.499372e-05 
6.600000e-01 1.499372e-05 
6.700000e-01 1.499372e-05 
6.800000e-01 1.499372e-05 
6.900000e-01 1.499372e-05 
7.000000e-01 1.499372e-05 
7.100000e-01 1.499372e-05 
7.200000e-01 1.499372e-05 
7.300000e-01 1.499372e-05 
7.400000e-01 1.499372e-05 
7.500000e-01 1.499372e-05 
7.600000e-01 1.499372e-05 
7.700000e-01 1.499372e-05 
7.800000e-01 1.499372e-05 
5.200000e-01 1.784481e-05 
5.300000e-01 1.784481e-05 
5.400000e-01 1.784481e-05 
5.500000e-01 1.784481e-05 
5.600000e-01 1.784481e-05 
5.700000e-01 1.784481e-05 
5.800000e-01 1.784481e-05 
5.900000e-01 1.784481e-05 
6.000000e-01 1.784481e-05 
6.100000e-01 1.784481e-05 
6.200000e-01 1.784481e-05 
6.300000e-01 1.784481e-05 
6.400000e-01 1.784481e-05 
6.500000e-01 1.784481e-05 
6.600000e-01 1.784481e-05 
6.700000e-01 1.784481e-05 
6.800000e-01 1.784481e-05 
6.900000e-01 1.784481e-05 
7.000000e-01 1.784481e-05 
7.100000e-01 1.784481e-05 
7.200000e-01 1.784481e-05 
7.300000e-01 1.784481e-05 
7.400000e-01 1.784481e-05 
7.500000e-01 1.784481e-05 
7.600000e-01 1.784481e-05 
7.700000e-01 1.784481e-05 
7.800000e-01 1.784481e-05 
5.200000e-01 2.104790e-05 
5.300000e-01 2.104790e-05 
5.400000e-01 2.104790e-05 
5.500000e-01 2.104790e-05 
5.600000e-01 2.104790e-05 
5.700000e-01 2.104790e-05 
5.800000e-01 2.104790e-05 
5.900000e-01 2.104790e-05 
6.000000e-01 2.104790e-05 
6.100000e-01 2.104790e-05 
6.200000e-01 2.104790e-05 
6.300000e-01 2.104790e-05 
6.400000e-01 2.104790e-05 
6.500000e-01 2.104790e-05 
6.600000e-01 2.104790e-05 
6.700000e-01 2.104790e-05 
6.800000e-01 2.104790e-05 
6.900000e-01 2.104790e-05 
7.000000e-01 2.104790e-05 
7.100000e-01 2.104790e-05 
7.200000e-01 2.104790e-05 
7.300000e-01 2.104790e-05 
7.400000e-01 2.104790e-05 
7.500000e-01 2.104790e-05 
7.600000e-01 2.104790e-05 
7.700000e-01 2.104790e-05 
7.800000e-01 2.104790e-05 
5.200000e-01 2.464643e-05 
5.300000e-01 2.464643e-05 
5.400000e-01 2.464643e-05 
5.500000e-01 2.464643e-05 
5.600000e-01 2.464643e-05 
5.700000e-01 2.464643e-05 
5.800000e-01 2.464643e-05 
5.900000e-01 2.464643e-05 
6.000000e-01 2.464643e-05 
6.100000e-01 2.464643e-05 
6.200000e-01 2.464643e-05 
6.300000e-01 2.464643e-05 
6.400000e-01 2.464643e-05 
6.500000e-01 2.464643e-05 
6.600000e-01 2.464643e-05 
6.700000e-01 2.464643e-05 
6.800000e-01 2.464643e-05 
6.900000e-01 2.464643e-05 
7.000000e-01 2.464643e-05 
7.100000e-01 2.464643e-05 
7.200000e-01 2.464643e-05 
7.300000e-01 2.464643e-05 
7.400000e-01 2.464643e-05 
7.500000e-01 2.464643e-05 
7.600000e-01 2.464643e-05 
7.700000e-01 2.464643e-05 
7.800000e-01 2.464643e-05 
5.200000e-01 2.868923e-05 
5.300000e-01 2.868923e-05 
5.400000e-01 2.868923e-05 
5.500000e-01 2.868923e-05 
5.600000e-01 2.868923e-05 
5.700000e-01 2.868923e-05 
5.800000e-01 2.868923e-05 
5.900000e-01 2.868923e-05 
6.000000e-01 2.868923e-05 
6.100000e-01 2.868923e-05 
6.200000e-01 2.868923e-05 
6.300000e-01 2.868923e-05 
6.400000e-01 2.868923e-05 
6.500000e-01 2.868923e-05 
6.600000e-01 2.868923e-05 
6.700000e-01 2.868923e-05 
6.800000e-01 2.868923e-05 
6.900000e-01 2.868923e-05 
7.000000e-01 2.868923e-05 
7.100000e-01 2.868923e-05 
7.200000e-01 2.868923e-05 
7.300000e-01 2.868923e-05 
7.400000e-01 2.868923e-05 
7.500000e-01 2.868923e-05 
7.600000e-01 2.868923e-05 
7.700000e-01 2.868923e-05 
7.800000e-01 2.868923e-05 
5.200000e-01 3.323115e-05 
5.300000e-01 3.323115e-05 
5.400000e-01 3.323115e-05 
5.500000e-01 3.323115e-05 
5.600000e-01 3.323115e-05 
5.700000e-01 3.323115e-05 
5.800000e-01 3.323115e-05 
5.900000e-01 3.323115e-05 
6.000000e-01 3.323115e-05 
6.100000e-01 3.323115e-05 
6.200000e-01 3.323115e-05 
6.300000e-01 3.323115e-05 
6.400000e-01 3.323115e-05 
6.500000e-01 3.323115e-05 
6.600000e-01 3.323115e-05 
6.700000e-01 3.323115e-05 
6.800000e-01 3.323115e-05 
6.900000e-01 3.323115e-05 
7.000000e-01 3.323115e-05 
7.100000e-01 3.323115e-05 
7.200000e-01 3.323115e-05 
7.300000e-01 3.323115e-05 
7.400000e-01 3.323115e-05 
7.500000e-01 3.323115e-05 
7.600000e-01 3.323115e-05 
7.700000e-01 3.323115e-05 
7.800000e-01 3.323115e-05 
5.200000e-01 3.833380e-05 
5.300000e-01 3.833380e-05 
5.400000e-01 3.833380e-05 
5.500000e-01 3.833380e-05 
5.600000e-01 3.833380e-05 
5.700000e-01 3.833380e-05 
5.800000e-01 3.833380e-05 
5.900000e-01 3.833380e-05 
6.000000e-01 3.833380e-05 
6.100000e-01 3.833380e-05 
6.200000e-01 3.833380e-05 
6.300000e-01 3.833380e-05 
6.400000e-01 3.833380e-05 
6.500000e-01 3.833380e-05 
6.600000e-01 3.833380e-05 
6.700000e-01 3.833380e-05 
6.800000e-01 3.833380e-05 
6.900000e-01 3.833380e-05 
7.000000e-01 3.833380e-05 
7.100000e-01 3.833380e-05 
7.200000e-01 3.833380e-05 
7.300000e-01 3.833380e-05 
7.400000e-01 3.833380e-05 
7.500000e-01 3.833380e-05 
7.600000e-01 3.833380e-05 
7.700000e-01 3.833380e-05 
7.800000e-01 3.833380e-05 
5.200000e-01 4.406641e-05 
5.300000e-01 4.406641e-05 
5.400000e-01 4.406641e-05 
5.500000e-01 4.406641e-05 
5.600000e-01 4.406641e-05 
5.700000e-01 4.406641e-05 
5.800000e-01 4.406641e-05 
5.900000e-01 4.406641e-05 
6.000000e-01 4.406641e-05 
6.100000e-01 4.406641e-05 
6.200000e-01 4.406641e-05 
6.300000e-01 4.406641e-05 
6.400000e-01 4.406641e-05 
6.500000e-01 4.406641e-05 
6.600000e-01 4.406641e-05 
6.700000e-01 4.406641e-05 
6.800000e-01 4.406641e-05 
6.900000e-01 4.406641e-05 
7.000000e-01 4.406641e-05 
7.100000e-01 4.406641e-05 
7.200000e-01 4.406641e-05 
7.300000e-01 4.406641e-05 
7.400000e-01 4.406641e-05 
7.500000e-01 4.406641e-05 
7.600000e-01 4.406641e-05 
7.700000e-01 4.406641e-05 
7.800000e-01 4.406641e-05 
5.200000e-01 5.050677e-05 
5.300000e-01 5.050677e-05 
5.400000e-01 5.050677e-05 
5.500000e-01 5.050677e-05 
5.600000e-01 5.050677e-05 
5.700000e-01 5.050677e-05 
5.800000e-01 5.050677e-05 
5.900000e-01 5.050677e-05 
6.000000e-01 5.050677e-05 
6.100000e-01 5.050677e-05 
6.200000e-01 5.050677e-05 
6.300000e-01 5.050677e-05 
6.400000e-01 5.050677e-05 
6.500000e-01 5.050677e-05 
6.600000e-01 5.050677e-05 
6.700000e-01 5.050677e-05 
6.800000e-01 5.050677e-05 
6.900000e-01 5.050677e-05 
7.000000e-01 5.050677e-05 
7.100000e-01 5.050677e-05 
7.200000e-01 5.050677e-05 
7.300000e-01 5.050677e-05 
7.400000e-01 5.050677e-05 
7.500000e-01 5.050677e-05 
7.600000e-01 5.050677e-05 
7.700000e-01 5.050677e-05 
7.800000e-01 5.050677e-05 
5.200000e-01 5.774223e-05 
5.300000e-01 5.774223e-05 
5.400000e-01 5.774223e-05 
5.500000e-01 5.774223e-05 
5.600000e-01 5.774223e-05 
5.700000e-01 5.774223e-05 
5.800000e-01 5.774223e-05 
5.900000e-01 5.774223e-05 
6.000000e-01 5.774223e-05 
6.100000e-01 5.774223e-05 
6.200000e-01 5.774223e-05 
6.300000e-01 5.774223e-05 
6.400000e-01 5.774223e-05 
6.500000e-01 5.774223e-05 
6.600000e-01 5.774223e-05 
6.700000e-01 5.774223e-05 
6.800000e-01 5.774223e-05 
6.900000e-01 5.774223e-05 
7.000000e-01 5.774223e-05 
7.100000e-01 5.774223e-05 
7.200000e-01 5.774223e-05 
7.300000e-01 5.774223e-05 
7.400000e-01 5.774223e-05 
7.500000e-01 5.774223e-05 
7.600000e-01 5.774223e-05 
7.700000e-01 5.774223e-05 
7.800000e-01 5.774223e-05 
5.200000e-01 6.587097e-05 
5.300000e-01 6.587097e-05 
5.400000e-01 6.587097e-05 
5.500000e-01 6.587097e-05 
5.600000e-01 6.587097e-05 
5.700000e-01 6.587097e-05 
5.800000e-01 6.587097e-05 
5.900000e-01 6.587097e-05 
6.000000e-01 6.587097e-05 
6.100000e-01 6.587097e-05 
6.200000e-01 6.587097e-05 
6.300000e-01 6.587097e-05 
6.400000e-01 6.587097e-05 
6.500000e-01 6.587097e-05 
6.600000e-01 6.587097e-05 
6.700000e-01 6.587097e-05 
6.800000e-01 6.587097e-05 
6.900000e-01 6.587097e-05 
7.000000e-01 6.587097e-05 
7.100000e-01 6.587097e-05 
7.200000e-01 6.587097e-05 
7.300000e-01 6.587097e-05 
7.400000e-01 6.587097e-05 
7.500000e-01 6.587097e-05 
7.600000e-01 6.587097e-05 
7.700000e-01 6.587097e-05 
7.800000e-01 6.587097e-05 
5.200000e-01 7.500327e-05 
5.300000e-01 7.500327e-05 
5.400000e-01 7.500327e-05 
5.500000e-01 7.500327e-05 
5.600000e-01 7.500327e-05 
5.700000e-01 7.500327e-05 
5.800000e-01 7.500327e-05 
5.900000e-01 7.500327e-05 
6.000000e-01 7.500327e-05 
6.100000e-01 7.500327e-05 
6.200000e-01 7.500327e-05 
6.300000e-01 7.500327e-05 
6.400000e-01 7.500327e-05 
6.500000e-01 7.500327e-05 
6.600000e-01 7.500327e-05 
6.700000e-01 7.500327e-05 
6.800000e-01 7.500327e-05 
6.900000e-01 7.500327e-05 
7.000000e-01 7.500327e-05 
7.100000e-01 7.500327e-05 
7.200000e-01 7.500327e-05 
7.300000e-01 7.500327e-05 
7.400000e-01 7.500327e-05 
7.500000e-01 7.500327e-05 
7.600000e-01 7.500327e-05 
7.700000e-01 7.500327e-05 
7.800000e-01 7.500327e-05 
5.200000e-01 8.526303e-05 
5.300000e-01 8.526303e-05 
5.400000e-01 8.526303e-05 
5.500000e-01 8.526303e-05 
5.600000e-01 8.526303e-05 
5.700000e-01 8.526303e-05 
5.800000e-01 8.526303e-05 
5.900000e-01 8.526303e-05 
6.000000e-01 8.526303e-05 
6.100000e-01 8.526303e-05 
6.200000e-01 8.526303e-05 
6.300000e-01 8.526303e-05 
6.400000e-01 8.526303e-05 
6.500000e-01 8.526303e-05 
6.600000e-01 8.526303e-05 
6.700000e-01 8.526303e-05 
6.800000e-01 8.526303e-05 
6.900000e-01 8.526303e-05 
7.000000e-01 8.526303e-05 
7.100000e-01 8.526303e-05 
7.200000e-01 8.526303e-05 
7.300000e-01 8.526303e-05 
7.400000e-01 8.526303e-05 
7.500000e-01 8.526303e-05 
7.600000e-01 8.526303e-05 
7.700000e-01 8.526303e-05 
7.800000e-01 8.526303e-05 
5.200000e-01 9.678943e-05 
5.300000e-01 9.678943e-05 
5.400000e-01 9.678943e-05 
5.500000e-01 9.678943e-05 
5.600000e-01 9.678943e-05 
5.700000e-01 9.678943e-05 
5.800000e-01 9.678943e-05 
5.900000e-01 9.678943e-05 
6.000000e-01 9.678943e-05 
6.100000e-01 9.678943e-05 
6.200000e-01 9.678943e-05 
6.300000e-01 9.678943e-05 
6.400000e-01 9.678943e-05 
6.500000e-01 9.678943e-05 
6.600000e-01 9.678943e-05 
6.700000e-01 9.678943e-05 
6.800000e-01 9.678943e-05 
6.900000e-01 9.678943e-05 
7.000000e-01 9.678943e-05 
7.100000e-01 9.678943e-05 
7.200000e-01 9.678943e-05 
7.300000e-01 9.678943e-05 
7.400000e-01 9.678943e-05 
7.500000e-01 9.678943e-05 
7.600000e-01 9.678943e-05 
7.700000e-01 9.678943e-05 
7.800000e-01 9.678943e-05 
5.200000e-01 1.097389e-04 
5.300000e-01 1.097389e-04 
5.400000e-01 1.097389e-04 
5.500000e-01 1.097389e-04 
5.600000e-01 1.097389e-04 
5.700000e-01 1.097389e-04 
5.800000e-01 1.097389e-04 
5.900000e-01 1.097389e-04 
6.000000e-01 1.097389e-04 
6.100000e-01 1.097389e-04 
6.200000e-01 1.097389e-04 
6.300000e-01 1.097389e-04 
6.400000e-01 1.097389e-04 
6.500000e-01 1.097389e-04 
6.600000e-01 1.097389e-04 
6.700000e-01 1.097389e-04 
6.800000e-01 1.097389e-04 
6.900000e-01 1.097389e-04 
7.000000e-01 1.097389e-04 
7.100000e-01 1.097389e-04 
7.200000e-01 1.097389e-04 
7.300000e-01 1.097389e-04 
7.400000e-01 1.097389e-04 
7.500000e-01 1.097389e-04 
7.600000e-01 1.097389e-04 
7.700000e-01 1.097389e-04 
7.800000e-01 1.097389e-04 
5.200000e-01 1.242870e-04 
5.300000e-01 1.242870e-04 
5.400000e-01 1.242870e-04 
5.500000e-01 1.242870e-04 
5.600000e-01 1.242870e-04 
5.700000e-01 1.242870e-04 
5.800000e-01 1.242870e-04 
5.900000e-01 1.242870e-04 
6.000000e-01 1.242870e-04 
6.100000e-01 1.242870e-04 
6.200000e-01 1.242870e-04 
6.300000e-01 1.242870e-04 
6.400000e-01 1.242870e-04 
6.500000e-01 1.242870e-04 
6.600000e-01 1.242870e-04 
6.700000e-01 1.242870e-04 
6.800000e-01 1.242870e-04 
6.900000e-01 1.242870e-04 
7.000000e-01 1.242870e-04 
7.100000e-01 1.242870e-04 
7.200000e-01 1.242870e-04 
7.300000e-01 1.242870e-04 
7.400000e-01 1.242870e-04 
7.500000e-01 1.242870e-04 
7.600000e-01 1.242870e-04 
7.700000e-01 1.242870e-04 
7.800000e-01 1.242870e-04 
5.200000e-01 1.406312e-04 
5.300000e-01 1.406312e-04 
5.400000e-01 1.406312e-04 
5.500000e-01 1.406312e-04 
5.600000e-01 1.406312e-04 
5.700000e-01 1.406312e-04 
5.800000e-01 1.406312e-04 
5.900000e-01 1.406312e-04 
6.000000e-01 1.406312e-04 
6.100000e-01 1.406312e-04 
6.200000e-01 1.406312e-04 
6.300000e-01 1.406312e-04 
6.400000e-01 1.406312e-04 
6.500000e-01 1.406312e-04 
6.600000e-01 1.406312e-04 
6.700000e-01 1.406312e-04 
6.800000e-01 1.406312e-04 
6.900000e-01 1.406312e-04 
7.000000e-01 1.406312e-04 
7.100000e-01 1.406312e-04 
7.200000e-01 1.406312e-04 
7.300000e-01 1.406312e-04 
7.400000e-01 1.406312e-04 
7.500000e-01 1.406312e-04 
7.600000e-01 1.406312e-04 
7.700000e-01 1.406312e-04 
7.800000e-01 1.406312e-04 
5.200000e-01 1.589933e-04 
5.300000e-01 1.589933e-04 
5.400000e-01 1.589933e-04 
5.500000e-01 1.589933e-04 
5.600000e-01 1.589933e-04 
5.700000e-01 1.589933e-04 
5.800000e-01 1.589933e-04 
5.900000e-01 1.589933e-04 
6.000000e-01 1.589933e-04 
6.100000e-01 1.589933e-04 
6.200000e-01 1.589933e-04 
6.300000e-01 1.589933e-04 
6.400000e-01 1.589933e-04 
6.500000e-01 1.589933e-04 
6.600000e-01 1.589933e-04 
6.700000e-01 1.589933e-04 
6.800000e-01 1.589933e-04 
6.900000e-01 1.589933e-04 
7.000000e-01 1.589933e-04 
7.100000e-01 1.589933e-04 
7.200000e-01 1.589933e-04 
7.300000e-01 1.589933e-04 
7.400000e-01 1.589933e-04 
7.500000e-01 1.589933e-04 
7.600000e-01 1.589933e-04 
7.700000e-01 1.589933e-04 
7.800000e-01 1.589933e-04 
BC
0
0
0
0
0
0
0
0
0
0
0
0
0
0
0
0
0
0
0
0
0
0
0
0
0
0
-1
-1
-1
-1
-1
-1
-1
-1
-1
-1
-1
-1
-1
-1
-1
-1
-1
-1
-1
-1
-1
-1
-1
-1
-1
-1
-1
-1
-1
-1
-1
-1
-1
-1
-1
-1
-1
-1
-1
-1
-1
-1
-1
-1
-1
-1
-1
-1
-1
-1
-1
-1
-1
-1
-1
-1
-1
-1
-1
-1
-1
-1
-1
-1
-1
-1
-1
-1
-1
-1
-1
-1
-1
-1
-1
-1
-1
-1
