npart: 8 3 
ipart: 0 0 
ngrid: 51 48 
0.000000e+00 0.000000e+00 
1.191176e-02 0.000000e+00 
2.382353e-02 0.000000e+00 
3.573529e-02 0.000000e+00 
4.764706e-02 0.000000e+00 
5.955882e-02 0.000000e+00 
7.147059e-02 0.000000e+00 
8.338235e-02 0.000000e+00 
9.529412e-02 0.000000e+00 
1.072059e-01 0.000000e+00 
1.191176e-01 0.000000e+00 
1.310294e-01 0.000000e+00 
1.429412e-01 0.000000e+00 
1.548529e-01 0.000000e+00 
1.667647e-01 0.000000e+00 
1.786765e-01 0.000000e+00 
1.905882e-01 0.000000e+00 
2.025000e-01 0.000000e+00 
2.144118e-01 0.000000e+00 
2.263235e-01 0.000000e+00 
2.382353e-01 0.000000e+00 
2.501471e-01 0.000000e+00 
2.620588e-01 0.000000e+00 
2.739706e-01 0.000000e+00 
2.858824e-01 0.000000e+00 
2.977941e-01 0.000000e+00 
3.097059e-01 0.000000e+00 
3.216176e-01 0.000000e+00 
3.335294e-01 0.000000e+00 
3.454412e-01 0.000000e+00 
3.573529e-01 0.000000e+00 
3.692647e-01 0.000000e+00 
3.811765e-01 0.000000e+00 
3.930882e-01 0.000000e+00 
4.050000e-01 0.000000e+00 
4.147500e-01 0.000000e+00 
4.245000e-01 0.000000e+00 
4.342500e-01 0.000000e+00 
4.440000e-01 0.000000e+00 
4.537500e-01 0.000000e+00 
4.635000e-01 0.000000e+00 
4.732500e-01 0.000000e+00 
4.830000e-01 0.000000e+00 
4.927500e-01 0.000000e+00 
5.025000e-01 0.000000e+00 
5.122500e-01 0.000000e+00 
5.220000e-01 0.000000e+00 
5.317500e-01 0.000000e+00 
5.415000e-01 0.000000e+00 
5.512500e-01 0.000000e+00 
5.610000e-01 0.000000e+00 
0.000000e+00 7.194245e-03 
1.189300e-02 7.196809e-03 
2.378086e-02 7.201662e-03 
3.566352e-02 7.208461e-03 
4.754332e-02 7.215779e-03 
5.942082e-02 7.223247e-03 
7.129716e-02 7.230699e-03 
8.317261e-02 7.238322e-03 
9.504748e-02 7.246265e-03 
1.069216e-01 7.254585e-03 
1.187948e-01 7.263242e-03 
1.306672e-01 7.272455e-03 
1.425387e-01 7.282361e-03 
1.544092e-01 7.293081e-03 
1.662787e-01 7.304614e-03 
1.781470e-01 7.316963e-03 
1.900141e-01 7.330218e-03 
2.018798e-01 7.344522e-03 
2.137442e-01 7.359941e-03 
2.256070e-01 7.376514e-03 
2.374683e-01 7.394248e-03 
2.493280e-01 7.413244e-03 
2.611858e-01 7.433674e-03 
2.730417e-01 7.455653e-03 
2.848956e-01 7.479431e-03 
2.967472e-01 7.505147e-03 
3.085966e-01 7.533051e-03 
3.204437e-01 7.563267e-03 
3.322885e-01 7.596161e-03 
3.441304e-01 7.631872e-03 
3.559695e-01 7.670781e-03 
3.678043e-01 7.712724e-03 
3.796312e-01 7.758186e-03 
3.914331e-01 7.807891e-03 
4.031203e-01 7.865507e-03 
4.129928e-01 7.938980e-03 
4.227247e-01 8.012267e-03 
4.324205e-01 8.088147e-03 
4.421013e-01 8.170397e-03 
4.517721e-01 8.260310e-03 
4.614335e-01 8.358591e-03 
4.710841e-01 8.466416e-03 
4.807209e-01 8.585554e-03 
4.903383e-01 8.718629e-03 
4.999278e-01 8.869979e-03 
5.094740e-01 9.049856e-03 
5.189362e-01 9.316059e-03 
5.280990e-01 1.009344e-02 
5.378991e-01 1.164175e-02 
5.470431e-01 1.246229e-02 
5.556917e-01 1.336634e-02 
0.000000e+00 1.438849e-02 
1.188419e-02 1.438778e-02 
2.375483e-02 1.439375e-02 
3.561376e-02 1.440103e-02 
4.746637e-02 1.440707e-02 
5.931360e-02 1.441150e-02 
7.115805e-02 1.441480e-02 
8.300030e-02 1.441729e-02 
9.484094e-02 1.441960e-02 
1.066795e-01 1.442218e-02 
1.185160e-01 1.442542e-02 
1.303504e-01 1.442987e-02 
1.421827e-01 1.443592e-02 
1.540127e-01 1.444395e-02 
1.658401e-01 1.445414e-02 
1.776647e-01 1.446675e-02 
1.894860e-01 1.448195e-02 
2.013041e-01 1.450012e-02 
2.131186e-01 1.452142e-02 
2.249291e-01 1.454619e-02 
2.367355e-01 1.457456e-02 
2.485373e-01 1.460704e-02 
2.603343e-01 1.464396e-02 
2.721258e-01 1.468592e-02 
2.839116e-01 1.473341e-02 
2.956910e-01 1.478713e-02 
3.074642e-01 1.484756e-02 
3.192303e-01 1.491558e-02 
3.309894e-01 1.499197e-02 
3.427399e-01 1.507782e-02 
3.544820e-01 1.517400e-02 
3.662127e-01 1.528094e-02 
3.779295e-01 1.539943e-02 
3.896182e-01 1.552940e-02 
4.012267e-01 1.567372e-02 
4.109852e-01 1.582712e-02 
4.206461e-01 1.599912e-02 
4.302529e-01 1.618808e-02 
4.398240e-01 1.639630e-02 
4.493653e-01 1.662605e-02 
4.588776e-01 1.687929e-02 
4.683572e-01 1.715859e-02 
4.777962e-01 1.746806e-02 
4.871821e-01 1.781221e-02 
4.964939e-01 1.819924e-02 
5.057026e-01 1.863842e-02 
5.147586e-01 1.915805e-02 
5.235655e-01 1.982976e-02 
5.322222e-01 2.260967e-02 
5.400403e-01 2.446124e-02 
5.472094e-01 2.620852e-02 
0.000000e+00 2.158273e-02 
1.188022e-02 2.157179e-02 
2.373479e-02 2.156612e-02 
3.556994e-02 2.155937e-02 
4.739476e-02 2.154880e-02 
5.921100e-02 2.153437e-02 
7.102281e-02 2.151720e-02 
8.283121e-02 2.149791e-02 
9.463708e-02 2.147765e-02 
1.064396e-01 2.145743e-02 
1.182390e-01 2.143821e-02 
1.300353e-01 2.142093e-02 
1.418282e-01 2.140626e-02 
1.536175e-01 2.139493e-02 
1.654027e-01 2.138733e-02 
1.771832e-01 2.138404e-02 
1.889586e-01 2.138537e-02 
2.007285e-01 2.139190e-02 
2.124925e-01 2.140390e-02 
2.242499e-01 2.142209e-02 
2.360002e-01 2.144681e-02 
2.477426e-01 2.147894e-02 
2.594767e-01 2.151906e-02 
2.712014e-01 2.156831e-02 
2.829160e-01 2.162748e-02 
2.946196e-01 2.169783e-02 
3.063120e-01 2.178020e-02 
3.179917e-01 2.187616e-02 
3.296586e-01 2.198709e-02 
3.413099e-01 2.211504e-02 
3.529459e-01 2.226163e-02 
3.645624e-01 2.242805e-02 
3.761584e-01 2.261502e-02 
3.877277e-01 2.282197e-02 
3.992561e-01 2.304924e-02 
4.088663e-01 2.327561e-02 
4.184090e-01 2.354070e-02 
4.278930e-01 2.383987e-02 
4.373245e-01 2.417349e-02 
4.467064e-01 2.454346e-02 
4.560376e-01 2.495219e-02 
4.653116e-01 2.540354e-02 
4.745173e-01 2.590234e-02 
4.836356e-01 2.645468e-02 
4.926390e-01 2.706850e-02 
5.014877e-01 2.775256e-02 
5.101285e-01 2.851474e-02 
5.185078e-01 2.930449e-02 
5.261839e-01 3.254887e-02 
5.330865e-01 3.479496e-02 
5.393681e-01 3.685973e-02 
0.000000e+00 2.877698e-02 
1.187483e-02 2.875668e-02 
2.370964e-02 2.873385e-02 
3.551585e-02 2.870681e-02 
4.730716e-02 2.867286e-02 
5.908678e-02 2.863255e-02 
7.086047e-02 2.858770e-02 
8.262984e-02 2.853917e-02 
9.439608e-02 2.848881e-02 
1.061581e-01 2.843826e-02 
1.179162e-01 2.838911e-02 
1.296704e-01 2.834274e-02 
1.414203e-01 2.830016e-02 
1.531654e-01 2.826236e-02 
1.649050e-01 2.823004e-02 
1.766383e-01 2.820411e-02 
1.883646e-01 2.818496e-02 
2.000835e-01 2.817338e-02 
2.117940e-01 2.816979e-02 
2.234952e-01 2.817521e-02 
2.351865e-01 2.819019e-02 
2.468667e-01 2.821604e-02 
2.585350e-01 2.825352e-02 
2.701898e-01 2.830432e-02 
2.818303e-01 2.836950e-02 
2.934547e-01 2.845095e-02 
3.050628e-01 2.854969e-02 
3.166523e-01 2.866799e-02 
3.282228e-01 2.880770e-02 
3.397706e-01 2.897189e-02 
3.512953e-01 2.916278e-02 
3.627912e-01 2.938257e-02 
3.742570e-01 2.963218e-02 
3.856901e-01 2.990968e-02 
3.970973e-01 3.021378e-02 
4.065629e-01 3.050875e-02 
4.159632e-01 3.086087e-02 
4.252970e-01 3.126369e-02 
4.345641e-01 3.171551e-02 
4.437636e-01 3.221715e-02 
4.528918e-01 3.277152e-02 
4.619406e-01 3.338244e-02 
4.708954e-01 3.405575e-02 
4.797347e-01 3.479771e-02 
4.884254e-01 3.561672e-02 
4.969251e-01 3.652148e-02 
5.051735e-01 3.751990e-02 
5.131119e-01 3.858949e-02 
5.201348e-01 4.198710e-02 
5.264788e-01 4.442101e-02 
5.322618e-01 4.665756e-02 
0.000000e+00 3.597122e-02 
1.186727e-02 3.594253e-02 
2.367858e-02 3.590267e-02 
3.545052e-02 3.585573e-02 
4.720235e-02 3.579811e-02 
5.893935e-02 3.573135e-02 
7.066896e-02 3.565787e-02 
8.239361e-02 3.557883e-02 
9.411479e-02 3.549700e-02 
1.058312e-01 3.541473e-02 
1.175432e-01 3.533436e-02 
1.292507e-01 3.525772e-02 
1.409530e-01 3.518619e-02 
1.526495e-01 3.512102e-02 
1.643392e-01 3.506321e-02 
1.760211e-01 3.501404e-02 
1.876940e-01 3.497398e-02 
1.993573e-01 3.494401e-02 
2.110101e-01 3.492462e-02 
2.226508e-01 3.491725e-02 
2.342787e-01 3.492250e-02 
2.458920e-01 3.494221e-02 
2.574899e-01 3.497719e-02 
2.690700e-01 3.502980e-02 
2.806313e-01 3.510128e-02 
2.921714e-01 3.519428e-02 
3.036896e-01 3.530972e-02 
3.151830e-01 3.545067e-02 
3.266511e-01 3.561918e-02 
3.380887e-01 3.581952e-02 
3.494951e-01 3.605426e-02 
3.608621e-01 3.632697e-02 
3.721859e-01 3.663876e-02 
3.834589e-01 3.698801e-02 
3.946960e-01 3.736947e-02 
4.040183e-01 3.773688e-02 
4.132561e-01 3.817895e-02 
4.224144e-01 3.868599e-02 
4.314908e-01 3.925530e-02 
4.404827e-01 3.988685e-02 
4.493849e-01 4.058295e-02 
4.581876e-01 4.134737e-02 
4.668756e-01 4.218580e-02 
4.754266e-01 4.310444e-02 
4.838087e-01 4.411167e-02 
4.919797e-01 4.521606e-02 
4.998841e-01 4.642594e-02 
5.074683e-01 4.772649e-02 
5.140500e-01 5.113250e-02 
5.200966e-01 5.366988e-02 
5.256531e-01 5.602071e-02 
0.000000e+00 4.316547e-02 
1.185711e-02 4.312641e-02 
2.364126e-02 4.307028e-02 
3.537538e-02 4.300481e-02 
4.708328e-02 4.292362e-02 
5.877314e-02 4.283116e-02 
7.045415e-02 4.272909e-02 
8.212955e-02 4.261945e-02 
9.380143e-02 4.250577e-02 
1.054681e-01 4.239138e-02 
1.171301e-01 4.227946e-02 
1.287870e-01 4.217222e-02 
1.404380e-01 4.207158e-02 
1.520824e-01 4.197876e-02 
1.637187e-01 4.189537e-02 
1.753457e-01 4.182280e-02 
1.869618e-01 4.176186e-02 
1.985664e-01 4.171333e-02 
2.101580e-01 4.167815e-02 
2.217350e-01 4.165777e-02 
2.332962e-01 4.165321e-02 
2.448396e-01 4.166645e-02 
2.563638e-01 4.169867e-02 
2.678662e-01 4.175252e-02 
2.793450e-01 4.182990e-02 
2.907976e-01 4.193373e-02 
3.022226e-01 4.206526e-02 
3.136168e-01 4.222766e-02 
3.249788e-01 4.242370e-02 
3.363031e-01 4.265835e-02 
3.475878e-01 4.293491e-02 
3.588232e-01 4.325830e-02 
3.700001e-01 4.363093e-02 
3.810999e-01 4.405107e-02 
3.921147e-01 4.451617e-02 
4.012868e-01 4.496909e-02 
4.103486e-01 4.550510e-02 
4.193110e-01 4.611930e-02 
4.281752e-01 4.680769e-02 
4.369378e-01 4.756999e-02 
4.455929e-01 4.840755e-02 
4.541296e-01 4.932433e-02 
4.625343e-01 5.032417e-02 
4.707843e-01 5.141447e-02 
4.788544e-01 5.260062e-02 
4.867050e-01 5.389301e-02 
4.943003e-01 5.529104e-02 
5.016353e-01 5.674406e-02 
5.078871e-01 6.006500e-02 
5.138036e-01 6.265282e-02 
5.192988e-01 6.511817e-02 
0.000000e+00 5.035971e-02 
1.184059e-02 5.030888e-02 
2.359152e-02 5.024302e-02 
3.528046e-02 5.016928e-02 
4.693702e-02 5.007272e-02 
5.857227e-02 4.996292e-02 
7.019698e-02 4.984021e-02 
8.181553e-02 4.970731e-02 
9.343043e-02 4.956892e-02 
1.050399e-01 4.942942e-02 
1.166443e-01 4.929298e-02 
1.282432e-01 4.916211e-02 
1.398356e-01 4.903931e-02 
1.514206e-01 4.892558e-02 
1.629964e-01 4.882324e-02 
1.745614e-01 4.873381e-02 
1.861140e-01 4.865839e-02 
1.976532e-01 4.859745e-02 
2.091772e-01 4.855232e-02 
2.206842e-01 4.852457e-02 
2.321727e-01 4.851540e-02 
2.436403e-01 4.852714e-02 
2.550855e-01 4.856094e-02 
2.665051e-01 4.862002e-02 
2.778969e-01 4.870666e-02 
2.892579e-01 4.882449e-02 
3.005861e-01 4.897436e-02 
3.118780e-01 4.915989e-02 
3.231316e-01 4.938388e-02 
3.343411e-01 4.965271e-02 
3.455041e-01 4.996941e-02 
3.566104e-01 5.034111e-02 
3.676477e-01 5.077210e-02 
3.785812e-01 5.126400e-02 
3.893547e-01 5.180691e-02 
3.983859e-01 5.234260e-02 
4.072657e-01 5.297538e-02 
4.160280e-01 5.369525e-02 
4.246766e-01 5.449990e-02 
4.332084e-01 5.538875e-02 
4.416161e-01 5.636340e-02 
4.498887e-01 5.742658e-02 
4.580122e-01 5.858218e-02 
4.659677e-01 5.983536e-02 
4.737327e-01 6.119190e-02 
4.812798e-01 6.265764e-02 
4.885898e-01 6.421890e-02 
4.957451e-01 6.572490e-02 
5.017856e-01 6.881258e-02 
5.076964e-01 7.135696e-02 
5.132549e-01 7.388761e-02 
0.000000e+00 5.755396e-02 
1.181353e-02 5.748928e-02 
2.352133e-02 5.742258e-02 
3.515586e-02 5.735454e-02 
4.675192e-02 5.725534e-02 
5.832299e-02 5.714246e-02 
6.988180e-02 5.701290e-02 
8.143358e-02 5.687033e-02 
9.298145e-02 5.672069e-02 
1.045233e-01 5.656943e-02 
1.160598e-01 5.642179e-02 
1.275905e-01 5.628028e-02 
1.391141e-01 5.614818e-02 
1.506298e-01 5.602570e-02 
1.621355e-01 5.591624e-02 
1.736295e-01 5.582122e-02 
1.851097e-01 5.574219e-02 
1.965754e-01 5.567885e-02 
2.080242e-01 5.563316e-02 
2.194544e-01 5.560663e-02 
2.308640e-01 5.560060e-02 
2.422508e-01 5.561774e-02 
2.536125e-01 5.565896e-02 
2.649462e-01 5.572799e-02 
2.762489e-01 5.582748e-02 
2.875176e-01 5.596193e-02 
2.987499e-01 5.613132e-02 
3.099422e-01 5.633971e-02 
3.210920e-01 5.658956e-02 
3.321931e-01 5.688920e-02 
3.432435e-01 5.724039e-02 
3.542338e-01 5.765293e-02 
3.651536e-01 5.813381e-02 
3.759673e-01 5.869299e-02 
3.865484e-01 5.932571e-02 
3.954244e-01 5.995876e-02 
4.041220e-01 6.068928e-02 
4.126963e-01 6.151355e-02 
4.211492e-01 6.243188e-02 
4.294736e-01 6.344569e-02 
4.376591e-01 6.455796e-02 
4.456925e-01 6.577191e-02 
4.535578e-01 6.709189e-02 
4.612366e-01 6.852228e-02 
4.687073e-01 7.006899e-02 
4.759508e-01 7.173257e-02 
4.829702e-01 7.346465e-02 
4.900097e-01 7.480412e-02 
4.959467e-01 7.770027e-02 
5.018377e-01 8.024603e-02 
5.074003e-01 8.289903e-02 
0.000000e+00 6.474820e-02 
1.178092e-02 6.464753e-02 
2.343699e-02 6.457998e-02 
3.501507e-02 6.452098e-02 
4.655035e-02 6.442533e-02 
5.805451e-02 6.432024e-02 
6.954465e-02 6.419572e-02 
8.102531e-02 6.405674e-02 
9.250067e-02 6.390987e-02 
1.039679e-01 6.376104e-02 
1.154289e-01 6.361639e-02 
1.268834e-01 6.347778e-02 
1.383305e-01 6.334948e-02 
1.497694e-01 6.323018e-02 
1.611976e-01 6.312467e-02 
1.726139e-01 6.303383e-02 
1.840158e-01 6.295988e-02 
1.954030e-01 6.290127e-02 
2.067727e-01 6.286078e-02 
2.181234e-01 6.283970e-02 
2.294527e-01 6.283930e-02 
2.407587e-01 6.286276e-02 
2.520389e-01 6.291021e-02 
2.632902e-01 6.298607e-02 
2.745094e-01 6.309278e-02 
2.856940e-01 6.323614e-02 
2.968414e-01 6.341450e-02 
3.079479e-01 6.363281e-02 
3.190106e-01 6.389230e-02 
3.300237e-01 6.420428e-02 
3.409853e-01 6.456756e-02 
3.518871e-01 6.499521e-02 
3.627233e-01 6.549499e-02 
3.734764e-01 6.608728e-02 
3.841222e-01 6.679479e-02 
3.927826e-01 6.747982e-02 
4.013432e-01 6.826400e-02 
4.097982e-01 6.914573e-02 
4.181355e-01 7.012835e-02 
4.263425e-01 7.121508e-02 
4.344053e-01 7.241135e-02 
4.423076e-01 7.372264e-02 
4.500314e-01 7.515444e-02 
4.575549e-01 7.671334e-02 
4.648542e-01 7.840613e-02 
4.719042e-01 8.024074e-02 
4.786746e-01 8.222092e-02 
4.851390e-01 8.435402e-02 
4.912686e-01 8.664321e-02 
4.970412e-01 8.909897e-02 
5.024343e-01 9.171627e-02 
0.000000e+00 7.194245e-02 
1.176644e-02 7.183883e-02 
2.338435e-02 7.176573e-02 
3.491001e-02 7.169933e-02 
4.638645e-02 7.158932e-02 
5.782712e-02 7.146781e-02 
6.925226e-02 7.132376e-02 
8.066726e-02 7.116312e-02 
9.207692e-02 7.099346e-02 
1.034781e-01 7.082156e-02 
1.148729e-01 7.065432e-02 
1.262607e-01 7.049393e-02 
1.376407e-01 7.034521e-02 
1.490116e-01 7.020691e-02 
1.603708e-01 7.008430e-02 
1.717165e-01 6.997832e-02 
1.830462e-01 6.989147e-02 
1.943592e-01 6.982220e-02 
2.056525e-01 6.977349e-02 
2.169241e-01 6.974676e-02 
2.281717e-01 6.974340e-02 
2.393927e-01 6.976685e-02 
2.505845e-01 6.981735e-02 
2.617435e-01 6.989962e-02 
2.728662e-01 7.001645e-02 
2.839493e-01 7.017408e-02 
2.949899e-01 7.037102e-02 
3.059839e-01 7.061231e-02 
3.169279e-01 7.089949e-02 
3.278154e-01 7.124407e-02 
3.386439e-01 7.164525e-02 
3.494047e-01 7.211595e-02 
3.600910e-01 7.266453e-02 
3.706844e-01 7.331164e-02 
3.811594e-01 7.408218e-02 
3.896571e-01 7.482459e-02 
3.980471e-01 7.567370e-02 
4.063236e-01 7.662826e-02 
4.144754e-01 7.769118e-02 
4.224909e-01 7.886521e-02 
4.303570e-01 8.015487e-02 
4.380594e-01 8.156438e-02 
4.455824e-01 8.309818e-02 
4.529078e-01 8.476171e-02 
4.600153e-01 8.656077e-02 
4.668846e-01 8.850228e-02 
4.734916e-01 9.059014e-02 
4.798164e-01 9.283127e-02 
4.858376e-01 9.523002e-02 
4.915391e-01 9.779668e-02 
4.969063e-01 1.005307e-01 
0.000000e+00 7.913669e-02 
1.175111e-02 7.903197e-02 
2.333103e-02 7.895406e-02 
3.480476e-02 7.888070e-02 
4.622288e-02 7.875637e-02 
5.760050e-02 7.861857e-02 
6.896096e-02 7.845507e-02 
8.031053e-02 7.827291e-02 
9.165469e-02 7.808061e-02 
1.029901e-01 7.788574e-02 
1.143187e-01 7.769598e-02 
1.256402e-01 7.751385e-02 
1.369534e-01 7.734471e-02 
1.482566e-01 7.718734e-02 
1.595471e-01 7.704750e-02 
1.708230e-01 7.692619e-02 
1.820812e-01 7.682615e-02 
1.933207e-01 7.674586e-02 
2.045384e-01 7.668848e-02 
2.157321e-01 7.665557e-02 
2.268992e-01 7.664861e-02 
2.380366e-01 7.667135e-02 
2.491416e-01 7.672405e-02 
2.602102e-01 7.681179e-02 
2.712384e-01 7.693753e-02 
2.822224e-01 7.710801e-02 
2.931590e-01 7.732180e-02 
3.040436e-01 7.758428e-02 
3.148727e-01 7.789695e-02 
3.256386e-01 7.827177e-02 
3.363388e-01 7.870788e-02 
3.469639e-01 7.921841e-02 
3.575069e-01 7.981170e-02 
3.679484e-01 8.050873e-02 
3.782630e-01 8.133461e-02 
3.866136e-01 8.212620e-02 
3.948489e-01 8.303207e-02 
4.029649e-01 8.404883e-02 
4.109513e-01 8.518019e-02 
4.187975e-01 8.642798e-02 
4.264919e-01 8.779623e-02 
4.340220e-01 8.928814e-02 
4.413746e-01 9.090730e-02 
4.485347e-01 9.265833e-02 
4.554857e-01 9.454618e-02 
4.622107e-01 9.657719e-02 
4.686914e-01 9.875516e-02 
4.749123e-01 1.010871e-01 
4.808573e-01 1.035777e-01 
4.865149e-01 1.062375e-01 
4.918756e-01 1.090683e-01 
0.000000e+00 8.633094e-02 
1.173504e-02 8.622650e-02 
2.327711e-02 8.614505e-02 
3.469953e-02 8.606486e-02 
4.605990e-02 8.592671e-02 
5.737508e-02 8.577285e-02 
6.867133e-02 8.559026e-02 
7.995589e-02 8.538694e-02 
9.123489e-02 8.517234e-02 
1.025048e-01 8.495485e-02 
1.137677e-01 8.474286e-02 
1.250233e-01 8.453925e-02 
1.362699e-01 8.434987e-02 
1.475061e-01 8.417357e-02 
1.587285e-01 8.401653e-02 
1.699351e-01 8.387984e-02 
1.811225e-01 8.376649e-02 
1.922895e-01 8.367493e-02 
2.034328e-01 8.360854e-02 
2.145498e-01 8.356900e-02 
2.256377e-01 8.355795e-02 
2.366931e-01 8.357928e-02 
2.477131e-01 8.363342e-02 
2.586933e-01 8.372564e-02 
2.696294e-01 8.385917e-02 
2.805171e-01 8.404096e-02 
2.913528e-01 8.426998e-02 
3.021316e-01 8.455162e-02 
3.128494e-01 8.488776e-02 
3.234985e-01 8.529007e-02 
3.340755e-01 8.575841e-02 
3.445712e-01 8.630529e-02 
3.549776e-01 8.693961e-02 
3.652761e-01 8.768142e-02 
3.754397e-01 8.855740e-02 
3.836547e-01 8.939387e-02 
3.917502e-01 9.034861e-02 
3.997219e-01 9.141936e-02 
4.075607e-01 9.260916e-02 
4.152572e-01 9.391981e-02 
4.228012e-01 9.535462e-02 
4.301822e-01 9.691608e-02 
4.373893e-01 9.860715e-02 
4.444101e-01 1.004318e-01 
4.512313e-01 1.023943e-01 
4.578395e-01 1.045005e-01 
4.642203e-01 1.067542e-01 
4.703617e-01 1.091621e-01 
4.762520e-01 1.117295e-01 
4.818826e-01 1.144661e-01 
4.872479e-01 1.173758e-01 
0.000000e+00 9.352518e-02 
1.171824e-02 9.342320e-02 
2.322267e-02 9.333859e-02 
3.459431e-02 9.325200e-02 
4.589764e-02 9.310030e-02 
5.715099e-02 9.293088e-02 
6.838360e-02 9.272975e-02 
7.960362e-02 9.250590e-02 
9.081786e-02 9.226965e-02 
1.020226e-01 9.203017e-02 
1.132203e-01 9.179658e-02 
1.244102e-01 9.157206e-02 
1.355908e-01 9.136296e-02 
1.467603e-01 9.116816e-02 
1.579152e-01 9.099427e-02 
1.690532e-01 9.084246e-02 
1.801706e-01 9.071594e-02 
1.912660e-01 9.061315e-02 
2.023359e-01 9.053771e-02 
2.133774e-01 9.049140e-02 
2.243875e-01 9.047599e-02 
2.353624e-01 9.049556e-02 
2.462992e-01 9.055064e-02 
2.571929e-01 9.064670e-02 
2.680393e-01 9.078714e-02 
2.788332e-01 9.097915e-02 
2.895711e-01 9.122200e-02 
3.002475e-01 9.152127e-02 
3.108581e-01 9.187898e-02 
3.213947e-01 9.230678e-02 
3.318537e-01 9.280487e-02 
3.422255e-01 9.338554e-02 
3.525025e-01 9.405727e-02 
3.626661e-01 9.483979e-02 
3.726902e-01 9.575882e-02 
3.807835e-01 9.663253e-02 
3.887529e-01 9.762933e-02 
3.965960e-01 9.874525e-02 
4.043041e-01 9.998412e-02 
4.118693e-01 1.013470e-01 
4.192828e-01 1.028370e-01 
4.265359e-01 1.044558e-01 
4.336197e-01 1.062060e-01 
4.405244e-01 1.080908e-01 
4.472394e-01 1.101143e-01 
4.537539e-01 1.122814e-01 
4.600569e-01 1.145961e-01 
4.661393e-01 1.170644e-01 
4.719920e-01 1.196918e-01 
4.776093e-01 1.224873e-01 
4.829880e-01 1.254552e-01 
0.000000e+00 1.007194e-01 
1.170070e-02 1.006220e-01 
2.316750e-02 1.005354e-01 
3.448904e-02 1.004424e-01 
4.573590e-02 1.002778e-01 
5.692830e-02 1.000931e-01 
6.809800e-02 9.987389e-02 
7.925417e-02 9.963005e-02 
9.040424e-02 9.937271e-02 
1.015444e-01 9.911189e-02 
1.126773e-01 9.885727e-02 
1.238021e-01 9.861240e-02 
1.349173e-01 9.838402e-02 
1.460208e-01 9.817111e-02 
1.571090e-01 9.798067e-02 
1.681792e-01 9.781394e-02 
1.792276e-01 9.767434e-02 
1.902525e-01 9.756031e-02 
2.012501e-01 9.747569e-02 
2.122175e-01 9.742237e-02 
2.231514e-01 9.740231e-02 
2.340476e-01 9.741962e-02 
2.449031e-01 9.747507e-02 
2.557127e-01 9.757418e-02 
2.664717e-01 9.772060e-02 
2.771749e-01 9.792154e-02 
2.878182e-01 9.817681e-02 
2.983959e-01 9.849193e-02 
3.089034e-01 9.886937e-02 
3.193324e-01 9.932027e-02 
3.296785e-01 9.984578e-02 
3.399327e-01 1.004573e-01 
3.500868e-01 1.011635e-01 
3.601238e-01 1.019826e-01 
3.700168e-01 1.029413e-01 
3.779970e-01 1.038496e-01 
3.858520e-01 1.048824e-01 
3.935790e-01 1.060374e-01 
4.011703e-01 1.073178e-01 
4.086192e-01 1.087248e-01 
4.159182e-01 1.102608e-01 
4.230602e-01 1.119274e-01 
4.300382e-01 1.137264e-01 
4.368445e-01 1.156607e-01 
4.434708e-01 1.177339e-01 
4.499085e-01 1.199504e-01 
4.561496e-01 1.223138e-01 
4.621869e-01 1.248296e-01 
4.680139e-01 1.275029e-01 
4.736265e-01 1.303419e-01 
4.790237e-01 1.333508e-01 
0.000000e+00 1.079137e-01 
1.168254e-02 1.078220e-01 
2.311200e-02 1.077338e-01 
3.438388e-02 1.076352e-01 
4.557498e-02 1.074583e-01 
5.670706e-02 1.072592e-01 
6.781453e-02 1.070227e-01 
7.890740e-02 1.067597e-01 
8.999378e-02 1.064823e-01 
1.010698e-01 1.062011e-01 
1.121383e-01 1.059264e-01 
1.231986e-01 1.056621e-01 
1.342488e-01 1.054153e-01 
1.452868e-01 1.051849e-01 
1.563088e-01 1.049786e-01 
1.673119e-01 1.047974e-01 
1.782922e-01 1.046451e-01 
1.892475e-01 1.045201e-01 
2.001740e-01 1.044265e-01 
2.110685e-01 1.043662e-01 
2.219276e-01 1.043414e-01 
2.327467e-01 1.043562e-01 
2.435227e-01 1.044117e-01 
2.542502e-01 1.045133e-01 
2.649243e-01 1.046650e-01 
2.755395e-01 1.048739e-01 
2.860913e-01 1.051403e-01 
2.965738e-01 1.054698e-01 
3.069821e-01 1.058652e-01 
3.173080e-01 1.063372e-01 
3.275466e-01 1.068876e-01 
3.376889e-01 1.075274e-01 
3.477270e-01 1.082650e-01 
3.576447e-01 1.091177e-01 
3.674167e-01 1.101104e-01 
3.752947e-01 1.110473e-01 
3.830455e-01 1.121116e-01 
3.906681e-01 1.132994e-01 
3.981552e-01 1.146144e-01 
4.055013e-01 1.160575e-01 
4.127000e-01 1.176310e-01 
4.197458e-01 1.193360e-01 
4.266333e-01 1.211741e-01 
4.333564e-01 1.231478e-01 
4.399088e-01 1.252599e-01 
4.462841e-01 1.275145e-01 
4.524759e-01 1.299147e-01 
4.584794e-01 1.324653e-01 
4.642895e-01 1.351709e-01 
4.699039e-01 1.380384e-01 
4.753228e-01 1.410717e-01 
0.000000e+00 1.151079e-01 
1.166371e-02 1.150232e-01 
2.305579e-02 1.149344e-01 
3.427882e-02 1.148303e-01 
4.541471e-02 1.146421e-01 
5.648734e-02 1.144290e-01 
6.753329e-02 1.141761e-01 
7.856353e-02 1.138950e-01 
8.958683e-02 1.135984e-01 
1.005993e-01 1.132978e-01 
1.116039e-01 1.130040e-01 
1.226001e-01 1.127211e-01 
1.335860e-01 1.124565e-01 
1.445592e-01 1.122095e-01 
1.555158e-01 1.119878e-01 
1.664526e-01 1.117927e-01 
1.773657e-01 1.116280e-01 
1.882524e-01 1.114923e-01 
1.991090e-01 1.113898e-01 
2.099319e-01 1.113225e-01 
2.207177e-01 1.112929e-01 
2.314615e-01 1.113050e-01 
2.421599e-01 1.113600e-01 
2.528075e-01 1.114637e-01 
2.633991e-01 1.116198e-01 
2.739291e-01 1.118357e-01 
2.843925e-01 1.121120e-01 
2.947834e-01 1.124545e-01 
3.050965e-01 1.128661e-01 
3.153240e-01 1.133572e-01 
3.254600e-01 1.139303e-01 
3.354964e-01 1.145955e-01 
3.454248e-01 1.153616e-01 
3.552313e-01 1.162437e-01 
3.648898e-01 1.172677e-01 
3.726728e-01 1.182309e-01 
3.803291e-01 1.193214e-01 
3.878573e-01 1.205368e-01 
3.952511e-01 1.218801e-01 
4.025060e-01 1.233525e-01 
4.096166e-01 1.249559e-01 
4.165786e-01 1.266911e-01 
4.233882e-01 1.285595e-01 
4.300406e-01 1.305631e-01 
4.365313e-01 1.327043e-01 
4.428551e-01 1.349867e-01 
4.490080e-01 1.374126e-01 
4.549859e-01 1.399863e-01 
4.607862e-01 1.427116e-01 
4.664069e-01 1.455942e-01 
4.718499e-01 1.486371e-01 
0.000000e+00 1.223022e-01 
1.164442e-02 1.222247e-01 
2.299959e-02 1.221353e-01 
3.417427e-02 1.220263e-01 
4.525566e-02 1.218275e-01 
5.626936e-02 1.216018e-01 
6.725430e-02 1.213337e-01 
7.822234e-02 1.210359e-01 
8.918293e-02 1.207215e-01 
1.001321e-01 1.204030e-01 
1.110733e-01 1.200914e-01 
1.220057e-01 1.197911e-01 
1.329277e-01 1.195100e-01 
1.438365e-01 1.192473e-01 
1.547281e-01 1.190112e-01 
1.655994e-01 1.188029e-01 
1.764459e-01 1.186266e-01 
1.872649e-01 1.184807e-01 
1.980526e-01 1.183697e-01 
2.088051e-01 1.182958e-01 
2.195188e-01 1.182615e-01 
2.301888e-01 1.182709e-01 
2.408114e-01 1.183254e-01 
2.513810e-01 1.184308e-01 
2.618924e-01 1.185910e-01 
2.723397e-01 1.188130e-01 
2.827177e-01 1.190983e-01 
2.930203e-01 1.194525e-01 
3.032419e-01 1.198789e-01 
3.133751e-01 1.203872e-01 
3.234135e-01 1.209808e-01 
3.333495e-01 1.216690e-01 
3.431749e-01 1.224602e-01 
3.528771e-01 1.233686e-01 
3.624322e-01 1.244176e-01 
3.701303e-01 1.254009e-01 
3.777015e-01 1.265124e-01 
3.851456e-01 1.277490e-01 
3.924568e-01 1.291142e-01 
3.996315e-01 1.306085e-01 
4.066654e-01 1.322339e-01 
4.135554e-01 1.339908e-01 
4.202986e-01 1.358804e-01 
4.268918e-01 1.379043e-01 
4.333314e-01 1.400646e-01 
4.396139e-01 1.423640e-01 
4.457362e-01 1.448046e-01 
4.516962e-01 1.473898e-01 
4.574917e-01 1.501225e-01 
4.631223e-01 1.530073e-01 
4.685903e-01 1.560460e-01 
0.000000e+00 1.294964e-01 
1.162446e-02 1.294268e-01 
2.294261e-02 1.293375e-01 
3.406984e-02 1.292235e-01 
4.509723e-02 1.290152e-01 
5.605292e-02 1.287777e-01 
6.697761e-02 1.284955e-01 
7.788414e-02 1.281821e-01 
8.878268e-02 1.278510e-01 
9.966923e-02 1.275157e-01 
1.105475e-01 1.271873e-01 
1.214169e-01 1.268707e-01 
1.322755e-01 1.265739e-01 
1.431206e-01 1.262964e-01 
1.539481e-01 1.260465e-01 
1.647546e-01 1.258257e-01 
1.755355e-01 1.256382e-01 
1.862879e-01 1.254825e-01 
1.970078e-01 1.253633e-01 
2.076913e-01 1.252829e-01 
2.183345e-01 1.252438e-01 
2.289323e-01 1.252503e-01 
2.394810e-01 1.253041e-01 
2.499748e-01 1.254107e-01 
2.604083e-01 1.255743e-01 
2.707756e-01 1.258018e-01 
2.810711e-01 1.260952e-01 
2.912887e-01 1.264598e-01 
3.014225e-01 1.268996e-01 
3.114657e-01 1.274233e-01 
3.214111e-01 1.280354e-01 
3.312518e-01 1.287441e-01 
3.409799e-01 1.295582e-01 
3.505848e-01 1.304893e-01 
3.600423e-01 1.315615e-01 
3.676609e-01 1.325632e-01 
3.751545e-01 1.336919e-01 
3.825223e-01 1.349457e-01 
3.897591e-01 1.363277e-01 
3.968622e-01 1.378385e-01 
4.038283e-01 1.394798e-01 
4.106552e-01 1.412517e-01 
4.173411e-01 1.431551e-01 
4.238836e-01 1.451914e-01 
4.302805e-01 1.473621e-01 
4.365291e-01 1.496696e-01 
4.426279e-01 1.521152e-01 
4.485751e-01 1.547017e-01 
4.543703e-01 1.574311e-01 
4.600134e-01 1.603067e-01 
4.655074e-01 1.633296e-01 
0.000000e+00 1.366906e-01 
1.160398e-02 1.366281e-01 
2.288573e-02 1.365385e-01 
3.396590e-02 1.364207e-01 
4.494002e-02 1.362038e-01 
5.583824e-02 1.359558e-01 
6.670334e-02 1.356609e-01 
7.754892e-02 1.353332e-01 
8.838587e-02 1.349870e-01 
9.921027e-02 1.346361e-01 
1.100262e-01 1.342923e-01 
1.208329e-01 1.339605e-01 
1.316288e-01 1.336492e-01 
1.424108e-01 1.333579e-01 
1.531748e-01 1.330951e-01 
1.639172e-01 1.328625e-01 
1.746334e-01 1.326645e-01 
1.853202e-01 1.324995e-01 
1.959735e-01 1.323724e-01 
2.065892e-01 1.322857e-01 
2.171632e-01 1.322421e-01 
2.276905e-01 1.322457e-01 
2.381670e-01 1.322986e-01 
2.485870e-01 1.324061e-01 
2.589448e-01 1.325726e-01 
2.692347e-01 1.328049e-01 
2.794506e-01 1.331052e-01 
2.895864e-01 1.334792e-01 
2.996361e-01 1.339308e-01 
3.095931e-01 1.344684e-01 
3.194501e-01 1.350968e-01 
3.292005e-01 1.358239e-01 
3.388368e-01 1.366580e-01 
3.483495e-01 1.376098e-01 
3.577168e-01 1.387014e-01 
3.652626e-01 1.397181e-01 
3.726844e-01 1.408613e-01 
3.799825e-01 1.421288e-01 
3.871521e-01 1.435234e-01 
3.941911e-01 1.450459e-01 
4.010968e-01 1.466976e-01 
4.078684e-01 1.484784e-01 
4.145043e-01 1.503893e-01 
4.210035e-01 1.524309e-01 
4.273642e-01 1.546047e-01 
4.335852e-01 1.569121e-01 
4.396654e-01 1.593544e-01 
4.456044e-01 1.619333e-01 
4.514021e-01 1.646500e-01 
4.570596e-01 1.675069e-01 
4.625798e-01 1.705042e-01 
0.000000e+00 1.438849e-01 
1.158338e-02 1.438272e-01 
2.282849e-02 1.437389e-01 
3.386251e-02 1.436185e-01 
4.478374e-02 1.433954e-01 
5.562533e-02 1.431387e-01 
6.643149e-02 1.428329e-01 
7.721676e-02 1.424930e-01 
8.799273e-02 1.421335e-01 
9.875554e-02 1.417690e-01 
1.095096e-01 1.414114e-01 
1.202544e-01 1.410662e-01 
1.309881e-01 1.407418e-01 
1.417077e-01 1.404381e-01 
1.524089e-01 1.401637e-01 
1.630881e-01 1.399206e-01 
1.737403e-01 1.397130e-01 
1.843625e-01 1.395397e-01 
1.949501e-01 1.394057e-01 
2.054991e-01 1.393135e-01 
2.160053e-01 1.392659e-01 
2.264635e-01 1.392672e-01 
2.368695e-01 1.393194e-01 
2.472174e-01 1.394281e-01 
2.575016e-01 1.395976e-01 
2.677164e-01 1.398344e-01 
2.778552e-01 1.401415e-01 
2.879121e-01 1.405243e-01 
2.978808e-01 1.409869e-01 
3.077552e-01 1.415373e-01 
3.175275e-01 1.421809e-01 
3.271919e-01 1.429248e-01 
3.367406e-01 1.437776e-01 
3.461664e-01 1.447480e-01 
3.554473e-01 1.458586e-01 
3.629236e-01 1.468898e-01 
3.702786e-01 1.480458e-01 
3.775119e-01 1.493248e-01 
3.846197e-01 1.507296e-01 
3.916000e-01 1.522605e-01 
3.984512e-01 1.539189e-01 
4.051728e-01 1.557046e-01 
4.117644e-01 1.576178e-01 
4.182254e-01 1.596595e-01 
4.245551e-01 1.618302e-01 
4.307528e-01 1.641314e-01 
4.368185e-01 1.665633e-01 
4.427522e-01 1.691272e-01 
4.485549e-01 1.718238e-01 
4.542278e-01 1.746542e-01 
4.597744e-01 1.776182e-01 
0.000000e+00 1.510791e-01 
1.156253e-02 1.510260e-01 
2.277172e-02 1.509387e-01 
3.376002e-02 1.508162e-01 
4.462914e-02 1.505875e-01 
5.541460e-02 1.503233e-01 
6.616237e-02 1.500082e-01 
7.688780e-02 1.496574e-01 
8.760325e-02 1.492861e-01 
9.830492e-02 1.489095e-01 
1.089977e-01 1.485396e-01 
1.196809e-01 1.481821e-01 
1.303530e-01 1.478459e-01 
1.410107e-01 1.475308e-01 
1.516498e-01 1.472459e-01 
1.622664e-01 1.469931e-01 
1.728556e-01 1.467768e-01 
1.834139e-01 1.465958e-01 
1.939370e-01 1.464553e-01 
2.044205e-01 1.463579e-01 
2.148601e-01 1.463067e-01 
2.252507e-01 1.463056e-01 
2.355879e-01 1.463571e-01 
2.458657e-01 1.464667e-01 
2.560784e-01 1.466388e-01 
2.662204e-01 1.468796e-01 
2.762849e-01 1.471926e-01 
2.862659e-01 1.475830e-01 
2.961570e-01 1.480554e-01 
3.059527e-01 1.486169e-01 
3.156445e-01 1.492737e-01 
3.252272e-01 1.500324e-01 
3.346934e-01 1.509011e-01 
3.440372e-01 1.518878e-01 
3.532382e-01 1.530130e-01 
3.606510e-01 1.540552e-01 
3.679442e-01 1.552211e-01 
3.751183e-01 1.565087e-01 
3.821695e-01 1.579202e-01 
3.890968e-01 1.594559e-01 
3.958989e-01 1.611167e-01 
4.025763e-01 1.629024e-01 
4.091288e-01 1.648132e-01 
4.155567e-01 1.668495e-01 
4.218599e-01 1.690117e-01 
4.280383e-01 1.713005e-01 
4.340927e-01 1.737160e-01 
4.400238e-01 1.762587e-01 
4.458329e-01 1.789287e-01 
4.515218e-01 1.817264e-01 
4.570940e-01 1.846508e-01 
0.000000e+00 1.582734e-01 
1.154077e-02 1.582259e-01 
2.271390e-02 1.581398e-01 
3.365761e-02 1.580150e-01 
4.447522e-02 1.577814e-01 
5.520559e-02 1.575104e-01 
6.589582e-02 1.571867e-01 
7.656224e-02 1.568262e-01 
8.721794e-02 1.564442e-01 
9.785922e-02 1.560566e-01 
1.084914e-01 1.556754e-01 
1.191139e-01 1.553067e-01 
1.297251e-01 1.549595e-01 
1.403218e-01 1.546340e-01 
1.508996e-01 1.543393e-01 
1.614545e-01 1.540773e-01 
1.719816e-01 1.538529e-01 
1.824773e-01 1.536646e-01 
1.929370e-01 1.535180e-01 
2.033563e-01 1.534156e-01 
2.137309e-01 1.533608e-01 
2.240555e-01 1.533574e-01 
2.343256e-01 1.534081e-01 
2.445352e-01 1.535183e-01 
2.546786e-01 1.536924e-01 
2.647504e-01 1.539366e-01 
2.747432e-01 1.542547e-01 
2.846513e-01 1.546518e-01 
2.944681e-01 1.551326e-01 
3.041884e-01 1.557039e-01 
3.138035e-01 1.563721e-01 
3.233087e-01 1.571436e-01 
3.326966e-01 1.580262e-01 
3.419631e-01 1.590266e-01 
3.510880e-01 1.601653e-01 
3.584404e-01 1.612172e-01 
3.656760e-01 1.623909e-01 
3.727949e-01 1.636845e-01 
3.797940e-01 1.651001e-01 
3.866727e-01 1.666375e-01 
3.934303e-01 1.682975e-01 
4.000677e-01 1.700796e-01 
4.065854e-01 1.719839e-01 
4.129841e-01 1.740104e-01 
4.192644e-01 1.761594e-01 
4.254269e-01 1.784310e-01 
4.314727e-01 1.808249e-01 
4.374032e-01 1.833412e-01 
4.432200e-01 1.859796e-01 
4.489253e-01 1.887396e-01 
4.545229e-01 1.916202e-01 
0.000000e+00 1.654676e-01 
1.151861e-02 1.654268e-01 
2.265617e-02 1.653418e-01 
3.355565e-02 1.652151e-01 
4.432263e-02 1.649770e-01 
5.499862e-02 1.646999e-01 
6.563216e-02 1.643685e-01 
7.624032e-02 1.639994e-01 
8.683692e-02 1.636079e-01 
9.741848e-02 1.632104e-01 
1.079907e-01 1.628191e-01 
1.185531e-01 1.624403e-01 
1.291042e-01 1.620832e-01 
1.396405e-01 1.617483e-01 
1.501578e-01 1.614446e-01 
1.606519e-01 1.611744e-01 
1.711179e-01 1.609424e-01 
1.815520e-01 1.607474e-01 
1.919494e-01 1.605951e-01 
2.023058e-01 1.604881e-01 
2.126167e-01 1.604298e-01 
2.228769e-01 1.604241e-01 
2.330816e-01 1.604739e-01 
2.432250e-01 1.605845e-01 
2.533012e-01 1.607603e-01 
2.633050e-01 1.610072e-01 
2.732288e-01 1.613296e-01 
2.830669e-01 1.617323e-01 
2.928125e-01 1.622204e-01 
3.024610e-01 1.627999e-01 
3.120032e-01 1.634779e-01 
3.214349e-01 1.642601e-01 
3.307490e-01 1.651544e-01 
3.399423e-01 1.661663e-01 
3.489960e-01 1.673153e-01 
3.562922e-01 1.683744e-01 
3.634738e-01 1.695538e-01 
3.705416e-01 1.708514e-01 
3.774926e-01 1.722684e-01 
3.843267e-01 1.738048e-01 
3.910438e-01 1.754608e-01 
3.976450e-01 1.772361e-01 
4.041316e-01 1.791303e-01 
4.105045e-01 1.811435e-01 
4.167650e-01 1.832753e-01 
4.229142e-01 1.855258e-01 
4.289535e-01 1.878942e-01 
4.348849e-01 1.903802e-01 
4.407102e-01 1.929830e-01 
4.464320e-01 1.957020e-01 
4.520538e-01 1.985355e-01 
0.000000e+00 1.726619e-01 
1.149569e-02 1.726284e-01 
2.259750e-02 1.725451e-01 
3.345371e-02 1.724165e-01 
4.417073e-02 1.721744e-01 
5.479351e-02 1.718916e-01 
6.537136e-02 1.715534e-01 
7.592221e-02 1.711765e-01 
8.646063e-02 1.707764e-01 
9.698330e-02 1.703701e-01 
1.074964e-01 1.699698e-01 
1.179995e-01 1.695819e-01 
1.284914e-01 1.692159e-01 
1.389682e-01 1.688723e-01 
1.494258e-01 1.685605e-01 
1.598601e-01 1.682827e-01 
1.702660e-01 1.680437e-01 
1.806395e-01 1.678425e-01 
1.909759e-01 1.676849e-01 
2.012708e-01 1.675735e-01 
2.115194e-01 1.675119e-01 
2.217168e-01 1.675040e-01 
2.318578e-01 1.675528e-01 
2.419369e-01 1.676634e-01 
2.519480e-01 1.678405e-01 
2.618862e-01 1.680897e-01 
2.717436e-01 1.684155e-01 
2.815144e-01 1.688230e-01 
2.911919e-01 1.693171e-01 
3.007718e-01 1.699036e-01 
3.102447e-01 1.705898e-01 
3.196068e-01 1.713808e-01 
3.288511e-01 1.722846e-01 
3.379757e-01 1.733056e-01 
3.469620e-01 1.744632e-01 
3.542049e-01 1.755280e-01 
3.613361e-01 1.767110e-01 
3.683562e-01 1.780101e-01 
3.752628e-01 1.794263e-01 
3.820559e-01 1.809591e-01 
3.887359e-01 1.826088e-01 
3.953044e-01 1.843745e-01 
4.017629e-01 1.862560e-01 
4.081130e-01 1.882527e-01 
4.143563e-01 1.903644e-01 
4.204942e-01 1.925906e-01 
4.265289e-01 1.949304e-01 
4.324622e-01 1.973832e-01 
4.382966e-01 1.999479e-01 
4.440346e-01 2.026235e-01 
4.496798e-01 2.054081e-01 
0.000000e+00 1.798561e-01 
1.147226e-02 1.798305e-01 
2.253861e-02 1.797489e-01 
3.335206e-02 1.796186e-01 
4.402015e-02 1.793730e-01 
5.459061e-02 1.790852e-01 
6.511372e-02 1.787410e-01 
7.560814e-02 1.783574e-01 
8.608915e-02 1.779501e-01 
9.655367e-02 1.775361e-01 
1.070084e-01 1.771279e-01 
1.174529e-01 1.767322e-01 
1.278862e-01 1.763583e-01 
1.383042e-01 1.760072e-01 
1.487030e-01 1.756882e-01 
1.590783e-01 1.754037e-01 
1.694250e-01 1.751585e-01 
1.797389e-01 1.749518e-01 
1.900154e-01 1.747893e-01 
2.002499e-01 1.746740e-01 
2.104377e-01 1.746094e-01 
2.205737e-01 1.745993e-01 
2.306527e-01 1.746471e-01 
2.406693e-01 1.747576e-01 
2.506173e-01 1.749357e-01 
2.604922e-01 1.751866e-01 
2.702855e-01 1.755152e-01 
2.799919e-01 1.759265e-01 
2.896042e-01 1.764257e-01 
2.991188e-01 1.770177e-01 
3.085259e-01 1.777104e-01 
3.178224e-01 1.785083e-01 
3.270012e-01 1.794191e-01 
3.360616e-01 1.804466e-01 
3.449857e-01 1.816090e-01 
3.521800e-01 1.826761e-01 
3.592647e-01 1.838600e-01 
3.662411e-01 1.851580e-01 
3.731069e-01 1.865708e-01 
3.798626e-01 1.880977e-01 
3.865089e-01 1.897385e-01 
3.930477e-01 1.914924e-01 
3.994810e-01 1.933585e-01 
4.058108e-01 1.953365e-01 
4.120390e-01 1.974255e-01 
4.181675e-01 1.996251e-01 
4.241986e-01 2.019340e-01 
4.301347e-01 2.043515e-01 
4.359781e-01 2.068762e-01 
4.417316e-01 2.095069e-01 
4.473990e-01 2.122417e-01 
0.000000e+00 1.870504e-01 
1.144639e-02 1.870328e-01 
2.247746e-02 1.869531e-01 
3.324939e-02 1.868214e-01 
4.386973e-02 1.865727e-01 
5.438932e-02 1.862805e-01 
6.485894e-02 1.859311e-01 
7.529814e-02 1.855416e-01 
8.572283e-02 1.851278e-01 
9.613023e-02 1.847072e-01 
1.065275e-01 1.842921e-01 
1.169144e-01 1.838895e-01 
1.272900e-01 1.835087e-01 
1.376501e-01 1.831509e-01 
1.479911e-01 1.828254e-01 
1.583084e-01 1.825349e-01 
1.685970e-01 1.822841e-01 
1.788526e-01 1.820723e-01 
1.890704e-01 1.819054e-01 
1.992459e-01 1.817863e-01 
2.093743e-01 1.817189e-01 
2.194505e-01 1.817068e-01 
2.294693e-01 1.817534e-01 
2.394252e-01 1.818636e-01 
2.493122e-01 1.820423e-01 
2.591258e-01 1.822944e-01 
2.688576e-01 1.826252e-01 
2.785020e-01 1.830395e-01 
2.880521e-01 1.835426e-01 
2.975044e-01 1.841392e-01 
3.068492e-01 1.848369e-01 
3.160835e-01 1.856401e-01 
3.252009e-01 1.865559e-01 
3.342013e-01 1.875875e-01 
3.430673e-01 1.887529e-01 
3.502161e-01 1.898208e-01 
3.572582e-01 1.910035e-01 
3.641944e-01 1.922983e-01 
3.710230e-01 1.937059e-01 
3.777446e-01 1.952249e-01 
3.843603e-01 1.968551e-01 
3.908724e-01 1.985953e-01 
3.972833e-01 2.004446e-01 
4.035952e-01 2.024022e-01 
4.098105e-01 2.044671e-01 
4.159311e-01 2.066386e-01 
4.219599e-01 2.089155e-01 
4.278993e-01 2.112966e-01 
4.337519e-01 2.137806e-01 
4.395205e-01 2.163661e-01 
4.452090e-01 2.190507e-01 
0.000000e+00 1.942446e-01 
1.141974e-02 1.942349e-01 
2.241559e-02 1.941572e-01 
3.314664e-02 1.940245e-01 
4.372036e-02 1.937732e-01 
5.419021e-02 1.934771e-01 
6.460760e-02 1.931232e-01 
7.499270e-02 1.927286e-01 
8.536214e-02 1.923094e-01 
9.571345e-02 1.918831e-01 
1.060543e-01 1.914621e-01 
1.163845e-01 1.910535e-01 
1.267033e-01 1.906667e-01 
1.370066e-01 1.903030e-01 
1.472907e-01 1.899719e-01 
1.575511e-01 1.896759e-01 
1.677827e-01 1.894201e-01 
1.779811e-01 1.892037e-01 
1.881415e-01 1.890328e-01 
1.982593e-01 1.889103e-01 
2.083297e-01 1.888402e-01 
2.183477e-01 1.888260e-01 
2.283080e-01 1.888714e-01 
2.382051e-01 1.889812e-01 
2.480332e-01 1.891601e-01 
2.577878e-01 1.894129e-01 
2.674604e-01 1.897452e-01 
2.770455e-01 1.901616e-01 
2.865361e-01 1.906677e-01 
2.959291e-01 1.912675e-01 
3.052147e-01 1.919689e-01 
3.143905e-01 1.927757e-01 
3.234502e-01 1.936948e-01 
3.323945e-01 1.947287e-01 
3.412067e-01 1.958946e-01 
3.483136e-01 1.969613e-01 
3.553162e-01 1.981411e-01 
3.622156e-01 1.994312e-01 
3.690101e-01 2.008317e-01 
3.757007e-01 2.023414e-01 
3.822888e-01 2.039595e-01 
3.887771e-01 2.056847e-01 
3.951680e-01 2.075158e-01 
4.014642e-01 2.094518e-01 
4.076683e-01 2.114916e-01 
4.137827e-01 2.136342e-01 
4.198101e-01 2.158783e-01 
4.257534e-01 2.182226e-01 
4.316152e-01 2.206656e-01 
4.373985e-01 2.232057e-01 
4.431071e-01 2.258407e-01 
0.000000e+00 2.014388e-01 
1.139213e-02 2.014367e-01 
2.235293e-02 2.013611e-01 
3.304383e-02 2.012275e-01 
4.357194e-02 2.009741e-01 
5.399341e-02 2.006748e-01 
6.435980e-02 2.003170e-01 
7.469211e-02 1.999181e-01 
8.500749e-02 1.994942e-01 
9.530390e-02 1.990630e-01 
1.055894e-01 1.986368e-01 
1.158641e-01 1.982230e-01 
1.261273e-01 1.978308e-01 
1.363748e-01 1.974620e-01 
1.466032e-01 1.971258e-01 
1.568078e-01 1.968250e-01 
1.669836e-01 1.965647e-01 
1.771261e-01 1.963441e-01 
1.872304e-01 1.961694e-01 
1.972920e-01 1.960438e-01 
2.073060e-01 1.959711e-01 
2.172675e-01 1.959549e-01 
2.271710e-01 1.959989e-01 
2.370112e-01 1.961079e-01 
2.467823e-01 1.962866e-01 
2.564801e-01 1.965397e-01 
2.660958e-01 1.968728e-01 
2.756240e-01 1.972907e-01 
2.850578e-01 1.977986e-01 
2.943944e-01 1.984007e-01 
3.036241e-01 1.991045e-01 
3.127445e-01 1.999135e-01 
3.217501e-01 2.008343e-01 
3.306419e-01 2.018688e-01 
3.394037e-01 2.030340e-01 
3.464716e-01 2.040986e-01 
3.534379e-01 2.052741e-01 
3.603035e-01 2.065581e-01 
3.670670e-01 2.079503e-01 
3.737297e-01 2.094493e-01 
3.802930e-01 2.110543e-01 
3.867599e-01 2.127634e-01 
3.931333e-01 2.145756e-01 
3.994160e-01 2.164894e-01 
4.056107e-01 2.185036e-01 
4.117202e-01 2.206170e-01 
4.177474e-01 2.228282e-01 
4.236952e-01 2.251358e-01 
4.295665e-01 2.275380e-01 
4.353642e-01 2.300333e-01 
4.410920e-01 2.326192e-01 
0.000000e+00 2.086331e-01 
1.140120e-02 2.086271e-01 
2.242570e-02 2.085227e-01 
3.318415e-02 2.083464e-01 
4.377179e-02 2.080593e-01 
5.423755e-02 2.077176e-01 
6.463729e-02 2.073209e-01 
7.499226e-02 2.068840e-01 
8.531900e-02 2.064232e-01 
9.561905e-02 2.059551e-01 
1.059012e-01 2.054911e-01 
1.161671e-01 2.050397e-01 
1.264176e-01 2.046108e-01 
1.366490e-01 2.042067e-01 
1.468584e-01 2.038352e-01 
1.570417e-01 2.034995e-01 
1.671947e-01 2.032038e-01 
1.773127e-01 2.029486e-01 
1.873906e-01 2.027391e-01 
1.974237e-01 2.025786e-01 
2.074074e-01 2.024709e-01 
2.173360e-01 2.024195e-01 
2.272045e-01 2.024283e-01 
2.370066e-01 2.025016e-01 
2.467366e-01 2.026442e-01 
2.563886e-01 2.028602e-01 
2.659558e-01 2.031553e-01 
2.754322e-01 2.035338e-01 
2.848109e-01 2.040004e-01 
2.940873e-01 2.045612e-01 
3.032521e-01 2.052231e-01 
3.123011e-01 2.059891e-01 
3.212218e-01 2.068639e-01 
3.299914e-01 2.078460e-01 
3.384775e-01 2.089328e-01 
3.456378e-01 2.099854e-01 
3.525430e-01 2.111239e-01 
3.593098e-01 2.123642e-01 
3.659602e-01 2.137084e-01 
3.725038e-01 2.151570e-01 
3.789453e-01 2.167088e-01 
3.852909e-01 2.183633e-01 
3.915455e-01 2.201194e-01 
3.977143e-01 2.219768e-01 
4.037992e-01 2.239341e-01 
4.098025e-01 2.259902e-01 
4.157273e-01 2.281437e-01 
4.215766e-01 2.303936e-01 
4.273538e-01 2.327385e-01 
4.330626e-01 2.351773e-01 
4.387072e-01 2.377080e-01 
0.000000e+00 2.158273e-01 
1.139535e-02 2.158203e-01 
2.242606e-02 2.156917e-01 
3.319646e-02 2.154803e-01 
4.379728e-02 2.151697e-01 
5.427179e-02 2.148026e-01 
6.467553e-02 2.143846e-01 
7.502958e-02 2.139297e-01 
8.535051e-02 2.134528e-01 
9.564024e-02 2.129690e-01 
1.059083e-01 2.124891e-01 
1.161570e-01 2.120218e-01 
1.263875e-01 2.115765e-01 
1.365968e-01 2.111569e-01 
1.467822e-01 2.107695e-01 
1.569401e-01 2.104180e-01 
1.670664e-01 2.101063e-01 
1.771564e-01 2.098358e-01 
1.872052e-01 2.096112e-01 
1.972081e-01 2.094359e-01 
2.071603e-01 2.093138e-01 
2.170559e-01 2.092480e-01 
2.268899e-01 2.092430e-01 
2.366557e-01 2.093027e-01 
2.463473e-01 2.094318e-01 
2.559583e-01 2.096343e-01 
2.654821e-01 2.099158e-01 
2.749124e-01 2.102803e-01 
2.842418e-01 2.107327e-01 
2.934648e-01 2.112794e-01 
3.025711e-01 2.119266e-01 
3.115537e-01 2.126775e-01 
3.203959e-01 2.135358e-01 
3.290693e-01 2.145012e-01 
3.374715e-01 2.155732e-01 
3.445596e-01 2.166108e-01 
3.514120e-01 2.177337e-01 
3.581130e-01 2.189522e-01 
3.646883e-01 2.202702e-01 
3.711509e-01 2.216877e-01 
3.775097e-01 2.232049e-01 
3.837723e-01 2.248210e-01 
3.899456e-01 2.265362e-01 
3.960357e-01 2.283500e-01 
4.020452e-01 2.302616e-01 
4.079770e-01 2.322698e-01 
4.138342e-01 2.343737e-01 
4.196206e-01 2.365724e-01 
4.253397e-01 2.388650e-01 
4.309960e-01 2.412503e-01 
4.365940e-01 2.437273e-01 
0.000000e+00 2.230216e-01 
1.137631e-02 2.230119e-01 
2.238543e-02 2.228660e-01 
3.313546e-02 2.226292e-01 
4.372060e-02 2.223049e-01 
5.417923e-02 2.219244e-01 
6.456651e-02 2.214979e-01 
7.490228e-02 2.210380e-01 
8.520364e-02 2.205585e-01 
9.547130e-02 2.200732e-01 
1.057157e-01 2.195918e-01 
1.159388e-01 2.191229e-01 
1.261422e-01 2.186755e-01 
1.363229e-01 2.182538e-01 
1.464788e-01 2.178640e-01 
1.566060e-01 2.175100e-01 
1.667007e-01 2.171957e-01 
1.767582e-01 2.169233e-01 
1.867740e-01 2.166972e-01 
1.967429e-01 2.165208e-01 
2.066606e-01 2.163980e-01 
2.165206e-01 2.163322e-01 
2.263182e-01 2.163279e-01 
2.360466e-01 2.163887e-01 
2.456997e-01 2.165197e-01 
2.552706e-01 2.167243e-01 
2.647527e-01 2.170084e-01 
2.741394e-01 2.173757e-01 
2.834229e-01 2.178317e-01 
2.925970e-01 2.183817e-01 
3.016502e-01 2.190323e-01 
3.105748e-01 2.197864e-01 
3.193532e-01 2.206484e-01 
3.279644e-01 2.216187e-01 
3.363413e-01 2.227030e-01 
3.433338e-01 2.237364e-01 
3.501332e-01 2.248544e-01 
3.567883e-01 2.260654e-01 
3.633169e-01 2.273708e-01 
3.697315e-01 2.287716e-01 
3.760415e-01 2.302677e-01 
3.822557e-01 2.318587e-01 
3.883819e-01 2.335450e-01 
3.944264e-01 2.353265e-01 
4.003931e-01 2.372025e-01 
4.062853e-01 2.391721e-01 
4.121068e-01 2.412346e-01 
4.178614e-01 2.433893e-01 
4.235532e-01 2.456353e-01 
4.291868e-01 2.479717e-01 
4.347673e-01 2.503977e-01 
0.000000e+00 2.302158e-01 
1.134840e-02 2.302013e-01 
2.231982e-02 2.300431e-01 
3.303220e-02 2.297903e-01 
4.358330e-02 2.294587e-01 
5.401012e-02 2.290735e-01 
6.436655e-02 2.286466e-01 
7.467205e-02 2.281902e-01 
8.494323e-02 2.277165e-01 
9.518024e-02 2.272384e-01 
1.053933e-01 2.267645e-01 
1.155843e-01 2.263032e-01 
1.257549e-01 2.258626e-01 
1.359019e-01 2.254477e-01 
1.460234e-01 2.250643e-01 
1.561158e-01 2.247165e-01 
1.661750e-01 2.244085e-01 
1.761964e-01 2.241429e-01 
1.861757e-01 2.239240e-01 
1.961078e-01 2.237554e-01 
2.059883e-01 2.236410e-01 
2.158108e-01 2.235843e-01 
2.255703e-01 2.235897e-01 
2.352603e-01 2.236610e-01 
2.448744e-01 2.238031e-01 
2.544058e-01 2.240196e-01 
2.638475e-01 2.243159e-01 
2.731927e-01 2.246961e-01 
2.824333e-01 2.251654e-01 
2.915630e-01 2.257290e-01 
3.005698e-01 2.263927e-01 
3.094459e-01 2.271601e-01 
3.181763e-01 2.280353e-01 
3.267472e-01 2.290208e-01 
3.351150e-01 2.301223e-01 
3.420305e-01 2.311543e-01 
3.487838e-01 2.322718e-01 
3.554054e-01 2.334788e-01 
3.619046e-01 2.347770e-01 
3.682921e-01 2.361667e-01 
3.745761e-01 2.376478e-01 
3.807659e-01 2.392200e-01 
3.868690e-01 2.408840e-01 
3.928920e-01 2.426394e-01 
3.988394e-01 2.444861e-01 
4.047150e-01 2.464229e-01 
4.105229e-01 2.484496e-01 
4.162674e-01 2.505654e-01 
4.219528e-01 2.527697e-01 
4.275837e-01 2.550613e-01 
4.331654e-01 2.574400e-01 
0.000000e+00 2.374101e-01 
1.131690e-02 2.373905e-01 
2.224491e-02 2.372251e-01 
3.291108e-02 2.369629e-01 
4.341866e-02 2.366295e-01 
5.380402e-02 2.362452e-01 
6.412090e-02 2.358231e-01 
7.438819e-02 2.353751e-01 
8.462237e-02 2.349121e-01 
9.482263e-02 2.344460e-01 
1.049992e-01 2.339847e-01 
1.151535e-01 2.335361e-01 
1.252870e-01 2.331077e-01 
1.353967e-01 2.327049e-01 
1.454806e-01 2.323331e-01 
1.555349e-01 2.319968e-01 
1.655558e-01 2.317003e-01 
1.755384e-01 2.314467e-01 
1.854789e-01 2.312402e-01 
1.953720e-01 2.310845e-01 
2.052133e-01 2.309836e-01 
2.149965e-01 2.309409e-01 
2.247167e-01 2.309610e-01 
2.343672e-01 2.310478e-01 
2.439419e-01 2.312060e-01 
2.534338e-01 2.314391e-01 
2.628358e-01 2.317527e-01 
2.721409e-01 2.321507e-01 
2.813412e-01 2.326382e-01 
2.904303e-01 2.332200e-01 
2.993967e-01 2.339015e-01 
3.082330e-01 2.346866e-01 
3.169273e-01 2.355795e-01 
3.254703e-01 2.365833e-01 
3.338321e-01 2.377050e-01 
3.406896e-01 2.387419e-01 
3.474084e-01 2.398616e-01 
3.540058e-01 2.410684e-01 
3.604881e-01 2.423630e-01 
3.668625e-01 2.437457e-01 
3.731368e-01 2.452163e-01 
3.793192e-01 2.467745e-01 
3.854168e-01 2.484207e-01 
3.914361e-01 2.501549e-01 
3.973817e-01 2.519767e-01 
4.032580e-01 2.538852e-01 
4.090691e-01 2.558802e-01 
4.148197e-01 2.579609e-01 
4.205139e-01 2.601266e-01 
4.261567e-01 2.623764e-01 
4.317529e-01 2.647098e-01 
0.000000e+00 2.446043e-01 
1.128310e-02 2.445795e-01 
2.216467e-02 2.444092e-01 
3.278067e-02 2.441429e-01 
4.323936e-02 2.438109e-01 
5.357784e-02 2.434313e-01 
6.384964e-02 2.430172e-01 
7.407383e-02 2.425804e-01 
8.426632e-02 2.421306e-01 
9.442597e-02 2.416791e-01 
1.045624e-01 2.412330e-01 
1.146770e-01 2.407999e-01 
1.247709e-01 2.403865e-01 
1.348409e-01 2.399986e-01 
1.448850e-01 2.396414e-01 
1.548996e-01 2.393196e-01 
1.648805e-01 2.390374e-01 
1.748232e-01 2.387986e-01 
1.847236e-01 2.386072e-01 
1.945768e-01 2.384670e-01 
2.043783e-01 2.383820e-01 
2.141218e-01 2.383558e-01 
2.238025e-01 2.383930e-01 
2.334139e-01 2.384974e-01 
2.429498e-01 2.386736e-01 
2.524032e-01 2.389254e-01 
2.617670e-01 2.392578e-01 
2.710344e-01 2.396751e-01 
2.801975e-01 2.401820e-01 
2.892502e-01 2.407830e-01 
2.981817e-01 2.414831e-01 
3.069855e-01 2.422862e-01 
3.156516e-01 2.431966e-01 
3.241743e-01 2.442176e-01 
3.325314e-01 2.453551e-01 
3.393489e-01 2.463951e-01 
3.460423e-01 2.475170e-01 
3.526235e-01 2.487233e-01 
3.590957e-01 2.500143e-01 
3.654651e-01 2.513902e-01 
3.717379e-01 2.528509e-01 
3.779217e-01 2.543961e-01 
3.840230e-01 2.560259e-01 
3.900479e-01 2.577403e-01 
3.960011e-01 2.595388e-01 
4.018870e-01 2.614208e-01 
4.077102e-01 2.633859e-01 
4.134751e-01 2.654334e-01 
4.191862e-01 2.675627e-01 
4.248481e-01 2.697726e-01 
4.304658e-01 2.720629e-01 
0.000000e+00 2.517986e-01 
1.124934e-02 2.517691e-01 
2.208458e-02 2.515965e-01 
3.264961e-02 2.513290e-01 
4.305761e-02 2.510009e-01 
5.334684e-02 2.506280e-01 
6.357109e-02 2.502236e-01 
7.374962e-02 2.497992e-01 
8.389799e-02 2.493635e-01 
9.401480e-02 2.489275e-01 
1.041092e-01 2.484975e-01 
1.141824e-01 2.480808e-01 
1.242352e-01 2.476835e-01 
1.342643e-01 2.473116e-01 
1.442677e-01 2.469702e-01 
1.542416e-01 2.466639e-01 
1.641820e-01 2.463973e-01 
1.740841e-01 2.461743e-01 
1.839442e-01 2.459989e-01 
1.937573e-01 2.458751e-01 
2.035190e-01 2.458068e-01 
2.132230e-01 2.457977e-01 
2.228647e-01 2.458523e-01 
2.324375e-01 2.459746e-01 
2.419355e-01 2.461690e-01 
2.513516e-01 2.464392e-01 
2.606790e-01 2.467902e-01 
2.699107e-01 2.472262e-01 
2.790394e-01 2.477517e-01 
2.880590e-01 2.483707e-01 
2.969600e-01 2.490880e-01 
3.057362e-01 2.499075e-01 
3.143797e-01 2.508329e-01 
3.228863e-01 2.518676e-01 
3.312383e-01 2.530171e-01 
3.380273e-01 2.540595e-01 
3.447030e-01 2.551816e-01 
3.512733e-01 2.563858e-01 
3.577404e-01 2.576722e-01 
3.641093e-01 2.590406e-01 
3.703854e-01 2.604909e-01 
3.765756e-01 2.620228e-01 
3.826858e-01 2.636363e-01 
3.887216e-01 2.653312e-01 
3.946876e-01 2.671070e-01 
4.005884e-01 2.689632e-01 
4.064286e-01 2.708994e-01 
4.122126e-01 2.729148e-01 
4.179449e-01 2.750087e-01 
4.236300e-01 2.771802e-01 
4.292728e-01 2.794289e-01 
0.000000e+00 2.589928e-01 
1.121582e-02 2.589593e-01 
2.200574e-02 2.587854e-01 
3.252040e-02 2.585192e-01 
4.287761e-02 2.581964e-01 
5.311706e-02 2.578316e-01 
6.329289e-02 2.574377e-01 
7.342464e-02 2.570261e-01 
8.352766e-02 2.566046e-01 
9.360060e-02 2.561841e-01 
1.036520e-01 2.557703e-01 
1.136830e-01 2.553700e-01 
1.236940e-01 2.549890e-01 
1.336817e-01 2.546333e-01 
1.436440e-01 2.543078e-01 
1.535771e-01 2.540173e-01 
1.634768e-01 2.537664e-01 
1.733386e-01 2.535593e-01 
1.831585e-01 2.533999e-01 
1.929319e-01 2.532923e-01 
2.026544e-01 2.532403e-01 
2.123196e-01 2.532479e-01 
2.219232e-01 2.533193e-01 
2.314586e-01 2.534587e-01 
2.409199e-01 2.536702e-01 
2.503005e-01 2.539577e-01 
2.595932e-01 2.543259e-01 
2.687916e-01 2.547788e-01 
2.778886e-01 2.553208e-01 
2.868784e-01 2.559556e-01 
2.957521e-01 2.566876e-01 
3.045046e-01 2.575205e-01 
3.131290e-01 2.584577e-01 
3.216222e-01 2.595023e-01 
3.299696e-01 2.606585e-01 
3.367386e-01 2.617003e-01 
3.434017e-01 2.628206e-01 
3.499651e-01 2.640208e-01 
3.564302e-01 2.653008e-01 
3.628013e-01 2.666605e-01 
3.690831e-01 2.680993e-01 
3.752820e-01 2.696170e-01 
3.814032e-01 2.712135e-01 
3.874521e-01 2.728884e-01 
3.934333e-01 2.746414e-01 
3.993512e-01 2.764719e-01 
4.052105e-01 2.783795e-01 
4.110155e-01 2.803634e-01 
4.167708e-01 2.824228e-01 
4.224806e-01 2.845569e-01 
4.281500e-01 2.867654e-01 
0.000000e+00 2.661871e-01 
1.118350e-02 2.661504e-01 
2.193015e-02 2.659767e-01 
3.239641e-02 2.657133e-01 
4.270418e-02 2.653966e-01 
5.289473e-02 2.650404e-01 
6.302254e-02 2.646571e-01 
7.310767e-02 2.642580e-01 
8.316529e-02 2.638504e-01 
9.319424e-02 2.634448e-01 
1.032026e-01 2.630464e-01 
1.131912e-01 2.626619e-01 
1.231604e-01 2.622966e-01 
1.331069e-01 2.619565e-01 
1.430283e-01 2.616464e-01 
1.529208e-01 2.613713e-01 
1.627802e-01 2.611356e-01 
1.726020e-01 2.609437e-01 
1.823825e-01 2.607997e-01 
1.921169e-01 2.607075e-01 
2.018008e-01 2.606710e-01 
2.114282e-01 2.606942e-01 
2.209946e-01 2.607813e-01 
2.304937e-01 2.609363e-01 
2.399197e-01 2.611634e-01 
2.492660e-01 2.614664e-01 
2.585258e-01 2.618498e-01 
2.676927e-01 2.623174e-01 
2.767601e-01 2.628734e-01 
2.857225e-01 2.635215e-01 
2.945716e-01 2.642654e-01 
3.033027e-01 2.651087e-01 
3.119101e-01 2.660544e-01 
3.203911e-01 2.671054e-01 
3.287325e-01 2.682653e-01 
3.354865e-01 2.693051e-01 
3.421409e-01 2.704218e-01 
3.487000e-01 2.716164e-01 
3.551653e-01 2.728886e-01 
3.615404e-01 2.742380e-01 
3.678298e-01 2.756643e-01 
3.740388e-01 2.771669e-01 
3.801727e-01 2.787458e-01 
3.862363e-01 2.804004e-01 
3.922343e-01 2.821304e-01 
3.981709e-01 2.839353e-01 
4.040507e-01 2.858144e-01 
4.098781e-01 2.877671e-01 
4.156574e-01 2.897927e-01 
4.213931e-01 2.918902e-01 
4.270898e-01 2.940595e-01 
0.000000e+00 2.733813e-01 
1.115210e-02 2.733422e-01 
2.185743e-02 2.731696e-01 
3.227736e-02 2.729099e-01 
4.253749e-02 2.725998e-01 
5.268040e-02 2.722523e-01 
6.276117e-02 2.718796e-01 
7.280032e-02 2.714925e-01 
8.281301e-02 2.710981e-01 
9.279827e-02 2.707066e-01 
1.027638e-01 2.703228e-01 
1.127103e-01 2.699532e-01 
1.226380e-01 2.696027e-01 
1.325436e-01 2.692774e-01 
1.424245e-01 2.689820e-01 
1.522770e-01 2.687213e-01 
1.620967e-01 2.685000e-01 
1.718794e-01 2.683225e-01 
1.816212e-01 2.681928e-01 
1.913174e-01 2.681149e-01 
2.009638e-01 2.680927e-01 
2.105544e-01 2.681301e-01 
2.200849e-01 2.682313e-01 
2.295491e-01 2.684004e-01 
2.389412e-01 2.686412e-01 
2.482547e-01 2.689577e-01 
2.574833e-01 2.693541e-01 
2.666207e-01 2.698341e-01 
2.756606e-01 2.704016e-01 
2.845977e-01 2.710601e-01 
2.934244e-01 2.718132e-01 
3.021364e-01 2.726638e-01 
3.107283e-01 2.736151e-01 
3.191980e-01 2.746694e-01 
3.275338e-01 2.758297e-01 
3.342768e-01 2.768661e-01 
3.409250e-01 2.779777e-01 
3.474820e-01 2.791653e-01 
3.539489e-01 2.804284e-01 
3.603292e-01 2.817666e-01 
3.666267e-01 2.831792e-01 
3.728467e-01 2.846660e-01 
3.789937e-01 2.862266e-01 
3.850725e-01 2.878605e-01 
3.910876e-01 2.895673e-01 
3.970433e-01 2.913464e-01 
4.029439e-01 2.931973e-01 
4.087939e-01 2.951192e-01 
4.145975e-01 2.971114e-01 
4.203589e-01 2.991732e-01 
4.260829e-01 3.013043e-01 
0.000000e+00 2.805755e-01 
1.112176e-02 2.805346e-01 
2.178766e-02 2.803637e-01 
3.216335e-02 2.801083e-01 
4.237770e-02 2.798048e-01 
5.247462e-02 2.794660e-01 
6.250964e-02 2.791034e-01 
7.250391e-02 2.787278e-01 
8.247249e-02 2.783457e-01 
9.241481e-02 2.779673e-01 
1.023381e-01 2.775972e-01 
1.122433e-01 2.772414e-01 
1.221300e-01 2.769047e-01 
1.319954e-01 2.765933e-01 
1.418366e-01 2.763115e-01 
1.516497e-01 2.760643e-01 
1.614307e-01 2.758563e-01 
1.711751e-01 2.756922e-01 
1.808791e-01 2.755756e-01 
1.905383e-01 2.755108e-01 
2.001482e-01 2.755015e-01 
2.097033e-01 2.755517e-01 
2.191992e-01 2.756655e-01 
2.286298e-01 2.758468e-01 
2.379893e-01 2.760996e-01 
2.472718e-01 2.764275e-01 
2.564708e-01 2.768347e-01 
2.655803e-01 2.773248e-01 
2.745945e-01 2.779014e-01 
2.835082e-01 2.785678e-01 
2.923143e-01 2.793272e-01 
3.010087e-01 2.801826e-01 
3.095866e-01 2.811365e-01 
3.180460e-01 2.821914e-01 
3.263759e-01 2.833494e-01 
3.331108e-01 2.843805e-01 
3.397548e-01 2.854856e-01 
3.463111e-01 2.866647e-01 
3.527807e-01 2.879174e-01 
3.591668e-01 2.892431e-01 
3.654729e-01 2.906413e-01 
3.717038e-01 2.921114e-01 
3.778641e-01 2.936531e-01 
3.839582e-01 2.952659e-01 
3.899904e-01 2.969493e-01 
3.959649e-01 2.987026e-01 
4.018862e-01 3.005253e-01 
4.077585e-01 3.024167e-01 
4.135860e-01 3.043762e-01 
4.193728e-01 3.064030e-01 
4.251235e-01 3.084969e-01 
0.000000e+00 2.877698e-01 
1.109227e-02 2.877276e-01 
2.172043e-02 2.875587e-01 
3.205389e-02 2.873079e-01 
4.222443e-02 2.870110e-01 
5.227703e-02 2.866806e-01 
6.226783e-02 2.863277e-01 
7.221844e-02 2.859628e-01 
8.214401e-02 2.855922e-01 
9.204430e-02 2.852261e-01 
1.019263e-01 2.848685e-01 
1.117908e-01 2.845254e-01 
1.216374e-01 2.842015e-01 
1.314634e-01 2.839029e-01 
1.412656e-01 2.836337e-01 
1.510404e-01 2.833990e-01 
1.607835e-01 2.832032e-01 
1.704906e-01 2.830512e-01 
1.801580e-01 2.829466e-01 
1.897812e-01 2.828936e-01 
1.993560e-01 2.828958e-01 
2.088768e-01 2.829573e-01 
2.183393e-01 2.830821e-01 
2.277377e-01 2.832739e-01 
2.370663e-01 2.835368e-01 
2.463191e-01 2.838742e-01 
2.554901e-01 2.842901e-01 
2.645735e-01 2.847881e-01 
2.735636e-01 2.853715e-01 
2.824557e-01 2.860433e-01 
2.912427e-01 2.868067e-01 
2.999211e-01 2.876643e-01 
3.084860e-01 2.886185e-01 
3.169361e-01 2.896713e-01 
3.252607e-01 2.908249e-01 
3.319896e-01 2.918499e-01 
3.386311e-01 2.929471e-01 
3.451878e-01 2.941167e-01 
3.516608e-01 2.953580e-01 
3.580530e-01 2.966703e-01 
3.643678e-01 2.980532e-01 
3.706097e-01 2.995061e-01 
3.767831e-01 3.010285e-01 
3.828921e-01 3.026199e-01 
3.889411e-01 3.042796e-01 
3.949342e-01 3.060072e-01 
4.008758e-01 3.078019e-01 
4.067699e-01 3.096633e-01 
4.126207e-01 3.115905e-01 
4.184322e-01 3.135831e-01 
4.242088e-01 3.156407e-01 
0.000000e+00 2.949640e-01 
1.106369e-02 2.949210e-01 
2.165582e-02 2.947545e-01 
3.194903e-02 2.945084e-01 
4.207769e-02 2.942180e-01 
5.208781e-02 2.938957e-01 
6.203596e-02 2.935518e-01 
7.194436e-02 2.931970e-01 
8.182819e-02 2.928369e-01 
9.168763e-02 2.924821e-01 
1.015294e-01 2.921361e-01 
1.113543e-01 2.918047e-01 
1.211618e-01 2.914926e-01 
1.309493e-01 2.912056e-01 
1.407137e-01 2.909480e-01 
1.504511e-01 2.907246e-01 
1.601573e-01 2.905400e-01 
1.698283e-01 2.903991e-01 
1.794602e-01 2.903052e-01 
1.890486e-01 2.902627e-01 
1.985894e-01 2.902750e-01 
2.080772e-01 2.903465e-01 
2.175077e-01 2.904806e-01 
2.268752e-01 2.906814e-01 
2.361742e-01 2.909526e-01 
2.453989e-01 2.912976e-01 
2.545434e-01 2.917204e-01 
2.636021e-01 2.922241e-01 
2.725697e-01 2.928121e-01 
2.814414e-01 2.934873e-01 
2.902107e-01 2.942524e-01 
2.988742e-01 2.951100e-01 
3.074273e-01 2.960621e-01 
3.158687e-01 2.971107e-01 
3.241881e-01 2.982573e-01 
3.309124e-01 2.992741e-01 
3.375522e-01 3.003621e-01 
3.441100e-01 3.015207e-01 
3.505868e-01 3.027494e-01 
3.569852e-01 3.040474e-01 
3.633087e-01 3.054142e-01 
3.695613e-01 3.068491e-01 
3.757473e-01 3.083517e-01 
3.818709e-01 3.099213e-01 
3.879362e-01 3.115573e-01 
3.939473e-01 3.132590e-01 
3.999084e-01 3.150260e-01 
4.058236e-01 3.168576e-01 
4.116969e-01 3.187533e-01 
4.175324e-01 3.207124e-01 
4.233341e-01 3.227346e-01 
0.000000e+00 3.021583e-01 
1.103581e-02 3.021149e-01 
2.159339e-02 3.019509e-01 
3.184821e-02 3.017096e-01 
4.193691e-02 3.014255e-01 
5.190630e-02 3.011107e-01 
6.181350e-02 3.007753e-01 
7.168116e-02 3.004298e-01 
8.152463e-02 3.000796e-01 
9.134446e-02 2.997350e-01 
1.011471e-01 2.993996e-01 
1.109335e-01 2.990790e-01 
1.207031e-01 2.987776e-01 
1.304532e-01 2.985013e-01 
1.401806e-01 2.982541e-01 
1.498817e-01 2.980411e-01 
1.595522e-01 2.978666e-01 
1.691882e-01 2.977355e-01 
1.787857e-01 2.976512e-01 
1.883406e-01 2.976179e-01 
1.978487e-01 2.976391e-01 
2.073047e-01 2.977190e-01 
2.167045e-01 2.978611e-01 
2.260425e-01 2.980693e-01 
2.353132e-01 2.983471e-01 
2.445112e-01 2.986981e-01 
2.536305e-01 2.991258e-01 
2.626660e-01 2.996335e-01 
2.716123e-01 3.002243e-01 
2.804651e-01 3.009008e-01 
2.892179e-01 3.016657e-01 
2.978676e-01 3.025212e-01 
3.064097e-01 3.034694e-01 
3.148432e-01 3.045118e-01 
3.231581e-01 3.056503e-01 
3.298790e-01 3.066583e-01 
3.365180e-01 3.077360e-01 
3.430776e-01 3.088829e-01 
3.495585e-01 3.100982e-01 
3.559634e-01 3.113813e-01 
3.622953e-01 3.127314e-01 
3.685585e-01 3.141479e-01 
3.747569e-01 3.156304e-01 
3.808947e-01 3.171780e-01 
3.869759e-01 3.187902e-01 
3.930045e-01 3.204664e-01 
3.989846e-01 3.222059e-01 
4.049204e-01 3.240083e-01 
4.108155e-01 3.258728e-01 
4.166742e-01 3.277992e-01 
4.225003e-01 3.297869e-01 
0.000000e+00 3.093525e-01 
1.100857e-02 3.093090e-01 
2.153300e-02 3.091478e-01 
3.175113e-02 3.089112e-01 
4.180160e-02 3.086330e-01 
5.173199e-02 3.083254e-01 
6.159984e-02 3.079980e-01 
7.142830e-02 3.076610e-01 
8.123281e-02 3.073198e-01 
9.101436e-02 3.069848e-01 
1.007792e-01 3.066591e-01 
1.105283e-01 3.063483e-01 
1.202610e-01 3.060566e-01 
1.299748e-01 3.057901e-01 
1.396665e-01 3.055524e-01 
1.493324e-01 3.053487e-01 
1.589683e-01 3.051832e-01 
1.685704e-01 3.050609e-01 
1.781348e-01 3.049851e-01 
1.876573e-01 3.049599e-01 
1.971339e-01 3.049887e-01 
2.065594e-01 3.050758e-01 
2.159298e-01 3.052245e-01 
2.252395e-01 3.054386e-01 
2.344833e-01 3.057216e-01 
2.436558e-01 3.060770e-01 
2.527513e-01 3.065081e-01 
2.617649e-01 3.070181e-01 
2.706912e-01 3.076098e-01 
2.795262e-01 3.082859e-01 
2.882637e-01 3.090488e-01 
2.969005e-01 3.099006e-01 
3.054325e-01 3.108431e-01 
3.138588e-01 3.118778e-01 
3.221695e-01 3.130062e-01 
3.288879e-01 3.140042e-01 
3.355269e-01 3.150707e-01 
3.420886e-01 3.162050e-01 
3.485738e-01 3.174062e-01 
3.549851e-01 3.186736e-01 
3.613255e-01 3.200065e-01 
3.675990e-01 3.214042e-01 
3.738095e-01 3.228662e-01 
3.799611e-01 3.243917e-01 
3.860577e-01 3.259802e-01 
3.921033e-01 3.276309e-01 
3.981019e-01 3.293432e-01 
4.040575e-01 3.311167e-01 
4.099738e-01 3.329508e-01 
4.158549e-01 3.348451e-01 
4.217046e-01 3.367992e-01 
0.000000e+00 3.165468e-01 
1.098189e-02 3.165035e-01 
2.147436e-02 3.163450e-01 
3.165743e-02 3.161130e-01 
4.167141e-02 3.158405e-01 
5.156447e-02 3.155396e-01 
6.139462e-02 3.152196e-01 
7.118540e-02 3.148905e-01 
8.095244e-02 3.145577e-01 
9.069706e-02 3.142313e-01 
1.004254e-01 3.139145e-01 
1.101384e-01 3.136127e-01 
1.198354e-01 3.133299e-01 
1.295142e-01 3.130721e-01 
1.391712e-01 3.128431e-01 
1.488031e-01 3.126477e-01 
1.584055e-01 3.124903e-01 
1.679749e-01 3.123757e-01 
1.775073e-01 3.123074e-01 
1.869987e-01 3.122891e-01 
1.964450e-01 3.123244e-01 
2.058412e-01 3.124174e-01 
2.151833e-01 3.125714e-01 
2.244660e-01 3.127901e-01 
2.336841e-01 3.130769e-01 
2.428324e-01 3.134352e-01 
2.519054e-01 3.138682e-01 
2.608982e-01 3.143789e-01 
2.698058e-01 3.149701e-01 
2.786242e-01 3.156443e-01 
2.873472e-01 3.164036e-01 
2.959721e-01 3.172500e-01 
3.044948e-01 3.181854e-01 
3.129144e-01 3.192109e-01 
3.212215e-01 3.203282e-01 
3.279382e-01 3.213156e-01 
3.345776e-01 3.223700e-01 
3.411418e-01 3.234909e-01 
3.476315e-01 3.246773e-01 
3.540493e-01 3.259284e-01 
3.603980e-01 3.272437e-01 
3.666815e-01 3.286223e-01 
3.729039e-01 3.300636e-01 
3.790689e-01 3.315669e-01 
3.851806e-01 3.331316e-01 
3.912427e-01 3.347570e-01 
3.972592e-01 3.364425e-01 
4.032341e-01 3.381877e-01 
4.091710e-01 3.399918e-01 
4.150738e-01 3.418547e-01 
4.209465e-01 3.437759e-01 
0.000000e+00 3.237410e-01 
1.095578e-02 3.236982e-01 
2.141750e-02 3.235424e-01 
3.156697e-02 3.233148e-01 
4.154604e-02 3.230478e-01 
5.140341e-02 3.227532e-01 
6.119742e-02 3.224401e-01 
7.095206e-02 3.221184e-01 
8.068307e-02 3.217932e-01 
9.039216e-02 3.214749e-01 
1.000853e-01 3.211662e-01 
1.097636e-01 3.208725e-01 
1.194262e-01 3.205979e-01 
1.290710e-01 3.203480e-01 
1.386946e-01 3.201267e-01 
1.482936e-01 3.199388e-01 
1.578637e-01 3.197886e-01 
1.674016e-01 3.196809e-01 
1.769033e-01 3.196189e-01 
1.863647e-01 3.196066e-01 
1.957818e-01 3.196473e-01 
2.051500e-01 3.197452e-01 
2.144651e-01 3.199034e-01 
2.237220e-01 3.201255e-01 
2.329156e-01 3.204148e-01 
2.420409e-01 3.207747e-01 
2.510925e-01 3.212083e-01 
2.600657e-01 3.217184e-01 
2.689556e-01 3.223077e-01 
2.777583e-01 3.229784e-01 
2.864678e-01 3.237328e-01 
2.950816e-01 3.245725e-01 
3.035955e-01 3.254992e-01 
3.120089e-01 3.265140e-01 
3.203126e-01 3.276183e-01 
3.270279e-01 3.285934e-01 
3.336679e-01 3.296346e-01 
3.402346e-01 3.307410e-01 
3.467287e-01 3.319118e-01 
3.531528e-01 3.331461e-01 
3.595095e-01 3.344431e-01 
3.658029e-01 3.358021e-01 
3.720367e-01 3.372224e-01 
3.782147e-01 3.387033e-01 
3.843409e-01 3.402443e-01 
3.904189e-01 3.418445e-01 
3.964528e-01 3.435035e-01 
4.024462e-01 3.452206e-01 
4.084030e-01 3.469955e-01 
4.143269e-01 3.488276e-01 
4.202218e-01 3.507168e-01 
0.000000e+00 3.309353e-01 
1.093013e-02 3.308931e-01 
2.136212e-02 3.307401e-01 
3.147941e-02 3.305168e-01 
4.142509e-02 3.302548e-01 
5.124832e-02 3.299662e-01 
6.100777e-02 3.296595e-01 
7.072776e-02 3.293445e-01 
8.042421e-02 3.290265e-01 
9.009914e-02 3.287154e-01 
9.975844e-02 3.284142e-01 
1.094032e-01 3.281280e-01 
1.190326e-01 3.278607e-01 
1.286447e-01 3.276180e-01 
1.382361e-01 3.274037e-01 
1.478033e-01 3.272224e-01 
1.573423e-01 3.270784e-01 
1.668499e-01 3.269767e-01 
1.763219e-01 3.269203e-01 
1.857545e-01 3.269130e-01 
1.951437e-01 3.269582e-01 
2.044850e-01 3.270598e-01 
2.137742e-01 3.272211e-01 
2.230064e-01 3.274455e-01 
2.321767e-01 3.277363e-01 
2.412802e-01 3.280966e-01 
2.503115e-01 3.285295e-01 
2.592662e-01 3.290378e-01 
2.681393e-01 3.296240e-01 
2.769273e-01 3.302902e-01 
2.856243e-01 3.310384e-01 
2.942277e-01 3.318702e-01 
3.027335e-01 3.327871e-01 
3.111413e-01 3.337901e-01 
3.194420e-01 3.348807e-01 
3.261563e-01 3.358431e-01 
3.327973e-01 3.368704e-01 
3.393667e-01 3.379619e-01 
3.458655e-01 3.391165e-01 
3.522958e-01 3.403335e-01 
3.586606e-01 3.416120e-01 
3.649636e-01 3.429511e-01 
3.712086e-01 3.443503e-01 
3.773994e-01 3.458089e-01 
3.835398e-01 3.473261e-01 
3.896334e-01 3.489014e-01 
3.956841e-01 3.505342e-01 
4.016957e-01 3.522238e-01 
4.076719e-01 3.539699e-01 
4.136163e-01 3.557719e-01 
4.195328e-01 3.576297e-01 
0.000000e+00 3.381295e-01 
1.090492e-02 3.380881e-01 
2.130816e-02 3.379379e-01 
3.139450e-02 3.377187e-01 
4.130816e-02 3.374616e-01 
5.109871e-02 3.371785e-01 
6.082506e-02 3.368777e-01 
7.051185e-02 3.365691e-01 
8.017512e-02 3.362576e-01 
8.981723e-02 3.359534e-01 
9.944394e-02 3.356589e-01 
1.090564e-01 3.353796e-01 
1.186539e-01 3.351189e-01 
1.282345e-01 3.348827e-01 
1.377947e-01 3.346746e-01 
1.473314e-01 3.344993e-01 
1.568404e-01 3.343609e-01 
1.663188e-01 3.342643e-01 
1.757623e-01 3.342126e-01 
1.851673e-01 3.342095e-01 
1.945297e-01 3.342583e-01 
2.038452e-01 3.343628e-01 
2.131097e-01 3.345262e-01 
2.223183e-01 3.347520e-01 
2.314664e-01 3.350432e-01 
2.405491e-01 3.354029e-01 
2.495613e-01 3.358342e-01 
2.584984e-01 3.363397e-01 
2.673558e-01 3.369217e-01 
2.761301e-01 3.375822e-01 
2.848153e-01 3.383233e-01 
2.934091e-01 3.391462e-01 
3.019076e-01 3.400525e-01 
3.103104e-01 3.410429e-01 
3.186084e-01 3.421189e-01 
3.253223e-01 3.430678e-01 
3.319645e-01 3.440809e-01 
3.385369e-01 3.451570e-01 
3.450404e-01 3.462952e-01 
3.514771e-01 3.474945e-01 
3.578499e-01 3.487542e-01 
3.641625e-01 3.500734e-01 
3.704186e-01 3.514515e-01 
3.766219e-01 3.528877e-01 
3.827762e-01 3.543814e-01 
3.888851e-01 3.559320e-01 
3.949524e-01 3.575389e-01 
4.009817e-01 3.592014e-01 
4.069768e-01 3.609192e-01 
4.129413e-01 3.626917e-01 
4.188789e-01 3.645189e-01 
BC
4
4
4
4
4
4
4
4
4
4
4
4
4
4
4
4
4
4
4
4
4
4
4
4
4
4
4
4
4
4
4
4
4
4
4
4
4
4
4
4
4
4
4
4
4
4
4
4
4
4
-1
-1
-1
-1
-1
-1
-1
-1
-1
-1
-1
-1
-1
-1
-1
-1
-1
-1
-1
-1
-1
-1
-1
-1
-1
-1
-1
-1
-1
-1
-1
-1
-1
-1
-1
-1
-1
-1
-1
-1
-1
-1
-1
-1
-1
-1
-1
-1
-1
-1
-1
-1
-1
-1
-1
-1
-1
-1
-1
-1
-1
-1
-1
-1
-1
-1
-1
-1
-1
-1
-1
-1
-1
-1
-1
-1
-1
-1
-1
-1
-1
-1
-1
-1
-1
-1
-1
-1
-1
-1
-1
-1
-1
-1
-1
-1
-1
1
1
1
1
1
1
1
1
1
1
1
1
1
1
1
1
1
1
1
1
1
1
1
1
1
1
1
1
1
1
1
1
1
1
1
1
1
1
1
1
1
1
1
1
1
1
1
