npart: 8 3 
ipart: 6 2 
ngrid: 51 46 
2.275535e+00 7.400797e-01 
2.283004e+00 7.400806e-01 
2.290473e+00 7.400814e-01 
2.297941e+00 7.400823e-01 
2.305410e+00 7.400832e-01 
2.312879e+00 7.400841e-01 
2.320348e+00 7.400850e-01 
2.327816e+00 7.400859e-01 
2.335285e+00 7.400868e-01 
2.342754e+00 7.400877e-01 
2.350222e+00 7.400887e-01 
2.357691e+00 7.400896e-01 
2.365160e+00 7.400905e-01 
2.372628e+00 7.400914e-01 
2.380097e+00 7.400923e-01 
2.387566e+00 7.400932e-01 
2.395035e+00 7.400941e-01 
2.402503e+00 7.400950e-01 
2.409972e+00 7.400960e-01 
2.417441e+00 7.400969e-01 
2.424909e+00 7.400978e-01 
2.432378e+00 7.400987e-01 
2.439847e+00 7.400996e-01 
2.447316e+00 7.401006e-01 
2.454784e+00 7.401015e-01 
2.462253e+00 7.401024e-01 
2.469722e+00 7.401034e-01 
2.477190e+00 7.401043e-01 
2.484659e+00 7.401052e-01 
2.492128e+00 7.401062e-01 
2.499597e+00 7.401071e-01 
2.507065e+00 7.401081e-01 
2.514534e+00 7.401090e-01 
2.522003e+00 7.401099e-01 
2.529472e+00 7.401109e-01 
2.536940e+00 7.401118e-01 
2.544409e+00 7.401128e-01 
2.551878e+00 7.401138e-01 
2.559346e+00 7.401147e-01 
2.566815e+00 7.401157e-01 
2.574284e+00 7.401166e-01 
2.581753e+00 7.401176e-01 
2.589221e+00 7.401186e-01 
2.596690e+00 7.401195e-01 
2.604159e+00 7.401205e-01 
2.611627e+00 7.401215e-01 
2.619096e+00 7.401225e-01 
2.626565e+00 7.401234e-01 
2.634034e+00 7.401244e-01 
2.641502e+00 7.401254e-01 
2.648971e+00 7.401264e-01 
2.275535e+00 7.458461e-01 
2.283003e+00 7.458471e-01 
2.290472e+00 7.458480e-01 
2.297941e+00 7.458490e-01 
2.305410e+00 7.458500e-01 
2.312878e+00 7.458509e-01 
2.320347e+00 7.458519e-01 
2.327816e+00 7.458529e-01 
2.335284e+00 7.458539e-01 
2.342753e+00 7.458548e-01 
2.350222e+00 7.458558e-01 
2.357691e+00 7.458568e-01 
2.365159e+00 7.458578e-01 
2.372628e+00 7.458588e-01 
2.380097e+00 7.458598e-01 
2.387566e+00 7.458607e-01 
2.395034e+00 7.458617e-01 
2.402503e+00 7.458627e-01 
2.409972e+00 7.458637e-01 
2.417440e+00 7.458647e-01 
2.424909e+00 7.458657e-01 
2.432378e+00 7.458667e-01 
2.439847e+00 7.458677e-01 
2.447315e+00 7.458687e-01 
2.454784e+00 7.458697e-01 
2.462253e+00 7.458707e-01 
2.469721e+00 7.458717e-01 
2.477190e+00 7.458727e-01 
2.484659e+00 7.458737e-01 
2.492128e+00 7.458748e-01 
2.499596e+00 7.458758e-01 
2.507065e+00 7.458768e-01 
2.514534e+00 7.458778e-01 
2.522002e+00 7.458788e-01 
2.529471e+00 7.458799e-01 
2.536940e+00 7.458809e-01 
2.544409e+00 7.458819e-01 
2.551877e+00 7.458829e-01 
2.559346e+00 7.458840e-01 
2.566815e+00 7.458850e-01 
2.574284e+00 7.458860e-01 
2.581752e+00 7.458871e-01 
2.589221e+00 7.458881e-01 
2.596690e+00 7.458892e-01 
2.604158e+00 7.458902e-01 
2.611627e+00 7.458913e-01 
2.619096e+00 7.458923e-01 
2.626565e+00 7.458934e-01 
2.634033e+00 7.458944e-01 
2.641502e+00 7.458955e-01 
2.648971e+00 7.458966e-01 
2.275534e+00 7.516123e-01 
2.283003e+00 7.516134e-01 
2.290472e+00 7.516144e-01 
2.297940e+00 7.516155e-01 
2.305409e+00 7.516165e-01 
2.312878e+00 7.516176e-01 
2.320347e+00 7.516186e-01 
2.327815e+00 7.516197e-01 
2.335284e+00 7.516207e-01 
2.342753e+00 7.516218e-01 
2.350222e+00 7.516228e-01 
2.357690e+00 7.516239e-01 
2.365159e+00 7.516249e-01 
2.372628e+00 7.516260e-01 
2.380096e+00 7.516270e-01 
2.387565e+00 7.516281e-01 
2.395034e+00 7.516292e-01 
2.402503e+00 7.516302e-01 
2.409971e+00 7.516313e-01 
2.417440e+00 7.516324e-01 
2.424909e+00 7.516334e-01 
2.432377e+00 7.516345e-01 
2.439846e+00 7.516356e-01 
2.447315e+00 7.516367e-01 
2.454784e+00 7.516378e-01 
2.462252e+00 7.516388e-01 
2.469721e+00 7.516399e-01 
2.477190e+00 7.516410e-01 
2.484659e+00 7.516421e-01 
2.492127e+00 7.516432e-01 
2.499596e+00 7.516443e-01 
2.507065e+00 7.516454e-01 
2.514533e+00 7.516465e-01 
2.522002e+00 7.516476e-01 
2.529471e+00 7.516487e-01 
2.536940e+00 7.516498e-01 
2.544408e+00 7.516509e-01 
2.551877e+00 7.516520e-01 
2.559346e+00 7.516531e-01 
2.566815e+00 7.516542e-01 
2.574283e+00 7.516553e-01 
2.581752e+00 7.516565e-01 
2.589221e+00 7.516576e-01 
2.596689e+00 7.516587e-01 
2.604158e+00 7.516598e-01 
2.611627e+00 7.516610e-01 
2.619096e+00 7.516621e-01 
2.626564e+00 7.516632e-01 
2.634033e+00 7.516644e-01 
2.641502e+00 7.516655e-01 
2.648971e+00 7.516667e-01 
2.275534e+00 7.573784e-01 
2.283003e+00 7.573795e-01 
2.290471e+00 7.573806e-01 
2.297940e+00 7.573817e-01 
2.305409e+00 7.573828e-01 
2.312877e+00 7.573840e-01 
2.320346e+00 7.573851e-01 
2.327815e+00 7.573862e-01 
2.335284e+00 7.573873e-01 
2.342752e+00 7.573885e-01 
2.350221e+00 7.573896e-01 
2.357690e+00 7.573907e-01 
2.365159e+00 7.573919e-01 
2.372627e+00 7.573930e-01 
2.380096e+00 7.573941e-01 
2.387565e+00 7.573953e-01 
2.395033e+00 7.573964e-01 
2.402502e+00 7.573976e-01 
2.409971e+00 7.573987e-01 
2.417440e+00 7.573999e-01 
2.424908e+00 7.574010e-01 
2.432377e+00 7.574022e-01 
2.439846e+00 7.574033e-01 
2.447315e+00 7.574045e-01 
2.454783e+00 7.574056e-01 
2.462252e+00 7.574068e-01 
2.469721e+00 7.574080e-01 
2.477189e+00 7.574091e-01 
2.484658e+00 7.574103e-01 
2.492127e+00 7.574115e-01 
2.499596e+00 7.574126e-01 
2.507064e+00 7.574138e-01 
2.514533e+00 7.574150e-01 
2.522002e+00 7.574162e-01 
2.529471e+00 7.574173e-01 
2.536939e+00 7.574185e-01 
2.544408e+00 7.574197e-01 
2.551877e+00 7.574209e-01 
2.559346e+00 7.574221e-01 
2.566814e+00 7.574233e-01 
2.574283e+00 7.574245e-01 
2.581752e+00 7.574257e-01 
2.589220e+00 7.574269e-01 
2.596689e+00 7.574281e-01 
2.604158e+00 7.574293e-01 
2.611627e+00 7.574305e-01 
2.619095e+00 7.574317e-01 
2.626564e+00 7.574329e-01 
2.634033e+00 7.574342e-01 
2.641502e+00 7.574354e-01 
2.648970e+00 7.574366e-01 
2.275533e+00 7.631441e-01 
2.283002e+00 7.631453e-01 
2.290471e+00 7.631465e-01 
2.297940e+00 7.631477e-01 
2.305408e+00 7.631489e-01 
2.312877e+00 7.631501e-01 
2.320346e+00 7.631513e-01 
2.327815e+00 7.631525e-01 
2.335283e+00 7.631537e-01 
2.342752e+00 7.631550e-01 
2.350221e+00 7.631562e-01 
2.357689e+00 7.631574e-01 
2.365158e+00 7.631586e-01 
2.372627e+00 7.631598e-01 
2.380096e+00 7.631610e-01 
2.387564e+00 7.631623e-01 
2.395033e+00 7.631635e-01 
2.402502e+00 7.631647e-01 
2.409971e+00 7.631659e-01 
2.417439e+00 7.631672e-01 
2.424908e+00 7.631684e-01 
2.432377e+00 7.631696e-01 
2.439846e+00 7.631709e-01 
2.447314e+00 7.631721e-01 
2.454783e+00 7.631733e-01 
2.462252e+00 7.631746e-01 
2.469720e+00 7.631758e-01 
2.477189e+00 7.631771e-01 
2.484658e+00 7.631783e-01 
2.492127e+00 7.631796e-01 
2.499595e+00 7.631808e-01 
2.507064e+00 7.631821e-01 
2.514533e+00 7.631833e-01 
2.522002e+00 7.631846e-01 
2.529470e+00 7.631858e-01 
2.536939e+00 7.631871e-01 
2.544408e+00 7.631884e-01 
2.551877e+00 7.631897e-01 
2.559345e+00 7.631909e-01 
2.566814e+00 7.631922e-01 
2.574283e+00 7.631935e-01 
2.581752e+00 7.631948e-01 
2.589220e+00 7.631961e-01 
2.596689e+00 7.631973e-01 
2.604158e+00 7.631986e-01 
2.611626e+00 7.631999e-01 
2.619095e+00 7.632012e-01 
2.626564e+00 7.632025e-01 
2.634033e+00 7.632038e-01 
2.641501e+00 7.632051e-01 
2.648970e+00 7.632065e-01 
2.275533e+00 7.689096e-01 
2.283002e+00 7.689109e-01 
2.290470e+00 7.689122e-01 
2.297939e+00 7.689135e-01 
2.305408e+00 7.689148e-01 
2.312877e+00 7.689161e-01 
2.320345e+00 7.689173e-01 
2.327814e+00 7.689186e-01 
2.335283e+00 7.689199e-01 
2.342752e+00 7.689212e-01 
2.350220e+00 7.689225e-01 
2.357689e+00 7.689238e-01 
2.365158e+00 7.689251e-01 
2.372627e+00 7.689264e-01 
2.380095e+00 7.689277e-01 
2.387564e+00 7.689290e-01 
2.395033e+00 7.689303e-01 
2.402502e+00 7.689316e-01 
2.409970e+00 7.689329e-01 
2.417439e+00 7.689342e-01 
2.424908e+00 7.689355e-01 
2.432376e+00 7.689369e-01 
2.439845e+00 7.689382e-01 
2.447314e+00 7.689395e-01 
2.454783e+00 7.689408e-01 
2.462251e+00 7.689421e-01 
2.469720e+00 7.689435e-01 
2.477189e+00 7.689448e-01 
2.484658e+00 7.689461e-01 
2.492126e+00 7.689475e-01 
2.499595e+00 7.689488e-01 
2.507064e+00 7.689501e-01 
2.514533e+00 7.689515e-01 
2.522001e+00 7.689528e-01 
2.529470e+00 7.689542e-01 
2.536939e+00 7.689555e-01 
2.544408e+00 7.689569e-01 
2.551876e+00 7.689582e-01 
2.559345e+00 7.689596e-01 
2.566814e+00 7.689610e-01 
2.574283e+00 7.689623e-01 
2.581751e+00 7.689637e-01 
2.589220e+00 7.689651e-01 
2.596689e+00 7.689664e-01 
2.604158e+00 7.689678e-01 
2.611626e+00 7.689692e-01 
2.619095e+00 7.689706e-01 
2.626564e+00 7.689720e-01 
2.634033e+00 7.689734e-01 
2.641501e+00 7.689748e-01 
2.648970e+00 7.689762e-01 
2.275533e+00 7.746749e-01 
2.283001e+00 7.746762e-01 
2.290470e+00 7.746776e-01 
2.297939e+00 7.746790e-01 
2.305408e+00 7.746803e-01 
2.312876e+00 7.746817e-01 
2.320345e+00 7.746831e-01 
2.327814e+00 7.746844e-01 
2.335283e+00 7.746858e-01 
2.342751e+00 7.746872e-01 
2.350220e+00 7.746886e-01 
2.357689e+00 7.746900e-01 
2.365158e+00 7.746913e-01 
2.372626e+00 7.746927e-01 
2.380095e+00 7.746941e-01 
2.387564e+00 7.746955e-01 
2.395032e+00 7.746969e-01 
2.402501e+00 7.746983e-01 
2.409970e+00 7.746997e-01 
2.417439e+00 7.747011e-01 
2.424907e+00 7.747025e-01 
2.432376e+00 7.747039e-01 
2.439845e+00 7.747053e-01 
2.447314e+00 7.747067e-01 
2.454782e+00 7.747081e-01 
2.462251e+00 7.747095e-01 
2.469720e+00 7.747109e-01 
2.477189e+00 7.747123e-01 
2.484657e+00 7.747138e-01 
2.492126e+00 7.747152e-01 
2.499595e+00 7.747166e-01 
2.507064e+00 7.747180e-01 
2.514532e+00 7.747195e-01 
2.522001e+00 7.747209e-01 
2.529470e+00 7.747223e-01 
2.536939e+00 7.747238e-01 
2.544407e+00 7.747252e-01 
2.551876e+00 7.747267e-01 
2.559345e+00 7.747281e-01 
2.566814e+00 7.747296e-01 
2.574282e+00 7.747310e-01 
2.581751e+00 7.747325e-01 
2.589220e+00 7.747339e-01 
2.596689e+00 7.747354e-01 
2.604157e+00 7.747369e-01 
2.611626e+00 7.747383e-01 
2.619095e+00 7.747398e-01 
2.626564e+00 7.747413e-01 
2.634032e+00 7.747428e-01 
2.641501e+00 7.747442e-01 
2.648970e+00 7.747457e-01 
2.275532e+00 7.804398e-01 
2.283001e+00 7.804412e-01 
2.290470e+00 7.804427e-01 
2.297939e+00 7.804441e-01 
2.305407e+00 7.804456e-01 
2.312876e+00 7.804471e-01 
2.320345e+00 7.804485e-01 
2.327813e+00 7.804500e-01 
2.335282e+00 7.804514e-01 
2.342751e+00 7.804529e-01 
2.350220e+00 7.804544e-01 
2.357688e+00 7.804558e-01 
2.365157e+00 7.804573e-01 
2.372626e+00 7.804588e-01 
2.380095e+00 7.804603e-01 
2.387563e+00 7.804617e-01 
2.395032e+00 7.804632e-01 
2.402501e+00 7.804647e-01 
2.409970e+00 7.804662e-01 
2.417438e+00 7.804677e-01 
2.424907e+00 7.804692e-01 
2.432376e+00 7.804706e-01 
2.439845e+00 7.804721e-01 
2.447313e+00 7.804736e-01 
2.454782e+00 7.804751e-01 
2.462251e+00 7.804766e-01 
2.469720e+00 7.804781e-01 
2.477188e+00 7.804796e-01 
2.484657e+00 7.804812e-01 
2.492126e+00 7.804827e-01 
2.499595e+00 7.804842e-01 
2.507063e+00 7.804857e-01 
2.514532e+00 7.804872e-01 
2.522001e+00 7.804887e-01 
2.529470e+00 7.804903e-01 
2.536938e+00 7.804918e-01 
2.544407e+00 7.804933e-01 
2.551876e+00 7.804949e-01 
2.559345e+00 7.804964e-01 
2.566813e+00 7.804979e-01 
2.574282e+00 7.804995e-01 
2.581751e+00 7.805010e-01 
2.589220e+00 7.805026e-01 
2.596688e+00 7.805042e-01 
2.604157e+00 7.805057e-01 
2.611626e+00 7.805073e-01 
2.619095e+00 7.805088e-01 
2.626563e+00 7.805104e-01 
2.634032e+00 7.805120e-01 
2.641501e+00 7.805136e-01 
2.648970e+00 7.805151e-01 
2.275532e+00 7.862044e-01 
2.283001e+00 7.862059e-01 
2.290469e+00 7.862075e-01 
2.297938e+00 7.862090e-01 
2.305407e+00 7.862105e-01 
2.312876e+00 7.862121e-01 
2.320344e+00 7.862136e-01 
2.327813e+00 7.862152e-01 
2.335282e+00 7.862167e-01 
2.342751e+00 7.862183e-01 
2.350219e+00 7.862199e-01 
2.357688e+00 7.862214e-01 
2.365157e+00 7.862230e-01 
2.372626e+00 7.862245e-01 
2.380094e+00 7.862261e-01 
2.387563e+00 7.862277e-01 
2.395032e+00 7.862292e-01 
2.402501e+00 7.862308e-01 
2.409969e+00 7.862324e-01 
2.417438e+00 7.862340e-01 
2.424907e+00 7.862356e-01 
2.432376e+00 7.862371e-01 
2.439844e+00 7.862387e-01 
2.447313e+00 7.862403e-01 
2.454782e+00 7.862419e-01 
2.462251e+00 7.862435e-01 
2.469719e+00 7.862451e-01 
2.477188e+00 7.862467e-01 
2.484657e+00 7.862483e-01 
2.492126e+00 7.862499e-01 
2.499594e+00 7.862515e-01 
2.507063e+00 7.862531e-01 
2.514532e+00 7.862547e-01 
2.522001e+00 7.862564e-01 
2.529469e+00 7.862580e-01 
2.536938e+00 7.862596e-01 
2.544407e+00 7.862612e-01 
2.551876e+00 7.862629e-01 
2.559344e+00 7.862645e-01 
2.566813e+00 7.862661e-01 
2.574282e+00 7.862678e-01 
2.581751e+00 7.862694e-01 
2.589219e+00 7.862711e-01 
2.596688e+00 7.862727e-01 
2.604157e+00 7.862744e-01 
2.611626e+00 7.862760e-01 
2.619094e+00 7.862777e-01 
2.626563e+00 7.862794e-01 
2.634032e+00 7.862810e-01 
2.641501e+00 7.862827e-01 
2.648969e+00 7.862844e-01 
2.275532e+00 7.919686e-01 
2.283000e+00 7.919702e-01 
2.290469e+00 7.919718e-01 
2.297938e+00 7.919735e-01 
2.305407e+00 7.919751e-01 
2.312875e+00 7.919768e-01 
2.320344e+00 7.919784e-01 
2.327813e+00 7.919800e-01 
2.335282e+00 7.919817e-01 
2.342750e+00 7.919833e-01 
2.350219e+00 7.919850e-01 
2.357688e+00 7.919867e-01 
2.365157e+00 7.919883e-01 
2.372625e+00 7.919900e-01 
2.380094e+00 7.919916e-01 
2.387563e+00 7.919933e-01 
2.395032e+00 7.919950e-01 
2.402500e+00 7.919966e-01 
2.409969e+00 7.919983e-01 
2.417438e+00 7.920000e-01 
2.424907e+00 7.920017e-01 
2.432375e+00 7.920033e-01 
2.439844e+00 7.920050e-01 
2.447313e+00 7.920067e-01 
2.454782e+00 7.920084e-01 
2.462250e+00 7.920101e-01 
2.469719e+00 7.920118e-01 
2.477188e+00 7.920135e-01 
2.484657e+00 7.920152e-01 
2.492125e+00 7.920169e-01 
2.499594e+00 7.920186e-01 
2.507063e+00 7.920203e-01 
2.514532e+00 7.920220e-01 
2.522000e+00 7.920237e-01 
2.529469e+00 7.920255e-01 
2.536938e+00 7.920272e-01 
2.544407e+00 7.920289e-01 
2.551875e+00 7.920306e-01 
2.559344e+00 7.920324e-01 
2.566813e+00 7.920341e-01 
2.574282e+00 7.920358e-01 
2.581750e+00 7.920376e-01 
2.589219e+00 7.920393e-01 
2.596688e+00 7.920411e-01 
2.604157e+00 7.920428e-01 
2.611625e+00 7.920446e-01 
2.619094e+00 7.920464e-01 
2.626563e+00 7.920481e-01 
2.634032e+00 7.920499e-01 
2.641501e+00 7.920517e-01 
2.648969e+00 7.920534e-01 
2.275531e+00 7.977323e-01 
2.283000e+00 7.977341e-01 
2.290469e+00 7.977358e-01 
2.297938e+00 7.977375e-01 
2.305406e+00 7.977393e-01 
2.312875e+00 7.977410e-01 
2.320344e+00 7.977428e-01 
2.327813e+00 7.977445e-01 
2.335281e+00 7.977463e-01 
2.342750e+00 7.977480e-01 
2.350219e+00 7.977498e-01 
2.357688e+00 7.977515e-01 
2.365156e+00 7.977533e-01 
2.372625e+00 7.977550e-01 
2.380094e+00 7.977568e-01 
2.387563e+00 7.977586e-01 
2.395031e+00 7.977603e-01 
2.402500e+00 7.977621e-01 
2.409969e+00 7.977639e-01 
2.417438e+00 7.977656e-01 
2.424906e+00 7.977674e-01 
2.432375e+00 7.977692e-01 
2.439844e+00 7.977710e-01 
2.447313e+00 7.977728e-01 
2.454781e+00 7.977746e-01 
2.462250e+00 7.977764e-01 
2.469719e+00 7.977782e-01 
2.477188e+00 7.977800e-01 
2.484656e+00 7.977818e-01 
2.492125e+00 7.977836e-01 
2.499594e+00 7.977854e-01 
2.507063e+00 7.977872e-01 
2.514531e+00 7.977890e-01 
2.522000e+00 7.977908e-01 
2.529469e+00 7.977926e-01 
2.536938e+00 7.977945e-01 
2.544406e+00 7.977963e-01 
2.551875e+00 7.977981e-01 
2.559344e+00 7.978000e-01 
2.566813e+00 7.978018e-01 
2.574281e+00 7.978036e-01 
2.581750e+00 7.978055e-01 
2.589219e+00 7.978073e-01 
2.596688e+00 7.978092e-01 
2.604157e+00 7.978110e-01 
2.611625e+00 7.978129e-01 
2.619094e+00 7.978148e-01 
2.626563e+00 7.978166e-01 
2.634032e+00 7.978185e-01 
2.641500e+00 7.978204e-01 
2.648969e+00 7.978223e-01 
2.275531e+00 8.034956e-01 
2.283000e+00 8.034975e-01 
2.290468e+00 8.034993e-01 
2.297937e+00 8.035011e-01 
2.305406e+00 8.035030e-01 
2.312875e+00 8.035048e-01 
2.320344e+00 8.035067e-01 
2.327812e+00 8.035085e-01 
2.335281e+00 8.035104e-01 
2.342750e+00 8.035122e-01 
2.350219e+00 8.035141e-01 
2.357687e+00 8.035160e-01 
2.365156e+00 8.035178e-01 
2.372625e+00 8.035197e-01 
2.380094e+00 8.035215e-01 
2.387562e+00 8.035234e-01 
2.395031e+00 8.035253e-01 
2.402500e+00 8.035272e-01 
2.409969e+00 8.035290e-01 
2.417437e+00 8.035309e-01 
2.424906e+00 8.035328e-01 
2.432375e+00 8.035347e-01 
2.439844e+00 8.035366e-01 
2.447312e+00 8.035385e-01 
2.454781e+00 8.035404e-01 
2.462250e+00 8.035423e-01 
2.469719e+00 8.035442e-01 
2.477187e+00 8.035461e-01 
2.484656e+00 8.035480e-01 
2.492125e+00 8.035499e-01 
2.499594e+00 8.035518e-01 
2.507062e+00 8.035537e-01 
2.514531e+00 8.035557e-01 
2.522000e+00 8.035576e-01 
2.529469e+00 8.035595e-01 
2.536937e+00 8.035614e-01 
2.544406e+00 8.035634e-01 
2.551875e+00 8.035653e-01 
2.559344e+00 8.035673e-01 
2.566813e+00 8.035692e-01 
2.574281e+00 8.035712e-01 
2.581750e+00 8.035731e-01 
2.589219e+00 8.035751e-01 
2.596688e+00 8.035770e-01 
2.604156e+00 8.035790e-01 
2.611625e+00 8.035810e-01 
2.619094e+00 8.035830e-01 
2.626563e+00 8.035849e-01 
2.634031e+00 8.035869e-01 
2.641500e+00 8.035889e-01 
2.648969e+00 8.035909e-01 
2.275531e+00 8.092584e-01 
2.282999e+00 8.092603e-01 
2.290468e+00 8.092623e-01 
2.297937e+00 8.092642e-01 
2.305406e+00 8.092662e-01 
2.312874e+00 8.092681e-01 
2.320343e+00 8.092701e-01 
2.327812e+00 8.092721e-01 
2.335281e+00 8.092740e-01 
2.342750e+00 8.092760e-01 
2.350218e+00 8.092780e-01 
2.357687e+00 8.092799e-01 
2.365156e+00 8.092819e-01 
2.372625e+00 8.092839e-01 
2.380093e+00 8.092859e-01 
2.387562e+00 8.092878e-01 
2.395031e+00 8.092898e-01 
2.402500e+00 8.092918e-01 
2.409968e+00 8.092938e-01 
2.417437e+00 8.092958e-01 
2.424906e+00 8.092978e-01 
2.432375e+00 8.092998e-01 
2.439843e+00 8.093018e-01 
2.447312e+00 8.093038e-01 
2.454781e+00 8.093058e-01 
2.462250e+00 8.093078e-01 
2.469718e+00 8.093098e-01 
2.477187e+00 8.093118e-01 
2.484656e+00 8.093139e-01 
2.492125e+00 8.093159e-01 
2.499593e+00 8.093179e-01 
2.507062e+00 8.093199e-01 
2.514531e+00 8.093220e-01 
2.522000e+00 8.093240e-01 
2.529469e+00 8.093260e-01 
2.536937e+00 8.093281e-01 
2.544406e+00 8.093301e-01 
2.551875e+00 8.093322e-01 
2.559344e+00 8.093343e-01 
2.566812e+00 8.093363e-01 
2.574281e+00 8.093384e-01 
2.581750e+00 8.093404e-01 
2.589219e+00 8.093425e-01 
2.596687e+00 8.093446e-01 
2.604156e+00 8.093467e-01 
2.611625e+00 8.093488e-01 
2.619094e+00 8.093509e-01 
2.626562e+00 8.093530e-01 
2.634031e+00 8.093551e-01 
2.641500e+00 8.093572e-01 
2.648969e+00 8.093593e-01 
2.275530e+00 8.150206e-01 
2.282999e+00 8.150227e-01 
2.290468e+00 8.150247e-01 
2.297937e+00 8.150268e-01 
2.305405e+00 8.150289e-01 
2.312874e+00 8.150309e-01 
2.320343e+00 8.150330e-01 
2.327812e+00 8.150351e-01 
2.335281e+00 8.150371e-01 
2.342749e+00 8.150392e-01 
2.350218e+00 8.150413e-01 
2.357687e+00 8.150434e-01 
2.365156e+00 8.150455e-01 
2.372624e+00 8.150476e-01 
2.380093e+00 8.150497e-01 
2.387562e+00 8.150518e-01 
2.395031e+00 8.150539e-01 
2.402499e+00 8.150560e-01 
2.409968e+00 8.150581e-01 
2.417437e+00 8.150602e-01 
2.424906e+00 8.150623e-01 
2.432374e+00 8.150644e-01 
2.439843e+00 8.150665e-01 
2.447312e+00 8.150687e-01 
2.454781e+00 8.150708e-01 
2.462249e+00 8.150729e-01 
2.469718e+00 8.150750e-01 
2.477187e+00 8.150772e-01 
2.484656e+00 8.150793e-01 
2.492125e+00 8.150815e-01 
2.499593e+00 8.150836e-01 
2.507062e+00 8.150858e-01 
2.514531e+00 8.150879e-01 
2.522000e+00 8.150901e-01 
2.529468e+00 8.150922e-01 
2.536937e+00 8.150944e-01 
2.544406e+00 8.150966e-01 
2.551875e+00 8.150987e-01 
2.559343e+00 8.151009e-01 
2.566812e+00 8.151031e-01 
2.574281e+00 8.151053e-01 
2.581750e+00 8.151075e-01 
2.589218e+00 8.151097e-01 
2.596687e+00 8.151118e-01 
2.604156e+00 8.151141e-01 
2.611625e+00 8.151163e-01 
2.619094e+00 8.151185e-01 
2.626562e+00 8.151207e-01 
2.634031e+00 8.151229e-01 
2.641500e+00 8.151251e-01 
2.648969e+00 8.151274e-01 
2.275530e+00 8.207822e-01 
2.282999e+00 8.207843e-01 
2.290468e+00 8.207865e-01 
2.297936e+00 8.207887e-01 
2.305405e+00 8.207909e-01 
2.312874e+00 8.207931e-01 
2.320343e+00 8.207953e-01 
2.327812e+00 8.207975e-01 
2.335280e+00 8.207997e-01 
2.342749e+00 8.208019e-01 
2.350218e+00 8.208041e-01 
2.357687e+00 8.208063e-01 
2.365155e+00 8.208085e-01 
2.372624e+00 8.208107e-01 
2.380093e+00 8.208129e-01 
2.387562e+00 8.208152e-01 
2.395030e+00 8.208174e-01 
2.402499e+00 8.208196e-01 
2.409968e+00 8.208218e-01 
2.417437e+00 8.208241e-01 
2.424905e+00 8.208263e-01 
2.432374e+00 8.208286e-01 
2.439843e+00 8.208308e-01 
2.447312e+00 8.208330e-01 
2.454780e+00 8.208353e-01 
2.462249e+00 8.208375e-01 
2.469718e+00 8.208398e-01 
2.477187e+00 8.208421e-01 
2.484656e+00 8.208443e-01 
2.492124e+00 8.208466e-01 
2.499593e+00 8.208489e-01 
2.507062e+00 8.208511e-01 
2.514531e+00 8.208534e-01 
2.521999e+00 8.208557e-01 
2.529468e+00 8.208580e-01 
2.536937e+00 8.208603e-01 
2.544406e+00 8.208626e-01 
2.551874e+00 8.208649e-01 
2.559343e+00 8.208672e-01 
2.566812e+00 8.208695e-01 
2.574281e+00 8.208718e-01 
2.581750e+00 8.208741e-01 
2.589218e+00 8.208764e-01 
2.596687e+00 8.208788e-01 
2.604156e+00 8.208811e-01 
2.611625e+00 8.208834e-01 
2.619093e+00 8.208858e-01 
2.626562e+00 8.208881e-01 
2.634031e+00 8.208904e-01 
2.641500e+00 8.208928e-01 
2.648969e+00 8.208952e-01 
2.275530e+00 8.265430e-01 
2.282999e+00 8.265453e-01 
2.290467e+00 8.265476e-01 
2.297936e+00 8.265499e-01 
2.305405e+00 8.265522e-01 
2.312874e+00 8.265546e-01 
2.320343e+00 8.265569e-01 
2.327811e+00 8.265592e-01 
2.335280e+00 8.265616e-01 
2.342749e+00 8.265639e-01 
2.350218e+00 8.265662e-01 
2.357686e+00 8.265686e-01 
2.365155e+00 8.265709e-01 
2.372624e+00 8.265733e-01 
2.380093e+00 8.265756e-01 
2.387561e+00 8.265780e-01 
2.395030e+00 8.265803e-01 
2.402499e+00 8.265827e-01 
2.409968e+00 8.265850e-01 
2.417436e+00 8.265874e-01 
2.424905e+00 8.265898e-01 
2.432374e+00 8.265921e-01 
2.439843e+00 8.265945e-01 
2.447312e+00 8.265969e-01 
2.454780e+00 8.265993e-01 
2.462249e+00 8.266017e-01 
2.469718e+00 8.266040e-01 
2.477187e+00 8.266064e-01 
2.484655e+00 8.266088e-01 
2.492124e+00 8.266112e-01 
2.499593e+00 8.266136e-01 
2.507062e+00 8.266160e-01 
2.514530e+00 8.266185e-01 
2.521999e+00 8.266209e-01 
2.529468e+00 8.266233e-01 
2.536937e+00 8.266257e-01 
2.544406e+00 8.266281e-01 
2.551874e+00 8.266306e-01 
2.559343e+00 8.266330e-01 
2.566812e+00 8.266355e-01 
2.574281e+00 8.266379e-01 
2.581749e+00 8.266404e-01 
2.589218e+00 8.266428e-01 
2.596687e+00 8.266453e-01 
2.604156e+00 8.266477e-01 
2.611625e+00 8.266502e-01 
2.619093e+00 8.266527e-01 
2.626562e+00 8.266552e-01 
2.634031e+00 8.266576e-01 
2.641500e+00 8.266601e-01 
2.648968e+00 8.266626e-01 
2.275530e+00 8.323030e-01 
2.282998e+00 8.323054e-01 
2.290467e+00 8.323079e-01 
2.297936e+00 8.323104e-01 
2.305405e+00 8.323128e-01 
2.312874e+00 8.323153e-01 
2.320342e+00 8.323177e-01 
2.327811e+00 8.323202e-01 
2.335280e+00 8.323227e-01 
2.342749e+00 8.323252e-01 
2.350217e+00 8.323276e-01 
2.357686e+00 8.323301e-01 
2.365155e+00 8.323326e-01 
2.372624e+00 8.323351e-01 
2.380092e+00 8.323376e-01 
2.387561e+00 8.323401e-01 
2.395030e+00 8.323426e-01 
2.402499e+00 8.323451e-01 
2.409968e+00 8.323476e-01 
2.417436e+00 8.323501e-01 
2.424905e+00 8.323526e-01 
2.432374e+00 8.323551e-01 
2.439843e+00 8.323576e-01 
2.447311e+00 8.323601e-01 
2.454780e+00 8.323626e-01 
2.462249e+00 8.323652e-01 
2.469718e+00 8.323677e-01 
2.477186e+00 8.323702e-01 
2.484655e+00 8.323728e-01 
2.492124e+00 8.323753e-01 
2.499593e+00 8.323779e-01 
2.507062e+00 8.323804e-01 
2.514530e+00 8.323830e-01 
2.521999e+00 8.323855e-01 
2.529468e+00 8.323881e-01 
2.536937e+00 8.323907e-01 
2.544405e+00 8.323932e-01 
2.551874e+00 8.323958e-01 
2.559343e+00 8.323984e-01 
2.566812e+00 8.324010e-01 
2.574280e+00 8.324036e-01 
2.581749e+00 8.324062e-01 
2.589218e+00 8.324088e-01 
2.596687e+00 8.324114e-01 
2.604156e+00 8.324140e-01 
2.611624e+00 8.324166e-01 
2.619093e+00 8.324192e-01 
2.626562e+00 8.324218e-01 
2.634031e+00 8.324244e-01 
2.641499e+00 8.324271e-01 
2.648968e+00 8.324297e-01 
2.275529e+00 8.380621e-01 
2.282998e+00 8.380647e-01 
2.290467e+00 8.380673e-01 
2.297936e+00 8.380699e-01 
2.305405e+00 8.380725e-01 
2.312873e+00 8.380751e-01 
2.320342e+00 8.380777e-01 
2.327811e+00 8.380803e-01 
2.335280e+00 8.380830e-01 
2.342748e+00 8.380856e-01 
2.350217e+00 8.380882e-01 
2.357686e+00 8.380908e-01 
2.365155e+00 8.380935e-01 
2.372623e+00 8.380961e-01 
2.380092e+00 8.380988e-01 
2.387561e+00 8.381014e-01 
2.395030e+00 8.381040e-01 
2.402499e+00 8.381067e-01 
2.409967e+00 8.381093e-01 
2.417436e+00 8.381120e-01 
2.424905e+00 8.381147e-01 
2.432374e+00 8.381173e-01 
2.439842e+00 8.381200e-01 
2.447311e+00 8.381227e-01 
2.454780e+00 8.381253e-01 
2.462249e+00 8.381280e-01 
2.469717e+00 8.381307e-01 
2.477186e+00 8.381334e-01 
2.484655e+00 8.381361e-01 
2.492124e+00 8.381388e-01 
2.499593e+00 8.381415e-01 
2.507061e+00 8.381442e-01 
2.514530e+00 8.381469e-01 
2.521999e+00 8.381496e-01 
2.529468e+00 8.381523e-01 
2.536936e+00 8.381550e-01 
2.544405e+00 8.381578e-01 
2.551874e+00 8.381605e-01 
2.559343e+00 8.381632e-01 
2.566812e+00 8.381660e-01 
2.574280e+00 8.381687e-01 
2.581749e+00 8.381714e-01 
2.589218e+00 8.381742e-01 
2.596687e+00 8.381770e-01 
2.604155e+00 8.381797e-01 
2.611624e+00 8.381825e-01 
2.619093e+00 8.381853e-01 
2.626562e+00 8.381880e-01 
2.634031e+00 8.381908e-01 
2.641499e+00 8.381936e-01 
2.648968e+00 8.381964e-01 
2.275529e+00 8.438201e-01 
2.282998e+00 8.438229e-01 
2.290467e+00 8.438256e-01 
2.297936e+00 8.438284e-01 
2.305404e+00 8.438312e-01 
2.312873e+00 8.438340e-01 
2.320342e+00 8.438367e-01 
2.327811e+00 8.438395e-01 
2.335279e+00 8.438423e-01 
2.342748e+00 8.438451e-01 
2.350217e+00 8.438479e-01 
2.357686e+00 8.438507e-01 
2.365155e+00 8.438535e-01 
2.372623e+00 8.438563e-01 
2.380092e+00 8.438591e-01 
2.387561e+00 8.438619e-01 
2.395030e+00 8.438647e-01 
2.402498e+00 8.438675e-01 
2.409967e+00 8.438703e-01 
2.417436e+00 8.438731e-01 
2.424905e+00 8.438759e-01 
2.432373e+00 8.438788e-01 
2.439842e+00 8.438816e-01 
2.447311e+00 8.438844e-01 
2.454780e+00 8.438873e-01 
2.462249e+00 8.438901e-01 
2.469717e+00 8.438930e-01 
2.477186e+00 8.438958e-01 
2.484655e+00 8.438987e-01 
2.492124e+00 8.439015e-01 
2.499592e+00 8.439044e-01 
2.507061e+00 8.439073e-01 
2.514530e+00 8.439101e-01 
2.521999e+00 8.439130e-01 
2.529468e+00 8.439159e-01 
2.536936e+00 8.439188e-01 
2.544405e+00 8.439217e-01 
2.551874e+00 8.439245e-01 
2.559343e+00 8.439274e-01 
2.566811e+00 8.439303e-01 
2.574280e+00 8.439333e-01 
2.581749e+00 8.439362e-01 
2.589218e+00 8.439391e-01 
2.596687e+00 8.439420e-01 
2.604155e+00 8.439449e-01 
2.611624e+00 8.439479e-01 
2.619093e+00 8.439508e-01 
2.626562e+00 8.439537e-01 
2.634030e+00 8.439567e-01 
2.641499e+00 8.439596e-01 
2.648968e+00 8.439626e-01 
2.275529e+00 8.495769e-01 
2.282998e+00 8.495799e-01 
2.290467e+00 8.495828e-01 
2.297935e+00 8.495858e-01 
2.305404e+00 8.495887e-01 
2.312873e+00 8.495917e-01 
2.320342e+00 8.495946e-01 
2.327810e+00 8.495976e-01 
2.335279e+00 8.496005e-01 
2.342748e+00 8.496035e-01 
2.350217e+00 8.496064e-01 
2.357686e+00 8.496094e-01 
2.365154e+00 8.496124e-01 
2.372623e+00 8.496154e-01 
2.380092e+00 8.496183e-01 
2.387561e+00 8.496213e-01 
2.395029e+00 8.496243e-01 
2.402498e+00 8.496273e-01 
2.409967e+00 8.496303e-01 
2.417436e+00 8.496333e-01 
2.424905e+00 8.496363e-01 
2.432373e+00 8.496393e-01 
2.439842e+00 8.496423e-01 
2.447311e+00 8.496453e-01 
2.454780e+00 8.496483e-01 
2.462248e+00 8.496513e-01 
2.469717e+00 8.496544e-01 
2.477186e+00 8.496574e-01 
2.484655e+00 8.496604e-01 
2.492124e+00 8.496635e-01 
2.499592e+00 8.496665e-01 
2.507061e+00 8.496695e-01 
2.514530e+00 8.496726e-01 
2.521999e+00 8.496756e-01 
2.529467e+00 8.496787e-01 
2.536936e+00 8.496818e-01 
2.544405e+00 8.496848e-01 
2.551874e+00 8.496879e-01 
2.559343e+00 8.496910e-01 
2.566811e+00 8.496941e-01 
2.574280e+00 8.496971e-01 
2.581749e+00 8.497002e-01 
2.589218e+00 8.497033e-01 
2.596686e+00 8.497064e-01 
2.604155e+00 8.497095e-01 
2.611624e+00 8.497126e-01 
2.619093e+00 8.497157e-01 
2.626562e+00 8.497189e-01 
2.634030e+00 8.497220e-01 
2.641499e+00 8.497251e-01 
2.648968e+00 8.497283e-01 
2.275529e+00 8.553325e-01 
2.282998e+00 8.553356e-01 
2.290466e+00 8.553388e-01 
2.297935e+00 8.553419e-01 
2.305404e+00 8.553450e-01 
2.312873e+00 8.553482e-01 
2.320341e+00 8.553513e-01 
2.327810e+00 8.553545e-01 
2.335279e+00 8.553576e-01 
2.342748e+00 8.553608e-01 
2.350217e+00 8.553639e-01 
2.357685e+00 8.553671e-01 
2.365154e+00 8.553702e-01 
2.372623e+00 8.553734e-01 
2.380092e+00 8.553766e-01 
2.387560e+00 8.553797e-01 
2.395029e+00 8.553829e-01 
2.402498e+00 8.553861e-01 
2.409967e+00 8.553893e-01 
2.417436e+00 8.553925e-01 
2.424904e+00 8.553957e-01 
2.432373e+00 8.553988e-01 
2.439842e+00 8.554020e-01 
2.447311e+00 8.554052e-01 
2.454779e+00 8.554085e-01 
2.462248e+00 8.554117e-01 
2.469717e+00 8.554149e-01 
2.477186e+00 8.554181e-01 
2.484655e+00 8.554213e-01 
2.492123e+00 8.554245e-01 
2.499592e+00 8.554278e-01 
2.507061e+00 8.554310e-01 
2.514530e+00 8.554342e-01 
2.521998e+00 8.554375e-01 
2.529467e+00 8.554407e-01 
2.536936e+00 8.554440e-01 
2.544405e+00 8.554473e-01 
2.551874e+00 8.554505e-01 
2.559342e+00 8.554538e-01 
2.566811e+00 8.554571e-01 
2.574280e+00 8.554603e-01 
2.581749e+00 8.554636e-01 
2.589218e+00 8.554669e-01 
2.596686e+00 8.554702e-01 
2.604155e+00 8.554735e-01 
2.611624e+00 8.554768e-01 
2.619093e+00 8.554801e-01 
2.626561e+00 8.554834e-01 
2.634030e+00 8.554867e-01 
2.641499e+00 8.554901e-01 
2.648968e+00 8.554934e-01 
2.275529e+00 8.610867e-01 
2.282997e+00 8.610900e-01 
2.290466e+00 8.610933e-01 
2.297935e+00 8.610967e-01 
2.305404e+00 8.611000e-01 
2.312873e+00 8.611034e-01 
2.320341e+00 8.611067e-01 
2.327810e+00 8.611101e-01 
2.335279e+00 8.611134e-01 
2.342748e+00 8.611168e-01 
2.350216e+00 8.611201e-01 
2.357685e+00 8.611235e-01 
2.365154e+00 8.611269e-01 
2.372623e+00 8.611302e-01 
2.380092e+00 8.611336e-01 
2.387560e+00 8.611370e-01 
2.395029e+00 8.611404e-01 
2.402498e+00 8.611438e-01 
2.409967e+00 8.611471e-01 
2.417435e+00 8.611505e-01 
2.424904e+00 8.611539e-01 
2.432373e+00 8.611573e-01 
2.439842e+00 8.611607e-01 
2.447311e+00 8.611642e-01 
2.454779e+00 8.611676e-01 
2.462248e+00 8.611710e-01 
2.469717e+00 8.611744e-01 
2.477186e+00 8.611778e-01 
2.484654e+00 8.611813e-01 
2.492123e+00 8.611847e-01 
2.499592e+00 8.611881e-01 
2.507061e+00 8.611916e-01 
2.514530e+00 8.611950e-01 
2.521998e+00 8.611985e-01 
2.529467e+00 8.612019e-01 
2.536936e+00 8.612054e-01 
2.544405e+00 8.612089e-01 
2.551873e+00 8.612123e-01 
2.559342e+00 8.612158e-01 
2.566811e+00 8.612193e-01 
2.574280e+00 8.612228e-01 
2.581749e+00 8.612263e-01 
2.589217e+00 8.612297e-01 
2.596686e+00 8.612332e-01 
2.604155e+00 8.612367e-01 
2.611624e+00 8.612403e-01 
2.619093e+00 8.612438e-01 
2.626561e+00 8.612473e-01 
2.634030e+00 8.612508e-01 
2.641499e+00 8.612543e-01 
2.648968e+00 8.612579e-01 
2.275528e+00 8.668393e-01 
2.282997e+00 8.668429e-01 
2.290466e+00 8.668465e-01 
2.297935e+00 8.668500e-01 
2.305404e+00 8.668536e-01 
2.312872e+00 8.668571e-01 
2.320341e+00 8.668607e-01 
2.327810e+00 8.668643e-01 
2.335279e+00 8.668679e-01 
2.342747e+00 8.668715e-01 
2.350216e+00 8.668750e-01 
2.357685e+00 8.668786e-01 
2.365154e+00 8.668822e-01 
2.372623e+00 8.668858e-01 
2.380091e+00 8.668894e-01 
2.387560e+00 8.668930e-01 
2.395029e+00 8.668966e-01 
2.402498e+00 8.669002e-01 
2.409967e+00 8.669039e-01 
2.417435e+00 8.669075e-01 
2.424904e+00 8.669111e-01 
2.432373e+00 8.669147e-01 
2.439842e+00 8.669184e-01 
2.447310e+00 8.669220e-01 
2.454779e+00 8.669256e-01 
2.462248e+00 8.669293e-01 
2.469717e+00 8.669329e-01 
2.477186e+00 8.669366e-01 
2.484654e+00 8.669402e-01 
2.492123e+00 8.669439e-01 
2.499592e+00 8.669475e-01 
2.507061e+00 8.669512e-01 
2.514529e+00 8.669549e-01 
2.521998e+00 8.669585e-01 
2.529467e+00 8.669622e-01 
2.536936e+00 8.669659e-01 
2.544405e+00 8.669696e-01 
2.551873e+00 8.669733e-01 
2.559342e+00 8.669770e-01 
2.566811e+00 8.669807e-01 
2.574280e+00 8.669844e-01 
2.581749e+00 8.669881e-01 
2.589217e+00 8.669918e-01 
2.596686e+00 8.669956e-01 
2.604155e+00 8.669993e-01 
2.611624e+00 8.670030e-01 
2.619092e+00 8.670068e-01 
2.626561e+00 8.670105e-01 
2.634030e+00 8.670142e-01 
2.641499e+00 8.670180e-01 
2.648968e+00 8.670218e-01 
2.275528e+00 8.725903e-01 
2.282997e+00 8.725941e-01 
2.290466e+00 8.725979e-01 
2.297935e+00 8.726017e-01 
2.305403e+00 8.726055e-01 
2.312872e+00 8.726093e-01 
2.320341e+00 8.726132e-01 
2.327810e+00 8.726170e-01 
2.335279e+00 8.726208e-01 
2.342747e+00 8.726246e-01 
2.350216e+00 8.726285e-01 
2.357685e+00 8.726323e-01 
2.365154e+00 8.726361e-01 
2.372622e+00 8.726400e-01 
2.380091e+00 8.726438e-01 
2.387560e+00 8.726477e-01 
2.395029e+00 8.726515e-01 
2.402498e+00 8.726554e-01 
2.409966e+00 8.726592e-01 
2.417435e+00 8.726631e-01 
2.424904e+00 8.726670e-01 
2.432373e+00 8.726708e-01 
2.439842e+00 8.726747e-01 
2.447310e+00 8.726786e-01 
2.454779e+00 8.726825e-01 
2.462248e+00 8.726863e-01 
2.469717e+00 8.726902e-01 
2.477185e+00 8.726941e-01 
2.484654e+00 8.726980e-01 
2.492123e+00 8.727019e-01 
2.499592e+00 8.727058e-01 
2.507061e+00 8.727097e-01 
2.514529e+00 8.727137e-01 
2.521998e+00 8.727176e-01 
2.529467e+00 8.727215e-01 
2.536936e+00 8.727254e-01 
2.544404e+00 8.727293e-01 
2.551873e+00 8.727333e-01 
2.559342e+00 8.727372e-01 
2.566811e+00 8.727412e-01 
2.574280e+00 8.727451e-01 
2.581748e+00 8.727491e-01 
2.589217e+00 8.727530e-01 
2.596686e+00 8.727570e-01 
2.604155e+00 8.727610e-01 
2.611624e+00 8.727649e-01 
2.619092e+00 8.727689e-01 
2.626561e+00 8.727729e-01 
2.634030e+00 8.727769e-01 
2.641499e+00 8.727809e-01 
2.648968e+00 8.727849e-01 
2.275528e+00 8.783396e-01 
2.282997e+00 8.783437e-01 
2.290466e+00 8.783477e-01 
2.297934e+00 8.783518e-01 
2.305403e+00 8.783559e-01 
2.312872e+00 8.783599e-01 
2.320341e+00 8.783640e-01 
2.327810e+00 8.783681e-01 
2.335278e+00 8.783722e-01 
2.342747e+00 8.783763e-01 
2.350216e+00 8.783804e-01 
2.357685e+00 8.783845e-01 
2.365154e+00 8.783886e-01 
2.372622e+00 8.783927e-01 
2.380091e+00 8.783968e-01 
2.387560e+00 8.784009e-01 
2.395029e+00 8.784050e-01 
2.402497e+00 8.784091e-01 
2.409966e+00 8.784133e-01 
2.417435e+00 8.784174e-01 
2.424904e+00 8.784215e-01 
2.432373e+00 8.784257e-01 
2.439841e+00 8.784298e-01 
2.447310e+00 8.784339e-01 
2.454779e+00 8.784381e-01 
2.462248e+00 8.784422e-01 
2.469717e+00 8.784464e-01 
2.477185e+00 8.784505e-01 
2.484654e+00 8.784547e-01 
2.492123e+00 8.784589e-01 
2.499592e+00 8.784630e-01 
2.507060e+00 8.784672e-01 
2.514529e+00 8.784714e-01 
2.521998e+00 8.784756e-01 
2.529467e+00 8.784797e-01 
2.536936e+00 8.784839e-01 
2.544404e+00 8.784881e-01 
2.551873e+00 8.784923e-01 
2.559342e+00 8.784965e-01 
2.566811e+00 8.785007e-01 
2.574280e+00 8.785050e-01 
2.581748e+00 8.785092e-01 
2.589217e+00 8.785134e-01 
2.596686e+00 8.785176e-01 
2.604155e+00 8.785218e-01 
2.611623e+00 8.785261e-01 
2.619092e+00 8.785303e-01 
2.626561e+00 8.785346e-01 
2.634030e+00 8.785388e-01 
2.641499e+00 8.785431e-01 
2.648967e+00 8.785473e-01 
2.275528e+00 8.840870e-01 
2.282997e+00 8.840913e-01 
2.290466e+00 8.840957e-01 
2.297934e+00 8.841001e-01 
2.305403e+00 8.841044e-01 
2.312872e+00 8.841088e-01 
2.320341e+00 8.841131e-01 
2.327809e+00 8.841175e-01 
2.335278e+00 8.841219e-01 
2.342747e+00 8.841263e-01 
2.350216e+00 8.841307e-01 
2.357685e+00 8.841350e-01 
2.365153e+00 8.841394e-01 
2.372622e+00 8.841438e-01 
2.380091e+00 8.841482e-01 
2.387560e+00 8.841526e-01 
2.395029e+00 8.841570e-01 
2.402497e+00 8.841614e-01 
2.409966e+00 8.841658e-01 
2.417435e+00 8.841702e-01 
2.424904e+00 8.841747e-01 
2.432372e+00 8.841791e-01 
2.439841e+00 8.841835e-01 
2.447310e+00 8.841879e-01 
2.454779e+00 8.841924e-01 
2.462248e+00 8.841968e-01 
2.469716e+00 8.842012e-01 
2.477185e+00 8.842057e-01 
2.484654e+00 8.842101e-01 
2.492123e+00 8.842146e-01 
2.499592e+00 8.842190e-01 
2.507060e+00 8.842235e-01 
2.514529e+00 8.842279e-01 
2.521998e+00 8.842324e-01 
2.529467e+00 8.842369e-01 
2.536935e+00 8.842414e-01 
2.544404e+00 8.842458e-01 
2.551873e+00 8.842503e-01 
2.559342e+00 8.842548e-01 
2.566811e+00 8.842593e-01 
2.574279e+00 8.842638e-01 
2.581748e+00 8.842683e-01 
2.589217e+00 8.842728e-01 
2.596686e+00 8.842773e-01 
2.604155e+00 8.842818e-01 
2.611623e+00 8.842863e-01 
2.619092e+00 8.842909e-01 
2.626561e+00 8.842954e-01 
2.634030e+00 8.842999e-01 
2.641499e+00 8.843045e-01 
2.648967e+00 8.843090e-01 
2.275528e+00 8.898325e-01 
2.282997e+00 8.898371e-01 
2.290465e+00 8.898418e-01 
2.297934e+00 8.898465e-01 
2.305403e+00 8.898511e-01 
2.312872e+00 8.898558e-01 
2.320341e+00 8.898605e-01 
2.327809e+00 8.898652e-01 
2.335278e+00 8.898699e-01 
2.342747e+00 8.898746e-01 
2.350216e+00 8.898792e-01 
2.357684e+00 8.898839e-01 
2.365153e+00 8.898886e-01 
2.372622e+00 8.898933e-01 
2.380091e+00 8.898980e-01 
2.387560e+00 8.899028e-01 
2.395028e+00 8.899075e-01 
2.402497e+00 8.899122e-01 
2.409966e+00 8.899169e-01 
2.417435e+00 8.899216e-01 
2.424904e+00 8.899264e-01 
2.432372e+00 8.899311e-01 
2.439841e+00 8.899358e-01 
2.447310e+00 8.899406e-01 
2.454779e+00 8.899453e-01 
2.462248e+00 8.899500e-01 
2.469716e+00 8.899548e-01 
2.477185e+00 8.899595e-01 
2.484654e+00 8.899643e-01 
2.492123e+00 8.899690e-01 
2.499591e+00 8.899738e-01 
2.507060e+00 8.899786e-01 
2.514529e+00 8.899833e-01 
2.521998e+00 8.899881e-01 
2.529467e+00 8.899929e-01 
2.536935e+00 8.899977e-01 
2.544404e+00 8.900025e-01 
2.551873e+00 8.900072e-01 
2.559342e+00 8.900120e-01 
2.566811e+00 8.900168e-01 
2.574279e+00 8.900216e-01 
2.581748e+00 8.900264e-01 
2.589217e+00 8.900312e-01 
2.596686e+00 8.900361e-01 
2.604155e+00 8.900409e-01 
2.611623e+00 8.900457e-01 
2.619092e+00 8.900505e-01 
2.626561e+00 8.900554e-01 
2.634030e+00 8.900602e-01 
2.641498e+00 8.900650e-01 
2.648967e+00 8.900699e-01 
2.275528e+00 8.955758e-01 
2.282997e+00 8.955808e-01 
2.290465e+00 8.955858e-01 
2.297934e+00 8.955908e-01 
2.305403e+00 8.955958e-01 
2.312872e+00 8.956008e-01 
2.320340e+00 8.956059e-01 
2.327809e+00 8.956109e-01 
2.335278e+00 8.956159e-01 
2.342747e+00 8.956209e-01 
2.350216e+00 8.956260e-01 
2.357684e+00 8.956310e-01 
2.365153e+00 8.956360e-01 
2.372622e+00 8.956411e-01 
2.380091e+00 8.956461e-01 
2.387560e+00 8.956511e-01 
2.395028e+00 8.956562e-01 
2.402497e+00 8.956612e-01 
2.409966e+00 8.956663e-01 
2.417435e+00 8.956714e-01 
2.424903e+00 8.956764e-01 
2.432372e+00 8.956815e-01 
2.439841e+00 8.956866e-01 
2.447310e+00 8.956916e-01 
2.454779e+00 8.956967e-01 
2.462247e+00 8.957018e-01 
2.469716e+00 8.957069e-01 
2.477185e+00 8.957119e-01 
2.484654e+00 8.957170e-01 
2.492123e+00 8.957221e-01 
2.499591e+00 8.957272e-01 
2.507060e+00 8.957323e-01 
2.514529e+00 8.957374e-01 
2.521998e+00 8.957425e-01 
2.529467e+00 8.957476e-01 
2.536935e+00 8.957527e-01 
2.544404e+00 8.957579e-01 
2.551873e+00 8.957630e-01 
2.559342e+00 8.957681e-01 
2.566810e+00 8.957732e-01 
2.574279e+00 8.957784e-01 
2.581748e+00 8.957835e-01 
2.589217e+00 8.957886e-01 
2.596686e+00 8.957938e-01 
2.604154e+00 8.957989e-01 
2.611623e+00 8.958041e-01 
2.619092e+00 8.958092e-01 
2.626561e+00 8.958144e-01 
2.634030e+00 8.958195e-01 
2.641498e+00 8.958247e-01 
2.648967e+00 8.958299e-01 
2.275528e+00 9.013171e-01 
2.282996e+00 9.013225e-01 
2.290465e+00 9.013278e-01 
2.297934e+00 9.013332e-01 
2.305403e+00 9.013386e-01 
2.312872e+00 9.013440e-01 
2.320340e+00 9.013493e-01 
2.327809e+00 9.013547e-01 
2.335278e+00 9.013601e-01 
2.342747e+00 9.013655e-01 
2.350215e+00 9.013709e-01 
2.357684e+00 9.013763e-01 
2.365153e+00 9.013817e-01 
2.372622e+00 9.013871e-01 
2.380091e+00 9.013925e-01 
2.387559e+00 9.013979e-01 
2.395028e+00 9.014033e-01 
2.402497e+00 9.014087e-01 
2.409966e+00 9.014141e-01 
2.417435e+00 9.014196e-01 
2.424903e+00 9.014250e-01 
2.432372e+00 9.014304e-01 
2.439841e+00 9.014358e-01 
2.447310e+00 9.014413e-01 
2.454779e+00 9.014467e-01 
2.462247e+00 9.014521e-01 
2.469716e+00 9.014576e-01 
2.477185e+00 9.014630e-01 
2.484654e+00 9.014684e-01 
2.492122e+00 9.014739e-01 
2.499591e+00 9.014793e-01 
2.507060e+00 9.014848e-01 
2.514529e+00 9.014903e-01 
2.521998e+00 9.014957e-01 
2.529466e+00 9.015012e-01 
2.536935e+00 9.015066e-01 
2.544404e+00 9.015121e-01 
2.551873e+00 9.015176e-01 
2.559342e+00 9.015231e-01 
2.566810e+00 9.015285e-01 
2.574279e+00 9.015340e-01 
2.581748e+00 9.015395e-01 
2.589217e+00 9.015450e-01 
2.596686e+00 9.015505e-01 
2.604154e+00 9.015560e-01 
2.611623e+00 9.015615e-01 
2.619092e+00 9.015670e-01 
2.626561e+00 9.015725e-01 
2.634030e+00 9.015780e-01 
2.641498e+00 9.015835e-01 
2.648967e+00 9.015890e-01 
2.275527e+00 9.070563e-01 
2.282996e+00 9.070621e-01 
2.290465e+00 9.070678e-01 
2.297934e+00 9.070736e-01 
2.305403e+00 9.070794e-01 
2.312871e+00 9.070851e-01 
2.320340e+00 9.070909e-01 
2.327809e+00 9.070967e-01 
2.335278e+00 9.071025e-01 
2.342747e+00 9.071082e-01 
2.350215e+00 9.071140e-01 
2.357684e+00 9.071198e-01 
2.365153e+00 9.071256e-01 
2.372622e+00 9.071314e-01 
2.380091e+00 9.071371e-01 
2.387559e+00 9.071429e-01 
2.395028e+00 9.071487e-01 
2.402497e+00 9.071545e-01 
2.409966e+00 9.071603e-01 
2.417434e+00 9.071661e-01 
2.424903e+00 9.071719e-01 
2.432372e+00 9.071778e-01 
2.439841e+00 9.071836e-01 
2.447310e+00 9.071894e-01 
2.454778e+00 9.071952e-01 
2.462247e+00 9.072010e-01 
2.469716e+00 9.072068e-01 
2.477185e+00 9.072127e-01 
2.484654e+00 9.072185e-01 
2.492122e+00 9.072243e-01 
2.499591e+00 9.072301e-01 
2.507060e+00 9.072360e-01 
2.514529e+00 9.072418e-01 
2.521998e+00 9.072477e-01 
2.529466e+00 9.072535e-01 
2.536935e+00 9.072593e-01 
2.544404e+00 9.072652e-01 
2.551873e+00 9.072710e-01 
2.559342e+00 9.072769e-01 
2.566810e+00 9.072828e-01 
2.574279e+00 9.072886e-01 
2.581748e+00 9.072945e-01 
2.589217e+00 9.073003e-01 
2.596685e+00 9.073062e-01 
2.604154e+00 9.073121e-01 
2.611623e+00 9.073179e-01 
2.619092e+00 9.073238e-01 
2.626561e+00 9.073297e-01 
2.634029e+00 9.073356e-01 
2.641498e+00 9.073415e-01 
2.648967e+00 9.073473e-01 
2.275527e+00 9.127936e-01 
2.282996e+00 9.127998e-01 
2.290465e+00 9.128060e-01 
2.297934e+00 9.128121e-01 
2.305403e+00 9.128183e-01 
2.312871e+00 9.128245e-01 
2.320340e+00 9.128307e-01 
2.327809e+00 9.128369e-01 
2.335278e+00 9.128431e-01 
2.342746e+00 9.128492e-01 
2.350215e+00 9.128554e-01 
2.357684e+00 9.128616e-01 
2.365153e+00 9.128678e-01 
2.372622e+00 9.128740e-01 
2.380090e+00 9.128802e-01 
2.387559e+00 9.128864e-01 
2.395028e+00 9.128926e-01 
2.402497e+00 9.128988e-01 
2.409966e+00 9.129051e-01 
2.417434e+00 9.129113e-01 
2.424903e+00 9.129175e-01 
2.432372e+00 9.129237e-01 
2.439841e+00 9.129299e-01 
2.447310e+00 9.129361e-01 
2.454778e+00 9.129424e-01 
2.462247e+00 9.129486e-01 
2.469716e+00 9.129548e-01 
2.477185e+00 9.129610e-01 
2.484654e+00 9.129673e-01 
2.492122e+00 9.129735e-01 
2.499591e+00 9.129797e-01 
2.507060e+00 9.129860e-01 
2.514529e+00 9.129922e-01 
2.521997e+00 9.129985e-01 
2.529466e+00 9.130047e-01 
2.536935e+00 9.130110e-01 
2.544404e+00 9.130172e-01 
2.551873e+00 9.130235e-01 
2.559341e+00 9.130297e-01 
2.566810e+00 9.130360e-01 
2.574279e+00 9.130422e-01 
2.581748e+00 9.130485e-01 
2.589217e+00 9.130548e-01 
2.596685e+00 9.130610e-01 
2.604154e+00 9.130673e-01 
2.611623e+00 9.130735e-01 
2.619092e+00 9.130798e-01 
2.626561e+00 9.130861e-01 
2.634029e+00 9.130924e-01 
2.641498e+00 9.130986e-01 
2.648967e+00 9.131049e-01 
2.275527e+00 9.185290e-01 
2.282996e+00 9.185356e-01 
2.290465e+00 9.185422e-01 
2.297934e+00 9.185488e-01 
2.305402e+00 9.185554e-01 
2.312871e+00 9.185621e-01 
2.320340e+00 9.185687e-01 
2.327809e+00 9.185753e-01 
2.335278e+00 9.185819e-01 
2.342746e+00 9.185886e-01 
2.350215e+00 9.185952e-01 
2.357684e+00 9.186018e-01 
2.365153e+00 9.186084e-01 
2.372622e+00 9.186151e-01 
2.380090e+00 9.186217e-01 
2.387559e+00 9.186284e-01 
2.395028e+00 9.186350e-01 
2.402497e+00 9.186416e-01 
2.409966e+00 9.186483e-01 
2.417434e+00 9.186549e-01 
2.424903e+00 9.186616e-01 
2.432372e+00 9.186682e-01 
2.439841e+00 9.186749e-01 
2.447309e+00 9.186815e-01 
2.454778e+00 9.186882e-01 
2.462247e+00 9.186948e-01 
2.469716e+00 9.187015e-01 
2.477185e+00 9.187082e-01 
2.484653e+00 9.187148e-01 
2.492122e+00 9.187215e-01 
2.499591e+00 9.187281e-01 
2.507060e+00 9.187348e-01 
2.514529e+00 9.187415e-01 
2.521997e+00 9.187481e-01 
2.529466e+00 9.187548e-01 
2.536935e+00 9.187615e-01 
2.544404e+00 9.187682e-01 
2.551873e+00 9.187748e-01 
2.559341e+00 9.187815e-01 
2.566810e+00 9.187882e-01 
2.574279e+00 9.187949e-01 
2.581748e+00 9.188016e-01 
2.589217e+00 9.188082e-01 
2.596685e+00 9.188149e-01 
2.604154e+00 9.188216e-01 
2.611623e+00 9.188283e-01 
2.619092e+00 9.188350e-01 
2.626561e+00 9.188417e-01 
2.634029e+00 9.188483e-01 
2.641498e+00 9.188550e-01 
2.648967e+00 9.188617e-01 
2.275527e+00 9.242629e-01 
2.282996e+00 9.242700e-01 
2.290465e+00 9.242770e-01 
2.297934e+00 9.242841e-01 
2.305402e+00 9.242912e-01 
2.312871e+00 9.242983e-01 
2.320340e+00 9.243053e-01 
2.327809e+00 9.243124e-01 
2.335277e+00 9.243195e-01 
2.342746e+00 9.243266e-01 
2.350215e+00 9.243337e-01 
2.357684e+00 9.243408e-01 
2.365153e+00 9.243479e-01 
2.372621e+00 9.243549e-01 
2.380090e+00 9.243620e-01 
2.387559e+00 9.243691e-01 
2.395028e+00 9.243762e-01 
2.402497e+00 9.243833e-01 
2.409965e+00 9.243904e-01 
2.417434e+00 9.243975e-01 
2.424903e+00 9.244046e-01 
2.432372e+00 9.244117e-01 
2.439841e+00 9.244188e-01 
2.447309e+00 9.244259e-01 
2.454778e+00 9.244330e-01 
2.462247e+00 9.244401e-01 
2.469716e+00 9.244472e-01 
2.477185e+00 9.244543e-01 
2.484653e+00 9.244615e-01 
2.492122e+00 9.244686e-01 
2.499591e+00 9.244757e-01 
2.507060e+00 9.244828e-01 
2.514529e+00 9.244899e-01 
2.521997e+00 9.244970e-01 
2.529466e+00 9.245041e-01 
2.536935e+00 9.245112e-01 
2.544404e+00 9.245184e-01 
2.551873e+00 9.245255e-01 
2.559341e+00 9.245326e-01 
2.566810e+00 9.245397e-01 
2.574279e+00 9.245468e-01 
2.581748e+00 9.245540e-01 
2.589216e+00 9.245611e-01 
2.596685e+00 9.245682e-01 
2.604154e+00 9.245753e-01 
2.611623e+00 9.245824e-01 
2.619092e+00 9.245896e-01 
2.626560e+00 9.245967e-01 
2.634029e+00 9.246038e-01 
2.641498e+00 9.246109e-01 
2.648967e+00 9.246180e-01 
2.275527e+00 9.299957e-01 
2.282996e+00 9.300033e-01 
2.290465e+00 9.300108e-01 
2.297933e+00 9.300184e-01 
2.305402e+00 9.300259e-01 
2.312871e+00 9.300335e-01 
2.320340e+00 9.300410e-01 
2.327809e+00 9.300486e-01 
2.335277e+00 9.300562e-01 
2.342746e+00 9.300637e-01 
2.350215e+00 9.300713e-01 
2.357684e+00 9.300788e-01 
2.365153e+00 9.300864e-01 
2.372621e+00 9.300940e-01 
2.380090e+00 9.301015e-01 
2.387559e+00 9.301091e-01 
2.395028e+00 9.301167e-01 
2.402497e+00 9.301242e-01 
2.409965e+00 9.301318e-01 
2.417434e+00 9.301394e-01 
2.424903e+00 9.301469e-01 
2.432372e+00 9.301545e-01 
2.439841e+00 9.301621e-01 
2.447309e+00 9.301696e-01 
2.454778e+00 9.301772e-01 
2.462247e+00 9.301848e-01 
2.469716e+00 9.301923e-01 
2.477184e+00 9.301999e-01 
2.484653e+00 9.302075e-01 
2.492122e+00 9.302151e-01 
2.499591e+00 9.302226e-01 
2.507060e+00 9.302302e-01 
2.514528e+00 9.302378e-01 
2.521997e+00 9.302454e-01 
2.529466e+00 9.302529e-01 
2.536935e+00 9.302605e-01 
2.544404e+00 9.302681e-01 
2.551872e+00 9.302756e-01 
2.559341e+00 9.302832e-01 
2.566810e+00 9.302908e-01 
2.574279e+00 9.302984e-01 
2.581748e+00 9.303059e-01 
2.589216e+00 9.303135e-01 
2.596685e+00 9.303211e-01 
2.604154e+00 9.303286e-01 
2.611623e+00 9.303362e-01 
2.619092e+00 9.303438e-01 
2.626560e+00 9.303513e-01 
2.634029e+00 9.303589e-01 
2.641498e+00 9.303665e-01 
2.648967e+00 9.303740e-01 
2.275527e+00 9.357285e-01 
2.282996e+00 9.357365e-01 
2.290465e+00 9.357446e-01 
2.297933e+00 9.357526e-01 
2.305402e+00 9.357606e-01 
2.312871e+00 9.357687e-01 
2.320340e+00 9.357767e-01 
2.327809e+00 9.357847e-01 
2.335277e+00 9.357928e-01 
2.342746e+00 9.358008e-01 
2.350215e+00 9.358089e-01 
2.357684e+00 9.358169e-01 
2.365153e+00 9.358249e-01 
2.372621e+00 9.358330e-01 
2.380090e+00 9.358410e-01 
2.387559e+00 9.358491e-01 
2.395028e+00 9.358571e-01 
2.402496e+00 9.358652e-01 
2.409965e+00 9.358732e-01 
2.417434e+00 9.358812e-01 
2.424903e+00 9.358893e-01 
2.432372e+00 9.358973e-01 
2.439840e+00 9.359054e-01 
2.447309e+00 9.359134e-01 
2.454778e+00 9.359215e-01 
2.462247e+00 9.359295e-01 
2.469716e+00 9.359376e-01 
2.477184e+00 9.359456e-01 
2.484653e+00 9.359536e-01 
2.492122e+00 9.359617e-01 
2.499591e+00 9.359697e-01 
2.507060e+00 9.359778e-01 
2.514528e+00 9.359858e-01 
2.521997e+00 9.359938e-01 
2.529466e+00 9.360019e-01 
2.536935e+00 9.360099e-01 
2.544404e+00 9.360179e-01 
2.551872e+00 9.360260e-01 
2.559341e+00 9.360340e-01 
2.566810e+00 9.360420e-01 
2.574279e+00 9.360501e-01 
2.581748e+00 9.360581e-01 
2.589216e+00 9.360661e-01 
2.596685e+00 9.360741e-01 
2.604154e+00 9.360822e-01 
2.611623e+00 9.360902e-01 
2.619092e+00 9.360982e-01 
2.626560e+00 9.361062e-01 
2.634029e+00 9.361142e-01 
2.641498e+00 9.361222e-01 
2.648967e+00 9.361302e-01 
2.275527e+00 9.414621e-01 
2.282996e+00 9.414706e-01 
2.290464e+00 9.414791e-01 
2.297933e+00 9.414876e-01 
2.305402e+00 9.414961e-01 
2.312871e+00 9.415047e-01 
2.320340e+00 9.415132e-01 
2.327808e+00 9.415217e-01 
2.335277e+00 9.415302e-01 
2.342746e+00 9.415388e-01 
2.350215e+00 9.415473e-01 
2.357684e+00 9.415558e-01 
2.365152e+00 9.415643e-01 
2.372621e+00 9.415728e-01 
2.380090e+00 9.415814e-01 
2.387559e+00 9.415899e-01 
2.395028e+00 9.415984e-01 
2.402496e+00 9.416069e-01 
2.409965e+00 9.416154e-01 
2.417434e+00 9.416240e-01 
2.424903e+00 9.416325e-01 
2.432372e+00 9.416410e-01 
2.439840e+00 9.416495e-01 
2.447309e+00 9.416580e-01 
2.454778e+00 9.416665e-01 
2.462247e+00 9.416750e-01 
2.469716e+00 9.416835e-01 
2.477184e+00 9.416921e-01 
2.484653e+00 9.417006e-01 
2.492122e+00 9.417091e-01 
2.499591e+00 9.417176e-01 
2.507060e+00 9.417261e-01 
2.514528e+00 9.417346e-01 
2.521997e+00 9.417431e-01 
2.529466e+00 9.417516e-01 
2.536935e+00 9.417601e-01 
2.544404e+00 9.417686e-01 
2.551872e+00 9.417770e-01 
2.559341e+00 9.417855e-01 
2.566810e+00 9.417940e-01 
2.574279e+00 9.418025e-01 
2.581748e+00 9.418110e-01 
2.589216e+00 9.418194e-01 
2.596685e+00 9.418279e-01 
2.604154e+00 9.418364e-01 
2.611623e+00 9.418448e-01 
2.619092e+00 9.418533e-01 
2.626560e+00 9.418618e-01 
2.634029e+00 9.418702e-01 
2.641498e+00 9.418787e-01 
2.648967e+00 9.418871e-01 
2.275527e+00 9.471978e-01 
2.282996e+00 9.472068e-01 
2.290464e+00 9.472158e-01 
2.297933e+00 9.472248e-01 
2.305402e+00 9.472337e-01 
2.312871e+00 9.472427e-01 
2.320340e+00 9.472517e-01 
2.327808e+00 9.472607e-01 
2.335277e+00 9.472697e-01 
2.342746e+00 9.472787e-01 
2.350215e+00 9.472877e-01 
2.357684e+00 9.472966e-01 
2.365152e+00 9.473056e-01 
2.372621e+00 9.473146e-01 
2.380090e+00 9.473236e-01 
2.387559e+00 9.473326e-01 
2.395028e+00 9.473415e-01 
2.402496e+00 9.473505e-01 
2.409965e+00 9.473595e-01 
2.417434e+00 9.473685e-01 
2.424903e+00 9.473774e-01 
2.432372e+00 9.473864e-01 
2.439840e+00 9.473954e-01 
2.447309e+00 9.474043e-01 
2.454778e+00 9.474133e-01 
2.462247e+00 9.474223e-01 
2.469716e+00 9.474312e-01 
2.477184e+00 9.474402e-01 
2.484653e+00 9.474491e-01 
2.492122e+00 9.474581e-01 
2.499591e+00 9.474670e-01 
2.507060e+00 9.474760e-01 
2.514528e+00 9.474849e-01 
2.521997e+00 9.474939e-01 
2.529466e+00 9.475028e-01 
2.536935e+00 9.475117e-01 
2.544403e+00 9.475207e-01 
2.551872e+00 9.475296e-01 
2.559341e+00 9.475385e-01 
2.566810e+00 9.475474e-01 
2.574279e+00 9.475563e-01 
2.581747e+00 9.475652e-01 
2.589216e+00 9.475742e-01 
2.596685e+00 9.475830e-01 
2.604154e+00 9.475919e-01 
2.611623e+00 9.476008e-01 
2.619091e+00 9.476097e-01 
2.626560e+00 9.476186e-01 
2.634029e+00 9.476275e-01 
2.641498e+00 9.476363e-01 
2.648967e+00 9.476452e-01 
2.275527e+00 9.529377e-01 
2.282996e+00 9.529471e-01 
2.290464e+00 9.529565e-01 
2.297933e+00 9.529660e-01 
2.305402e+00 9.529754e-01 
2.312871e+00 9.529848e-01 
2.320340e+00 9.529942e-01 
2.327808e+00 9.530036e-01 
2.335277e+00 9.530130e-01 
2.342746e+00 9.530225e-01 
2.350215e+00 9.530319e-01 
2.357684e+00 9.530413e-01 
2.365152e+00 9.530507e-01 
2.372621e+00 9.530601e-01 
2.380090e+00 9.530695e-01 
2.387559e+00 9.530789e-01 
2.395028e+00 9.530883e-01 
2.402496e+00 9.530977e-01 
2.409965e+00 9.531071e-01 
2.417434e+00 9.531164e-01 
2.424903e+00 9.531258e-01 
2.432371e+00 9.531352e-01 
2.439840e+00 9.531446e-01 
2.447309e+00 9.531540e-01 
2.454778e+00 9.531633e-01 
2.462247e+00 9.531727e-01 
2.469715e+00 9.531821e-01 
2.477184e+00 9.531914e-01 
2.484653e+00 9.532008e-01 
2.492122e+00 9.532102e-01 
2.499591e+00 9.532195e-01 
2.507059e+00 9.532289e-01 
2.514528e+00 9.532382e-01 
2.521997e+00 9.532475e-01 
2.529466e+00 9.532569e-01 
2.536935e+00 9.532662e-01 
2.544403e+00 9.532755e-01 
2.551872e+00 9.532848e-01 
2.559341e+00 9.532942e-01 
2.566810e+00 9.533035e-01 
2.574279e+00 9.533128e-01 
2.581747e+00 9.533221e-01 
2.589216e+00 9.533314e-01 
2.596685e+00 9.533406e-01 
2.604154e+00 9.533499e-01 
2.611623e+00 9.533592e-01 
2.619091e+00 9.533685e-01 
2.626560e+00 9.533777e-01 
2.634029e+00 9.533870e-01 
2.641498e+00 9.533962e-01 
2.648967e+00 9.534054e-01 
2.275527e+00 9.586857e-01 
2.282995e+00 9.586954e-01 
2.290464e+00 9.587052e-01 
2.297933e+00 9.587150e-01 
2.305402e+00 9.587247e-01 
2.312871e+00 9.587345e-01 
2.320339e+00 9.587443e-01 
2.327808e+00 9.587540e-01 
2.335277e+00 9.587638e-01 
2.342746e+00 9.587735e-01 
2.350215e+00 9.587833e-01 
2.357683e+00 9.587930e-01 
2.365152e+00 9.588028e-01 
2.372621e+00 9.588125e-01 
2.380090e+00 9.588223e-01 
2.387559e+00 9.588320e-01 
2.395027e+00 9.588417e-01 
2.402496e+00 9.588515e-01 
2.409965e+00 9.588612e-01 
2.417434e+00 9.588709e-01 
2.424903e+00 9.588806e-01 
2.432371e+00 9.588904e-01 
2.439840e+00 9.589001e-01 
2.447309e+00 9.589098e-01 
2.454778e+00 9.589195e-01 
2.462247e+00 9.589292e-01 
2.469715e+00 9.589389e-01 
2.477184e+00 9.589486e-01 
2.484653e+00 9.589582e-01 
2.492122e+00 9.589679e-01 
2.499591e+00 9.589776e-01 
2.507059e+00 9.589873e-01 
2.514528e+00 9.589969e-01 
2.521997e+00 9.590066e-01 
2.529466e+00 9.590162e-01 
2.536935e+00 9.590259e-01 
2.544403e+00 9.590355e-01 
2.551872e+00 9.590451e-01 
2.559341e+00 9.590548e-01 
2.566810e+00 9.590644e-01 
2.574279e+00 9.590740e-01 
2.581747e+00 9.590836e-01 
2.589216e+00 9.590932e-01 
2.596685e+00 9.591028e-01 
2.604154e+00 9.591124e-01 
2.611623e+00 9.591219e-01 
2.619091e+00 9.591315e-01 
2.626560e+00 9.591410e-01 
2.634029e+00 9.591506e-01 
2.641498e+00 9.591601e-01 
2.648967e+00 9.591696e-01 
2.275527e+00 9.644474e-01 
2.282995e+00 9.644574e-01 
2.290464e+00 9.644674e-01 
2.297933e+00 9.644774e-01 
2.305402e+00 9.644874e-01 
2.312871e+00 9.644974e-01 
2.320339e+00 9.645073e-01 
2.327808e+00 9.645173e-01 
2.335277e+00 9.645273e-01 
2.342746e+00 9.645373e-01 
2.350215e+00 9.645472e-01 
2.357683e+00 9.645572e-01 
2.365152e+00 9.645671e-01 
2.372621e+00 9.645771e-01 
2.380090e+00 9.645870e-01 
2.387559e+00 9.645970e-01 
2.395027e+00 9.646069e-01 
2.402496e+00 9.646168e-01 
2.409965e+00 9.646267e-01 
2.417434e+00 9.646367e-01 
2.424903e+00 9.646466e-01 
2.432371e+00 9.646565e-01 
2.439840e+00 9.646664e-01 
2.447309e+00 9.646763e-01 
2.454778e+00 9.646862e-01 
2.462247e+00 9.646961e-01 
2.469715e+00 9.647059e-01 
2.477184e+00 9.647158e-01 
2.484653e+00 9.647257e-01 
2.492122e+00 9.647356e-01 
2.499591e+00 9.647454e-01 
2.507059e+00 9.647553e-01 
2.514528e+00 9.647651e-01 
2.521997e+00 9.647749e-01 
2.529466e+00 9.647848e-01 
2.536935e+00 9.647946e-01 
2.544403e+00 9.648044e-01 
2.551872e+00 9.648142e-01 
2.559341e+00 9.648240e-01 
2.566810e+00 9.648338e-01 
2.574279e+00 9.648435e-01 
2.581747e+00 9.648533e-01 
2.589216e+00 9.648631e-01 
2.596685e+00 9.648728e-01 
2.604154e+00 9.648825e-01 
2.611623e+00 9.648923e-01 
2.619091e+00 9.649020e-01 
2.626560e+00 9.649117e-01 
2.634029e+00 9.649214e-01 
2.641498e+00 9.649311e-01 
2.648967e+00 9.649407e-01 
2.275527e+00 9.702310e-01 
2.282995e+00 9.702410e-01 
2.290464e+00 9.702510e-01 
2.297933e+00 9.702609e-01 
2.305402e+00 9.702709e-01 
2.312871e+00 9.702809e-01 
2.320339e+00 9.702909e-01 
2.327808e+00 9.703008e-01 
2.335277e+00 9.703108e-01 
2.342746e+00 9.703208e-01 
2.350215e+00 9.703307e-01 
2.357683e+00 9.703407e-01 
2.365152e+00 9.703506e-01 
2.372621e+00 9.703605e-01 
2.380090e+00 9.703705e-01 
2.387559e+00 9.703804e-01 
2.395027e+00 9.703903e-01 
2.402496e+00 9.704002e-01 
2.409965e+00 9.704101e-01 
2.417434e+00 9.704200e-01 
2.424903e+00 9.704299e-01 
2.432371e+00 9.704398e-01 
2.439840e+00 9.704497e-01 
2.447309e+00 9.704595e-01 
2.454778e+00 9.704694e-01 
2.462247e+00 9.704792e-01 
2.469715e+00 9.704891e-01 
2.477184e+00 9.704989e-01 
2.484653e+00 9.705087e-01 
2.492122e+00 9.705186e-01 
2.499591e+00 9.705284e-01 
2.507059e+00 9.705382e-01 
2.514528e+00 9.705480e-01 
2.521997e+00 9.705578e-01 
2.529466e+00 9.705675e-01 
2.536935e+00 9.705773e-01 
2.544403e+00 9.705871e-01 
2.551872e+00 9.705968e-01 
2.559341e+00 9.706066e-01 
2.566810e+00 9.706163e-01 
2.574279e+00 9.706260e-01 
2.581747e+00 9.706357e-01 
2.589216e+00 9.706454e-01 
2.596685e+00 9.706551e-01 
2.604154e+00 9.706647e-01 
2.611623e+00 9.706744e-01 
2.619091e+00 9.706840e-01 
2.626560e+00 9.706936e-01 
2.634029e+00 9.707032e-01 
2.641498e+00 9.707128e-01 
2.648967e+00 9.707224e-01 
2.275527e+00 9.760474e-01 
2.282995e+00 9.760571e-01 
2.290464e+00 9.760668e-01 
2.297933e+00 9.760764e-01 
2.305402e+00 9.760860e-01 
2.312871e+00 9.760957e-01 
2.320339e+00 9.761053e-01 
2.327808e+00 9.761149e-01 
2.335277e+00 9.761245e-01 
2.342746e+00 9.761341e-01 
2.350215e+00 9.761437e-01 
2.357683e+00 9.761533e-01 
2.365152e+00 9.761629e-01 
2.372621e+00 9.761725e-01 
2.380090e+00 9.761821e-01 
2.387559e+00 9.761916e-01 
2.395027e+00 9.762012e-01 
2.402496e+00 9.762107e-01 
2.409965e+00 9.762203e-01 
2.417434e+00 9.762298e-01 
2.424903e+00 9.762393e-01 
2.432371e+00 9.762488e-01 
2.439840e+00 9.762583e-01 
2.447309e+00 9.762678e-01 
2.454778e+00 9.762773e-01 
2.462247e+00 9.762868e-01 
2.469715e+00 9.762963e-01 
2.477184e+00 9.763057e-01 
2.484653e+00 9.763152e-01 
2.492122e+00 9.763246e-01 
2.499590e+00 9.763340e-01 
2.507059e+00 9.763434e-01 
2.514528e+00 9.763528e-01 
2.521997e+00 9.763622e-01 
2.529466e+00 9.763716e-01 
2.536934e+00 9.763810e-01 
2.544403e+00 9.763903e-01 
2.551872e+00 9.763997e-01 
2.559341e+00 9.764090e-01 
2.566810e+00 9.764183e-01 
2.574278e+00 9.764276e-01 
2.581747e+00 9.764369e-01 
2.589216e+00 9.764462e-01 
2.596685e+00 9.764554e-01 
2.604154e+00 9.764647e-01 
2.611622e+00 9.764739e-01 
2.619091e+00 9.764831e-01 
2.626560e+00 9.764923e-01 
2.634029e+00 9.765015e-01 
2.641498e+00 9.765106e-01 
2.648966e+00 9.765198e-01 
2.275526e+00 9.819058e-01 
2.282995e+00 9.819147e-01 
2.290464e+00 9.819235e-01 
2.297933e+00 9.819323e-01 
2.305402e+00 9.819412e-01 
2.312870e+00 9.819500e-01 
2.320339e+00 9.819588e-01 
2.327808e+00 9.819676e-01 
2.335277e+00 9.819764e-01 
2.342746e+00 9.819852e-01 
2.350214e+00 9.819939e-01 
2.357683e+00 9.820027e-01 
2.365152e+00 9.820115e-01 
2.372621e+00 9.820202e-01 
2.380090e+00 9.820290e-01 
2.387558e+00 9.820377e-01 
2.395027e+00 9.820464e-01 
2.402496e+00 9.820551e-01 
2.409965e+00 9.820638e-01 
2.417434e+00 9.820725e-01 
2.424902e+00 9.820812e-01 
2.432371e+00 9.820899e-01 
2.439840e+00 9.820985e-01 
2.447309e+00 9.821072e-01 
2.454778e+00 9.821158e-01 
2.462246e+00 9.821245e-01 
2.469715e+00 9.821331e-01 
2.477184e+00 9.821417e-01 
2.484653e+00 9.821503e-01 
2.492122e+00 9.821589e-01 
2.499590e+00 9.821674e-01 
2.507059e+00 9.821760e-01 
2.514528e+00 9.821846e-01 
2.521997e+00 9.821931e-01 
2.529466e+00 9.822016e-01 
2.536934e+00 9.822101e-01 
2.544403e+00 9.822186e-01 
2.551872e+00 9.822271e-01 
2.559341e+00 9.822356e-01 
2.566810e+00 9.822440e-01 
2.574278e+00 9.822524e-01 
2.581747e+00 9.822609e-01 
2.589216e+00 9.822693e-01 
2.596685e+00 9.822776e-01 
2.604154e+00 9.822860e-01 
2.611622e+00 9.822944e-01 
2.619091e+00 9.823027e-01 
2.626560e+00 9.823110e-01 
2.634029e+00 9.823193e-01 
2.641498e+00 9.823276e-01 
2.648966e+00 9.823358e-01 
2.275526e+00 9.878273e-01 
2.282995e+00 9.878345e-01 
2.290464e+00 9.878418e-01 
2.297933e+00 9.878491e-01 
2.305402e+00 9.878564e-01 
2.312870e+00 9.878636e-01 
2.320339e+00 9.878709e-01 
2.327808e+00 9.878781e-01 
2.335277e+00 9.878853e-01 
2.342746e+00 9.878926e-01 
2.350214e+00 9.878998e-01 
2.357683e+00 9.879070e-01 
2.365152e+00 9.879142e-01 
2.372621e+00 9.879213e-01 
2.380090e+00 9.879285e-01 
2.387558e+00 9.879357e-01 
2.395027e+00 9.879428e-01 
2.402496e+00 9.879500e-01 
2.409965e+00 9.879571e-01 
2.417434e+00 9.879643e-01 
2.424902e+00 9.879714e-01 
2.432371e+00 9.879785e-01 
2.439840e+00 9.879856e-01 
2.447309e+00 9.879927e-01 
2.454778e+00 9.879997e-01 
2.462246e+00 9.880068e-01 
2.469715e+00 9.880138e-01 
2.477184e+00 9.880209e-01 
2.484653e+00 9.880279e-01 
2.492122e+00 9.880349e-01 
2.499590e+00 9.880419e-01 
2.507059e+00 9.880489e-01 
2.514528e+00 9.880559e-01 
2.521997e+00 9.880629e-01 
2.529466e+00 9.880698e-01 
2.536934e+00 9.880767e-01 
2.544403e+00 9.880837e-01 
2.551872e+00 9.880906e-01 
2.559341e+00 9.880975e-01 
2.566810e+00 9.881044e-01 
2.574278e+00 9.881112e-01 
2.581747e+00 9.881181e-01 
2.589216e+00 9.881249e-01 
2.596685e+00 9.881317e-01 
2.604154e+00 9.881385e-01 
2.611622e+00 9.881453e-01 
2.619091e+00 9.881521e-01 
2.626560e+00 9.881588e-01 
2.634029e+00 9.881656e-01 
2.641498e+00 9.881723e-01 
2.648966e+00 9.881790e-01 
2.275526e+00 9.938508e-01 
2.282995e+00 9.938553e-01 
2.290464e+00 9.938597e-01 
2.297933e+00 9.938642e-01 
2.305402e+00 9.938687e-01 
2.312870e+00 9.938732e-01 
2.320339e+00 9.938776e-01 
2.327808e+00 9.938821e-01 
2.335277e+00 9.938865e-01 
2.342746e+00 9.938910e-01 
2.350214e+00 9.938954e-01 
2.357683e+00 9.938998e-01 
2.365152e+00 9.939042e-01 
2.372621e+00 9.939086e-01 
2.380090e+00 9.939130e-01 
2.387558e+00 9.939174e-01 
2.395027e+00 9.939218e-01 
2.402496e+00 9.939262e-01 
2.409965e+00 9.939305e-01 
2.417434e+00 9.939349e-01 
2.424902e+00 9.939393e-01 
2.432371e+00 9.939436e-01 
2.439840e+00 9.939479e-01 
2.447309e+00 9.939523e-01 
2.454778e+00 9.939566e-01 
2.462246e+00 9.939609e-01 
2.469715e+00 9.939652e-01 
2.477184e+00 9.939695e-01 
2.484653e+00 9.939738e-01 
2.492122e+00 9.939780e-01 
2.499590e+00 9.939823e-01 
2.507059e+00 9.939865e-01 
2.514528e+00 9.939908e-01 
2.521997e+00 9.939950e-01 
2.529466e+00 9.939992e-01 
2.536934e+00 9.940034e-01 
2.544403e+00 9.940076e-01 
2.551872e+00 9.940118e-01 
2.559341e+00 9.940160e-01 
2.566810e+00 9.940202e-01 
2.574278e+00 9.940243e-01 
2.581747e+00 9.940285e-01 
2.589216e+00 9.940326e-01 
2.596685e+00 9.940367e-01 
2.604154e+00 9.940408e-01 
2.611622e+00 9.940449e-01 
2.619091e+00 9.940490e-01 
2.626560e+00 9.940531e-01 
2.634029e+00 9.940571e-01 
2.641498e+00 9.940611e-01 
2.648966e+00 9.940652e-01 
2.275526e+00 1.000000e+00 
2.282995e+00 1.000000e+00 
2.290464e+00 1.000000e+00 
2.297933e+00 1.000000e+00 
2.305402e+00 1.000000e+00 
2.312870e+00 1.000000e+00 
2.320339e+00 1.000000e+00 
2.327808e+00 1.000000e+00 
2.335277e+00 1.000000e+00 
2.342746e+00 1.000000e+00 
2.350214e+00 1.000000e+00 
2.357683e+00 1.000000e+00 
2.365152e+00 1.000000e+00 
2.372621e+00 1.000000e+00 
2.380090e+00 1.000000e+00 
2.387558e+00 1.000000e+00 
2.395027e+00 1.000000e+00 
2.402496e+00 1.000000e+00 
2.409965e+00 1.000000e+00 
2.417434e+00 1.000000e+00 
2.424902e+00 1.000000e+00 
2.432371e+00 1.000000e+00 
2.439840e+00 1.000000e+00 
2.447309e+00 1.000000e+00 
2.454778e+00 1.000000e+00 
2.462246e+00 1.000000e+00 
2.469715e+00 1.000000e+00 
2.477184e+00 1.000000e+00 
2.484653e+00 1.000000e+00 
2.492122e+00 1.000000e+00 
2.499590e+00 1.000000e+00 
2.507059e+00 1.000000e+00 
2.514528e+00 1.000000e+00 
2.521997e+00 1.000000e+00 
2.529466e+00 1.000000e+00 
2.536934e+00 1.000000e+00 
2.544403e+00 1.000000e+00 
2.551872e+00 1.000000e+00 
2.559341e+00 1.000000e+00 
2.566810e+00 1.000000e+00 
2.574278e+00 1.000000e+00 
2.581747e+00 1.000000e+00 
2.589216e+00 1.000000e+00 
2.596685e+00 1.000000e+00 
2.604154e+00 1.000000e+00 
2.611622e+00 1.000000e+00 
2.619091e+00 1.000000e+00 
2.626560e+00 1.000000e+00 
2.634029e+00 1.000000e+00 
2.641498e+00 1.000000e+00 
2.648966e+00 1.000000e+00 
BC
-1
-1
-1
-1
-1
-1
-1
-1
-1
-1
-1
-1
-1
-1
-1
-1
-1
-1
-1
-1
-1
-1
-1
-1
-1
-1
-1
-1
-1
-1
-1
-1
-1
-1
-1
-1
-1
-1
-1
-1
-1
-1
-1
-1
-1
-1
-1
-1
-1
-1
-1
-1
-1
-1
-1
-1
-1
-1
-1
-1
-1
-1
-1
-1
-1
-1
-1
-1
-1
-1
-1
-1
-1
-1
-1
-1
-1
-1
-1
-1
-1
-1
-1
-1
-1
-1
-1
-1
-1
-1
-1
-1
-1
-1
-1
4
4
4
4
4
4
4
4
4
4
4
4
4
4
4
4
4
4
4
4
4
4
4
4
4
4
4
4
4
4
4
4
4
4
4
4
4
4
4
4
4
4
4
4
4
4
4
4
4
4
-1
-1
-1
-1
-1
-1
-1
-1
-1
-1
-1
-1
-1
-1
-1
-1
-1
-1
-1
-1
-1
-1
-1
-1
-1
-1
-1
-1
-1
-1
-1
-1
-1
-1
-1
-1
-1
-1
-1
-1
-1
-1
-1
-1
-1
