npartb: 4 2 
ipartb: 2 0 
ngrid: 80 41 
3.378522e-05 -1.019833e-03 
1.384107e-08 -2.057742e-05 
3.988516e-05 1.108298e-03 
1.827135e-04 2.376101e-03 
4.651890e-04 3.788675e-03 
9.329952e-04 5.345877e-03 
1.633107e-03 7.041634e-03 
2.611736e-03 8.864709e-03 
3.915732e-03 1.079872e-02 
5.586972e-03 1.282703e-02 
7.664319e-03 1.493461e-02 
1.018712e-02 1.710787e-02 
1.319455e-02 1.933733e-02 
1.672945e-02 2.161512e-02 
2.083879e-02 2.393469e-02 
2.557386e-02 2.629133e-02 
3.099198e-02 2.867870e-02 
3.715529e-02 3.109058e-02 
4.413100e-02 3.351954e-02 
5.199122e-02 3.595576e-02 
6.081191e-02 3.838725e-02 
7.067203e-02 4.079968e-02 
8.165219e-02 4.317592e-02 
9.383317e-02 4.549548e-02 
1.072938e-01 4.773523e-02 
1.221084e-01 4.986872e-02 
1.383445e-01 5.186726e-02 
1.560588e-01 5.369993e-02 
1.752947e-01 5.533472e-02 
1.960778e-01 5.673940e-02 
2.184130e-01 5.788268e-02 
2.422807e-01 5.873618e-02 
2.676341e-01 5.927530e-02 
2.943965e-01 5.948126e-02 
3.224609e-01 5.934216e-02 
3.516891e-01 5.885401e-02 
3.819137e-01 5.802152e-02 
4.129406e-01 5.685780e-02 
4.445533e-01 5.538420e-02 
4.765185e-01 5.362928e-02 
5.085929e-01 5.162729e-02 
5.405299e-01 4.941664e-02 
5.720875e-01 4.703822e-02 
6.030351e-01 4.453353e-02 
6.331601e-01 4.194329e-02 
6.622733e-01 3.930618e-02 
6.902130e-01 3.665800e-02 
7.168471e-01 3.403054e-02 
7.420749e-01 3.145168e-02 
7.658262e-01 2.894495e-02 
7.880601e-01 2.652987e-02 
8.087626e-01 2.422138e-02 
8.279433e-01 2.203093e-02 
8.456324e-01 1.996640e-02 
8.618765e-01 1.803233e-02 
8.767354e-01 1.623062e-02 
8.902789e-01 1.456094e-02 
9.025831e-01 1.302086e-02 
9.137283e-01 1.160646e-02 
9.237968e-01 1.031260e-02 
9.328705e-01 9.133116e-03 
9.410299e-01 8.061603e-03 
9.483528e-01 7.090946e-03 
9.549133e-01 6.213978e-03 
9.607815e-01 5.423646e-03 
9.660232e-01 4.712897e-03 
9.706993e-01 4.074980e-03 
9.748662e-01 3.503464e-03 
9.785755e-01 2.992226e-03 
9.818747e-01 2.535555e-03 
9.848067e-01 2.128135e-03 
9.874106e-01 1.765002e-03 
9.897216e-01 1.441789e-03 
9.917716e-01 1.154349e-03 
9.935892e-01 8.993649e-04 
9.952000e-01 6.733846e-04 
9.966270e-01 4.731870e-04 
9.978908e-01 2.958919e-04 
9.990097e-01 1.389275e-04 
1.000000e+00 0.000000e+00 
-4.966215e-03 -1.019833e-03 
-4.992304e-03 2.564876e-04 
-4.928026e-03 1.673858e-03 
-4.742217e-03 3.239271e-03 
-4.396683e-03 4.955807e-03 
-3.844705e-03 6.820185e-03 
-3.038830e-03 8.822927e-03 
-1.933004e-03 1.094926e-02 
-4.811907e-04 1.317928e-02 
1.357020e-03 1.549302e-02 
3.618443e-03 1.787245e-02 
6.339888e-03 2.030142e-02 
9.557605e-03 2.276846e-02 
1.331133e-02 2.526430e-02 
1.764485e-02 2.778160e-02 
2.260631e-02 3.031546e-02 
2.825009e-02 3.285985e-02 
3.463567e-02 3.540933e-02 
4.182796e-02 3.795756e-02 
4.989710e-02 4.049610e-02 
5.891752e-02 4.301449e-02 
6.896697e-02 4.549998e-02 
8.012524e-02 4.793706e-02 
9.247260e-02 5.030681e-02 
1.060876e-01 5.258756e-02 
1.210446e-01 5.475424e-02 
1.374112e-01 5.677938e-02 
1.552445e-01 5.863317e-02 
1.745882e-01 6.028455e-02 
1.954685e-01 6.170215e-02 
2.178909e-01 6.285535e-02 
2.418364e-01 6.371639e-02 
2.672586e-01 6.426118e-02 
2.940817e-01 6.447133e-02 
3.221992e-01 6.433531e-02 
3.514735e-01 6.384936e-02 
3.817380e-01 6.301843e-02 
4.127990e-01 6.185580e-02 
4.444406e-01 6.038293e-02 
4.764302e-01 5.862850e-02 
5.085249e-01 5.662683e-02 
5.404786e-01 5.441637e-02 
5.720498e-01 5.203808e-02 
6.030084e-01 4.953346e-02 
6.331421e-01 4.694326e-02 
6.622621e-01 4.430617e-02 
6.902069e-01 4.165800e-02 
7.168450e-01 3.903054e-02 
7.420755e-01 3.645168e-02 
7.658288e-01 3.394495e-02 
7.880639e-01 3.152987e-02 
8.087672e-01 2.922138e-02 
8.279483e-01 2.703093e-02 
8.456375e-01 2.496639e-02 
8.618814e-01 2.303233e-02 
8.767401e-01 2.123062e-02 
8.902832e-01 1.956094e-02 
9.025870e-01 1.802086e-02 
9.137318e-01 1.660646e-02 
9.237999e-01 1.531260e-02 
9.328732e-01 1.413312e-02 
9.410322e-01 1.306160e-02 
9.483547e-01 1.209095e-02 
9.549149e-01 1.121398e-02 
9.607828e-01 1.042365e-02 
9.660243e-01 9.712897e-03 
9.707002e-01 9.074980e-03 
9.748668e-01 8.503464e-03 
9.785760e-01 7.992226e-03 
9.818751e-01 7.535555e-03 
9.848070e-01 7.128135e-03 
9.874108e-01 6.765002e-03 
9.897217e-01 6.441789e-03 
9.917717e-01 6.154349e-03 
9.935892e-01 5.899365e-03 
9.952000e-01 5.673385e-03 
9.966270e-01 5.473187e-03 
9.978908e-01 5.295892e-03 
9.990097e-01 5.138927e-03 
1.000000e+00 5.000000e-03 
-1.032855e-02 -1.019833e-03 
-1.034641e-02 5.536313e-04 
-1.025600e-02 2.280409e-03 
-1.002417e-02 4.165015e-03 
-9.611108e-03 6.207572e-03 
-8.968990e-03 8.401443e-03 
-8.049850e-03 1.073350e-02 
-6.807792e-03 1.318519e-02 
-5.197651e-03 1.573285e-02 
-3.180576e-03 1.835291e-02 
-7.219454e-04 2.102414e-02 
2.212334e-03 2.372766e-02 
5.655406e-03 2.644984e-02 
9.643669e-03 2.917990e-02 
1.421748e-02 3.190967e-02 
1.942163e-02 3.463401e-02 
2.530738e-02 3.734724e-02 
3.193133e-02 4.004471e-02 
3.935590e-02 4.272129e-02 
4.764915e-02 4.536998e-02 
5.688384e-02 4.798196e-02 
6.713643e-02 5.054619e-02 
7.848583e-02 5.304887e-02 
9.101174e-02 5.547277e-02 
1.047924e-01 5.779781e-02 
1.199023e-01 6.000035e-02 
1.364089e-01 6.205427e-02 
1.543700e-01 6.393094e-02 
1.738295e-01 6.560032e-02 
1.948142e-01 6.703193e-02 
2.173302e-01 6.819594e-02 
2.413591e-01 6.906521e-02 
2.668553e-01 6.961620e-02 
2.937435e-01 6.983098e-02 
3.219180e-01 6.969834e-02 
3.512420e-01 6.921485e-02 
3.815492e-01 6.838567e-02 
4.126468e-01 6.722427e-02 
4.443196e-01 6.575226e-02 
4.763354e-01 6.399841e-02 
5.084519e-01 6.199713e-02 
5.404236e-01 5.978694e-02 
5.720094e-01 5.740882e-02 
6.029798e-01 5.490432e-02 
6.331228e-01 5.231420e-02 
6.622501e-01 4.967717e-02 
6.902005e-01 4.702904e-02 
7.168426e-01 4.440162e-02 
7.420762e-01 4.182279e-02 
7.658315e-01 3.931609e-02 
7.880681e-01 3.690103e-02 
8.087722e-01 3.459256e-02 
8.279537e-01 3.240214e-02 
8.456429e-01 3.033762e-02 
8.618868e-01 2.840357e-02 
8.767452e-01 2.660188e-02 
8.902879e-01 2.493222e-02 
9.025912e-01 2.339215e-02 
9.137356e-01 2.197777e-02 
9.238032e-01 2.068391e-02 
9.328760e-01 1.950444e-02 
9.410346e-01 1.843294e-02 
9.483568e-01 1.746229e-02 
9.549166e-01 1.658533e-02 
9.607843e-01 1.579501e-02 
9.660254e-01 1.508426e-02 
9.707011e-01 1.444635e-02 
9.748675e-01 1.387484e-02 
9.785766e-01 1.336361e-02 
9.818755e-01 1.290694e-02 
9.848073e-01 1.249953e-02 
9.874110e-01 1.213640e-02 
9.897219e-01 1.181319e-02 
9.917717e-01 1.152575e-02 
9.935893e-01 1.127077e-02 
9.952000e-01 1.104479e-02 
9.966270e-01 1.084459e-02 
9.978908e-01 1.066730e-02 
9.990097e-01 1.051034e-02 
1.000000e+00 1.037141e-02 
-1.607923e-02 -1.019833e-03 
-1.608829e-02 8.722954e-04 
-1.596989e-02 2.930893e-03 
-1.568878e-02 5.157825e-03 
-1.520342e-02 7.550051e-03 
-1.446478e-02 1.009734e-02 
-1.342434e-02 1.278266e-02 
-1.203638e-02 1.558340e-02 
-1.025666e-02 1.847187e-02 
-8.047992e-03 2.142067e-02 
-5.378094e-03 2.440512e-02 
-2.215779e-03 2.740339e-02 
1.468776e-03 3.039955e-02 
5.708390e-03 3.338121e-02 
1.053976e-02 3.633927e-02 
1.600410e-02 3.926834e-02 
2.214927e-02 4.216309e-02 
2.902883e-02 4.501974e-02 
3.670252e-02 4.783443e-02 
4.523616e-02 5.060170e-02 
5.470070e-02 5.331447e-02 
6.517125e-02 5.596355e-02 
7.672575e-02 5.853697e-02 
8.944326e-02 6.101930e-02 
1.034018e-01 6.339214e-02 
1.186757e-01 6.563344e-02 
1.353327e-01 6.771851e-02 
1.534309e-01 6.961994e-02 
1.730147e-01 7.130884e-02 
1.941115e-01 7.275568e-02 
2.167280e-01 7.393145e-02 
2.408465e-01 7.480971e-02 
2.664221e-01 7.536749e-02 
2.933804e-01 7.558733e-02 
3.216161e-01 7.545844e-02 
3.509933e-01 7.497767e-02 
3.813465e-01 7.415045e-02 
4.124834e-01 7.299046e-02 
4.441896e-01 7.151943e-02 
4.762335e-01 6.976628e-02 
5.083734e-01 6.776548e-02 
5.403644e-01 6.555562e-02 
5.719660e-01 6.317774e-02 
6.029490e-01 6.067341e-02 
6.331020e-01 5.808342e-02 
6.622372e-01 5.544649e-02 
6.901935e-01 5.279845e-02 
7.168401e-01 5.017109e-02 
7.420770e-01 4.759233e-02 
7.658345e-01 4.508569e-02 
7.880726e-01 4.267068e-02 
8.087775e-01 4.036226e-02 
8.279595e-01 3.817189e-02 
8.456488e-01 3.610741e-02 
8.618925e-01 3.417340e-02 
8.767506e-01 3.237175e-02 
8.902929e-01 3.070212e-02 
9.025958e-01 2.916208e-02 
9.137396e-01 2.774773e-02 
9.238067e-01 2.645390e-02 
9.328791e-01 2.527445e-02 
9.410373e-01 2.420297e-02 
9.483590e-01 2.323234e-02 
9.549184e-01 2.235540e-02 
9.607858e-01 2.156509e-02 
9.660267e-01 2.085436e-02 
9.707021e-01 2.021646e-02 
9.748683e-01 1.964496e-02 
9.785772e-01 1.913374e-02 
9.818760e-01 1.867708e-02 
9.848076e-01 1.826967e-02 
9.874112e-01 1.790655e-02 
9.897220e-01 1.758334e-02 
9.917718e-01 1.729591e-02 
9.935893e-01 1.704093e-02 
9.952000e-01 1.681496e-02 
9.966270e-01 1.661477e-02 
9.978908e-01 1.643748e-02 
9.990097e-01 1.628052e-02 
1.000000e+00 1.614159e-02 
-2.224611e-02 -1.019833e-03 
-2.224574e-02 1.214023e-03 
-2.209738e-02 3.628463e-03 
-2.176351e-02 6.222515e-03 
-2.120073e-02 8.989753e-03 
-2.035873e-02 1.191610e-02 
-1.918840e-02 1.498036e-02 
-1.764420e-02 1.815556e-02 
-1.568286e-02 2.140970e-02 
-1.326897e-02 2.471128e-02 
-1.037275e-02 2.803190e-02 
-6.966128e-03 3.134660e-02 
-3.022822e-03 3.463697e-02 
1.486157e-03 3.788887e-02 
6.593583e-03 4.109220e-02 
1.233683e-02 4.424131e-02 
1.876014e-02 4.733122e-02 
2.591379e-02 5.035909e-02 
3.385464e-02 5.332237e-02 
4.264612e-02 5.621728e-02 
5.235724e-02 5.903861e-02 
6.306163e-02 6.177912e-02 
7.483618e-02 6.442881e-02 
8.775932e-02 6.697417e-02 
1.019087e-01 6.939864e-02 
1.173586e-01 7.168182e-02 
1.341771e-01 7.380056e-02 
1.524225e-01 7.572882e-02 
1.721397e-01 7.743888e-02 
1.933569e-01 7.890226e-02 
2.160813e-01 8.009083e-02 
2.402961e-01 8.097889e-02 
2.659569e-01 8.154409e-02 
2.929903e-01 8.176950e-02 
3.212919e-01 8.164473e-02 
3.507262e-01 8.116700e-02 
3.811288e-01 8.034198e-02 
4.123080e-01 7.918357e-02 
4.440500e-01 7.771368e-02 
4.761241e-01 7.596133e-02 
5.082891e-01 7.396111e-02 
5.403009e-01 7.175167e-02 
5.719193e-01 6.937410e-02 
6.029159e-01 6.687000e-02 
6.330797e-01 6.428020e-02 
6.622233e-01 6.164342e-02 
6.901860e-01 5.899550e-02 
7.168375e-01 5.636826e-02 
7.420778e-01 5.378960e-02 
7.658377e-01 5.128306e-02 
7.880774e-01 4.886814e-02 
8.087833e-01 4.655980e-02 
8.279657e-01 4.436950e-02 
8.456551e-01 4.230509e-02 
8.618986e-01 4.037115e-02 
8.767564e-01 3.856955e-02 
8.902983e-01 3.689998e-02 
9.026006e-01 3.535999e-02 
9.137440e-01 3.394568e-02 
9.238105e-01 3.265189e-02 
9.328824e-01 3.147248e-02 
9.410401e-01 3.040103e-02 
9.483614e-01 2.943044e-02 
9.549204e-01 2.855352e-02 
9.607874e-01 2.776323e-02 
9.660280e-01 2.705253e-02 
9.707031e-01 2.641465e-02 
9.748691e-01 2.584316e-02 
9.785778e-01 2.533196e-02 
9.818764e-01 2.487531e-02 
9.848080e-01 2.446791e-02 
9.874115e-01 2.410480e-02 
9.897222e-01 2.378161e-02 
9.917719e-01 2.349418e-02 
9.935894e-01 2.323921e-02 
9.952001e-01 2.301325e-02 
9.966270e-01 2.281306e-02 
9.978908e-01 2.263578e-02 
9.990096e-01 2.247882e-02 
1.000000e+00 2.233990e-02 
-2.885900e-02 -1.019833e-03 
-2.884853e-02 1.580467e-03 
-2.866810e-02 4.376490e-03 
-2.827773e-02 7.364233e-03 
-2.763206e-02 1.053365e-02 
-2.667940e-02 1.386654e-02 
-2.536999e-02 1.733724e-02 
-2.365847e-02 2.091414e-02 
-2.150262e-02 2.456060e-02 
-1.886892e-02 2.824073e-02 
-1.573028e-02 3.192217e-02 
-1.206192e-02 3.557656e-02 
-7.841374e-03 3.918285e-02 
-3.043742e-03 4.272499e-02 
2.359552e-03 4.619184e-02 
8.401768e-03 4.957743e-02 
1.512327e-02 5.287716e-02 
2.257079e-02 5.608915e-02 
3.079815e-02 5.921231e-02 
3.986617e-02 6.224462e-02 
4.984178e-02 6.518286e-02 
6.079703e-02 6.802187e-02 
7.280769e-02 7.075379e-02 
8.595147e-02 7.336716e-02 
1.003057e-01 7.584735e-02 
1.159446e-01 7.817580e-02 
1.329363e-01 8.033096e-02 
1.513397e-01 8.228826e-02 
1.712002e-01 8.402127e-02 
1.925466e-01 8.550261e-02 
2.153869e-01 8.670510e-02 
2.397049e-01 8.760384e-02 
2.654574e-01 8.817716e-02 
2.925715e-01 8.840868e-02 
3.209436e-01 8.828847e-02 
3.504394e-01 8.781409e-02 
3.808949e-01 8.699154e-02 
4.121195e-01 8.583491e-02 
4.439000e-01 8.436632e-02 
4.760066e-01 8.261491e-02 
5.081986e-01 8.061538e-02 
5.402326e-01 7.840646e-02 
5.718692e-01 7.602927e-02 
6.028804e-01 7.352548e-02 
6.330558e-01 7.093592e-02 
6.622084e-01 6.829934e-02 
6.901780e-01 6.565161e-02 
7.168346e-01 6.302453e-02 
7.420786e-01 6.044601e-02 
7.658412e-01 5.793961e-02 
7.880825e-01 5.552481e-02 
8.087894e-01 5.321659e-02 
8.279723e-01 5.102640e-02 
8.456619e-01 4.896209e-02 
8.619052e-01 4.702824e-02 
8.767627e-01 4.522673e-02 
8.903040e-01 4.355723e-02 
9.026059e-01 4.201731e-02 
9.137486e-01 4.060307e-02 
9.238146e-01 3.930934e-02 
9.328860e-01 3.812999e-02 
9.410431e-01 3.705858e-02 
9.483639e-01 3.608803e-02 
9.549226e-01 3.521115e-02 
9.607892e-01 3.442090e-02 
9.660294e-01 3.371022e-02 
9.707043e-01 3.307237e-02 
9.748700e-01 3.250091e-02 
9.785785e-01 3.198973e-02 
9.818769e-01 3.153310e-02 
9.848083e-01 3.112572e-02 
9.874117e-01 3.076263e-02 
9.897224e-01 3.043945e-02 
9.917720e-01 3.015203e-02 
9.935894e-01 2.989708e-02 
9.952001e-01 2.967112e-02 
9.966270e-01 2.947094e-02 
9.978908e-01 2.929366e-02 
9.990096e-01 2.913671e-02 
1.000000e+00 2.899780e-02 
-3.594978e-02 -1.019833e-03 
-3.592850e-02 1.973393e-03 
-3.571373e-02 5.178584e-03 
-3.526288e-02 8.588489e-03 
-3.452847e-02 1.218919e-02 
-3.345733e-02 1.595808e-02 
-3.199900e-02 1.986472e-02 
-3.010831e-02 2.387251e-02 
-2.774416e-02 2.793987e-02 
-2.487506e-02 3.202620e-02 
-2.147675e-02 3.609486e-02 
-1.752800e-02 4.011390e-02 
-1.301042e-02 4.405938e-02 
-7.903483e-03 4.791326e-02 
-2.183106e-03 5.166321e-02 
4.179562e-03 5.530292e-02 
1.122072e-02 5.882821e-02 
1.898335e-02 6.223823e-02 
2.751793e-02 6.553339e-02 
3.688253e-02 6.871359e-02 
4.714184e-02 7.177772e-02 
5.836621e-02 7.472286e-02 
7.063019e-02 7.754343e-02 
8.401072e-02 8.023016e-02 
9.858470e-02 8.277052e-02 
1.144264e-01 8.514786e-02 
1.316042e-01 8.734241e-02 
1.501771e-01 8.933115e-02 
1.701915e-01 9.108904e-02 
1.916765e-01 9.258988e-02 
2.146412e-01 9.380751e-02 
2.390701e-01 9.471790e-02 
2.649209e-01 9.530010e-02 
2.921216e-01 9.553832e-02 
3.205696e-01 9.542313e-02 
3.501313e-01 9.495247e-02 
3.806438e-01 9.413266e-02 
4.119171e-01 9.297805e-02 
4.437390e-01 9.151094e-02 
4.758803e-01 8.976062e-02 
5.081014e-01 8.776190e-02 
5.401593e-01 8.555359e-02 
5.718154e-01 8.317688e-02 
6.028423e-01 8.067347e-02 
6.330301e-01 7.808422e-02 
6.621923e-01 7.544792e-02 
6.901694e-01 7.280043e-02 
7.168315e-01 7.017357e-02 
7.420795e-01 6.759525e-02 
7.658449e-01 6.508902e-02 
7.880881e-01 6.267440e-02 
8.087960e-01 6.036633e-02 
8.279795e-01 5.817628e-02 
8.456691e-01 5.611211e-02 
8.619123e-01 5.417838e-02 
8.767694e-01 5.237699e-02 
8.903102e-01 5.070759e-02 
9.026115e-01 4.916777e-02 
9.137536e-01 4.775361e-02 
9.238190e-01 4.645996e-02 
9.328898e-01 4.528068e-02 
9.410464e-01 4.420934e-02 
9.483667e-01 4.323884e-02 
9.549249e-01 4.236202e-02 
9.607911e-01 4.157181e-02 
9.660310e-01 4.086118e-02 
9.707055e-01 4.022337e-02 
9.748710e-01 3.965194e-02 
9.785793e-01 3.914078e-02 
9.818775e-01 3.868419e-02 
9.848087e-01 3.827683e-02 
9.874120e-01 3.791376e-02 
9.897225e-01 3.759059e-02 
9.917722e-01 3.730320e-02 
9.935895e-01 3.704825e-02 
9.952001e-01 3.682231e-02 
9.966271e-01 3.662214e-02 
9.978908e-01 3.644488e-02 
9.990096e-01 3.628794e-02 
1.000000e+00 3.614903e-02 
-4.355257e-02 -1.019833e-03 
-4.351972e-02 2.394693e-03 
-4.326819e-02 6.038603e-03 
-4.275260e-02 9.901178e-03 
-4.192319e-02 1.396435e-02 
-4.072519e-02 1.820081e-02 
-3.910743e-02 2.257498e-02 
-3.702490e-02 2.704496e-02 
-3.443770e-02 3.156385e-02 
-3.131649e-02 3.608600e-02 
-2.764006e-02 4.057023e-02 
-2.339096e-02 4.498068e-02 
-1.855515e-02 4.929034e-02 
-1.311680e-02 5.347900e-02 
-7.056623e-03 5.753307e-02 
-3.504952e-04 6.144587e-02 
7.033327e-03 6.521364e-02 
1.513377e-02 6.883660e-02 
2.399779e-02 7.231681e-02 
3.368045e-02 7.565617e-02 
4.424405e-02 7.885586e-02 
5.575710e-02 8.191535e-02 
6.829284e-02 8.483148e-02 
8.192739e-02 8.759734e-02 
9.673723e-02 9.020264e-02 
1.127965e-01 9.263281e-02 
1.301739e-01 9.486995e-02 
1.489289e-01 9.689274e-02 
1.691083e-01 9.867759e-02 
1.907423e-01 1.001996e-01 
2.138405e-01 1.014337e-01 
2.383885e-01 1.023568e-01 
2.643449e-01 1.029487e-01 
2.916386e-01 1.031943e-01 
3.201680e-01 1.030846e-01 
3.498005e-01 1.026181e-01 
3.803741e-01 1.018013e-01 
4.116997e-01 1.006490e-01 
4.435660e-01 9.918352e-02 
4.757448e-01 9.743446e-02 
5.079970e-01 9.543668e-02 
5.400806e-01 9.322910e-02 
5.717576e-01 9.085297e-02 
6.028014e-01 8.835003e-02 
6.330025e-01 8.576118e-02 
6.621751e-01 8.312523e-02 
6.901601e-01 8.047804e-02 
7.168282e-01 7.785145e-02 
7.420805e-01 7.527339e-02 
7.658489e-01 7.276740e-02 
7.880940e-01 7.035299e-02 
8.088032e-01 6.804513e-02 
8.279872e-01 6.585527e-02 
8.456769e-01 6.379127e-02 
8.619200e-01 6.185770e-02 
8.767766e-01 6.005645e-02 
8.903169e-01 5.838719e-02 
9.026175e-01 5.684749e-02 
9.137590e-01 5.543345e-02 
9.238238e-01 5.413990e-02 
9.328939e-01 5.296071e-02 
9.410499e-01 5.188945e-02 
9.483696e-01 5.091903e-02 
9.549273e-01 5.004227e-02 
9.607931e-01 4.925213e-02 
9.660326e-01 4.854155e-02 
9.707068e-01 4.790378e-02 
9.748720e-01 4.733240e-02 
9.785800e-01 4.682128e-02 
9.818781e-01 4.636472e-02 
9.848092e-01 4.595739e-02 
9.874123e-01 4.559434e-02 
9.897227e-01 4.527120e-02 
9.917723e-01 4.498383e-02 
9.935895e-01 4.472891e-02 
9.952001e-01 4.450298e-02 
9.966271e-01 4.430283e-02 
9.978908e-01 4.412557e-02 
9.990096e-01 4.396865e-02 
1.000000e+00 4.382975e-02 
-5.170386e-02 -1.019833e-03 
-5.165863e-02 2.846388e-03 
-5.136775e-02 6.960678e-03 
-5.078286e-02 1.130860e-02 
-4.985174e-02 1.586766e-02 
-4.851796e-02 2.060551e-02 
-4.672950e-02 2.548109e-02 
-4.444157e-02 3.044679e-02 
-4.161554e-02 3.545004e-02 
-3.822435e-02 4.043979e-02 
-3.425005e-02 4.536996e-02 
-2.967925e-02 5.020052e-02 
-2.450254e-02 5.490117e-02 
-1.870909e-02 5.944934e-02 
-1.228480e-02 6.383010e-02 
-5.210570e-03 6.803634e-02 
2.540552e-03 7.206474e-02 
1.100316e-02 7.591668e-02 
2.022039e-02 7.959596e-02 
3.024412e-02 8.310663e-02 
4.113407e-02 8.645227e-02 
5.295677e-02 8.963495e-02 
6.578405e-02 9.265409e-02 
7.969113e-02 9.550530e-02 
9.475405e-02 9.818070e-02 
1.110469e-01 1.006679e-01 
1.286385e-01 1.029511e-01 
1.475888e-01 1.050108e-01 
1.679455e-01 1.068248e-01 
1.897393e-01 1.083698e-01 
2.129808e-01 1.096218e-01 
2.376567e-01 1.105588e-01 
2.637264e-01 1.111613e-01 
2.911200e-01 1.114149e-01 
3.197368e-01 1.113113e-01 
3.494453e-01 1.108493e-01 
3.800845e-01 1.100360e-01 
4.114663e-01 1.088862e-01 
4.433803e-01 1.074226e-01 
4.755992e-01 1.056750e-01 
5.078849e-01 1.036783e-01 
5.399961e-01 1.014716e-01 
5.716956e-01 9.909616e-02 
6.027574e-01 9.659379e-02 
6.329728e-01 9.400543e-02 
6.621567e-01 9.136990e-02 
6.901502e-01 8.872310e-02 
7.168246e-01 8.609686e-02 
7.420816e-01 8.351911e-02 
7.658532e-01 8.101342e-02 
7.881004e-01 7.859929e-02 
8.088108e-01 7.629168e-02 
8.279954e-01 7.410205e-02 
8.456853e-01 7.203827e-02 
8.619281e-01 7.010490e-02 
8.767843e-01 6.830384e-02 
8.903241e-01 6.663475e-02 
9.026240e-01 6.509520e-02 
9.137648e-01 6.368129e-02 
9.238289e-01 6.238788e-02 
9.328983e-01 6.120880e-02 
9.410537e-01 6.013765e-02 
9.483728e-01 5.916732e-02 
9.549300e-01 5.829064e-02 
9.607953e-01 5.750057e-02 
9.660344e-01 5.679006e-02 
9.707082e-01 5.615235e-02 
9.748731e-01 5.558103e-02 
9.785809e-01 5.506996e-02 
9.818787e-01 5.461344e-02 
9.848096e-01 5.420615e-02 
9.874126e-01 5.384314e-02 
9.897230e-01 5.352003e-02 
9.917724e-01 5.323268e-02 
9.935896e-01 5.297778e-02 
9.952002e-01 5.275187e-02 
9.966271e-01 5.255174e-02 
9.978908e-01 5.237450e-02 
9.990096e-01 5.221759e-02 
1.000000e+00 5.207871e-02 
-6.044267e-02 -1.019833e-03 
-6.038418e-02 3.330641e-03 
-6.005118e-02 7.949223e-03 
-5.939211e-02 1.281751e-02 
-5.835214e-02 1.790825e-02 
-5.687300e-02 2.318372e-02 
-5.490180e-02 2.859698e-02 
-5.239398e-02 3.409435e-02 
-4.931223e-02 3.961715e-02 
-4.563196e-02 4.510855e-02 
-4.133867e-02 5.051723e-02 
-3.642330e-02 5.579868e-02 
-3.088141e-02 6.091906e-02 
-2.470754e-02 6.585329e-02 
-1.789309e-02 7.058496e-02 
-1.042438e-02 7.510650e-02 
-2.279580e-03 7.941504e-02 
6.571254e-03 8.351319e-02 
1.616718e-02 8.740660e-02 
2.655665e-02 9.110161e-02 
3.779658e-02 9.460440e-02 
4.995140e-02 9.791979e-02 
6.309142e-02 1.010499e-01 
7.729088e-02 1.039932e-01 
9.262532e-02 1.067443e-01 
1.091687e-01 1.092932e-01 
1.269902e-01 1.116261e-01 
1.461503e-01 1.137257e-01 
1.666971e-01 1.155714e-01 
1.886624e-01 1.171413e-01 
2.120578e-01 1.184128e-01 
2.368709e-01 1.193648e-01 
2.630623e-01 1.199789e-01 
2.905631e-01 1.202413e-01 
3.192738e-01 1.201444e-01 
3.490639e-01 1.196875e-01 
3.797735e-01 1.188779e-01 
4.112157e-01 1.177309e-01 
4.431809e-01 1.162696e-01 
4.754429e-01 1.145236e-01 
5.077645e-01 1.125282e-01 
5.399053e-01 1.103224e-01 
5.716290e-01 1.079478e-01 
6.027102e-01 1.054461e-01 
6.329410e-01 1.028584e-01 
6.621368e-01 1.002234e-01 
6.901395e-01 9.757702e-02 
7.168208e-01 9.495121e-02 
7.420827e-01 9.237385e-02 
7.658577e-01 8.986852e-02 
7.881072e-01 8.745473e-02 
8.088190e-01 8.514743e-02 
8.280043e-01 8.295809e-02 
8.456943e-01 8.089458e-02 
8.619369e-01 7.896146e-02 
8.767926e-01 7.716062e-02 
8.903317e-01 7.549174e-02 
9.026310e-01 7.395238e-02 
9.137710e-01 7.253864e-02 
9.238343e-01 7.124538e-02 
9.329030e-01 7.006644e-02 
9.410577e-01 6.899542e-02 
9.483762e-01 6.802520e-02 
9.549328e-01 6.714863e-02 
9.607976e-01 6.635866e-02 
9.660363e-01 6.564823e-02 
9.707097e-01 6.501060e-02 
9.748743e-01 6.443934e-02 
9.785818e-01 6.392833e-02 
9.818794e-01 6.347186e-02 
9.848101e-01 6.306462e-02 
9.874130e-01 6.270165e-02 
9.897232e-01 6.237857e-02 
9.917726e-01 6.209126e-02 
9.935897e-01 6.183639e-02 
9.952002e-01 6.161051e-02 
9.966271e-01 6.141040e-02 
9.978908e-01 6.123318e-02 
9.990096e-01 6.107629e-02 
1.000000e+00 6.093742e-02 
-6.981071e-02 -1.019833e-03 
-6.973802e-02 3.849763e-03 
-6.935995e-02 9.008958e-03 
-6.862149e-02 1.443510e-02 
-6.746501e-02 2.009587e-02 
-6.583027e-02 2.594776e-02 
-6.366348e-02 3.193759e-02 
-6.092026e-02 3.800512e-02 
-5.756473e-02 4.408518e-02 
-5.357492e-02 5.011473e-02 
-4.894005e-02 5.603683e-02 
-4.365565e-02 6.180218e-02 
-3.772261e-02 6.737313e-02 
-3.114121e-02 7.272188e-02 
-2.390873e-02 7.783045e-02 
-1.601731e-02 8.269075e-02 
-7.450577e-03 8.730037e-02 
1.816403e-03 9.166325e-02 
1.181832e-02 9.578698e-02 
2.259993e-02 9.968036e-02 
3.421517e-02 1.033523e-01 
4.672619e-02 1.068107e-01 
6.020165e-02 1.100605e-01 
7.471476e-02 1.131030e-01 
9.034051e-02 1.159357e-01 
1.071528e-01 1.185512e-01 
1.252209e-01 1.209380e-01 
1.446060e-01 1.230807e-01 
1.653569e-01 1.249608e-01 
1.875064e-01 1.265577e-01 
2.110670e-01 1.278503e-01 
2.360274e-01 1.288188e-01 
2.623493e-01 1.294455e-01 
2.899652e-01 1.297176e-01 
3.187767e-01 1.296280e-01 
3.486545e-01 1.291766e-01 
3.794397e-01 1.283713e-01 
4.109466e-01 1.272275e-01 
4.429668e-01 1.257685e-01 
4.752751e-01 1.240244e-01 
5.076353e-01 1.220305e-01 
5.398079e-01 1.198259e-01 
5.715574e-01 1.174523e-01 
6.026594e-01 1.149514e-01 
6.329068e-01 1.123643e-01 
6.621155e-01 1.097299e-01 
6.901281e-01 1.070842e-01 
7.168167e-01 1.044589e-01 
7.420839e-01 1.018820e-01 
7.658627e-01 9.937709e-02 
7.881146e-01 9.696370e-02 
8.088278e-01 9.465678e-02 
8.280138e-01 9.246780e-02 
8.457040e-01 9.040461e-02 
8.619464e-01 8.847178e-02 
8.768016e-01 8.667122e-02 
8.903400e-01 8.500258e-02 
9.026385e-01 8.346346e-02 
9.137777e-01 8.204993e-02 
9.238402e-01 8.075685e-02 
9.329081e-01 7.957809e-02 
9.410621e-01 7.850722e-02 
9.483799e-01 7.753714e-02 
9.549359e-01 7.666070e-02 
9.608001e-01 7.587083e-02 
9.660383e-01 7.516050e-02 
9.707114e-01 7.452296e-02 
9.748756e-01 7.395178e-02 
9.785828e-01 7.344084e-02 
9.818801e-01 7.298444e-02 
9.848107e-01 7.257726e-02 
9.874134e-01 7.221433e-02 
9.897234e-01 7.189131e-02 
9.917727e-01 7.160404e-02 
9.935898e-01 7.134920e-02 
9.952002e-01 7.112335e-02 
9.966271e-01 7.092327e-02 
9.978908e-01 7.074607e-02 
9.990096e-01 7.058920e-02 
1.000000e+00 7.045035e-02 
-7.985254e-02 -1.019833e-03 
-7.976467e-02 4.406225e-03 
-7.933837e-02 1.014493e-02 
-7.851493e-02 1.616908e-02 
-7.723376e-02 2.244094e-02 
-7.543250e-02 2.891083e-02 
-7.305634e-02 3.551885e-02 
-7.006114e-02 4.219779e-02 
-6.641253e-02 4.887551e-02 
-6.209133e-02 5.548232e-02 
-5.709069e-02 6.195527e-02 
-5.141112e-02 6.823991e-02 
-4.505914e-02 7.429449e-02 
-3.804119e-02 8.008830e-02 
-3.036086e-02 8.560165e-02 
-2.201649e-02 9.082589e-02 
-1.299759e-02 9.575910e-02 
-3.284570e-03 1.004066e-01 
7.152562e-03 1.047780e-01 
1.835460e-02 1.088848e-01 
3.037229e-02 1.127390e-01 
4.326530e-02 1.163512e-01 
5.710054e-02 1.197300e-01 
7.195008e-02 1.228796e-01 
8.788834e-02 1.258004e-01 
1.049891e-01 1.284878e-01 
1.233219e-01 1.309328e-01 
1.429484e-01 1.331222e-01 
1.639184e-01 1.350394e-01 
1.862655e-01 1.366657e-01 
2.100033e-01 1.379814e-01 
2.351218e-01 1.389676e-01 
2.615840e-01 1.396082e-01 
2.893234e-01 1.398908e-01 
3.182430e-01 1.398093e-01 
3.482148e-01 1.393641e-01 
3.790812e-01 1.385634e-01 
4.106577e-01 1.374232e-01 
4.427370e-01 1.359670e-01 
4.750949e-01 1.342249e-01 
5.074965e-01 1.322327e-01 
5.397033e-01 1.300295e-01 
5.714806e-01 1.276569e-01 
6.026050e-01 1.251570e-01 
6.328701e-01 1.225708e-01 
6.620926e-01 1.199371e-01 
6.901158e-01 1.172920e-01 
7.168123e-01 1.146673e-01 
7.420853e-01 1.120910e-01 
7.658680e-01 1.095867e-01 
7.881225e-01 1.071738e-01 
8.088373e-01 1.048673e-01 
8.280240e-01 1.026787e-01 
8.457144e-01 1.006159e-01 
8.619565e-01 9.868344e-02 
8.768112e-01 9.688320e-02 
8.903489e-01 9.521487e-02 
9.026465e-01 9.367601e-02 
9.137849e-01 9.226273e-02 
9.238465e-01 9.096989e-02 
9.329136e-01 8.979132e-02 
9.410667e-01 8.872064e-02 
9.483838e-01 8.775073e-02 
9.549392e-01 8.687443e-02 
9.608028e-01 8.608470e-02 
9.660405e-01 8.537449e-02 
9.707131e-01 8.473706e-02 
9.748770e-01 8.416597e-02 
9.785838e-01 8.365512e-02 
9.818809e-01 8.319879e-02 
9.848112e-01 8.279168e-02 
9.874138e-01 8.242881e-02 
9.897237e-01 8.210584e-02 
9.917729e-01 8.181862e-02 
9.935899e-01 8.156382e-02 
9.952003e-01 8.133801e-02 
9.966271e-01 8.113796e-02 
9.978908e-01 8.096080e-02 
9.990096e-01 8.080395e-02 
1.000000e+00 8.066513e-02 
-9.061579e-02 -1.019833e-03 
-9.051168e-02 5.002665e-03 
-9.003375e-02 1.136252e-02 
-8.911940e-02 1.802767e-02 
-8.770478e-02 2.495459e-02 
-8.572530e-02 3.208699e-02 
-8.312507e-02 3.935781e-02 
-7.986018e-02 4.669235e-02 
-7.589784e-02 5.401100e-02 
-7.122187e-02 6.123699e-02 
-6.582962e-02 6.830089e-02 
-5.972688e-02 7.514274e-02 
-5.292625e-02 8.171640e-02 
-4.544071e-02 8.798804e-02 
-3.728060e-02 9.393608e-02 
-2.845094e-02 9.955128e-02 
-1.894750e-02 1.048322e-01 
-8.756444e-03 1.097857e-01 
2.147195e-03 1.144235e-01 
1.379995e-02 1.187600e-01 
2.624914e-02 1.228101e-01 
3.955177e-02 1.265882e-01 
5.377287e-02 1.301060e-01 
6.898327e-02 1.333710e-01 
8.525676e-02 1.363869e-01 
1.026670e-01 1.391519e-01 
1.212838e-01 1.416598e-01 
1.411694e-01 1.438997e-01 
1.623744e-01 1.458572e-01 
1.849335e-01 1.475154e-01 
2.088615e-01 1.488560e-01 
2.341497e-01 1.498617e-01 
2.607624e-01 1.505173e-01 
2.886344e-01 1.508116e-01 
3.176701e-01 1.507389e-01 
3.477429e-01 1.503004e-01 
3.786964e-01 1.495049e-01 
4.103475e-01 1.483686e-01 
4.424902e-01 1.469155e-01 
4.749015e-01 1.451759e-01 
5.073475e-01 1.431855e-01 
5.395909e-01 1.409839e-01 
5.713981e-01 1.386126e-01 
6.025466e-01 1.361138e-01 
6.328307e-01 1.335285e-01 
6.620681e-01 1.308958e-01 
6.901025e-01 1.282514e-01 
7.168075e-01 1.256275e-01 
7.420867e-01 1.230518e-01 
7.658737e-01 1.205481e-01 
7.881310e-01 1.181358e-01 
8.088475e-01 1.158298e-01 
8.280350e-01 1.136417e-01 
8.457255e-01 1.115794e-01 
8.619674e-01 1.096473e-01 
8.768215e-01 1.078475e-01 
8.903584e-01 1.061795e-01 
9.026551e-01 1.046410e-01 
9.137926e-01 1.032280e-01 
9.238532e-01 1.019354e-01 
9.329194e-01 1.007571e-01 
9.410717e-01 9.968662e-02 
9.483881e-01 9.871691e-02 
9.549427e-01 9.784079e-02 
9.608057e-01 9.705122e-02 
9.660428e-01 9.634115e-02 
9.707150e-01 9.570384e-02 
9.748784e-01 9.513287e-02 
9.785850e-01 9.462212e-02 
9.818818e-01 9.416588e-02 
9.848119e-01 9.375885e-02 
9.874142e-01 9.339606e-02 
9.897240e-01 9.307315e-02 
9.917730e-01 9.278598e-02 
9.935900e-01 9.253124e-02 
9.952003e-01 9.230547e-02 
9.966271e-01 9.210546e-02 
9.978908e-01 9.192833e-02 
9.990096e-01 9.177151e-02 
1.000000e+00 9.163271e-02 
-1.021513e-01 -1.019833e-03 
-1.020298e-01 5.641903e-03 
-1.014967e-01 1.266749e-02 
-1.004850e-01 2.001968e-02 
-9.892762e-02 2.764872e-02 
-9.675744e-02 3.549130e-02 
-9.391742e-02 4.347267e-02 
-9.036388e-02 5.151011e-02 
-8.606575e-02 5.951606e-02 
-8.101001e-02 6.740611e-02 
-7.519852e-02 7.510394e-02 
-6.864269e-02 8.254365e-02 
-6.136161e-02 8.967441e-02 
-5.337528e-02 9.645899e-02 
-4.470126e-02 1.028738e-01 
-3.535167e-02 1.089090e-01 
-2.532906e-02 1.145636e-01 
-1.462571e-02 1.198459e-01 
-3.222064e-03 1.247702e-01 
8.913852e-03 1.293538e-01 
2.182565e-02 1.336149e-01 
3.556750e-02 1.375716e-01 
5.020238e-02 1.412391e-01 
6.579980e-02 1.446286e-01 
8.243286e-02 1.477471e-01 
1.001750e-01 1.505959e-01 
1.190965e-01 1.531718e-01 
1.392601e-01 1.554664e-01 
1.607173e-01 1.574675e-01 
1.835039e-01 1.591601e-01 
2.076361e-01 1.605279e-01 
2.331064e-01 1.615548e-01 
2.598805e-01 1.622268e-01 
2.878948e-01 1.625337e-01 
3.170552e-01 1.624708e-01 
3.472363e-01 1.620398e-01 
3.782834e-01 1.612500e-01 
4.100146e-01 1.601181e-01 
4.422253e-01 1.586683e-01 
4.746939e-01 1.569314e-01 
5.071876e-01 1.549432e-01 
5.394703e-01 1.527434e-01 
5.713096e-01 1.503736e-01 
6.024838e-01 1.478761e-01 
6.327884e-01 1.452920e-01 
6.620417e-01 1.426602e-01 
6.900884e-01 1.400168e-01 
7.168025e-01 1.373937e-01 
7.420882e-01 1.348188e-01 
7.658798e-01 1.323158e-01 
7.881401e-01 1.299042e-01 
8.088584e-01 1.275988e-01 
8.280468e-01 1.254114e-01 
8.457375e-01 1.233495e-01 
8.619790e-01 1.214180e-01 
8.768325e-01 1.196186e-01 
8.903686e-01 1.179510e-01 
9.026644e-01 1.164129e-01 
9.138008e-01 1.150002e-01 
9.238605e-01 1.137080e-01 
9.329257e-01 1.125299e-01 
9.410771e-01 1.114597e-01 
9.483926e-01 1.104902e-01 
9.549465e-01 1.096143e-01 
9.608088e-01 1.088249e-01 
9.660454e-01 1.081150e-01 
9.707170e-01 1.074779e-01 
9.748800e-01 1.069070e-01 
9.785862e-01 1.063964e-01 
9.818827e-01 1.059403e-01 
9.848125e-01 1.055333e-01 
9.874147e-01 1.051706e-01 
9.897243e-01 1.048478e-01 
9.917732e-01 1.045607e-01 
9.935901e-01 1.043060e-01 
9.952004e-01 1.040803e-01 
9.966271e-01 1.038803e-01 
9.978907e-01 1.037032e-01 
9.990096e-01 1.035464e-01 
1.000000e+00 1.034077e-01 
-1.145135e-01 -1.019833e-03 
-1.143734e-01 6.326947e-03 
-1.137811e-01 1.406598e-02 
-1.126654e-01 2.215447e-02 
-1.109552e-01 3.053604e-02 
-1.085810e-01 3.913982e-02 
-1.054843e-01 4.788284e-02 
-1.016219e-01 5.667386e-02 
-9.696441e-02 6.541676e-02 
-9.150218e-02 7.401897e-02 
-8.524190e-02 8.239676e-02 
-7.820099e-02 9.047790e-02 
-7.040547e-02 9.820649e-02 
-6.188283e-02 1.055417e-01 
-5.265838e-02 1.124577e-01 
-4.275184e-02 1.189439e-01 
-3.217298e-02 1.250000e-01 
-2.092068e-02 1.306358e-01 
-8.981169e-03 1.358682e-01 
3.672628e-03 1.407175e-01 
1.708035e-02 1.452058e-01 
3.129311e-02 1.493547e-01 
4.637168e-02 1.531835e-01 
6.238414e-02 1.567072e-01 
7.940285e-02 1.599363e-01 
9.750111e-02 1.628757e-01 
1.167494e-01 1.655251e-01 
1.372111e-01 1.678787e-01 
1.589389e-01 1.699271e-01 
1.819697e-01 1.716572e-01 
2.063209e-01 1.730544e-01 
2.319866e-01 1.741044e-01 
2.589340e-01 1.747942e-01 
2.871011e-01 1.751150e-01 
3.163952e-01 1.750628e-01 
3.466926e-01 1.746400e-01 
3.778400e-01 1.738565e-01 
4.096572e-01 1.727295e-01 
4.419410e-01 1.712836e-01 
4.744710e-01 1.695497e-01 
5.070159e-01 1.675640e-01 
5.393409e-01 1.653661e-01 
5.712146e-01 1.629981e-01 
6.024165e-01 1.605021e-01 
6.327430e-01 1.579192e-01 
6.620134e-01 1.552887e-01 
6.900731e-01 1.526463e-01 
7.167970e-01 1.500242e-01 
7.420898e-01 1.474503e-01 
7.658863e-01 1.449481e-01 
7.881499e-01 1.425372e-01 
8.088701e-01 1.402326e-01 
8.280594e-01 1.380458e-01 
8.457504e-01 1.359846e-01 
8.619916e-01 1.340537e-01 
8.768444e-01 1.322548e-01 
8.903796e-01 1.305877e-01 
9.026743e-01 1.290500e-01 
9.138097e-01 1.276377e-01 
9.238683e-01 1.263458e-01 
9.329324e-01 1.251681e-01 
9.410829e-01 1.240982e-01 
9.483975e-01 1.231290e-01 
9.549505e-01 1.222533e-01 
9.608122e-01 1.214642e-01 
9.660481e-01 1.207544e-01 
9.707192e-01 1.201175e-01 
9.748817e-01 1.195468e-01 
9.785875e-01 1.190363e-01 
9.818837e-01 1.185803e-01 
9.848132e-01 1.181734e-01 
9.874152e-01 1.178108e-01 
9.897246e-01 1.174881e-01 
9.917734e-01 1.172011e-01 
9.935902e-01 1.169464e-01 
9.952004e-01 1.167208e-01 
9.966271e-01 1.165209e-01 
9.978907e-01 1.163438e-01 
9.990096e-01 1.161871e-01 
1.000000e+00 1.160484e-01 
-1.277601e-01 -1.019833e-03 
-1.276001e-01 7.061010e-03 
-1.269447e-01 1.556455e-02 
-1.257176e-01 2.444207e-02 
-1.238439e-01 3.363009e-02 
-1.212514e-01 4.304968e-02 
-1.178802e-01 5.260909e-02 
-1.136873e-01 6.220793e-02 
-1.086452e-01 7.174092e-02 
-1.027479e-01 8.110679e-02 
-9.600731e-02 9.021386e-02 
-8.844712e-02 9.898310e-02 
-8.010080e-02 1.073532e-01 
-7.100389e-02 1.152793e-01 
-6.118994e-02 1.227335e-01 
-5.068684e-02 1.297041e-01 
-3.951208e-02 1.361915e-01 
-2.767160e-02 1.422072e-01 
-1.515785e-02 1.477708e-01 
-1.949005e-03 1.529060e-01 
1.199030e-02 1.576387e-01 
2.670790e-02 1.619947e-01 
4.226219e-02 1.659972e-01 
5.871971e-02 1.696656e-01 
7.615198e-02 1.730141e-01 
9.463214e-02 1.760512e-01 
1.142309e-01 1.787799e-01 
1.350126e-01 1.811975e-01 
1.570306e-01 1.832970e-01 
1.803233e-01 1.850677e-01 
2.049095e-01 1.864969e-01 
2.307849e-01 1.875720e-01 
2.579182e-01 1.882814e-01 
2.862492e-01 1.886173e-01 
3.156868e-01 1.885767e-01 
3.461090e-01 1.881629e-01 
3.773642e-01 1.873864e-01 
4.092736e-01 1.862649e-01 
4.416358e-01 1.848233e-01 
4.742318e-01 1.830928e-01 
5.068317e-01 1.811098e-01 
5.392020e-01 1.789143e-01 
5.711126e-01 1.765482e-01 
6.023442e-01 1.740539e-01 
6.326942e-01 1.714726e-01 
6.619830e-01 1.688433e-01 
6.900568e-01 1.662023e-01 
7.167911e-01 1.635813e-01 
7.420915e-01 1.610084e-01 
7.658933e-01 1.585072e-01 
7.881604e-01 1.560972e-01 
8.088826e-01 1.537935e-01 
8.280730e-01 1.516075e-01 
8.457642e-01 1.495470e-01 
8.620050e-01 1.476167e-01 
8.768571e-01 1.458184e-01 
8.903913e-01 1.441519e-01 
9.026850e-01 1.426147e-01 
9.138192e-01 1.412029e-01 
9.238766e-01 1.399114e-01 
9.329397e-01 1.387341e-01 
9.410891e-01 1.376645e-01 
9.484027e-01 1.366956e-01 
9.549549e-01 1.358202e-01 
9.608158e-01 1.350313e-01 
9.660510e-01 1.343218e-01 
9.707215e-01 1.336850e-01 
9.748835e-01 1.331145e-01 
9.785889e-01 1.326042e-01 
9.818847e-01 1.321483e-01 
9.848140e-01 1.317416e-01 
9.874157e-01 1.313791e-01 
9.897250e-01 1.310565e-01 
9.917737e-01 1.307696e-01 
9.935903e-01 1.305150e-01 
9.952005e-01 1.302894e-01 
9.966271e-01 1.300896e-01 
9.978907e-01 1.299126e-01 
9.990095e-01 1.297559e-01 
1.000000e+00 1.296172e-01 
-1.419532e-01 -1.019833e-03 
-1.417719e-01 7.847518e-03 
-1.410488e-01 1.717020e-02 
-1.397026e-01 2.689316e-02 
-1.376541e-01 3.694534e-02 
-1.348280e-01 4.723917e-02 
-1.311632e-01 5.767354e-02 
-1.266166e-01 6.813825e-02 
-1.211630e-01 7.851825e-02 
-1.148002e-01 8.870291e-02 
-1.075455e-01 9.859207e-02 
-9.942944e-02 1.080994e-01 
-9.049349e-02 1.171577e-01 
-8.078170e-02 1.257181e-01 
-7.033648e-02 1.337499e-01 
-5.919445e-02 1.412408e-01 
-4.738138e-02 1.481915e-01 
-3.491077e-02 1.546155e-01 
-2.178172e-02 1.605352e-01 
-7.978055e-03 1.659779e-01 
6.531006e-03 1.709736e-01 
2.178976e-02 1.755524e-01 
3.785405e-02 1.797422e-01 
5.478875e-02 1.835664e-01 
7.266451e-02 1.870437e-01 
9.155422e-02 1.901863e-01 
1.115289e-01 1.930007e-01 
1.326537e-01 1.954875e-01 
1.549831e-01 1.976423e-01 
1.785568e-01 1.994571e-01 
2.033951e-01 2.009210e-01 
2.294954e-01 2.020233e-01 
2.568283e-01 2.027540e-01 
2.853351e-01 2.031064e-01 
3.149267e-01 2.030787e-01 
3.454828e-01 2.026748e-01 
3.768536e-01 2.019060e-01 
4.088620e-01 2.007906e-01 
4.413083e-01 1.993537e-01 
4.739750e-01 1.976270e-01 
5.066340e-01 1.956472e-01 
5.390529e-01 1.934543e-01 
5.710031e-01 1.910904e-01 
6.022666e-01 1.885980e-01 
6.326419e-01 1.860184e-01 
6.619504e-01 1.833908e-01 
6.900393e-01 1.807511e-01 
7.167849e-01 1.781315e-01 
7.420934e-01 1.755598e-01 
7.659009e-01 1.730597e-01 
7.881717e-01 1.706508e-01 
8.088961e-01 1.683481e-01 
8.280876e-01 1.661629e-01 
8.457790e-01 1.641033e-01 
8.620195e-01 1.621737e-01 
8.768708e-01 1.603762e-01 
8.904040e-01 1.587103e-01 
9.026965e-01 1.571737e-01 
9.138294e-01 1.557624e-01 
9.238856e-01 1.544714e-01 
9.329475e-01 1.532945e-01 
9.410957e-01 1.522254e-01 
9.484083e-01 1.512568e-01 
9.549596e-01 1.503817e-01 
9.608196e-01 1.495931e-01 
9.660541e-01 1.488839e-01 
9.707240e-01 1.482473e-01 
9.748855e-01 1.476770e-01 
9.785904e-01 1.471669e-01 
9.818858e-01 1.467112e-01 
9.848148e-01 1.463046e-01 
9.874163e-01 1.459423e-01 
9.897254e-01 1.456197e-01 
9.917739e-01 1.453329e-01 
9.935904e-01 1.450784e-01 
9.952005e-01 1.448529e-01 
9.966271e-01 1.446532e-01 
9.978907e-01 1.444762e-01 
9.990095e-01 1.443196e-01 
1.000000e+00 1.441810e-01 
-1.571585e-01 -1.019833e-03 
-1.569544e-01 8.690124e-03 
-1.561590e-01 1.889039e-02 
-1.546854e-01 2.951913e-02 
-1.524500e-01 4.049720e-02 
-1.493741e-01 5.172780e-02 
-1.453950e-01 6.309980e-02 
-1.404701e-01 7.449250e-02 
-1.345763e-01 8.578041e-02 
-1.277154e-01 9.684290e-02 
-1.199105e-01 1.075707e-01 
-1.111996e-01 1.178697e-01 
-1.016325e-01 1.276664e-01 
-9.126242e-02 1.369073e-01 
-8.014129e-02 1.455593e-01 
-6.831503e-02 1.536087e-01 
-5.581829e-02 1.610571e-01 
-4.267266e-02 1.679198e-01 
-2.888439e-02 1.742222e-01 
-1.444336e-02 1.799956e-01 
6.763033e-04 1.852742e-01 
1.651509e-02 1.900930e-01 
3.312608e-02 1.944844e-01 
5.057235e-02 1.984767e-01 
6.892361e-02 2.020928e-01 
8.825248e-02 2.053493e-01 
1.086304e-01 2.082563e-01 
1.301231e-01 2.108178e-01 
1.527864e-01 2.130326e-01 
1.766615e-01 2.148950e-01 
2.017703e-01 2.163967e-01 
2.281119e-01 2.175286e-01 
2.556588e-01 2.182825e-01 
2.843542e-01 2.186530e-01 
3.141110e-01 2.186393e-01 
3.448108e-01 2.182463e-01 
3.763057e-01 2.174861e-01 
4.084204e-01 2.163773e-01 
4.409569e-01 2.149457e-01 
4.736996e-01 2.132233e-01 
5.064218e-01 2.112470e-01 
5.388929e-01 2.090570e-01 
5.708856e-01 2.066957e-01 
6.021833e-01 2.042055e-01 
6.325858e-01 2.016279e-01 
6.619154e-01 1.990020e-01 
6.900204e-01 1.963640e-01 
7.167781e-01 1.937459e-01 
7.420954e-01 1.911756e-01 
7.659090e-01 1.886768e-01 
7.881838e-01 1.862691e-01 
8.089106e-01 1.839675e-01 
8.281032e-01 1.817834e-01 
8.457948e-01 1.797247e-01 
8.620350e-01 1.777960e-01 
8.768854e-01 1.759992e-01 
8.904175e-01 1.743341e-01 
9.027087e-01 1.727982e-01 
9.138404e-01 1.713875e-01 
9.238952e-01 1.700971e-01 
9.329558e-01 1.689207e-01 
9.411029e-01 1.678520e-01 
9.484143e-01 1.668838e-01 
9.549646e-01 1.660091e-01 
9.608237e-01 1.652208e-01 
9.660574e-01 1.645119e-01 
9.707266e-01 1.638756e-01 
9.748876e-01 1.633055e-01 
9.785920e-01 1.627956e-01 
9.818870e-01 1.623401e-01 
9.848157e-01 1.619337e-01 
9.874169e-01 1.615715e-01 
9.897258e-01 1.612491e-01 
9.917741e-01 1.609624e-01 
9.935905e-01 1.607080e-01 
9.952006e-01 1.604826e-01 
9.966271e-01 1.602829e-01 
9.978907e-01 1.601061e-01 
9.990095e-01 1.599495e-01 
1.000000e+00 1.598109e-01 
-1.734464e-01 -1.019833e-03 
-1.732180e-01 9.592724e-03 
-1.723453e-01 2.073308e-02 
-1.707354e-01 3.233214e-02 
-1.683000e-01 4.430212e-02 
-1.649569e-01 5.653637e-02 
-1.606418e-01 6.891302e-02 
-1.553123e-01 8.130018e-02 
-1.489475e-01 9.356118e-02 
-1.415536e-01 1.055647e-01 
-1.331601e-01 1.171916e-01 
-1.238126e-01 1.283396e-01 
-1.135699e-01 1.389283e-01 
-1.024953e-01 1.488995e-01 
-9.065050e-02 1.582170e-01 
-7.809160e-02 1.668662e-01 
-6.486269e-02 1.748490e-01 
-5.099405e-02 1.821831e-01 
-3.649959e-02 1.888969e-01 
-2.137568e-02 1.950259e-01 
-5.601727e-03 2.006089e-01 
1.085867e-02 2.056859e-01 
2.805563e-02 2.102945e-01 
4.605030e-02 2.144678e-01 
6.491131e-02 2.182337e-01 
8.471104e-02 2.216130e-01 
1.055212e-01 2.246200e-01 
1.274086e-01 2.272624e-01 
1.504301e-01 2.295421e-01 
1.746283e-01 2.314562e-01 
2.000272e-01 2.329988e-01 
2.266277e-01 2.341629e-01 
2.544041e-01 2.349420e-01 
2.833019e-01 2.353322e-01 
3.132359e-01 2.353339e-01 
3.440899e-01 2.349529e-01 
3.757178e-01 2.342020e-01 
4.079465e-01 2.331006e-01 
4.405798e-01 2.316750e-01 
4.734040e-01 2.299574e-01 
5.061941e-01 2.279850e-01 
5.387212e-01 2.257984e-01 
5.707596e-01 2.234399e-01 
6.020940e-01 2.209522e-01 
6.325255e-01 2.183769e-01 
6.618779e-01 2.157530e-01 
6.900002e-01 2.131169e-01 
7.167709e-01 2.105004e-01 
7.420976e-01 2.079318e-01 
7.659177e-01 2.054345e-01 
7.881968e-01 2.030281e-01 
8.089261e-01 2.007278e-01 
8.281200e-01 1.985448e-01 
8.458119e-01 1.964872e-01 
8.620516e-01 1.945596e-01 
8.769012e-01 1.927637e-01 
8.904321e-01 1.910994e-01 
9.027219e-01 1.895642e-01 
9.138521e-01 1.881543e-01 
9.239055e-01 1.868645e-01 
9.329647e-01 1.856887e-01 
9.411105e-01 1.846205e-01 
9.484208e-01 1.836528e-01 
9.549700e-01 1.827785e-01 
9.608282e-01 1.819906e-01 
9.660610e-01 1.812820e-01 
9.707295e-01 1.806460e-01 
9.748898e-01 1.800762e-01 
9.785937e-01 1.795665e-01 
9.818883e-01 1.791112e-01 
9.848166e-01 1.787050e-01 
9.874175e-01 1.783430e-01 
9.897262e-01 1.780207e-01 
9.917744e-01 1.777342e-01 
9.935907e-01 1.774799e-01 
9.952006e-01 1.772546e-01 
9.966271e-01 1.770550e-01 
9.978907e-01 1.768783e-01 
9.990095e-01 1.767218e-01 
1.000000e+00 1.765832e-01 
-1.908917e-01 -1.019833e-03 
-1.906373e-01 1.055947e-02 
-1.896819e-01 2.270672e-02 
-1.879264e-01 3.534512e-02 
-1.852770e-01 4.837761e-02 
-1.816483e-01 6.168702e-02 
-1.769739e-01 7.514001e-02 
-1.712115e-01 8.859274e-02 
-1.643430e-01 1.018965e-01 
-1.563791e-01 1.149086e-01 
-1.473557e-01 1.274996e-01 
-1.373271e-01 1.395578e-01 
-1.263615e-01 1.509961e-01 
-1.145327e-01 1.617507e-01 
-1.019133e-01 1.717824e-01 
-8.857004e-02 1.810754e-01 
-7.455713e-02 1.896322e-01 
-5.991418e-02 1.974727e-01 
-4.466331e-02 2.046287e-01 
-2.880784e-02 2.111399e-01 
-1.233287e-02 2.170504e-01 
4.793627e-03 2.224053e-01 
2.261857e-02 2.272477e-01 
4.120101e-02 2.316161e-01 
6.060847e-02 2.355434e-01 
8.091297e-02 2.390553e-01 
1.021866e-01 2.421704e-01 
1.244971e-01 2.449001e-01 
1.479026e-01 2.472499e-01 
1.724475e-01 2.492200e-01 
1.981575e-01 2.508070e-01 
2.250355e-01 2.520062e-01 
2.530582e-01 2.528128e-01 
2.821731e-01 2.532245e-01 
3.122972e-01 2.532430e-01 
3.433165e-01 2.528752e-01 
3.750871e-01 2.521346e-01 
4.074381e-01 2.510414e-01 
4.401753e-01 2.496223e-01 
4.730869e-01 2.479101e-01 
5.059498e-01 2.459421e-01 
5.385370e-01 2.437592e-01 
5.706244e-01 2.414040e-01 
6.019981e-01 2.389191e-01 
6.324609e-01 2.363463e-01 
6.618376e-01 2.337248e-01 
6.899786e-01 2.310908e-01 
7.167631e-01 2.284763e-01 
7.420999e-01 2.259094e-01 
7.659270e-01 2.234138e-01 
7.882107e-01 2.210090e-01 
8.089428e-01 2.187101e-01 
8.281380e-01 2.165285e-01 
8.458302e-01 2.144721e-01 
8.620694e-01 2.125456e-01 
8.769181e-01 2.107508e-01 
8.904477e-01 2.090875e-01 
9.027361e-01 2.075532e-01 
9.138647e-01 2.061440e-01 
9.239166e-01 2.048549e-01 
9.329744e-01 2.036798e-01 
9.411187e-01 2.026122e-01 
9.484277e-01 2.016450e-01 
9.549758e-01 2.007712e-01 
9.608329e-01 1.999837e-01 
9.660649e-01 1.992755e-01 
9.707326e-01 1.986399e-01 
9.748922e-01 1.980704e-01 
9.785956e-01 1.975610e-01 
9.818897e-01 1.971059e-01 
9.848176e-01 1.966999e-01 
9.874182e-01 1.963381e-01 
9.897267e-01 1.960160e-01 
9.917747e-01 1.957296e-01 
9.935909e-01 1.954755e-01 
9.952007e-01 1.952503e-01 
9.966271e-01 1.950508e-01 
9.978907e-01 1.948741e-01 
9.990095e-01 1.947177e-01 
1.000000e+00 1.945793e-01 
-2.095742e-01 -1.019833e-03 
-2.092920e-01 1.159477e-02 
-2.082481e-01 2.482035e-02 
-2.063369e-01 3.857184e-02 
-2.034589e-01 5.274231e-02 
-1.995247e-01 6.720334e-02 
-1.944660e-01 8.180933e-02 
-1.882409e-01 9.640364e-02 
-1.808336e-01 1.108248e-01 
-1.722600e-01 1.249178e-01 
-1.625629e-01 1.385420e-01 
-1.518056e-01 1.515763e-01 
-1.400666e-01 1.639255e-01 
-1.274307e-01 1.755206e-01 
-1.139822e-01 1.863186e-01 
-9.979923e-02 1.963027e-01 
-8.494694e-02 2.054758e-01 
-6.947486e-02 2.138602e-01 
-5.341389e-02 2.214913e-01 
-3.677483e-02 2.284135e-01 
-1.954886e-02 2.346761e-01 
-1.708700e-03 2.403301e-01 
1.678916e-02 2.454243e-01 
3.600151e-02 2.500029e-01 
5.599463e-02 2.541042e-01 
7.684021e-02 2.577591e-01 
9.861074e-02 2.609908e-01 
1.213748e-01 2.638150e-01 
1.451921e-01 2.662407e-01 
1.701086e-01 2.682715e-01 
1.961522e-01 2.699066e-01 
2.233279e-01 2.711438e-01 
2.516146e-01 2.719804e-01 
2.809623e-01 2.724156e-01 
3.112903e-01 2.724524e-01 
3.424869e-01 2.720991e-01 
3.744107e-01 2.713699e-01 
4.068928e-01 2.702857e-01 
4.397413e-01 2.688739e-01 
4.727467e-01 2.671676e-01 
5.056878e-01 2.652046e-01 
5.383394e-01 2.630259e-01 
5.704793e-01 2.606743e-01 
6.018953e-01 2.581927e-01 
6.323916e-01 2.556227e-01 
6.617944e-01 2.530038e-01 
6.899553e-01 2.503722e-01 
7.167548e-01 2.477599e-01 
7.421023e-01 2.451951e-01 
7.659370e-01 2.427014e-01 
7.882256e-01 2.402984e-01 
8.089607e-01 2.380011e-01 
8.281573e-01 2.358210e-01 
8.458498e-01 2.337661e-01 
8.620886e-01 2.318408e-01 
8.769362e-01 2.300472e-01 
8.904644e-01 2.283850e-01 
9.027513e-01 2.268517e-01 
9.138783e-01 2.254434e-01 
9.239285e-01 2.241552e-01 
9.329847e-01 2.229807e-01 
9.411275e-01 2.219138e-01 
9.484352e-01 2.209473e-01 
9.549820e-01 2.200740e-01 
9.608380e-01 2.192870e-01 
9.660690e-01 2.185792e-01 
9.707359e-01 2.179440e-01 
9.748948e-01 2.173748e-01 
9.785976e-01 2.168657e-01 
9.818912e-01 2.164109e-01 
9.848187e-01 2.160052e-01 
9.874190e-01 2.156436e-01 
9.897272e-01 2.153217e-01 
9.917750e-01 2.150354e-01 
9.935910e-01 2.147815e-01 
9.952008e-01 2.145564e-01 
9.966272e-01 2.143571e-01 
9.978906e-01 2.141805e-01 
9.990095e-01 2.140242e-01 
1.000000e+00 2.138858e-01 
-2.295787e-01 -1.019833e-03 
-2.292667e-01 1.270333e-02 
-2.281283e-01 2.708357e-02 
-2.260506e-01 4.202698e-02 
-2.229282e-01 5.741608e-02 
-2.186675e-01 7.311044e-02 
-2.131980e-01 8.895136e-02 
-2.064780e-01 1.047685e-01 
-1.984947e-01 1.203868e-01 
-1.892690e-01 1.356380e-01 
-1.788514e-01 1.503696e-01 
-1.673146e-01 1.644501e-01 
-1.547481e-01 1.777762e-01 
-1.412486e-01 1.902727e-01 
-1.269129e-01 2.018930e-01 
-1.118313e-01 2.126186e-01 
-9.608042e-02 2.224535e-01 
-7.972062e-02 2.314219e-01 
-6.279218e-02 2.395635e-01 
-4.531392e-02 2.469275e-01 
-2.728355e-02 2.535689e-01 
-8.678858e-03 2.595446e-01 
1.053997e-02 2.649098e-01 
3.042728e-02 2.697148e-01 
5.104802e-02 2.740037e-01 
7.247349e-02 2.778129e-01 
9.477657e-02 2.811705e-01 
1.180268e-01 2.840967e-01 
1.422855e-01 2.866045e-01 
1.676006e-01 2.887010e-01 
1.940018e-01 2.903884e-01 
2.214966e-01 2.916669e-01 
2.500665e-01 2.925360e-01 
2.796638e-01 2.929968e-01 
3.102104e-01 2.930538e-01 
3.415972e-01 2.927163e-01 
3.736852e-01 2.919996e-01 
4.063079e-01 2.909254e-01 
4.392760e-01 2.895217e-01 
4.723819e-01 2.878220e-01 
5.054068e-01 2.858645e-01 
5.381275e-01 2.836905e-01 
5.703237e-01 2.813429e-01 
6.017850e-01 2.788649e-01 
6.323172e-01 2.762982e-01 
6.617480e-01 2.736823e-01 
6.899304e-01 2.710534e-01 
7.167458e-01 2.684436e-01 
7.421050e-01 2.658811e-01 
7.659477e-01 2.633896e-01 
7.882416e-01 2.609886e-01 
8.089799e-01 2.586931e-01 
8.281780e-01 2.565148e-01 
8.458708e-01 2.544614e-01 
8.621091e-01 2.525376e-01 
8.769556e-01 2.507454e-01 
8.904824e-01 2.490843e-01 
9.027676e-01 2.475521e-01 
9.138928e-01 2.461449e-01 
9.239413e-01 2.448576e-01 
9.329957e-01 2.436840e-01 
9.411370e-01 2.426178e-01 
9.484432e-01 2.416520e-01 
9.549886e-01 2.407793e-01 
9.608435e-01 2.399929e-01 
9.660735e-01 2.392856e-01 
9.707394e-01 2.386508e-01 
9.748976e-01 2.380820e-01 
9.785997e-01 2.375733e-01 
9.818928e-01 2.371188e-01 
9.848199e-01 2.367133e-01 
9.874198e-01 2.363520e-01 
9.897277e-01 2.360303e-01 
9.917753e-01 2.357442e-01 
9.935912e-01 2.354905e-01 
9.952008e-01 2.352656e-01 
9.966272e-01 2.350663e-01 
9.978906e-01 2.348899e-01 
9.990094e-01 2.347337e-01 
1.000000e+00 2.345954e-01 
-2.509953e-01 -1.019833e-03 
-2.506515e-01 1.389015e-02 
-2.494122e-01 2.950658e-02 
-2.471565e-01 4.572612e-02 
-2.437729e-01 6.242002e-02 
-2.391631e-01 7.943501e-02 
-2.332545e-01 9.659841e-02 
-2.260056e-01 1.137253e-01 
-2.174064e-01 1.306259e-01 
-2.074835e-01 1.471180e-01 
-1.962955e-01 1.630363e-01 
-1.839249e-01 1.782382e-01 
-1.704733e-01 1.926116e-01 
-1.560500e-01 2.060747e-01 
-1.407650e-01 2.185769e-01 
-1.247215e-01 2.300984e-01 
-1.080090e-01 2.406435e-01 
-9.069888e-02 2.502392e-01 
-7.284170e-02 2.589292e-01 
-5.446481e-02 2.667679e-01 
-3.557296e-02 2.738165e-01 
-1.614938e-02 2.801384e-01 
3.841773e-03 2.857953e-01 
2.445221e-02 2.908441e-01 
4.574543e-02 2.953353e-01 
6.779232e-02 2.993108e-01 
9.066612e-02 3.028043e-01 
1.144375e-01 3.058407e-01 
1.391693e-01 3.084374e-01 
1.649115e-01 3.106050e-01 
1.916961e-01 3.123490e-01 
2.195331e-01 3.136724e-01 
2.484065e-01 3.145770e-01 
2.782715e-01 3.150657e-01 
3.090525e-01 3.151446e-01 
3.406432e-01 3.148244e-01 
3.729072e-01 3.141216e-01 
4.056808e-01 3.130584e-01 
4.387769e-01 3.116635e-01 
4.719907e-01 3.099712e-01 
5.051055e-01 3.080198e-01 
5.379003e-01 3.058511e-01 
5.701569e-01 3.035081e-01 
6.016668e-01 3.010342e-01 
6.322375e-01 2.984711e-01 
6.616983e-01 2.958585e-01 
6.899037e-01 2.932326e-01 
7.167363e-01 2.906257e-01 
7.421078e-01 2.880658e-01 
7.659592e-01 2.855767e-01 
7.882588e-01 2.831780e-01 
8.090004e-01 2.808847e-01 
8.282002e-01 2.787082e-01 
8.458934e-01 2.766567e-01 
8.621311e-01 2.747345e-01 
8.769764e-01 2.729438e-01 
8.905016e-01 2.712841e-01 
9.027850e-01 2.697532e-01 
9.139084e-01 2.683471e-01 
9.239549e-01 2.670608e-01 
9.330076e-01 2.658882e-01 
9.411471e-01 2.648229e-01 
9.484517e-01 2.638578e-01 
9.549958e-01 2.629858e-01 
9.608494e-01 2.622000e-01 
9.660782e-01 2.614933e-01 
9.707432e-01 2.608589e-01 
9.749006e-01 2.602906e-01 
9.786020e-01 2.597823e-01 
9.818945e-01 2.593282e-01 
9.848211e-01 2.589230e-01 
9.874207e-01 2.585619e-01 
9.897283e-01 2.582405e-01 
9.917757e-01 2.579547e-01 
9.935914e-01 2.577011e-01 
9.952009e-01 2.574764e-01 
9.966272e-01 2.572773e-01 
9.978906e-01 2.571010e-01 
9.990094e-01 2.569449e-01 
1.000000e+00 2.568067e-01 
-2.739200e-01 -1.019833e-03 
-2.735423e-01 1.516055e-02 
-2.721950e-01 3.210023e-02 
-2.697492e-01 4.968583e-02 
-2.660864e-01 6.777655e-02 
-2.611036e-01 8.620544e-02 
-2.547257e-01 1.047848e-01 
-2.469114e-01 1.233142e-01 
-2.376539e-01 1.415882e-01 
-2.269857e-01 1.594095e-01 
-2.149739e-01 1.765992e-01 
-2.017119e-01 1.930029e-01 
-1.873136e-01 2.084989e-01 
-1.719022e-01 2.229984e-01 
-1.556015e-01 2.364467e-01 
-1.385291e-01 2.488220e-01 
-1.207873e-01 2.601294e-01 
-1.024601e-01 2.703986e-01 
-8.360871e-02 2.796775e-01 
-6.426973e-02 2.880264e-01 
-4.445543e-02 2.955128e-01 
-2.415487e-02 3.022070e-01 
-3.336522e-03 3.081778e-01 
1.804852e-02 3.134892e-01 
4.006218e-02 3.181982e-01 
6.277484e-02 3.223531e-01 
8.626019e-02 3.259932e-01 
1.105900e-01 3.291488e-01 
1.358289e-01 3.318415e-01 
1.620288e-01 3.340861e-01 
1.892243e-01 3.358915e-01 
2.174281e-01 3.372636e-01 
2.466269e-01 3.382067e-01 
2.767787e-01 3.387258e-01 
3.078110e-01 3.388288e-01 
3.396203e-01 3.385276e-01 
3.720730e-01 3.378398e-01 
4.050083e-01 3.367888e-01 
4.382418e-01 3.354038e-01 
4.715712e-01 3.337196e-01 
5.047823e-01 3.317751e-01 
5.376566e-01 3.296122e-01 
5.699780e-01 3.272744e-01 
6.015400e-01 3.248050e-01 
6.321520e-01 3.222461e-01 
6.616450e-01 3.196372e-01 
6.898750e-01 3.170147e-01 
7.167260e-01 3.144110e-01 
7.421109e-01 3.118541e-01 
7.659715e-01 3.093677e-01 
7.882772e-01 3.069715e-01 
8.090225e-01 3.046805e-01 
8.282240e-01 3.025063e-01 
8.459176e-01 3.004567e-01 
8.621547e-01 2.985364e-01 
8.769988e-01 2.967474e-01 
8.905223e-01 2.950893e-01 
9.028037e-01 2.935598e-01 
9.139251e-01 2.921550e-01 
9.239696e-01 2.908699e-01 
9.330203e-01 2.896983e-01 
9.411580e-01 2.886340e-01 
9.484609e-01 2.876697e-01 
9.550034e-01 2.867985e-01 
9.608557e-01 2.860134e-01 
9.660833e-01 2.853073e-01 
9.707473e-01 2.846736e-01 
9.749038e-01 2.841058e-01 
9.786044e-01 2.835978e-01 
9.818964e-01 2.831441e-01 
9.848225e-01 2.827393e-01 
9.874216e-01 2.823786e-01 
9.897289e-01 2.820574e-01 
9.917761e-01 2.817718e-01 
9.935916e-01 2.815185e-01 
9.952010e-01 2.812940e-01 
9.966272e-01 2.810950e-01 
9.978906e-01 2.809189e-01 
9.990094e-01 2.807629e-01 
1.000000e+00 2.806249e-01 
-2.984546e-01 -1.019833e-03 
-2.980405e-01 1.652016e-02 
-2.965779e-01 3.487605e-02 
-2.939290e-01 5.392372e-02 
-2.899680e-01 7.350952e-02 
-2.845866e-01 9.345185e-02 
-2.777072e-01 1.135471e-01 
-2.692888e-01 1.335781e-01 
-2.593277e-01 1.533227e-01 
-2.478629e-01 1.725677e-01 
-2.349704e-01 1.911194e-01 
-2.207554e-01 2.088108e-01 
-2.053449e-01 2.255098e-01 
-1.888767e-01 2.411204e-01 
-1.714898e-01 2.555831e-01 
-1.533164e-01 2.688743e-01 
-1.344735e-01 2.809997e-01 
-1.150579e-01 2.919919e-01 
-9.514245e-02 3.019034e-01 
-7.477361e-02 3.108004e-01 
-5.397173e-02 3.187573e-01 
-3.273218e-02 3.258518e-01 
-1.102799e-02 3.321605e-01 
1.118664e-02 3.377545e-01 
3.397197e-02 3.426982e-01 
5.739783e-02 3.470465e-01 
8.153834e-02 3.508449e-01 
1.064665e-01 3.541290e-01 
1.322486e-01 3.569256e-01 
1.589390e-01 3.592535e-01 
1.865750e-01 3.611255e-01 
2.151718e-01 3.625505e-01 
2.447193e-01 3.635354e-01 
2.751786e-01 3.640877e-01 
3.064803e-01 3.642169e-01 
3.385238e-01 3.639365e-01 
3.711789e-01 3.632653e-01 
4.042875e-01 3.622277e-01 
4.376682e-01 3.608536e-01 
4.711215e-01 3.591784e-01 
5.044360e-01 3.572415e-01 
5.373954e-01 3.550851e-01 
5.697862e-01 3.527530e-01 
6.014040e-01 3.502887e-01 
6.320603e-01 3.477344e-01 
6.615879e-01 3.451297e-01 
6.898443e-01 3.425111e-01 
7.167150e-01 3.399109e-01 
7.421142e-01 3.373573e-01 
7.659848e-01 3.348740e-01 
7.882970e-01 3.324807e-01 
8.090461e-01 3.301923e-01 
8.282495e-01 3.280206e-01 
8.459436e-01 3.259733e-01 
8.621800e-01 3.240551e-01 
8.770227e-01 3.222679e-01 
8.905444e-01 3.206116e-01 
9.028238e-01 3.190837e-01 
9.139430e-01 3.176804e-01 
9.239853e-01 3.163966e-01 
9.330339e-01 3.152262e-01 
9.411696e-01 3.141629e-01 
9.484707e-01 3.131996e-01 
9.550116e-01 3.123293e-01 
9.608624e-01 3.115450e-01 
9.660888e-01 3.108396e-01 
9.707517e-01 3.102064e-01 
9.749072e-01 3.096392e-01 
9.786071e-01 3.091318e-01 
9.818983e-01 3.086785e-01 
9.848239e-01 3.082741e-01 
9.874226e-01 3.079137e-01 
9.897296e-01 3.075929e-01 
9.917765e-01 3.073076e-01 
9.935918e-01 3.070545e-01 
9.952011e-01 3.068302e-01 
9.966272e-01 3.066314e-01 
9.978906e-01 3.064555e-01 
9.990094e-01 3.062996e-01 
1.000000e+00 3.061617e-01 
-3.247070e-01 -1.019833e-03 
-3.242542e-01 1.797497e-02 
-3.226685e-01 3.784626e-02 
-3.198025e-01 5.845845e-02 
-3.155229e-01 7.964419e-02 
-3.097158e-01 1.012062e-01 
-3.023007e-01 1.229240e-01 
-2.932368e-01 1.445624e-01 
-2.825239e-01 1.658815e-01 
-2.702078e-01 1.866509e-01 
-2.563742e-01 2.066613e-01 
-2.411403e-01 2.257321e-01 
-2.246478e-01 2.437204e-01 
-2.070496e-01 2.605219e-01 
-1.885011e-01 2.760722e-01 
-1.691503e-01 2.903457e-01 
-1.491294e-01 3.033487e-01 
-1.285493e-01 3.151168e-01 
-1.074952e-01 3.257074e-01 
-8.602416e-02 3.351932e-01 
-6.416519e-02 3.436558e-01 
-4.192041e-02 3.511809e-01 
-1.926780e-02 3.578529e-01 
3.835166e-03 3.637512e-01 
2.744689e-02 3.689477e-01 
5.163660e-02 3.735045e-01 
7.647886e-02 3.774736e-01 
1.020479e-01 3.808965e-01 
1.284121e-01 3.838053e-01 
1.556280e-01 3.862234e-01 
1.837358e-01 3.881674e-01 
2.127538e-01 3.896498e-01 
2.426750e-01 3.906803e-01 
2.734638e-01 3.912687e-01 
3.050540e-01 3.914265e-01 
3.373486e-01 3.911688e-01 
3.702205e-01 3.905159e-01 
4.035149e-01 3.894929e-01 
4.370534e-01 3.881308e-01 
4.706395e-01 3.864656e-01 
5.040647e-01 3.845372e-01 
5.371154e-01 3.823881e-01 
5.695806e-01 3.800624e-01 
6.012583e-01 3.776038e-01 
6.319621e-01 3.750546e-01 
6.615266e-01 3.724546e-01 
6.898113e-01 3.698403e-01 
7.167031e-01 3.672441e-01 
7.421177e-01 3.646942e-01 
7.659989e-01 3.622144e-01 
7.883182e-01 3.598242e-01 
8.090715e-01 3.575389e-01 
8.282769e-01 3.553698e-01 
8.459714e-01 3.533251e-01 
8.622072e-01 3.514092e-01 
8.770484e-01 3.496242e-01 
8.905682e-01 3.479698e-01 
9.028453e-01 3.464437e-01 
9.139621e-01 3.450420e-01 
9.240022e-01 3.437597e-01 
9.330485e-01 3.425906e-01 
9.411821e-01 3.415285e-01 
9.484813e-01 3.405664e-01 
9.550204e-01 3.396971e-01 
9.608696e-01 3.389136e-01 
9.660947e-01 3.382090e-01 
9.707563e-01 3.375766e-01 
9.749109e-01 3.370099e-01 
9.786099e-01 3.365031e-01 
9.819005e-01 3.360503e-01 
9.848254e-01 3.356464e-01 
9.874237e-01 3.352863e-01 
9.897303e-01 3.349659e-01 
9.917769e-01 3.346809e-01 
9.935921e-01 3.344281e-01 
9.952012e-01 3.342040e-01 
9.966272e-01 3.340055e-01 
9.978905e-01 3.338297e-01 
9.990093e-01 3.336741e-01 
1.000000e+00 3.335363e-01 
-3.527919e-01 -1.019833e-03 
-3.522977e-01 1.953134e-02 
-3.505804e-01 4.102384e-02 
-3.474828e-01 6.330984e-02 
-3.428629e-01 8.620738e-02 
-3.366011e-01 1.095025e-01 
-3.286137e-01 1.329565e-01 
-3.188603e-01 1.563152e-01 
-3.073444e-01 1.793197e-01 
-2.941187e-01 2.017212e-01 
-2.792794e-01 2.232935e-01 
-2.629569e-01 2.438418e-01 
-2.453077e-01 2.632112e-01 
-2.265017e-01 2.812889e-01 
-2.067111e-01 2.980051e-01 
-1.861012e-01 3.133319e-01 
-1.648205e-01 3.272763e-01 
-1.429947e-01 3.398770e-01 
-1.207224e-01 3.511967e-01 
-9.807206e-02 3.613148e-01 
-7.508183e-02 3.703207e-01 
-5.176113e-02 3.783086e-01 
-2.809327e-02 3.853715e-01 
-4.039276e-03 3.915972e-01 
2.045726e-02 3.970659e-01 
4.546492e-02 4.018474e-01 
7.105868e-02 4.060006e-01 
9.731417e-02 4.095734e-01 
1.243017e-01 4.126035e-01 
1.520806e-01 4.151191e-01 
1.806938e-01 4.171412e-01 
2.101629e-01 4.186859e-01 
2.404845e-01 4.197658e-01 
2.716262e-01 4.203935e-01 
3.035258e-01 4.205825e-01 
3.360894e-01 4.203497e-01 
3.691936e-01 4.197167e-01 
4.026870e-01 4.187099e-01 
4.363945e-01 4.173611e-01 
4.701230e-01 4.157069e-01 
5.036668e-01 4.137879e-01 
5.368154e-01 4.116469e-01 
5.693603e-01 4.093283e-01 
6.011022e-01 4.068760e-01 
6.318568e-01 4.043325e-01 
6.614610e-01 4.017378e-01 
6.897760e-01 3.991283e-01 
7.166905e-01 3.965366e-01 
7.421214e-01 3.939909e-01 
7.660141e-01 3.915149e-01 
7.883409e-01 3.891283e-01 
8.090986e-01 3.868463e-01 
8.283063e-01 3.846803e-01 
8.460012e-01 3.826384e-01 
8.622362e-01 3.807251e-01 
8.770759e-01 3.789425e-01 
8.905936e-01 3.772903e-01 
9.028684e-01 3.757662e-01 
9.139827e-01 3.743663e-01 
9.240203e-01 3.730857e-01 
9.330642e-01 3.719181e-01 
9.411955e-01 3.708574e-01 
9.484926e-01 3.698964e-01 
9.550298e-01 3.690282e-01 
9.608774e-01 3.682457e-01 
9.661009e-01 3.675420e-01 
9.707614e-01 3.669103e-01 
9.749148e-01 3.663444e-01 
9.786129e-01 3.658382e-01 
9.819027e-01 3.653860e-01 
9.848271e-01 3.649826e-01 
9.874249e-01 3.646230e-01 
9.897310e-01 3.643029e-01 
9.917774e-01 3.640182e-01 
9.935923e-01 3.637657e-01 
9.952013e-01 3.635419e-01 
9.966272e-01 3.633437e-01 
9.978905e-01 3.631681e-01 
9.990093e-01 3.630127e-01 
1.000000e+00 3.628751e-01 
-3.828306e-01 -1.019833e-03 
-3.822921e-01 2.119598e-02 
-3.804345e-01 4.442250e-02 
-3.770894e-01 6.849886e-02 
-3.721063e-01 9.322748e-02 
-3.653589e-01 1.183767e-01 
-3.567605e-01 1.436882e-01 
-3.462707e-01 1.688877e-01 
-3.338971e-01 1.936957e-01 
-3.196998e-01 2.178441e-01 
-3.037862e-01 2.410887e-01 
-2.863004e-01 2.632190e-01 
-2.674154e-01 2.840677e-01 
-2.473184e-01 3.035128e-01 
-2.262001e-01 3.214785e-01 
-2.042441e-01 3.379345e-01 
-1.816163e-01 3.528884e-01 
-1.584583e-01 3.663824e-01 
-1.348831e-01 3.784847e-01 
-1.109710e-01 3.892817e-01 
-8.677043e-02 3.988713e-01 
-6.229842e-02 4.073565e-01 
-3.754402e-02 4.148397e-01 
-1.247209e-02 4.214178e-01 
1.297161e-02 4.271796e-01 
3.885494e-02 4.322031e-01 
6.525334e-02 4.365549e-01 
9.224382e-02 4.402895e-01 
1.198989e-01 4.434505e-01 
1.482806e-01 4.460716e-01 
1.774351e-01 4.481782e-01 
2.073875e-01 4.497904e-01 
2.381378e-01 4.509241e-01 
2.696577e-01 4.515945e-01 
3.018885e-01 4.518176e-01 
3.347403e-01 4.516120e-01 
3.680934e-01 4.510009e-01 
4.018000e-01 4.500118e-01 
4.356887e-01 4.486776e-01 
4.695696e-01 4.470357e-01 
5.032405e-01 4.451269e-01 
5.364939e-01 4.429949e-01 
5.691243e-01 4.406842e-01 
6.009349e-01 4.382390e-01 
6.317440e-01 4.357019e-01 
6.613907e-01 4.331130e-01 
6.897382e-01 4.305090e-01 
7.166769e-01 4.279223e-01 
7.421255e-01 4.253811e-01 
7.660304e-01 4.229094e-01 
7.883652e-01 4.205269e-01 
8.091277e-01 4.182485e-01 
8.283377e-01 4.160860e-01 
8.460331e-01 4.140472e-01 
8.622674e-01 4.121369e-01 
8.771054e-01 4.103570e-01 
8.906209e-01 4.087072e-01 
9.028931e-01 4.071853e-01 
9.140047e-01 4.057875e-01 
9.240396e-01 4.045086e-01 
9.330809e-01 4.033428e-01 
9.412099e-01 4.022835e-01 
9.485047e-01 4.013239e-01 
9.550399e-01 4.004569e-01 
9.608857e-01 3.996755e-01 
9.661077e-01 3.989728e-01 
9.707667e-01 3.983420e-01 
9.749190e-01 3.977769e-01 
9.786161e-01 3.972714e-01 
9.819051e-01 3.968198e-01 
9.848289e-01 3.964169e-01 
9.874261e-01 3.960578e-01 
9.897319e-01 3.957382e-01 
9.917779e-01 3.954539e-01 
9.935926e-01 3.952018e-01 
9.952014e-01 3.949783e-01 
9.966273e-01 3.947803e-01 
9.978905e-01 3.946050e-01 
9.990093e-01 3.944497e-01 
1.000000e+00 3.943123e-01 
-4.149514e-01 -1.019833e-03 
-4.143658e-01 2.297601e-02 
-4.123583e-01 4.805679e-02 
-4.087491e-01 7.404771e-02 
-4.033782e-01 1.007345e-01 
-3.961125e-01 1.278666e-01 
-3.868617e-01 1.551650e-01 
-3.755858e-01 1.823337e-01 
-3.622963e-01 2.090714e-01 
-3.470615e-01 2.350892e-01 
-3.300004e-01 2.601237e-01 
-3.112721e-01 2.839477e-01 
-2.910666e-01 3.063806e-01 
-2.695902e-01 3.272903e-01 
-2.470531e-01 3.465948e-01 
-2.236584e-01 3.642610e-01 
-1.995904e-01 3.802975e-01 
-1.750081e-01 3.947496e-01 
-1.500395e-01 4.076915e-01 
-1.247781e-01 4.192173e-01 
-9.928274e-02 4.294338e-01 
-7.357900e-02 4.384534e-01 
-4.766204e-02 4.463885e-01 
-2.150081e-02 4.533456e-01 
4.956571e-03 4.594230e-01 
3.177715e-02 4.647072e-01 
5.903685e-02 4.692730e-01 
8.681418e-02 4.731821e-01 
1.151840e-01 4.764846e-01 
1.442111e-01 4.792197e-01 
1.739452e-01 4.814179e-01 
2.044150e-01 4.831032e-01 
2.356246e-01 4.842953e-01 
2.675494e-01 4.850122e-01 
3.001349e-01 4.852724e-01 
3.332954e-01 4.850965e-01 
3.669150e-01 4.845093e-01 
4.008499e-01 4.835398e-01 
4.349326e-01 4.822216e-01 
4.689769e-01 4.805932e-01 
5.027839e-01 4.786959e-01 
5.361496e-01 4.765738e-01 
5.688714e-01 4.742719e-01 
6.007556e-01 4.718345e-01 
6.316231e-01 4.693046e-01 
6.613154e-01 4.667222e-01 
6.896977e-01 4.641242e-01 
7.166624e-01 4.615430e-01 
7.421298e-01 4.590070e-01 
7.660478e-01 4.565401e-01 
7.883912e-01 4.541620e-01 
8.091589e-01 4.518878e-01 
8.283713e-01 4.497291e-01 
8.460673e-01 4.476938e-01 
8.623008e-01 4.457867e-01 
8.771370e-01 4.440098e-01 
8.906501e-01 4.423628e-01 
9.029196e-01 4.408434e-01 
9.140284e-01 4.394478e-01 
9.240604e-01 4.381710e-01 
9.330989e-01 4.370070e-01 
9.412252e-01 4.359494e-01 
9.485177e-01 4.349914e-01 
9.550508e-01 4.341257e-01 
9.608946e-01 4.333455e-01 
9.661149e-01 4.326439e-01 
9.707725e-01 4.320141e-01 
9.749235e-01 4.314499e-01 
9.786196e-01 4.309451e-01 
9.819077e-01 4.304943e-01 
9.848307e-01 4.300920e-01 
9.874274e-01 4.297334e-01 
9.897327e-01 4.294143e-01 
9.917784e-01 4.291305e-01 
9.935929e-01 4.288787e-01 
9.952015e-01 4.286556e-01 
9.966273e-01 4.284579e-01 
9.978905e-01 4.282828e-01 
9.990093e-01 4.281278e-01 
1.000000e+00 4.279906e-01 
-4.492902e-01 -1.019833e-03 
-4.486542e-01 2.487896e-02 
-4.464867e-01 5.194206e-02 
-4.425958e-01 7.997986e-02 
-4.368110e-01 1.087604e-01 
-4.289922e-01 1.380127e-01 
-4.190451e-01 1.674357e-01 
-4.069300e-01 1.967104e-01 
-3.926628e-01 2.255123e-01 
-3.763203e-01 2.535300e-01 
-3.580341e-01 2.804798e-01 
-3.379788e-01 3.061167e-01 
-3.163631e-01 3.302455e-01 
-2.934131e-01 3.527236e-01 
-2.693602e-01 3.734623e-01 
-2.444280e-01 3.924255e-01 
-2.188208e-01 4.096222e-01 
-1.927160e-01 4.251018e-01 
-1.662577e-01 4.389445e-01 
-1.395534e-01 4.512525e-01 
-1.126735e-01 4.621420e-01 
-8.565236e-02 4.717358e-01 
-5.849178e-02 4.801566e-01 
-3.116519e-02 4.875213e-01 
-3.623210e-03 4.939382e-01 
2.420030e-02 4.995032e-01 
5.238174e-02 5.042996e-01 
8.100119e-02 5.083970e-01 
1.101359e-01 5.118522e-01 
1.398540e-01 5.147107e-01 
1.702085e-01 5.170079e-01 
2.012323e-01 5.187725e-01 
2.329334e-01 5.200279e-01 
2.652918e-01 5.207954e-01 
2.982571e-01 5.210959e-01 
3.317481e-01 5.209525e-01 
3.656530e-01 5.203915e-01 
3.998325e-01 5.194434e-01 
4.341230e-01 5.181429e-01 
4.683421e-01 5.165293e-01 
5.022950e-01 5.146447e-01 
5.357809e-01 5.125337e-01 
5.686007e-01 5.102414e-01 
6.005637e-01 5.078128e-01 
6.314937e-01 5.052908e-01 
6.612347e-01 5.027156e-01 
6.896543e-01 5.001243e-01 
7.166468e-01 4.975493e-01 
7.421344e-01 4.950190e-01 
7.660665e-01 4.925575e-01 
7.884191e-01 4.901843e-01 
8.091923e-01 4.879147e-01 
8.284074e-01 4.857603e-01 
8.461040e-01 4.837289e-01 
8.623365e-01 4.818254e-01 
8.771709e-01 4.800518e-01 
8.906814e-01 4.784078e-01 
9.029480e-01 4.768912e-01 
9.140536e-01 4.754981e-01 
9.240826e-01 4.742236e-01 
9.331181e-01 4.730617e-01 
9.412417e-01 4.720060e-01 
9.485316e-01 4.710496e-01 
9.550623e-01 4.701855e-01 
9.609041e-01 4.694067e-01 
9.661226e-01 4.687063e-01 
9.707787e-01 4.680776e-01 
9.749284e-01 4.675143e-01 
9.786233e-01 4.670104e-01 
9.819105e-01 4.665603e-01 
9.848328e-01 4.661587e-01 
9.874288e-01 4.658008e-01 
9.897337e-01 4.654822e-01 
9.917790e-01 4.651989e-01 
9.935932e-01 4.649475e-01 
9.952017e-01 4.647248e-01 
9.966273e-01 4.645274e-01 
9.978904e-01 4.643527e-01 
9.990092e-01 4.641979e-01 
1.000000e+00 4.640610e-01 
-4.859902e-01 -1.019833e-03 
-4.853006e-01 2.691277e-02 
-4.829625e-01 5.609455e-02 
-4.787708e-01 8.632009e-02 
-4.725445e-01 1.173385e-01 
-4.641355e-01 1.488572e-01 
-4.534455e-01 1.805518e-01 
-4.404349e-01 2.120782e-01 
-4.251243e-01 2.430875e-01 
-4.075996e-01 2.732442e-01 
-3.880055e-01 3.022429e-01 
-3.665335e-01 3.298197e-01 
-3.434119e-01 3.557637e-01 
-3.188883e-01 3.799210e-01 
-2.932162e-01 4.021955e-01 
-2.666416e-01 4.225481e-01 
-2.393899e-01 4.409883e-01 
-2.116580e-01 4.575694e-01 
-1.836076e-01 4.723781e-01 
-1.553609e-01 4.855254e-01 
-1.270006e-01 4.971374e-01 
-9.857082e-02 5.073478e-01 
-7.008029e-02 5.162905e-01 
-4.150727e-02 5.240935e-01 
-1.280512e-02 5.308757e-01 
1.609131e-02 5.367431e-01 
4.525891e-02 5.417880e-01 
7.477942e-02 5.460883e-01 
1.047327e-01 5.497084e-01 
1.351902e-01 5.527001e-01 
1.662087e-01 5.551045e-01 
1.978254e-01 5.569550e-01 
2.300526e-01 5.582791e-01 
2.628750e-01 5.591015e-01 
2.962469e-01 5.594461e-01 
3.300916e-01 5.593381e-01 
3.643021e-01 5.588057e-01 
3.987433e-01 5.578810e-01 
4.332562e-01 5.566000e-01 
4.676626e-01 5.550027e-01 
5.017715e-01 5.531322e-01 
5.353861e-01 5.510333e-01 
5.683108e-01 5.487518e-01 
6.003582e-01 5.463328e-01 
6.313551e-01 5.438196e-01 
6.611483e-01 5.412524e-01 
6.896078e-01 5.386685e-01 
7.166302e-01 5.361004e-01 
7.421393e-01 5.335766e-01 
7.660865e-01 5.311209e-01 
7.884490e-01 5.287533e-01 
8.092280e-01 5.264888e-01 
8.284460e-01 5.243390e-01 
8.461432e-01 5.223120e-01 
8.623748e-01 5.204126e-01 
8.772071e-01 5.186426e-01 
8.907149e-01 5.170020e-01 
9.029783e-01 5.154885e-01 
9.140807e-01 5.140982e-01 
9.241063e-01 5.128263e-01 
9.331387e-01 5.116666e-01 
9.412593e-01 5.106130e-01 
9.485465e-01 5.096585e-01 
9.550747e-01 5.087960e-01 
9.609143e-01 5.080187e-01 
9.661309e-01 5.073197e-01 
9.707853e-01 5.066922e-01 
9.749336e-01 5.061300e-01 
9.786273e-01 5.056271e-01 
9.819135e-01 5.051779e-01 
9.848349e-01 5.047771e-01 
9.874303e-01 5.044198e-01 
9.897347e-01 5.041018e-01 
9.917796e-01 5.038190e-01 
9.935935e-01 5.035681e-01 
9.952018e-01 5.033458e-01 
9.966273e-01 5.031488e-01 
9.978904e-01 5.029744e-01 
9.990092e-01 5.028199e-01 
1.000000e+00 5.026832e-01 
-5.252027e-01 -1.019833e-03 
-5.244558e-01 2.908581e-02 
-5.219357e-01 6.053137e-02 
-5.174234e-01 9.309455e-02 
-5.107261e-01 1.265043e-01 
-5.016876e-01 1.604451e-01 
-4.902052e-01 1.945673e-01 
-4.762393e-01 2.285007e-01 
-4.598154e-01 2.618698e-01 
-4.410292e-01 2.943138e-01 
-4.200394e-01 3.255038e-01 
-3.970555e-01 3.551556e-01 
-3.723264e-01 3.830419e-01 
-3.461227e-01 4.089965e-01 
-3.187217e-01 4.329153e-01 
-2.903929e-01 4.547559e-01 
-2.613846e-01 4.745284e-01 
-2.319145e-01 4.922900e-01 
-2.021628e-01 5.081346e-01 
-1.722679e-01 5.221821e-01 
-1.423254e-01 5.345695e-01 
-1.123897e-01 5.454419e-01 
-8.247725e-02 5.549453e-01 
-5.257149e-02 5.632194e-01 
-2.262868e-02 5.703945e-01 
7.415234e-03 5.765872e-01 
3.763761e-02 5.818998e-01 
6.812197e-02 5.864190e-01 
9.895093e-02 5.902170e-01 
1.301994e-01 5.933525e-01 
1.619284e-01 5.958728e-01 
1.941794e-01 5.978163e-01 
2.269696e-01 5.992150e-01 
2.602886e-01 6.000971e-01 
2.940956e-01 6.004895e-01 
3.283188e-01 6.004201e-01 
3.628562e-01 5.999191e-01 
3.975776e-01 5.990201e-01 
4.323285e-01 5.977605e-01 
4.669352e-01 5.961812e-01 
5.012111e-01 5.943260e-01 
5.349635e-01 5.922406e-01 
5.680005e-01 5.899710e-01 
6.001383e-01 5.875627e-01 
6.312068e-01 5.850592e-01 
6.610558e-01 5.825010e-01 
6.895581e-01 5.799253e-01 
7.166124e-01 5.773648e-01 
7.421446e-01 5.748480e-01 
7.661079e-01 5.723990e-01 
7.884810e-01 5.700374e-01 
8.092663e-01 5.677786e-01 
8.284873e-01 5.656341e-01 
8.461852e-01 5.636119e-01 
8.624158e-01 5.617169e-01 
8.772459e-01 5.599511e-01 
8.907507e-01 5.583142e-01 
9.030108e-01 5.568040e-01 
9.141097e-01 5.554169e-01 
9.241318e-01 5.541478e-01 
9.331608e-01 5.529907e-01 
9.412782e-01 5.519394e-01 
9.485624e-01 5.509869e-01 
9.550880e-01 5.501263e-01 
9.609253e-01 5.493507e-01 
9.661397e-01 5.486532e-01 
9.707923e-01 5.480270e-01 
9.749391e-01 5.474660e-01 
9.786316e-01 5.469642e-01 
9.819167e-01 5.465159e-01 
9.848373e-01 5.461160e-01 
9.874320e-01 5.457595e-01 
9.897358e-01 5.454422e-01 
9.917803e-01 5.451600e-01 
9.935939e-01 5.449096e-01 
9.952020e-01 5.446877e-01 
9.966274e-01 5.444912e-01 
9.978904e-01 5.443171e-01 
9.990091e-01 5.441630e-01 
1.000000e+00 5.440266e-01 
-5.670869e-01 -1.019833e-03 
-5.662789e-01 3.140692e-02 
-5.635647e-01 6.527053e-02 
-5.587105e-01 1.003308e-01 
-5.515111e-01 1.362951e-01 
-5.418013e-01 1.728235e-01 
-5.294739e-01 2.095395e-01 
-5.144892e-01 2.460449e-01 
-4.968780e-01 2.819360e-01 
-4.767462e-01 3.168250e-01 
-4.542675e-01 3.503579e-01 
-4.296703e-01 3.822288e-01 
-4.032258e-01 4.121928e-01 
-3.752290e-01 4.400703e-01 
-3.459823e-01 4.657492e-01 
-3.157808e-01 4.891829e-01 
-2.848966e-01 5.103823e-01 
-2.535701e-01 5.294088e-01 
-2.220012e-01 5.463637e-01 
-1.903453e-01 5.613766e-01 
-1.587121e-01 5.745958e-01 
-1.271672e-01 5.861789e-01 
-9.573509e-02 5.962843e-01 
-6.440471e-02 6.050647e-01 
-3.313558e-02 6.126622e-01 
-1.864820e-03 6.192050e-01 
2.948541e-02 6.248058e-01 
6.100046e-02 6.295609e-01 
9.276589e-02 6.335508e-01 
1.248604e-01 6.368417e-01 
1.573492e-01 6.394873e-01 
1.902787e-01 6.415315e-01 
2.236712e-01 6.430110e-01 
2.575214e-01 6.439578e-01 
2.917938e-01 6.444024e-01 
3.264220e-01 6.443751e-01 
3.613092e-01 6.439083e-01 
3.963303e-01 6.430374e-01 
4.313358e-01 6.418012e-01 
4.661570e-01 6.402416e-01 
5.006116e-01 6.384035e-01 
5.345114e-01 6.363329e-01 
5.676685e-01 6.340765e-01 
5.999029e-01 6.316800e-01 
6.310481e-01 6.291872e-01 
6.609569e-01 6.266389e-01 
6.895048e-01 6.240723e-01 
7.165933e-01 6.215203e-01 
7.421503e-01 6.190113e-01 
7.661308e-01 6.165696e-01 
7.885152e-01 6.142148e-01 
8.093073e-01 6.119622e-01 
8.285316e-01 6.098235e-01 
8.462302e-01 6.078068e-01 
8.624596e-01 6.059167e-01 
8.772874e-01 6.041554e-01 
8.907891e-01 6.025226e-01 
9.030456e-01 6.010163e-01 
9.141407e-01 5.996326e-01 
9.241590e-01 5.983665e-01 
9.331844e-01 5.972123e-01 
9.412984e-01 5.961635e-01 
9.485795e-01 5.952134e-01 
9.551022e-01 5.943549e-01 
9.609369e-01 5.935811e-01 
9.661492e-01 5.928852e-01 
9.707999e-01 5.922606e-01 
9.749450e-01 5.917009e-01 
9.786361e-01 5.912003e-01 
9.819201e-01 5.907530e-01 
9.848397e-01 5.903540e-01 
9.874337e-01 5.899984e-01 
9.897369e-01 5.896818e-01 
9.917810e-01 5.894003e-01 
9.935943e-01 5.891505e-01 
9.952021e-01 5.889292e-01 
9.966274e-01 5.887331e-01 
9.978903e-01 5.885594e-01 
9.990091e-01 5.884056e-01 
1.000000e+00 5.882695e-01 
-6.118101e-01 -1.019833e-03 
-6.109370e-01 3.388537e-02 
-6.080161e-01 7.033099e-02 
-6.027974e-01 1.080577e-01 
-5.950629e-01 1.467500e-01 
-5.846376e-01 1.860419e-01 
-5.714093e-01 2.255284e-01 
-5.553385e-01 2.647814e-01 
-5.364614e-01 3.033671e-01 
-5.148947e-01 3.408687e-01 
-4.908281e-01 3.769057e-01 
-4.645102e-01 4.111490e-01 
-4.362358e-01 4.433347e-01 
-4.063257e-01 4.732692e-01 
-3.751096e-01 5.008312e-01 
-3.429092e-01 5.259702e-01 
-3.100226e-01 5.486974e-01 
-2.767140e-01 5.690787e-01 
-2.432046e-01 5.872233e-01 
-2.096680e-01 6.032711e-01 
-1.762290e-01 6.173824e-01 
-1.429649e-01 6.297280e-01 
-1.099091e-01 6.404799e-01 
-7.705635e-02 6.498040e-01 
-4.436976e-02 6.578557e-01 
-1.178772e-02 6.647751e-01 
2.076809e-02 6.706861e-01 
5.338498e-02 6.756953e-01 
8.615160e-02 6.798921e-01 
1.191506e-01 6.833508e-01 
1.524519e-01 6.861317e-01 
1.861070e-01 6.882849e-01 
2.201435e-01 6.898519e-01 
2.545617e-01 6.908691e-01 
2.893319e-01 6.913704e-01 
3.243932e-01 6.913889e-01 
3.596545e-01 6.909595e-01 
3.949962e-01 6.901193e-01 
4.302741e-01 6.889087e-01 
4.653245e-01 6.873709e-01 
4.999703e-01 6.855515e-01 
5.340277e-01 6.834972e-01 
5.673134e-01 6.812553e-01 
5.996512e-01 6.788719e-01 
6.308784e-01 6.763910e-01 
6.608511e-01 6.738536e-01 
6.894479e-01 6.712971e-01 
7.165729e-01 6.687544e-01 
7.421564e-01 6.662541e-01 
7.661553e-01 6.638204e-01 
7.885518e-01 6.614731e-01 
8.093511e-01 6.592275e-01 
8.285789e-01 6.570953e-01 
8.462783e-01 6.550844e-01 
8.625065e-01 6.531998e-01 
8.773318e-01 6.514435e-01 
8.908301e-01 6.498154e-01 
9.030828e-01 6.483132e-01 
9.141739e-01 6.469333e-01 
9.241882e-01 6.456707e-01 
9.332097e-01 6.445196e-01 
9.413200e-01 6.434737e-01 
9.485977e-01 6.425261e-01 
9.551174e-01 6.416698e-01 
9.609494e-01 6.408981e-01 
9.661594e-01 6.402041e-01 
9.708080e-01 6.395811e-01 
9.749514e-01 6.390229e-01 
9.786410e-01 6.385236e-01 
9.819238e-01 6.380775e-01 
9.848424e-01 6.376795e-01 
9.874356e-01 6.373248e-01 
9.897381e-01 6.370091e-01 
9.917817e-01 6.367283e-01 
9.935947e-01 6.364792e-01 
9.952023e-01 6.362584e-01 
9.966274e-01 6.360628e-01 
9.978903e-01 6.358896e-01 
9.990091e-01 6.357362e-01 
1.000000e+00 6.356005e-01 
-6.595483e-01 -1.019833e-03 
-6.586058e-01 3.653091e-02 
-6.554646e-01 7.573265e-02 
-6.498577e-01 1.163057e-01 
-6.415528e-01 1.579103e-01 
-6.303651e-01 2.001526e-01 
-6.161769e-01 2.425972e-01 
-5.989486e-01 2.847842e-01 
-5.787223e-01 3.262478e-01 
-5.556261e-01 3.665403e-01 
-5.298666e-01 4.052528e-01 
-5.017140e-01 4.420315e-01 
-4.714882e-01 4.765922e-01 
-4.395375e-01 5.087262e-01 
-4.062204e-01 5.383024e-01 
-3.718874e-01 5.652659e-01 
-3.368641e-01 5.896284e-01 
-3.014400e-01 6.114604e-01 
-2.658592e-01 6.308794e-01 
-2.303147e-01 6.480362e-01 
-1.949475e-01 6.631040e-01 
-1.598474e-01 6.762676e-01 
-1.250572e-01 6.877133e-01 
-9.057836e-02 6.976213e-01 
-5.637745e-02 7.061609e-01 
-2.239437e-02 7.134852e-01 
1.144967e-02 7.197301e-01 
4.524404e-02 7.250129e-01 
7.908066e-02 7.294328e-01 
1.130464e-01 7.330724e-01 
1.472162e-01 7.359996e-01 
1.816468e-01 7.382706e-01 
2.163718e-01 7.399325e-01 
2.513972e-01 7.410260e-01 
2.866996e-01 7.415888e-01 
3.222240e-01 7.416572e-01 
3.578852e-01 7.412686e-01 
3.935696e-01 7.404621e-01 
4.291387e-01 7.392795e-01 
4.644344e-01 7.377656e-01 
4.992846e-01 7.359667e-01 
5.335105e-01 7.339304e-01 
5.669336e-01 7.317045e-01 
5.993820e-01 7.293356e-01 
6.306968e-01 7.268678e-01 
6.607379e-01 7.243424e-01 
6.893870e-01 7.217970e-01 
7.165510e-01 7.192647e-01 
7.421629e-01 7.167740e-01 
7.661815e-01 7.143492e-01 
7.885909e-01 7.120102e-01 
8.093979e-01 7.097722e-01 
8.286295e-01 7.076471e-01 
8.463297e-01 7.056428e-01 
8.625567e-01 7.037642e-01 
8.773792e-01 7.020134e-01 
8.908740e-01 7.003904e-01 
9.031226e-01 6.988928e-01 
9.142093e-01 6.975171e-01 
9.242193e-01 6.962584e-01 
9.332367e-01 6.951107e-01 
9.413431e-01 6.940679e-01 
9.486172e-01 6.931231e-01 
9.551337e-01 6.922694e-01 
9.609628e-01 6.915000e-01 
9.661702e-01 6.908080e-01 
9.708166e-01 6.901868e-01 
9.749582e-01 6.896302e-01 
9.786462e-01 6.891324e-01 
9.819277e-01 6.886876e-01 
9.848452e-01 6.882908e-01 
9.874375e-01 6.879371e-01 
9.897395e-01 6.876223e-01 
9.917826e-01 6.873423e-01 
9.935951e-01 6.870939e-01 
9.952025e-01 6.868737e-01 
9.966274e-01 6.866787e-01 
9.978902e-01 6.865060e-01 
9.990090e-01 6.863531e-01 
1.000000e+00 6.862177e-01 
-7.104857e-01 -1.019833e-03 
-7.094693e-01 3.935375e-02 
-7.060934e-01 8.149637e-02 
-7.000730e-01 1.251067e-01 
-6.911608e-01 1.698191e-01 
-6.791611e-01 2.152101e-01 
-6.639502e-01 2.608120e-01 
-6.454889e-01 3.061309e-01 
-6.238251e-01 3.506671e-01 
-5.990992e-01 3.939399e-01 
-5.715357e-01 4.355101e-01 
-5.414276e-01 4.749973e-01 
-5.091215e-01 5.120959e-01 
-4.749952e-01 5.465809e-01 
-4.394378e-01 5.783108e-01 
-4.028302e-01 6.072258e-01 
-3.655276e-01 6.333378e-01 
-3.278466e-01 6.567227e-01 
-2.900555e-01 6.775062e-01 
-2.523681e-01 6.958511e-01 
-2.149426e-01 7.119441e-01 
-1.778825e-01 7.259847e-01 
-1.412407e-01 7.381746e-01 
-1.050254e-01 7.487096e-01 
-6.920722e-02 7.577732e-01 
-3.372775e-02 7.655327e-01 
1.492337e-03 7.721367e-01 
3.654456e-02 7.777141e-01 
7.152431e-02 7.823743e-01 
1.065230e-01 7.862091e-01 
1.416207e-01 7.892942e-01 
1.768800e-01 7.916927e-01 
2.123407e-01 7.934572e-01 
2.480151e-01 7.946335e-01 
2.838861e-01 7.952632e-01 
3.199054e-01 7.953859e-01 
3.559941e-01 7.950417e-01 
3.920449e-01 7.942719e-01 
4.279252e-01 7.931201e-01 
4.634829e-01 7.916323e-01 
4.985516e-01 7.898559e-01 
5.329577e-01 7.878395e-01 
5.665277e-01 7.856312e-01 
5.990942e-01 7.832781e-01 
6.305028e-01 7.808248e-01 
6.606170e-01 7.783128e-01 
6.893220e-01 7.757797e-01 
7.165277e-01 7.732587e-01 
7.421698e-01 7.707786e-01 
7.662095e-01 7.683636e-01 
7.886327e-01 7.660338e-01 
8.094480e-01 7.638043e-01 
8.286835e-01 7.616870e-01 
8.463846e-01 7.596899e-01 
8.626103e-01 7.578180e-01 
8.774300e-01 7.560733e-01 
8.909209e-01 7.544558e-01 
9.031651e-01 7.529633e-01 
9.142473e-01 7.515923e-01 
9.242527e-01 7.503378e-01 
9.332655e-01 7.491939e-01 
9.413678e-01 7.481546e-01 
9.486380e-01 7.472129e-01 
9.551511e-01 7.463620e-01 
9.609771e-01 7.455951e-01 
9.661818e-01 7.449053e-01 
9.708259e-01 7.442861e-01 
9.749654e-01 7.437314e-01 
9.786518e-01 7.432351e-01 
9.819319e-01 7.427918e-01 
9.848483e-01 7.423962e-01 
9.874397e-01 7.420437e-01 
9.897409e-01 7.417298e-01 
9.917834e-01 7.414507e-01 
9.935956e-01 7.412031e-01 
9.952027e-01 7.409837e-01 
9.966275e-01 7.407893e-01 
9.978902e-01 7.406171e-01 
9.990090e-01 7.404647e-01 
1.000000e+00 7.403298e-01 
-7.648152e-01 -1.019833e-03 
-7.637202e-01 4.236458e-02 
-7.600945e-01 8.764399e-02 
-7.536339e-01 1.344941e-01 
-7.440750e-01 1.825216e-01 
-7.312106e-01 2.312716e-01 
-7.149110e-01 2.802420e-01 
-6.951366e-01 3.289030e-01 
-6.719419e-01 3.767183e-01 
-6.454802e-01 4.231722e-01 
-6.159949e-01 4.677933e-01 
-5.838034e-01 5.101730e-01 
-5.492807e-01 5.499825e-01 
-5.128358e-01 5.869795e-01 
-4.748903e-01 6.210112e-01 
-4.358579e-01 6.520126e-01 
-3.961249e-01 6.799961e-01 
-3.560369e-01 7.050423e-01 
-3.158881e-01 7.272865e-01 
-2.759147e-01 7.469036e-01 
-2.362931e-01 7.640948e-01 
-1.971415e-01 7.790754e-01 
-1.585234e-01 7.920636e-01 
-1.204546e-01 8.032712e-01 
-8.291001e-02 8.128975e-01 
-4.583292e-02 8.211247e-01 
-9.143563e-03 8.281148e-01 
2.725184e-02 8.340091e-01 
6.345238e-02 8.389282e-01 
9.955417e-02 8.429734e-01 
1.356430e-01 8.462290e-01 
1.717875e-01 8.487651e-01 
2.080340e-01 8.506407e-01 
2.444017e-01 8.519067e-01 
2.808802e-01 8.526090e-01 
3.174282e-01 8.527907e-01 
3.539736e-01 8.524949e-01 
3.904157e-01 8.517652e-01 
4.266286e-01 8.506471e-01 
4.624663e-01 8.491879e-01 
4.977684e-01 8.474363e-01 
5.323671e-01 8.454415e-01 
5.660939e-01 8.432527e-01 
5.987868e-01 8.409170e-01 
6.302954e-01 8.384797e-01 
6.604877e-01 8.359823e-01 
6.892524e-01 8.334627e-01 
7.165028e-01 8.309543e-01 
7.421772e-01 8.284859e-01 
7.662394e-01 8.260817e-01 
7.886775e-01 8.237619e-01 
8.095015e-01 8.215418e-01 
8.287413e-01 8.194331e-01 
8.464434e-01 8.174440e-01 
8.626676e-01 8.155794e-01 
8.774842e-01 8.138415e-01 
8.909710e-01 8.122302e-01 
9.032106e-01 8.107433e-01 
9.142878e-01 8.093774e-01 
9.242883e-01 8.081276e-01 
9.332964e-01 8.069879e-01 
9.413941e-01 8.059523e-01 
9.486603e-01 8.050141e-01 
9.551696e-01 8.041663e-01 
9.609924e-01 8.034021e-01 
9.661942e-01 8.027148e-01 
9.708358e-01 8.020979e-01 
9.749732e-01 8.015451e-01 
9.786577e-01 8.010506e-01 
9.819363e-01 8.006088e-01 
9.848515e-01 8.002147e-01 
9.874419e-01 7.998634e-01 
9.897424e-01 7.995507e-01 
9.917843e-01 7.992725e-01 
9.935961e-01 7.990258e-01 
9.952029e-01 7.988071e-01 
9.966275e-01 7.986134e-01 
9.978901e-01 7.984419e-01 
9.990089e-01 7.982899e-01 
1.000000e+00 7.981555e-01 
-8.227382e-01 -1.019833e-03 
-8.215595e-01 4.557456e-02 
-8.176680e-01 9.419831e-02 
-8.107389e-01 1.445026e-01 
-8.004919e-01 1.960649e-01 
-7.867073e-01 2.483968e-01 
-7.692489e-01 3.009597e-01 
-7.480769e-01 3.531853e-01 
-7.232524e-01 4.044986e-01 
-6.949427e-01 4.543467e-01 
-6.634111e-01 5.022237e-01 
-6.290009e-01 5.476910e-01 
-5.921172e-01 5.903950e-01 
-5.532023e-01 6.300748e-01 
-5.127124e-01 6.665658e-01 
-4.710959e-01 6.997970e-01 
-4.287726e-01 7.297810e-01 
-3.861187e-01 7.566041e-01 
-3.434563e-01 7.804111e-01 
-3.010451e-01 8.013900e-01 
-2.590814e-01 8.197573e-01 
-2.176987e-01 8.357451e-01 
-1.769724e-01 8.495890e-01 
-1.369259e-01 8.615180e-01 
-9.753910e-02 8.717483e-01 
-5.875705e-02 8.804776e-01 
-2.049954e-02 8.878827e-01 
1.732957e-02 8.941180e-01 
5.483327e-02 8.993157e-01 
9.211273e-02 9.035877e-01 
1.292597e-01 9.070271e-01 
1.663493e-01 9.097120e-01 
2.034349e-01 9.117077e-01 
2.405428e-01 9.130708e-01 
2.776700e-01 9.138518e-01 
3.147826e-01 9.140977e-01 
3.518157e-01 9.138546e-01 
3.886757e-01 9.131686e-01 
4.252438e-01 9.120873e-01 
4.613805e-01 9.106594e-01 
4.969319e-01 9.089349e-01 
5.317362e-01 9.069641e-01 
5.656307e-01 9.047964e-01 
5.984583e-01 9.024801e-01 
6.300740e-01 9.000602e-01 
6.603496e-01 8.975789e-01 
6.891781e-01 8.950743e-01 
7.164762e-01 8.925797e-01 
7.421851e-01 8.901241e-01 
7.662714e-01 8.877319e-01 
7.887252e-01 8.854232e-01 
8.095586e-01 8.832133e-01 
8.288031e-01 8.811141e-01 
8.465061e-01 8.791338e-01 
8.627288e-01 8.772773e-01 
8.775421e-01 8.755468e-01 
8.910246e-01 8.739423e-01 
9.032591e-01 8.724616e-01 
9.143311e-01 8.711014e-01 
9.243263e-01 8.698566e-01 
9.333293e-01 8.687216e-01 
9.414223e-01 8.676902e-01 
9.486841e-01 8.667557e-01 
9.551895e-01 8.659113e-01 
9.610087e-01 8.651502e-01 
9.662074e-01 8.644656e-01 
9.708463e-01 8.638511e-01 
9.749814e-01 8.633005e-01 
9.786641e-01 8.628079e-01 
9.819411e-01 8.623679e-01 
9.848550e-01 8.619753e-01 
9.874444e-01 8.616254e-01 
9.897440e-01 8.613139e-01 
9.917853e-01 8.610369e-01 
9.935966e-01 8.607911e-01 
9.952031e-01 8.605733e-01 
9.966275e-01 8.603803e-01 
9.978901e-01 8.602094e-01 
9.990088e-01 8.600581e-01 
1.000000e+00 8.599241e-01 
-8.844645e-01 -1.019833e-03 
-8.831969e-01 4.899532e-02 
-8.790226e-01 1.011831e-01 
-8.715952e-01 1.551686e-01 
-8.606162e-01 2.104983e-01 
-8.458528e-01 2.666480e-01 
-8.271616e-01 3.230404e-01 
-8.045026e-01 3.790662e-01 
-7.779441e-01 4.341095e-01 
-7.476677e-01 4.875775e-01 
-7.139583e-01 5.389276e-01 
-6.771863e-01 5.876892e-01 
-6.377891e-01 6.334823e-01 
-5.962441e-01 6.760263e-01 
-5.530445e-01 7.151434e-01 
-5.086756e-01 7.507566e-01 
-4.635925e-01 7.828786e-01 
-4.182047e-01 8.116012e-01 
-3.728635e-01 8.370795e-01 
-3.278539e-01 8.595154e-01 
-2.833934e-01 8.791416e-01 
-2.396320e-01 8.962081e-01 
-1.966575e-01 9.109688e-01 
-1.545019e-01 9.236712e-01 
-1.131502e-01 9.345494e-01 
-7.254941e-02 9.438178e-01 
-3.261896e-02 9.516686e-01 
6.739807e-03 9.582705e-01 
4.563398e-02 9.637681e-01 
8.417012e-02 9.682843e-01 
1.224462e-01 9.719220e-01 
1.605445e-01 9.747674e-01 
1.985256e-01 9.768930e-01 
2.364236e-01 9.783612e-01 
2.742432e-01 9.792276e-01 
3.119584e-01 9.795432e-01 
3.495121e-01 9.793574e-01 
3.868183e-01 9.787191e-01 
4.237654e-01 9.776778e-01 
4.602213e-01 9.762842e-01 
4.960388e-01 9.745894e-01 
5.310626e-01 9.726447e-01 
5.651361e-01 9.705004e-01 
5.981077e-01 9.682052e-01 
6.298375e-01 9.658046e-01 
6.602022e-01 9.633410e-01 
6.890988e-01 9.608527e-01 
7.164477e-01 9.583733e-01 
7.421935e-01 9.559319e-01 
7.663055e-01 9.535528e-01 
7.887762e-01 9.512563e-01 
8.096197e-01 9.490577e-01 
8.288690e-01 9.469690e-01 
8.465731e-01 9.449983e-01 
8.627941e-01 9.431507e-01 
8.776040e-01 9.414283e-01 
8.910817e-01 9.398313e-01 
9.033110e-01 9.383574e-01 
9.143773e-01 9.370034e-01 
9.243669e-01 9.357642e-01 
9.333645e-01 9.346343e-01 
9.414524e-01 9.336075e-01 
9.487095e-01 9.326772e-01 
9.552107e-01 9.318365e-01 
9.610261e-01 9.310787e-01 
9.662215e-01 9.303971e-01 
9.708576e-01 9.297853e-01 
9.749903e-01 9.292371e-01 
9.786709e-01 9.287467e-01 
9.819462e-01 9.283086e-01 
9.848587e-01 9.279177e-01 
9.874470e-01 9.275692e-01 
9.897457e-01 9.272591e-01 
9.917864e-01 9.269833e-01 
9.935972e-01 9.267385e-01 
9.952034e-01 9.265217e-01 
9.966276e-01 9.263295e-01 
9.978900e-01 9.261594e-01 
9.990088e-01 9.260087e-01 
1.000000e+00 9.258753e-01 
-9.502124e-01 -1.019833e-03 
-9.488501e-01 5.263897e-02 
-9.443752e-01 1.086230e-01 
-9.364181e-01 1.665298e-01 
-9.246609e-01 2.258727e-01 
-9.088568e-01 2.860898e-01 
-8.888547e-01 3.465624e-01 
-8.646144e-01 4.066379e-01 
-8.362117e-01 4.656564e-01 
-8.038436e-01 5.229832e-01 
-7.678174e-01 5.780364e-01 
-7.285327e-01 6.303113e-01 
-6.864608e-01 6.793997e-01 
-6.421166e-01 7.249999e-01 
-5.960326e-01 7.669200e-01 
-5.487333e-01 8.050766e-01 
-5.007116e-01 8.394821e-01 
-4.524121e-01 8.702343e-01 
-4.042173e-01 8.974992e-01 
-3.564396e-01 9.214932e-01 
-3.093185e-01 9.424663e-01 
-2.630222e-01 9.606874e-01 
-2.176515e-01 9.764301e-01 
-1.732478e-01 9.899613e-01 
-1.298012e-01 1.001534e+00 
-8.726132e-02 1.011381e+00 
-4.554699e-02 1.019710e+00 
-4.556990e-03 1.026706e+00 
3.582013e-02 1.032526e+00 
7.569660e-02 1.037305e+00 
1.151771e-01 1.041157e+00 
1.543514e-01 1.044175e+00 
1.932877e-01 1.046441e+00 
2.320285e-01 1.048023e+00 
2.705869e-01 1.048982e+00 
3.089450e-01 1.049373e+00 
3.470541e-01 1.049250e+00 
3.848363e-01 1.048663e+00 
4.221879e-01 1.047666e+00 
4.589844e-01 1.046310e+00 
4.950859e-01 1.044647e+00 
5.303439e-01 1.042731e+00 
5.646083e-01 1.040613e+00 
5.977336e-01 1.038340e+00 
6.295852e-01 1.035961e+00 
6.600450e-01 1.033517e+00 
6.890142e-01 1.031047e+00 
7.164174e-01 1.028584e+00 
7.422026e-01 1.026158e+00 
7.663419e-01 1.023793e+00 
7.888306e-01 1.021510e+00 
8.096848e-01 1.019324e+00 
8.289393e-01 1.017247e+00 
8.466446e-01 1.015287e+00 
8.628638e-01 1.013449e+00 
8.776700e-01 1.011735e+00 
8.911428e-01 1.010147e+00 
9.033663e-01 1.008680e+00 
9.144266e-01 1.007333e+00 
9.244102e-01 1.006100e+00 
9.334021e-01 1.004976e+00 
9.414845e-01 1.003954e+00 
9.487367e-01 1.003028e+00 
9.552333e-01 1.002192e+00 
9.610447e-01 1.001437e+00 
9.662366e-01 1.000759e+00 
9.708696e-01 1.000150e+00 
9.749997e-01 9.996047e-01 
9.786781e-01 9.991167e-01 
9.819516e-01 9.986806e-01 
9.848626e-01 9.982916e-01 
9.874497e-01 9.979448e-01 
9.897475e-01 9.976362e-01 
9.917875e-01 9.973617e-01 
9.935978e-01 9.971181e-01 
9.952036e-01 9.969022e-01 
9.966276e-01 9.967110e-01 
9.978900e-01 9.965416e-01 
9.990087e-01 9.963917e-01 
1.000000e+00 9.962590e-01 
-1.020208e+00 -1.019833e-03 
-1.018745e+00 5.651801e-02 
-1.013951e+00 1.165437e-01 
-1.005431e+00 1.786254e-01 
-9.928466e-01 2.422412e-01 
-9.759365e-01 3.067894e-01 
-9.545413e-01 3.716071e-01 
-9.286204e-01 4.359957e-01 
-8.982574e-01 4.992489e-01 
-8.636655e-01 5.606869e-01 
-8.251761e-01 6.196864e-01 
-7.832193e-01 6.757061e-01 
-7.383027e-01 7.283080e-01 
-6.909810e-01 7.771675e-01 
-6.418282e-01 8.220782e-01 
-5.914106e-01 8.629489e-01 
-5.402615e-01 8.997923e-01 
-4.888625e-01 9.327122e-01 
-4.376297e-01 9.618859e-01 
-3.869043e-01 9.875453e-01 
-3.369500e-01 1.009959e+00 
-2.879535e-01 1.029415e+00 
-2.400303e-01 1.046209e+00 
-1.932312e-01 1.060628e+00 
-1.475525e-01 1.072945e+00 
-1.029462e-01 1.083412e+00 
-5.933061e-02 1.092255e+00 
-1.660193e-02 1.099674e+00 
2.535594e-02 1.105841e+00 
6.666126e-02 1.110903e+00 
1.074258e-01 1.114984e+00 
1.477472e-01 1.118190e+00 
1.877020e-01 1.120607e+00 
2.273416e-01 1.122312e+00 
2.666877e-01 1.123371e+00 
3.057314e-01 1.123844e+00 
3.444327e-01 1.123788e+00 
3.827225e-01 1.123258e+00 
4.205055e-01 1.122308e+00 
4.576653e-01 1.120993e+00 
4.940696e-01 1.119366e+00 
5.295774e-01 1.117482e+00 
5.640454e-01 1.115391e+00 
5.973345e-01 1.113144e+00 
6.293161e-01 1.110788e+00 
6.598772e-01 1.108365e+00 
6.889240e-01 1.105915e+00 
7.163850e-01 1.103470e+00 
7.422122e-01 1.101061e+00 
7.663807e-01 1.098712e+00 
7.888886e-01 1.096444e+00 
8.097543e-01 1.094271e+00 
8.290143e-01 1.092207e+00 
8.467208e-01 1.090258e+00 
8.629382e-01 1.088431e+00 
8.777404e-01 1.086728e+00 
8.912078e-01 1.085148e+00 
9.034253e-01 1.083690e+00 
9.144792e-01 1.082350e+00 
9.244564e-01 1.081124e+00 
9.334421e-01 1.080005e+00 
9.415188e-01 1.078989e+00 
9.487656e-01 1.078068e+00 
9.552574e-01 1.077236e+00 
9.610646e-01 1.076486e+00 
9.662527e-01 1.075812e+00 
9.708825e-01 1.075206e+00 
9.750098e-01 1.074663e+00 
9.786859e-01 1.074178e+00 
9.819574e-01 1.073744e+00 
9.848669e-01 1.073357e+00 
9.874527e-01 1.073012e+00 
9.897495e-01 1.072705e+00 
9.917887e-01 1.072432e+00 
9.935985e-01 1.072190e+00 
9.952039e-01 1.071975e+00 
9.966277e-01 1.071785e+00 
9.978899e-01 1.071616e+00 
9.990086e-01 1.071467e+00 
1.000000e+00 1.071335e+00 
BC
4
4
4
4
4
4
4
4
4
4
4
4
4
4
4
4
4
4
4
4
4
4
4
4
4
4
4
4
4
4
4
4
4
4
4
4
4
4
4
4
4
4
4
4
4
4
4
4
4
4
4
4
4
4
4
4
4
4
4
4
4
4
4
4
4
4
4
4
4
4
4
4
4
4
4
4
4
4
4
-1
-1
-1
-1
-1
-1
-1
-1
-1
-1
-1
-1
-1
-1
-1
-1
-1
-1
-1
-1
-1
-1
-1
-1
-1
-1
-1
-1
-1
-1
-1
-1
-1
-1
-1
-1
-1
-1
-1
-1
-1
-1
-1
-1
-1
-1
-1
-1
-1
-1
-1
-1
-1
-1
-1
-1
-1
-1
-1
-1
-1
-1
-1
-1
-1
-1
-1
-1
-1
-1
-1
-1
-1
-1
-1
-1
-1
-1
-1
-1
-1
-1
-1
-1
-1
-1
-1
-1
-1
-1
-1
-1
-1
-1
-1
-1
-1
-1
-1
-1
-1
-1
-1
-1
-1
-1
-1
-1
-1
-1
-1
-1
-1
-1
-1
-1
-1
-1
-1
-1
-1
-1
-1
-1
-1
-1
-1
-1
-1
-1
-1
-1
-1
-1
-1
-1
-1
-1
-1
-1
-1
-1
-1
-1
-1
-1
-1
-1
-1
-1
-1
-1
-1
-1
-1
-1
-1
-1
-1
