npart: 4 4 
ipart: 1 1 
ngrid: 27 27 
2.600000e-01 1.589933e-04 
2.700000e-01 1.589933e-04 
2.800000e-01 1.589933e-04 
2.900000e-01 1.589933e-04 
3.000000e-01 1.589933e-04 
3.100000e-01 1.589933e-04 
3.200000e-01 1.589933e-04 
3.300000e-01 1.589933e-04 
3.400000e-01 1.589933e-04 
3.500000e-01 1.589933e-04 
3.600000e-01 1.589933e-04 
3.700000e-01 1.589933e-04 
3.800000e-01 1.589933e-04 
3.900000e-01 1.589933e-04 
4.000000e-01 1.589933e-04 
4.100000e-01 1.589933e-04 
4.200000e-01 1.589933e-04 
4.300000e-01 1.589933e-04 
4.400000e-01 1.589933e-04 
4.500000e-01 1.589933e-04 
4.600000e-01 1.589933e-04 
4.700000e-01 1.589933e-04 
4.800000e-01 1.589933e-04 
4.900000e-01 1.589933e-04 
5.000000e-01 1.589933e-04 
5.100000e-01 1.589933e-04 
5.200000e-01 1.589933e-04 
2.600000e-01 1.796223e-04 
2.700000e-01 1.796223e-04 
2.800000e-01 1.796223e-04 
2.900000e-01 1.796223e-04 
3.000000e-01 1.796223e-04 
3.100000e-01 1.796223e-04 
3.200000e-01 1.796223e-04 
3.300000e-01 1.796223e-04 
3.400000e-01 1.796223e-04 
3.500000e-01 1.796223e-04 
3.600000e-01 1.796223e-04 
3.700000e-01 1.796223e-04 
3.800000e-01 1.796223e-04 
3.900000e-01 1.796223e-04 
4.000000e-01 1.796223e-04 
4.100000e-01 1.796223e-04 
4.200000e-01 1.796223e-04 
4.300000e-01 1.796223e-04 
4.400000e-01 1.796223e-04 
4.500000e-01 1.796223e-04 
4.600000e-01 1.796223e-04 
4.700000e-01 1.796223e-04 
4.800000e-01 1.796223e-04 
4.900000e-01 1.796223e-04 
5.000000e-01 1.796223e-04 
5.100000e-01 1.796223e-04 
5.200000e-01 1.796223e-04 
2.600000e-01 2.027981e-04 
2.700000e-01 2.027981e-04 
2.800000e-01 2.027981e-04 
2.900000e-01 2.027981e-04 
3.000000e-01 2.027981e-04 
3.100000e-01 2.027981e-04 
3.200000e-01 2.027981e-04 
3.300000e-01 2.027981e-04 
3.400000e-01 2.027981e-04 
3.500000e-01 2.027981e-04 
3.600000e-01 2.027981e-04 
3.700000e-01 2.027981e-04 
3.800000e-01 2.027981e-04 
3.900000e-01 2.027981e-04 
4.000000e-01 2.027981e-04 
4.100000e-01 2.027981e-04 
4.200000e-01 2.027981e-04 
4.300000e-01 2.027981e-04 
4.400000e-01 2.027981e-04 
4.500000e-01 2.027981e-04 
4.600000e-01 2.027981e-04 
4.700000e-01 2.027981e-04 
4.800000e-01 2.027981e-04 
4.900000e-01 2.027981e-04 
5.000000e-01 2.027981e-04 
5.100000e-01 2.027981e-04 
5.200000e-01 2.027981e-04 
2.600000e-01 2.288352e-04 
2.700000e-01 2.288352e-04 
2.800000e-01 2.288352e-04 
2.900000e-01 2.288352e-04 
3.000000e-01 2.288352e-04 
3.100000e-01 2.288352e-04 
3.200000e-01 2.288352e-04 
3.300000e-01 2.288352e-04 
3.400000e-01 2.288352e-04 
3.500000e-01 2.288352e-04 
3.600000e-01 2.288352e-04 
3.700000e-01 2.288352e-04 
3.800000e-01 2.288352e-04 
3.900000e-01 2.288352e-04 
4.000000e-01 2.288352e-04 
4.100000e-01 2.288352e-04 
4.200000e-01 2.288352e-04 
4.300000e-01 2.288352e-04 
4.400000e-01 2.288352e-04 
4.500000e-01 2.288352e-04 
4.600000e-01 2.288352e-04 
4.700000e-01 2.288352e-04 
4.800000e-01 2.288352e-04 
4.900000e-01 2.288352e-04 
5.000000e-01 2.288352e-04 
5.100000e-01 2.288352e-04 
5.200000e-01 2.288352e-04 
2.600000e-01 2.580867e-04 
2.700000e-01 2.580867e-04 
2.800000e-01 2.580867e-04 
2.900000e-01 2.580867e-04 
3.000000e-01 2.580867e-04 
3.100000e-01 2.580867e-04 
3.200000e-01 2.580867e-04 
3.300000e-01 2.580867e-04 
3.400000e-01 2.580867e-04 
3.500000e-01 2.580867e-04 
3.600000e-01 2.580867e-04 
3.700000e-01 2.580867e-04 
3.800000e-01 2.580867e-04 
3.900000e-01 2.580867e-04 
4.000000e-01 2.580867e-04 
4.100000e-01 2.580867e-04 
4.200000e-01 2.580867e-04 
4.300000e-01 2.580867e-04 
4.400000e-01 2.580867e-04 
4.500000e-01 2.580867e-04 
4.600000e-01 2.580867e-04 
4.700000e-01 2.580867e-04 
4.800000e-01 2.580867e-04 
4.900000e-01 2.580867e-04 
5.000000e-01 2.580867e-04 
5.100000e-01 2.580867e-04 
5.200000e-01 2.580867e-04 
2.600000e-01 2.909496e-04 
2.700000e-01 2.909496e-04 
2.800000e-01 2.909496e-04 
2.900000e-01 2.909496e-04 
3.000000e-01 2.909496e-04 
3.100000e-01 2.909496e-04 
3.200000e-01 2.909496e-04 
3.300000e-01 2.909496e-04 
3.400000e-01 2.909496e-04 
3.500000e-01 2.909496e-04 
3.600000e-01 2.909496e-04 
3.700000e-01 2.909496e-04 
3.800000e-01 2.909496e-04 
3.900000e-01 2.909496e-04 
4.000000e-01 2.909496e-04 
4.100000e-01 2.909496e-04 
4.200000e-01 2.909496e-04 
4.300000e-01 2.909496e-04 
4.400000e-01 2.909496e-04 
4.500000e-01 2.909496e-04 
4.600000e-01 2.909496e-04 
4.700000e-01 2.909496e-04 
4.800000e-01 2.909496e-04 
4.900000e-01 2.909496e-04 
5.000000e-01 2.909496e-04 
5.100000e-01 2.909496e-04 
5.200000e-01 2.909496e-04 
2.600000e-01 3.278696e-04 
2.700000e-01 3.278696e-04 
2.800000e-01 3.278696e-04 
2.900000e-01 3.278696e-04 
3.000000e-01 3.278696e-04 
3.100000e-01 3.278696e-04 
3.200000e-01 3.278696e-04 
3.300000e-01 3.278696e-04 
3.400000e-01 3.278696e-04 
3.500000e-01 3.278696e-04 
3.600000e-01 3.278696e-04 
3.700000e-01 3.278696e-04 
3.800000e-01 3.278696e-04 
3.900000e-01 3.278696e-04 
4.000000e-01 3.278696e-04 
4.100000e-01 3.278696e-04 
4.200000e-01 3.278696e-04 
4.300000e-01 3.278696e-04 
4.400000e-01 3.278696e-04 
4.500000e-01 3.278696e-04 
4.600000e-01 3.278696e-04 
4.700000e-01 3.278696e-04 
4.800000e-01 3.278696e-04 
4.900000e-01 3.278696e-04 
5.000000e-01 3.278696e-04 
5.100000e-01 3.278696e-04 
5.200000e-01 3.278696e-04 
2.600000e-01 3.693478e-04 
2.700000e-01 3.693478e-04 
2.800000e-01 3.693478e-04 
2.900000e-01 3.693478e-04 
3.000000e-01 3.693478e-04 
3.100000e-01 3.693478e-04 
3.200000e-01 3.693478e-04 
3.300000e-01 3.693478e-04 
3.400000e-01 3.693478e-04 
3.500000e-01 3.693478e-04 
3.600000e-01 3.693478e-04 
3.700000e-01 3.693478e-04 
3.800000e-01 3.693478e-04 
3.900000e-01 3.693478e-04 
4.000000e-01 3.693478e-04 
4.100000e-01 3.693478e-04 
4.200000e-01 3.693478e-04 
4.300000e-01 3.693478e-04 
4.400000e-01 3.693478e-04 
4.500000e-01 3.693478e-04 
4.600000e-01 3.693478e-04 
4.700000e-01 3.693478e-04 
4.800000e-01 3.693478e-04 
4.900000e-01 3.693478e-04 
5.000000e-01 3.693478e-04 
5.100000e-01 3.693478e-04 
5.200000e-01 3.693478e-04 
2.600000e-01 4.159467e-04 
2.700000e-01 4.159467e-04 
2.800000e-01 4.159467e-04 
2.900000e-01 4.159467e-04 
3.000000e-01 4.159467e-04 
3.100000e-01 4.159467e-04 
3.200000e-01 4.159467e-04 
3.300000e-01 4.159467e-04 
3.400000e-01 4.159467e-04 
3.500000e-01 4.159467e-04 
3.600000e-01 4.159467e-04 
3.700000e-01 4.159467e-04 
3.800000e-01 4.159467e-04 
3.900000e-01 4.159467e-04 
4.000000e-01 4.159467e-04 
4.100000e-01 4.159467e-04 
4.200000e-01 4.159467e-04 
4.300000e-01 4.159467e-04 
4.400000e-01 4.159467e-04 
4.500000e-01 4.159467e-04 
4.600000e-01 4.159467e-04 
4.700000e-01 4.159467e-04 
4.800000e-01 4.159467e-04 
4.900000e-01 4.159467e-04 
5.000000e-01 4.159467e-04 
5.100000e-01 4.159467e-04 
5.200000e-01 4.159467e-04 
2.600000e-01 4.682987e-04 
2.700000e-01 4.682987e-04 
2.800000e-01 4.682987e-04 
2.900000e-01 4.682987e-04 
3.000000e-01 4.682987e-04 
3.100000e-01 4.682987e-04 
3.200000e-01 4.682987e-04 
3.300000e-01 4.682987e-04 
3.400000e-01 4.682987e-04 
3.500000e-01 4.682987e-04 
3.600000e-01 4.682987e-04 
3.700000e-01 4.682987e-04 
3.800000e-01 4.682987e-04 
3.900000e-01 4.682987e-04 
4.000000e-01 4.682987e-04 
4.100000e-01 4.682987e-04 
4.200000e-01 4.682987e-04 
4.300000e-01 4.682987e-04 
4.400000e-01 4.682987e-04 
4.500000e-01 4.682987e-04 
4.600000e-01 4.682987e-04 
4.700000e-01 4.682987e-04 
4.800000e-01 4.682987e-04 
4.900000e-01 4.682987e-04 
5.000000e-01 4.682987e-04 
5.100000e-01 4.682987e-04 
5.200000e-01 4.682987e-04 
2.600000e-01 5.271139e-04 
2.700000e-01 5.271139e-04 
2.800000e-01 5.271139e-04 
2.900000e-01 5.271139e-04 
3.000000e-01 5.271139e-04 
3.100000e-01 5.271139e-04 
3.200000e-01 5.271139e-04 
3.300000e-01 5.271139e-04 
3.400000e-01 5.271139e-04 
3.500000e-01 5.271139e-04 
3.600000e-01 5.271139e-04 
3.700000e-01 5.271139e-04 
3.800000e-01 5.271139e-04 
3.900000e-01 5.271139e-04 
4.000000e-01 5.271139e-04 
4.100000e-01 5.271139e-04 
4.200000e-01 5.271139e-04 
4.300000e-01 5.271139e-04 
4.400000e-01 5.271139e-04 
4.500000e-01 5.271139e-04 
4.600000e-01 5.271139e-04 
4.700000e-01 5.271139e-04 
4.800000e-01 5.271139e-04 
4.900000e-01 5.271139e-04 
5.000000e-01 5.271139e-04 
5.100000e-01 5.271139e-04 
5.200000e-01 5.271139e-04 
2.600000e-01 5.931904e-04 
2.700000e-01 5.931904e-04 
2.800000e-01 5.931904e-04 
2.900000e-01 5.931904e-04 
3.000000e-01 5.931904e-04 
3.100000e-01 5.931904e-04 
3.200000e-01 5.931904e-04 
3.300000e-01 5.931904e-04 
3.400000e-01 5.931904e-04 
3.500000e-01 5.931904e-04 
3.600000e-01 5.931904e-04 
3.700000e-01 5.931904e-04 
3.800000e-01 5.931904e-04 
3.900000e-01 5.931904e-04 
4.000000e-01 5.931904e-04 
4.100000e-01 5.931904e-04 
4.200000e-01 5.931904e-04 
4.300000e-01 5.931904e-04 
4.400000e-01 5.931904e-04 
4.500000e-01 5.931904e-04 
4.600000e-01 5.931904e-04 
4.700000e-01 5.931904e-04 
4.800000e-01 5.931904e-04 
4.900000e-01 5.931904e-04 
5.000000e-01 5.931904e-04 
5.100000e-01 5.931904e-04 
5.200000e-01 5.931904e-04 
2.600000e-01 6.674245e-04 
2.700000e-01 6.674245e-04 
2.800000e-01 6.674245e-04 
2.900000e-01 6.674245e-04 
3.000000e-01 6.674245e-04 
3.100000e-01 6.674245e-04 
3.200000e-01 6.674245e-04 
3.300000e-01 6.674245e-04 
3.400000e-01 6.674245e-04 
3.500000e-01 6.674245e-04 
3.600000e-01 6.674245e-04 
3.700000e-01 6.674245e-04 
3.800000e-01 6.674245e-04 
3.900000e-01 6.674245e-04 
4.000000e-01 6.674245e-04 
4.100000e-01 6.674245e-04 
4.200000e-01 6.674245e-04 
4.300000e-01 6.674245e-04 
4.400000e-01 6.674245e-04 
4.500000e-01 6.674245e-04 
4.600000e-01 6.674245e-04 
4.700000e-01 6.674245e-04 
4.800000e-01 6.674245e-04 
4.900000e-01 6.674245e-04 
5.000000e-01 6.674245e-04 
5.100000e-01 6.674245e-04 
5.200000e-01 6.674245e-04 
2.600000e-01 7.508234e-04 
2.700000e-01 7.508234e-04 
2.800000e-01 7.508234e-04 
2.900000e-01 7.508234e-04 
3.000000e-01 7.508234e-04 
3.100000e-01 7.508234e-04 
3.200000e-01 7.508234e-04 
3.300000e-01 7.508234e-04 
3.400000e-01 7.508234e-04 
3.500000e-01 7.508234e-04 
3.600000e-01 7.508234e-04 
3.700000e-01 7.508234e-04 
3.800000e-01 7.508234e-04 
3.900000e-01 7.508234e-04 
4.000000e-01 7.508234e-04 
4.100000e-01 7.508234e-04 
4.200000e-01 7.508234e-04 
4.300000e-01 7.508234e-04 
4.400000e-01 7.508234e-04 
4.500000e-01 7.508234e-04 
4.600000e-01 7.508234e-04 
4.700000e-01 7.508234e-04 
4.800000e-01 7.508234e-04 
4.900000e-01 7.508234e-04 
5.000000e-01 7.508234e-04 
5.100000e-01 7.508234e-04 
5.200000e-01 7.508234e-04 
2.600000e-01 8.445186e-04 
2.700000e-01 8.445186e-04 
2.800000e-01 8.445186e-04 
2.900000e-01 8.445186e-04 
3.000000e-01 8.445186e-04 
3.100000e-01 8.445186e-04 
3.200000e-01 8.445186e-04 
3.300000e-01 8.445186e-04 
3.400000e-01 8.445186e-04 
3.500000e-01 8.445186e-04 
3.600000e-01 8.445186e-04 
3.700000e-01 8.445186e-04 
3.800000e-01 8.445186e-04 
3.900000e-01 8.445186e-04 
4.000000e-01 8.445186e-04 
4.100000e-01 8.445186e-04 
4.200000e-01 8.445186e-04 
4.300000e-01 8.445186e-04 
4.400000e-01 8.445186e-04 
4.500000e-01 8.445186e-04 
4.600000e-01 8.445186e-04 
4.700000e-01 8.445186e-04 
4.800000e-01 8.445186e-04 
4.900000e-01 8.445186e-04 
5.000000e-01 8.445186e-04 
5.100000e-01 8.445186e-04 
5.200000e-01 8.445186e-04 
2.600000e-01 9.497812e-04 
2.700000e-01 9.497812e-04 
2.800000e-01 9.497812e-04 
2.900000e-01 9.497812e-04 
3.000000e-01 9.497812e-04 
3.100000e-01 9.497812e-04 
3.200000e-01 9.497812e-04 
3.300000e-01 9.497812e-04 
3.400000e-01 9.497812e-04 
3.500000e-01 9.497812e-04 
3.600000e-01 9.497812e-04 
3.700000e-01 9.497812e-04 
3.800000e-01 9.497812e-04 
3.900000e-01 9.497812e-04 
4.000000e-01 9.497812e-04 
4.100000e-01 9.497812e-04 
4.200000e-01 9.497812e-04 
4.300000e-01 9.497812e-04 
4.400000e-01 9.497812e-04 
4.500000e-01 9.497812e-04 
4.600000e-01 9.497812e-04 
4.700000e-01 9.497812e-04 
4.800000e-01 9.497812e-04 
4.900000e-01 9.497812e-04 
5.000000e-01 9.497812e-04 
5.100000e-01 9.497812e-04 
5.200000e-01 9.497812e-04 
2.600000e-01 1.068039e-03 
2.700000e-01 1.068039e-03 
2.800000e-01 1.068039e-03 
2.900000e-01 1.068039e-03 
3.000000e-01 1.068039e-03 
3.100000e-01 1.068039e-03 
3.200000e-01 1.068039e-03 
3.300000e-01 1.068039e-03 
3.400000e-01 1.068039e-03 
3.500000e-01 1.068039e-03 
3.600000e-01 1.068039e-03 
3.700000e-01 1.068039e-03 
3.800000e-01 1.068039e-03 
3.900000e-01 1.068039e-03 
4.000000e-01 1.068039e-03 
4.100000e-01 1.068039e-03 
4.200000e-01 1.068039e-03 
4.300000e-01 1.068039e-03 
4.400000e-01 1.068039e-03 
4.500000e-01 1.068039e-03 
4.600000e-01 1.068039e-03 
4.700000e-01 1.068039e-03 
4.800000e-01 1.068039e-03 
4.900000e-01 1.068039e-03 
5.000000e-01 1.068039e-03 
5.100000e-01 1.068039e-03 
5.200000e-01 1.068039e-03 
2.600000e-01 1.200897e-03 
2.700000e-01 1.200897e-03 
2.800000e-01 1.200897e-03 
2.900000e-01 1.200897e-03 
3.000000e-01 1.200897e-03 
3.100000e-01 1.200897e-03 
3.200000e-01 1.200897e-03 
3.300000e-01 1.200897e-03 
3.400000e-01 1.200897e-03 
3.500000e-01 1.200897e-03 
3.600000e-01 1.200897e-03 
3.700000e-01 1.200897e-03 
3.800000e-01 1.200897e-03 
3.900000e-01 1.200897e-03 
4.000000e-01 1.200897e-03 
4.100000e-01 1.200897e-03 
4.200000e-01 1.200897e-03 
4.300000e-01 1.200897e-03 
4.400000e-01 1.200897e-03 
4.500000e-01 1.200897e-03 
4.600000e-01 1.200897e-03 
4.700000e-01 1.200897e-03 
4.800000e-01 1.200897e-03 
4.900000e-01 1.200897e-03 
5.000000e-01 1.200897e-03 
5.100000e-01 1.200897e-03 
5.200000e-01 1.200897e-03 
2.600000e-01 1.350158e-03 
2.700000e-01 1.350158e-03 
2.800000e-01 1.350158e-03 
2.900000e-01 1.350158e-03 
3.000000e-01 1.350158e-03 
3.100000e-01 1.350158e-03 
3.200000e-01 1.350158e-03 
3.300000e-01 1.350158e-03 
3.400000e-01 1.350158e-03 
3.500000e-01 1.350158e-03 
3.600000e-01 1.350158e-03 
3.700000e-01 1.350158e-03 
3.800000e-01 1.350158e-03 
3.900000e-01 1.350158e-03 
4.000000e-01 1.350158e-03 
4.100000e-01 1.350158e-03 
4.200000e-01 1.350158e-03 
4.300000e-01 1.350158e-03 
4.400000e-01 1.350158e-03 
4.500000e-01 1.350158e-03 
4.600000e-01 1.350158e-03 
4.700000e-01 1.350158e-03 
4.800000e-01 1.350158e-03 
4.900000e-01 1.350158e-03 
5.000000e-01 1.350158e-03 
5.100000e-01 1.350158e-03 
5.200000e-01 1.350158e-03 
2.600000e-01 1.517846e-03 
2.700000e-01 1.517846e-03 
2.800000e-01 1.517846e-03 
2.900000e-01 1.517846e-03 
3.000000e-01 1.517846e-03 
3.100000e-01 1.517846e-03 
3.200000e-01 1.517846e-03 
3.300000e-01 1.517846e-03 
3.400000e-01 1.517846e-03 
3.500000e-01 1.517846e-03 
3.600000e-01 1.517846e-03 
3.700000e-01 1.517846e-03 
3.800000e-01 1.517846e-03 
3.900000e-01 1.517846e-03 
4.000000e-01 1.517846e-03 
4.100000e-01 1.517846e-03 
4.200000e-01 1.517846e-03 
4.300000e-01 1.517846e-03 
4.400000e-01 1.517846e-03 
4.500000e-01 1.517846e-03 
4.600000e-01 1.517846e-03 
4.700000e-01 1.517846e-03 
4.800000e-01 1.517846e-03 
4.900000e-01 1.517846e-03 
5.000000e-01 1.517846e-03 
5.100000e-01 1.517846e-03 
5.200000e-01 1.517846e-03 
2.600000e-01 1.706236e-03 
2.700000e-01 1.706236e-03 
2.800000e-01 1.706236e-03 
2.900000e-01 1.706236e-03 
3.000000e-01 1.706236e-03 
3.100000e-01 1.706236e-03 
3.200000e-01 1.706236e-03 
3.300000e-01 1.706236e-03 
3.400000e-01 1.706236e-03 
3.500000e-01 1.706236e-03 
3.600000e-01 1.706236e-03 
3.700000e-01 1.706236e-03 
3.800000e-01 1.706236e-03 
3.900000e-01 1.706236e-03 
4.000000e-01 1.706236e-03 
4.100000e-01 1.706236e-03 
4.200000e-01 1.706236e-03 
4.300000e-01 1.706236e-03 
4.400000e-01 1.706236e-03 
4.500000e-01 1.706236e-03 
4.600000e-01 1.706236e-03 
4.700000e-01 1.706236e-03 
4.800000e-01 1.706236e-03 
4.900000e-01 1.706236e-03 
5.000000e-01 1.706236e-03 
5.100000e-01 1.706236e-03 
5.200000e-01 1.706236e-03 
2.600000e-01 1.917884e-03 
2.700000e-01 1.917884e-03 
2.800000e-01 1.917884e-03 
2.900000e-01 1.917884e-03 
3.000000e-01 1.917884e-03 
3.100000e-01 1.917884e-03 
3.200000e-01 1.917884e-03 
3.300000e-01 1.917884e-03 
3.400000e-01 1.917884e-03 
3.500000e-01 1.917884e-03 
3.600000e-01 1.917884e-03 
3.700000e-01 1.917884e-03 
3.800000e-01 1.917884e-03 
3.900000e-01 1.917884e-03 
4.000000e-01 1.917884e-03 
4.100000e-01 1.917884e-03 
4.200000e-01 1.917884e-03 
4.300000e-01 1.917884e-03 
4.400000e-01 1.917884e-03 
4.500000e-01 1.917884e-03 
4.600000e-01 1.917884e-03 
4.700000e-01 1.917884e-03 
4.800000e-01 1.917884e-03 
4.900000e-01 1.917884e-03 
5.000000e-01 1.917884e-03 
5.100000e-01 1.917884e-03 
5.200000e-01 1.917884e-03 
2.600000e-01 2.155662e-03 
2.700000e-01 2.155662e-03 
2.800000e-01 2.155662e-03 
2.900000e-01 2.155662e-03 
3.000000e-01 2.155662e-03 
3.100000e-01 2.155662e-03 
3.200000e-01 2.155662e-03 
3.300000e-01 2.155662e-03 
3.400000e-01 2.155662e-03 
3.500000e-01 2.155662e-03 
3.600000e-01 2.155662e-03 
3.700000e-01 2.155662e-03 
3.800000e-01 2.155662e-03 
3.900000e-01 2.155662e-03 
4.000000e-01 2.155662e-03 
4.100000e-01 2.155662e-03 
4.200000e-01 2.155662e-03 
4.300000e-01 2.155662e-03 
4.400000e-01 2.155662e-03 
4.500000e-01 2.155662e-03 
4.600000e-01 2.155662e-03 
4.700000e-01 2.155662e-03 
4.800000e-01 2.155662e-03 
4.900000e-01 2.155662e-03 
5.000000e-01 2.155662e-03 
5.100000e-01 2.155662e-03 
5.200000e-01 2.155662e-03 
2.600000e-01 2.422796e-03 
2.700000e-01 2.422796e-03 
2.800000e-01 2.422796e-03 
2.900000e-01 2.422796e-03 
3.000000e-01 2.422796e-03 
3.100000e-01 2.422796e-03 
3.200000e-01 2.422796e-03 
3.300000e-01 2.422796e-03 
3.400000e-01 2.422796e-03 
3.500000e-01 2.422796e-03 
3.600000e-01 2.422796e-03 
3.700000e-01 2.422796e-03 
3.800000e-01 2.422796e-03 
3.900000e-01 2.422796e-03 
4.000000e-01 2.422796e-03 
4.100000e-01 2.422796e-03 
4.200000e-01 2.422796e-03 
4.300000e-01 2.422796e-03 
4.400000e-01 2.422796e-03 
4.500000e-01 2.422796e-03 
4.600000e-01 2.422796e-03 
4.700000e-01 2.422796e-03 
4.800000e-01 2.422796e-03 
4.900000e-01 2.422796e-03 
5.000000e-01 2.422796e-03 
5.100000e-01 2.422796e-03 
5.200000e-01 2.422796e-03 
2.600000e-01 2.722910e-03 
2.700000e-01 2.722910e-03 
2.800000e-01 2.722910e-03 
2.900000e-01 2.722910e-03 
3.000000e-01 2.722910e-03 
3.100000e-01 2.722910e-03 
3.200000e-01 2.722910e-03 
3.300000e-01 2.722910e-03 
3.400000e-01 2.722910e-03 
3.500000e-01 2.722910e-03 
3.600000e-01 2.722910e-03 
3.700000e-01 2.722910e-03 
3.800000e-01 2.722910e-03 
3.900000e-01 2.722910e-03 
4.000000e-01 2.722910e-03 
4.100000e-01 2.722910e-03 
4.200000e-01 2.722910e-03 
4.300000e-01 2.722910e-03 
4.400000e-01 2.722910e-03 
4.500000e-01 2.722910e-03 
4.600000e-01 2.722910e-03 
4.700000e-01 2.722910e-03 
4.800000e-01 2.722910e-03 
4.900000e-01 2.722910e-03 
5.000000e-01 2.722910e-03 
5.100000e-01 2.722910e-03 
5.200000e-01 2.722910e-03 
2.600000e-01 3.060075e-03 
2.700000e-01 3.060075e-03 
2.800000e-01 3.060075e-03 
2.900000e-01 3.060075e-03 
3.000000e-01 3.060075e-03 
3.100000e-01 3.060075e-03 
3.200000e-01 3.060075e-03 
3.300000e-01 3.060075e-03 
3.400000e-01 3.060075e-03 
3.500000e-01 3.060075e-03 
3.600000e-01 3.060075e-03 
3.700000e-01 3.060075e-03 
3.800000e-01 3.060075e-03 
3.900000e-01 3.060075e-03 
4.000000e-01 3.060075e-03 
4.100000e-01 3.060075e-03 
4.200000e-01 3.060075e-03 
4.300000e-01 3.060075e-03 
4.400000e-01 3.060075e-03 
4.500000e-01 3.060075e-03 
4.600000e-01 3.060075e-03 
4.700000e-01 3.060075e-03 
4.800000e-01 3.060075e-03 
4.900000e-01 3.060075e-03 
5.000000e-01 3.060075e-03 
5.100000e-01 3.060075e-03 
5.200000e-01 3.060075e-03 
2.600000e-01 3.438866e-03 
2.700000e-01 3.438866e-03 
2.800000e-01 3.438866e-03 
2.900000e-01 3.438866e-03 
3.000000e-01 3.438866e-03 
3.100000e-01 3.438866e-03 
3.200000e-01 3.438866e-03 
3.300000e-01 3.438866e-03 
3.400000e-01 3.438866e-03 
3.500000e-01 3.438866e-03 
3.600000e-01 3.438866e-03 
3.700000e-01 3.438866e-03 
3.800000e-01 3.438866e-03 
3.900000e-01 3.438866e-03 
4.000000e-01 3.438866e-03 
4.100000e-01 3.438866e-03 
4.200000e-01 3.438866e-03 
4.300000e-01 3.438866e-03 
4.400000e-01 3.438866e-03 
4.500000e-01 3.438866e-03 
4.600000e-01 3.438866e-03 
4.700000e-01 3.438866e-03 
4.800000e-01 3.438866e-03 
4.900000e-01 3.438866e-03 
5.000000e-01 3.438866e-03 
5.100000e-01 3.438866e-03 
5.200000e-01 3.438866e-03 
BC
-1
-1
-1
-1
-1
-1
-1
-1
-1
-1
-1
-1
-1
-1
-1
-1
-1
-1
-1
-1
-1
-1
-1
-1
-1
-1
-1
-1
-1
-1
-1
-1
-1
-1
-1
-1
-1
-1
-1
-1
-1
-1
-1
-1
-1
-1
-1
-1
-1
-1
-1
-1
-1
-1
-1
-1
-1
-1
-1
-1
-1
-1
-1
-1
-1
-1
-1
-1
-1
-1
-1
-1
-1
-1
-1
-1
-1
-1
-1
-1
-1
-1
-1
-1
-1
-1
-1
-1
-1
-1
-1
-1
-1
-1
-1
-1
-1
-1
-1
-1
-1
-1
-1
-1
