npartb: 4 2 
ipartb: 0 1 
ngrid: 52 25 
-5.000000e-01 1.570088e-01 
-4.924916e-01 1.570088e-01 
-4.849831e-01 1.570088e-01 
-4.774747e-01 1.570088e-01 
-4.699662e-01 1.570088e-01 
-4.624578e-01 1.570088e-01 
-4.549494e-01 1.570088e-01 
-4.474409e-01 1.570088e-01 
-4.399325e-01 1.570088e-01 
-4.324240e-01 1.570088e-01 
-4.249156e-01 1.570088e-01 
-4.174072e-01 1.570088e-01 
-4.098987e-01 1.570088e-01 
-4.023903e-01 1.570088e-01 
-3.948818e-01 1.570088e-01 
-3.873734e-01 1.570088e-01 
-3.798650e-01 1.570088e-01 
-3.723565e-01 1.570088e-01 
-3.648481e-01 1.570088e-01 
-3.573396e-01 1.570088e-01 
-3.498312e-01 1.570088e-01 
-3.423228e-01 1.570088e-01 
-3.348143e-01 1.570088e-01 
-3.273059e-01 1.570088e-01 
-3.197974e-01 1.570088e-01 
-3.122890e-01 1.570088e-01 
-3.047806e-01 1.570088e-01 
-2.972721e-01 1.570088e-01 
-2.897637e-01 1.570088e-01 
-2.822552e-01 1.570088e-01 
-2.747468e-01 1.570088e-01 
-2.672384e-01 1.570088e-01 
-2.597299e-01 1.570088e-01 
-2.522215e-01 1.570088e-01 
-2.447130e-01 1.570088e-01 
-2.372046e-01 1.570088e-01 
-2.296962e-01 1.570088e-01 
-2.221877e-01 1.570088e-01 
-2.146793e-01 1.570088e-01 
-2.071708e-01 1.570088e-01 
-1.996624e-01 1.570088e-01 
-1.921540e-01 1.570088e-01 
-1.846455e-01 1.570088e-01 
-1.771371e-01 1.570088e-01 
-1.696286e-01 1.570088e-01 
-1.621202e-01 1.570088e-01 
-1.546118e-01 1.570088e-01 
-1.471033e-01 1.570088e-01 
-1.395949e-01 1.570088e-01 
-1.320864e-01 1.570088e-01 
-1.245780e-01 1.570088e-01 
-1.170696e-01 1.570088e-01 
-5.000000e-01 1.630476e-01 
-4.925233e-01 1.630476e-01 
-4.850466e-01 1.630476e-01 
-4.775699e-01 1.630476e-01 
-4.700931e-01 1.630476e-01 
-4.626164e-01 1.630476e-01 
-4.551397e-01 1.630476e-01 
-4.476630e-01 1.630476e-01 
-4.401863e-01 1.630476e-01 
-4.327096e-01 1.630476e-01 
-4.252329e-01 1.630476e-01 
-4.177562e-01 1.630476e-01 
-4.102794e-01 1.630476e-01 
-4.028027e-01 1.630476e-01 
-3.953260e-01 1.630476e-01 
-3.878493e-01 1.630476e-01 
-3.803726e-01 1.630476e-01 
-3.728959e-01 1.630476e-01 
-3.654192e-01 1.630476e-01 
-3.579424e-01 1.630476e-01 
-3.504657e-01 1.630476e-01 
-3.429890e-01 1.630476e-01 
-3.355123e-01 1.630476e-01 
-3.280356e-01 1.630476e-01 
-3.205589e-01 1.630476e-01 
-3.130822e-01 1.630476e-01 
-3.056055e-01 1.630476e-01 
-2.981287e-01 1.630476e-01 
-2.906520e-01 1.630476e-01 
-2.831753e-01 1.630476e-01 
-2.756986e-01 1.630476e-01 
-2.682219e-01 1.630476e-01 
-2.607452e-01 1.630476e-01 
-2.532685e-01 1.630476e-01 
-2.457917e-01 1.630476e-01 
-2.383150e-01 1.630476e-01 
-2.308383e-01 1.630476e-01 
-2.233616e-01 1.630476e-01 
-2.158849e-01 1.630476e-01 
-2.084082e-01 1.630476e-01 
-2.009315e-01 1.630476e-01 
-1.934548e-01 1.630476e-01 
-1.859780e-01 1.630476e-01 
-1.785013e-01 1.630476e-01 
-1.710246e-01 1.630476e-01 
-1.635479e-01 1.630476e-01 
-1.560712e-01 1.630476e-01 
-1.485945e-01 1.630476e-01 
-1.411178e-01 1.630476e-01 
-1.336410e-01 1.630476e-01 
-1.261643e-01 1.630476e-01 
-1.186876e-01 1.630476e-01 
-5.000000e-01 1.690864e-01 
-4.925550e-01 1.690864e-01 
-4.851100e-01 1.690864e-01 
-4.776650e-01 1.690864e-01 
-4.702201e-01 1.690864e-01 
-4.627751e-01 1.690864e-01 
-4.553301e-01 1.690864e-01 
-4.478851e-01 1.690864e-01 
-4.404401e-01 1.690864e-01 
-4.329951e-01 1.690864e-01 
-4.255501e-01 1.690864e-01 
-4.181051e-01 1.690864e-01 
-4.106602e-01 1.690864e-01 
-4.032152e-01 1.690864e-01 
-3.957702e-01 1.690864e-01 
-3.883252e-01 1.690864e-01 
-3.808802e-01 1.690864e-01 
-3.734352e-01 1.690864e-01 
-3.659902e-01 1.690864e-01 
-3.585453e-01 1.690864e-01 
-3.511003e-01 1.690864e-01 
-3.436553e-01 1.690864e-01 
-3.362103e-01 1.690864e-01 
-3.287653e-01 1.690864e-01 
-3.213203e-01 1.690864e-01 
-3.138753e-01 1.690864e-01 
-3.064303e-01 1.690864e-01 
-2.989854e-01 1.690864e-01 
-2.915404e-01 1.690864e-01 
-2.840954e-01 1.690864e-01 
-2.766504e-01 1.690864e-01 
-2.692054e-01 1.690864e-01 
-2.617604e-01 1.690864e-01 
-2.543154e-01 1.690864e-01 
-2.468705e-01 1.690864e-01 
-2.394255e-01 1.690864e-01 
-2.319805e-01 1.690864e-01 
-2.245355e-01 1.690864e-01 
-2.170905e-01 1.690864e-01 
-2.096455e-01 1.690864e-01 
-2.022005e-01 1.690864e-01 
-1.947555e-01 1.690864e-01 
-1.873106e-01 1.690864e-01 
-1.798656e-01 1.690864e-01 
-1.724206e-01 1.690864e-01 
-1.649756e-01 1.690864e-01 
-1.575306e-01 1.690864e-01 
-1.500856e-01 1.690864e-01 
-1.426406e-01 1.690864e-01 
-1.351957e-01 1.690864e-01 
-1.277507e-01 1.690864e-01 
-1.203057e-01 1.690864e-01 
-5.000000e-01 1.751252e-01 
-4.925867e-01 1.751252e-01 
-4.851735e-01 1.751252e-01 
-4.777602e-01 1.751252e-01 
-4.703470e-01 1.751252e-01 
-4.629337e-01 1.751252e-01 
-4.555204e-01 1.751252e-01 
-4.481072e-01 1.751252e-01 
-4.406939e-01 1.751252e-01 
-4.332807e-01 1.751252e-01 
-4.258674e-01 1.751252e-01 
-4.184541e-01 1.751252e-01 
-4.110409e-01 1.751252e-01 
-4.036276e-01 1.751252e-01 
-3.962144e-01 1.751252e-01 
-3.888011e-01 1.751252e-01 
-3.813878e-01 1.751252e-01 
-3.739746e-01 1.751252e-01 
-3.665613e-01 1.751252e-01 
-3.591481e-01 1.751252e-01 
-3.517348e-01 1.751252e-01 
-3.443215e-01 1.751252e-01 
-3.369083e-01 1.751252e-01 
-3.294950e-01 1.751252e-01 
-3.220818e-01 1.751252e-01 
-3.146685e-01 1.751252e-01 
-3.072552e-01 1.751252e-01 
-2.998420e-01 1.751252e-01 
-2.924287e-01 1.751252e-01 
-2.850155e-01 1.751252e-01 
-2.776022e-01 1.751252e-01 
-2.701889e-01 1.751252e-01 
-2.627757e-01 1.751252e-01 
-2.553624e-01 1.751252e-01 
-2.479492e-01 1.751252e-01 
-2.405359e-01 1.751252e-01 
-2.331226e-01 1.751252e-01 
-2.257094e-01 1.751252e-01 
-2.182961e-01 1.751252e-01 
-2.108829e-01 1.751252e-01 
-2.034696e-01 1.751252e-01 
-1.960563e-01 1.751252e-01 
-1.886431e-01 1.751252e-01 
-1.812298e-01 1.751252e-01 
-1.738166e-01 1.751252e-01 
-1.664033e-01 1.751252e-01 
-1.589900e-01 1.751252e-01 
-1.515768e-01 1.751252e-01 
-1.441635e-01 1.751252e-01 
-1.367503e-01 1.751252e-01 
-1.293370e-01 1.751252e-01 
-1.219237e-01 1.751252e-01 
-5.000000e-01 1.811640e-01 
-4.926185e-01 1.811640e-01 
-4.852369e-01 1.811640e-01 
-4.778554e-01 1.811640e-01 
-4.704739e-01 1.811640e-01 
-4.630923e-01 1.811640e-01 
-4.557108e-01 1.811640e-01 
-4.483293e-01 1.811640e-01 
-4.409477e-01 1.811640e-01 
-4.335662e-01 1.811640e-01 
-4.261847e-01 1.811640e-01 
-4.188031e-01 1.811640e-01 
-4.114216e-01 1.811640e-01 
-4.040401e-01 1.811640e-01 
-3.966585e-01 1.811640e-01 
-3.892770e-01 1.811640e-01 
-3.818955e-01 1.811640e-01 
-3.745139e-01 1.811640e-01 
-3.671324e-01 1.811640e-01 
-3.597509e-01 1.811640e-01 
-3.523693e-01 1.811640e-01 
-3.449878e-01 1.811640e-01 
-3.376063e-01 1.811640e-01 
-3.302247e-01 1.811640e-01 
-3.228432e-01 1.811640e-01 
-3.154617e-01 1.811640e-01 
-3.080801e-01 1.811640e-01 
-3.006986e-01 1.811640e-01 
-2.933171e-01 1.811640e-01 
-2.859355e-01 1.811640e-01 
-2.785540e-01 1.811640e-01 
-2.711725e-01 1.811640e-01 
-2.637909e-01 1.811640e-01 
-2.564094e-01 1.811640e-01 
-2.490279e-01 1.811640e-01 
-2.416463e-01 1.811640e-01 
-2.342648e-01 1.811640e-01 
-2.268833e-01 1.811640e-01 
-2.195017e-01 1.811640e-01 
-2.121202e-01 1.811640e-01 
-2.047387e-01 1.811640e-01 
-1.973571e-01 1.811640e-01 
-1.899756e-01 1.811640e-01 
-1.825941e-01 1.811640e-01 
-1.752125e-01 1.811640e-01 
-1.678310e-01 1.811640e-01 
-1.604495e-01 1.811640e-01 
-1.530679e-01 1.811640e-01 
-1.456864e-01 1.811640e-01 
-1.383049e-01 1.811640e-01 
-1.309233e-01 1.811640e-01 
-1.235418e-01 1.811640e-01 
-5.000000e-01 1.872028e-01 
-4.926502e-01 1.872028e-01 
-4.853004e-01 1.872028e-01 
-4.779506e-01 1.872028e-01 
-4.706008e-01 1.872028e-01 
-4.632510e-01 1.872028e-01 
-4.559012e-01 1.872028e-01 
-4.485514e-01 1.872028e-01 
-4.412015e-01 1.872028e-01 
-4.338517e-01 1.872028e-01 
-4.265019e-01 1.872028e-01 
-4.191521e-01 1.872028e-01 
-4.118023e-01 1.872028e-01 
-4.044525e-01 1.872028e-01 
-3.971027e-01 1.872028e-01 
-3.897529e-01 1.872028e-01 
-3.824031e-01 1.872028e-01 
-3.750533e-01 1.872028e-01 
-3.677035e-01 1.872028e-01 
-3.603537e-01 1.872028e-01 
-3.530039e-01 1.872028e-01 
-3.456541e-01 1.872028e-01 
-3.383043e-01 1.872028e-01 
-3.309544e-01 1.872028e-01 
-3.236046e-01 1.872028e-01 
-3.162548e-01 1.872028e-01 
-3.089050e-01 1.872028e-01 
-3.015552e-01 1.872028e-01 
-2.942054e-01 1.872028e-01 
-2.868556e-01 1.872028e-01 
-2.795058e-01 1.872028e-01 
-2.721560e-01 1.872028e-01 
-2.648062e-01 1.872028e-01 
-2.574564e-01 1.872028e-01 
-2.501066e-01 1.872028e-01 
-2.427568e-01 1.872028e-01 
-2.354070e-01 1.872028e-01 
-2.280572e-01 1.872028e-01 
-2.207073e-01 1.872028e-01 
-2.133575e-01 1.872028e-01 
-2.060077e-01 1.872028e-01 
-1.986579e-01 1.872028e-01 
-1.913081e-01 1.872028e-01 
-1.839583e-01 1.872028e-01 
-1.766085e-01 1.872028e-01 
-1.692587e-01 1.872028e-01 
-1.619089e-01 1.872028e-01 
-1.545591e-01 1.872028e-01 
-1.472093e-01 1.872028e-01 
-1.398595e-01 1.872028e-01 
-1.325097e-01 1.872028e-01 
-1.251599e-01 1.872028e-01 
-5.000000e-01 1.932416e-01 
-4.926819e-01 1.932416e-01 
-4.853638e-01 1.932416e-01 
-4.780458e-01 1.932416e-01 
-4.707277e-01 1.932416e-01 
-4.634096e-01 1.932416e-01 
-4.560915e-01 1.932416e-01 
-4.487734e-01 1.932416e-01 
-4.414554e-01 1.932416e-01 
-4.341373e-01 1.932416e-01 
-4.268192e-01 1.932416e-01 
-4.195011e-01 1.932416e-01 
-4.121830e-01 1.932416e-01 
-4.048650e-01 1.932416e-01 
-3.975469e-01 1.932416e-01 
-3.902288e-01 1.932416e-01 
-3.829107e-01 1.932416e-01 
-3.755926e-01 1.932416e-01 
-3.682746e-01 1.932416e-01 
-3.609565e-01 1.932416e-01 
-3.536384e-01 1.932416e-01 
-3.463203e-01 1.932416e-01 
-3.390022e-01 1.932416e-01 
-3.316842e-01 1.932416e-01 
-3.243661e-01 1.932416e-01 
-3.170480e-01 1.932416e-01 
-3.097299e-01 1.932416e-01 
-3.024118e-01 1.932416e-01 
-2.950938e-01 1.932416e-01 
-2.877757e-01 1.932416e-01 
-2.804576e-01 1.932416e-01 
-2.731395e-01 1.932416e-01 
-2.658214e-01 1.932416e-01 
-2.585034e-01 1.932416e-01 
-2.511853e-01 1.932416e-01 
-2.438672e-01 1.932416e-01 
-2.365491e-01 1.932416e-01 
-2.292310e-01 1.932416e-01 
-2.219130e-01 1.932416e-01 
-2.145949e-01 1.932416e-01 
-2.072768e-01 1.932416e-01 
-1.999587e-01 1.932416e-01 
-1.926406e-01 1.932416e-01 
-1.853226e-01 1.932416e-01 
-1.780045e-01 1.932416e-01 
-1.706864e-01 1.932416e-01 
-1.633683e-01 1.932416e-01 
-1.560502e-01 1.932416e-01 
-1.487322e-01 1.932416e-01 
-1.414141e-01 1.932416e-01 
-1.340960e-01 1.932416e-01 
-1.267779e-01 1.932416e-01 
-5.000000e-01 1.992804e-01 
-4.927136e-01 1.992804e-01 
-4.854273e-01 1.992804e-01 
-4.781409e-01 1.992804e-01 
-4.708546e-01 1.992804e-01 
-4.635682e-01 1.992804e-01 
-4.562819e-01 1.992804e-01 
-4.489955e-01 1.992804e-01 
-4.417092e-01 1.992804e-01 
-4.344228e-01 1.992804e-01 
-4.271365e-01 1.992804e-01 
-4.198501e-01 1.992804e-01 
-4.125638e-01 1.992804e-01 
-4.052774e-01 1.992804e-01 
-3.979911e-01 1.992804e-01 
-3.907047e-01 1.992804e-01 
-3.834183e-01 1.992804e-01 
-3.761320e-01 1.992804e-01 
-3.688456e-01 1.992804e-01 
-3.615593e-01 1.992804e-01 
-3.542729e-01 1.992804e-01 
-3.469866e-01 1.992804e-01 
-3.397002e-01 1.992804e-01 
-3.324139e-01 1.992804e-01 
-3.251275e-01 1.992804e-01 
-3.178412e-01 1.992804e-01 
-3.105548e-01 1.992804e-01 
-3.032685e-01 1.992804e-01 
-2.959821e-01 1.992804e-01 
-2.886958e-01 1.992804e-01 
-2.814094e-01 1.992804e-01 
-2.741230e-01 1.992804e-01 
-2.668367e-01 1.992804e-01 
-2.595503e-01 1.992804e-01 
-2.522640e-01 1.992804e-01 
-2.449776e-01 1.992804e-01 
-2.376913e-01 1.992804e-01 
-2.304049e-01 1.992804e-01 
-2.231186e-01 1.992804e-01 
-2.158322e-01 1.992804e-01 
-2.085459e-01 1.992804e-01 
-2.012595e-01 1.992804e-01 
-1.939732e-01 1.992804e-01 
-1.866868e-01 1.992804e-01 
-1.794005e-01 1.992804e-01 
-1.721141e-01 1.992804e-01 
-1.648277e-01 1.992804e-01 
-1.575414e-01 1.992804e-01 
-1.502550e-01 1.992804e-01 
-1.429687e-01 1.992804e-01 
-1.356823e-01 1.992804e-01 
-1.283960e-01 1.992804e-01 
-5.000000e-01 2.053192e-01 
-4.927454e-01 2.053192e-01 
-4.854907e-01 2.053192e-01 
-4.782361e-01 2.053192e-01 
-4.709815e-01 2.053192e-01 
-4.637269e-01 2.053192e-01 
-4.564722e-01 2.053192e-01 
-4.492176e-01 2.053192e-01 
-4.419630e-01 2.053192e-01 
-4.347084e-01 2.053192e-01 
-4.274537e-01 2.053192e-01 
-4.201991e-01 2.053192e-01 
-4.129445e-01 2.053192e-01 
-4.056899e-01 2.053192e-01 
-3.984352e-01 2.053192e-01 
-3.911806e-01 2.053192e-01 
-3.839260e-01 2.053192e-01 
-3.766713e-01 2.053192e-01 
-3.694167e-01 2.053192e-01 
-3.621621e-01 2.053192e-01 
-3.549075e-01 2.053192e-01 
-3.476528e-01 2.053192e-01 
-3.403982e-01 2.053192e-01 
-3.331436e-01 2.053192e-01 
-3.258890e-01 2.053192e-01 
-3.186343e-01 2.053192e-01 
-3.113797e-01 2.053192e-01 
-3.041251e-01 2.053192e-01 
-2.968705e-01 2.053192e-01 
-2.896158e-01 2.053192e-01 
-2.823612e-01 2.053192e-01 
-2.751066e-01 2.053192e-01 
-2.678519e-01 2.053192e-01 
-2.605973e-01 2.053192e-01 
-2.533427e-01 2.053192e-01 
-2.460881e-01 2.053192e-01 
-2.388334e-01 2.053192e-01 
-2.315788e-01 2.053192e-01 
-2.243242e-01 2.053192e-01 
-2.170696e-01 2.053192e-01 
-2.098149e-01 2.053192e-01 
-2.025603e-01 2.053192e-01 
-1.953057e-01 2.053192e-01 
-1.880511e-01 2.053192e-01 
-1.807964e-01 2.053192e-01 
-1.735418e-01 2.053192e-01 
-1.662872e-01 2.053192e-01 
-1.590325e-01 2.053192e-01 
-1.517779e-01 2.053192e-01 
-1.445233e-01 2.053192e-01 
-1.372687e-01 2.053192e-01 
-1.300140e-01 2.053192e-01 
-5.000000e-01 2.113580e-01 
-4.927771e-01 2.113580e-01 
-4.855542e-01 2.113580e-01 
-4.783313e-01 2.113580e-01 
-4.711084e-01 2.113580e-01 
-4.638855e-01 2.113580e-01 
-4.566626e-01 2.113580e-01 
-4.494397e-01 2.113580e-01 
-4.422168e-01 2.113580e-01 
-4.349939e-01 2.113580e-01 
-4.277710e-01 2.113580e-01 
-4.205481e-01 2.113580e-01 
-4.133252e-01 2.113580e-01 
-4.061023e-01 2.113580e-01 
-3.988794e-01 2.113580e-01 
-3.916565e-01 2.113580e-01 
-3.844336e-01 2.113580e-01 
-3.772107e-01 2.113580e-01 
-3.699878e-01 2.113580e-01 
-3.627649e-01 2.113580e-01 
-3.555420e-01 2.113580e-01 
-3.483191e-01 2.113580e-01 
-3.410962e-01 2.113580e-01 
-3.338733e-01 2.113580e-01 
-3.266504e-01 2.113580e-01 
-3.194275e-01 2.113580e-01 
-3.122046e-01 2.113580e-01 
-3.049817e-01 2.113580e-01 
-2.977588e-01 2.113580e-01 
-2.905359e-01 2.113580e-01 
-2.833130e-01 2.113580e-01 
-2.760901e-01 2.113580e-01 
-2.688672e-01 2.113580e-01 
-2.616443e-01 2.113580e-01 
-2.544214e-01 2.113580e-01 
-2.471985e-01 2.113580e-01 
-2.399756e-01 2.113580e-01 
-2.327527e-01 2.113580e-01 
-2.255298e-01 2.113580e-01 
-2.183069e-01 2.113580e-01 
-2.110840e-01 2.113580e-01 
-2.038611e-01 2.113580e-01 
-1.966382e-01 2.113580e-01 
-1.894153e-01 2.113580e-01 
-1.821924e-01 2.113580e-01 
-1.749695e-01 2.113580e-01 
-1.677466e-01 2.113580e-01 
-1.605237e-01 2.113580e-01 
-1.533008e-01 2.113580e-01 
-1.460779e-01 2.113580e-01 
-1.388550e-01 2.113580e-01 
-1.316321e-01 2.113580e-01 
-5.000000e-01 2.173968e-01 
-4.928088e-01 2.173968e-01 
-4.856177e-01 2.173968e-01 
-4.784265e-01 2.173968e-01 
-4.712353e-01 2.173968e-01 
-4.640441e-01 2.173968e-01 
-4.568530e-01 2.173968e-01 
-4.496618e-01 2.173968e-01 
-4.424706e-01 2.173968e-01 
-4.352794e-01 2.173968e-01 
-4.280883e-01 2.173968e-01 
-4.208971e-01 2.173968e-01 
-4.137059e-01 2.173968e-01 
-4.065147e-01 2.173968e-01 
-3.993236e-01 2.173968e-01 
-3.921324e-01 2.173968e-01 
-3.849412e-01 2.173968e-01 
-3.777501e-01 2.173968e-01 
-3.705589e-01 2.173968e-01 
-3.633677e-01 2.173968e-01 
-3.561765e-01 2.173968e-01 
-3.489854e-01 2.173968e-01 
-3.417942e-01 2.173968e-01 
-3.346030e-01 2.173968e-01 
-3.274118e-01 2.173968e-01 
-3.202207e-01 2.173968e-01 
-3.130295e-01 2.173968e-01 
-3.058383e-01 2.173968e-01 
-2.986471e-01 2.173968e-01 
-2.914560e-01 2.173968e-01 
-2.842648e-01 2.173968e-01 
-2.770736e-01 2.173968e-01 
-2.698825e-01 2.173968e-01 
-2.626913e-01 2.173968e-01 
-2.555001e-01 2.173968e-01 
-2.483089e-01 2.173968e-01 
-2.411178e-01 2.173968e-01 
-2.339266e-01 2.173968e-01 
-2.267354e-01 2.173968e-01 
-2.195442e-01 2.173968e-01 
-2.123531e-01 2.173968e-01 
-2.051619e-01 2.173968e-01 
-1.979707e-01 2.173968e-01 
-1.907795e-01 2.173968e-01 
-1.835884e-01 2.173968e-01 
-1.763972e-01 2.173968e-01 
-1.692060e-01 2.173968e-01 
-1.620149e-01 2.173968e-01 
-1.548237e-01 2.173968e-01 
-1.476325e-01 2.173968e-01 
-1.404413e-01 2.173968e-01 
-1.332502e-01 2.173968e-01 
-5.000000e-01 2.234356e-01 
-4.928406e-01 2.234356e-01 
-4.856811e-01 2.234356e-01 
-4.785217e-01 2.234356e-01 
-4.713622e-01 2.234356e-01 
-4.642028e-01 2.234356e-01 
-4.570433e-01 2.234356e-01 
-4.498839e-01 2.234356e-01 
-4.427244e-01 2.234356e-01 
-4.355650e-01 2.234356e-01 
-4.284055e-01 2.234356e-01 
-4.212461e-01 2.234356e-01 
-4.140866e-01 2.234356e-01 
-4.069272e-01 2.234356e-01 
-3.997677e-01 2.234356e-01 
-3.926083e-01 2.234356e-01 
-3.854489e-01 2.234356e-01 
-3.782894e-01 2.234356e-01 
-3.711300e-01 2.234356e-01 
-3.639705e-01 2.234356e-01 
-3.568111e-01 2.234356e-01 
-3.496516e-01 2.234356e-01 
-3.424922e-01 2.234356e-01 
-3.353327e-01 2.234356e-01 
-3.281733e-01 2.234356e-01 
-3.210138e-01 2.234356e-01 
-3.138544e-01 2.234356e-01 
-3.066949e-01 2.234356e-01 
-2.995355e-01 2.234356e-01 
-2.923760e-01 2.234356e-01 
-2.852166e-01 2.234356e-01 
-2.780572e-01 2.234356e-01 
-2.708977e-01 2.234356e-01 
-2.637383e-01 2.234356e-01 
-2.565788e-01 2.234356e-01 
-2.494194e-01 2.234356e-01 
-2.422599e-01 2.234356e-01 
-2.351005e-01 2.234356e-01 
-2.279410e-01 2.234356e-01 
-2.207816e-01 2.234356e-01 
-2.136221e-01 2.234356e-01 
-2.064627e-01 2.234356e-01 
-1.993032e-01 2.234356e-01 
-1.921438e-01 2.234356e-01 
-1.849843e-01 2.234356e-01 
-1.778249e-01 2.234356e-01 
-1.706655e-01 2.234356e-01 
-1.635060e-01 2.234356e-01 
-1.563466e-01 2.234356e-01 
-1.491871e-01 2.234356e-01 
-1.420277e-01 2.234356e-01 
-1.348682e-01 2.234356e-01 
-5.000000e-01 2.294744e-01 
-4.928723e-01 2.294744e-01 
-4.857446e-01 2.294744e-01 
-4.786168e-01 2.294744e-01 
-4.714891e-01 2.294744e-01 
-4.643614e-01 2.294744e-01 
-4.572337e-01 2.294744e-01 
-4.501060e-01 2.294744e-01 
-4.429782e-01 2.294744e-01 
-4.358505e-01 2.294744e-01 
-4.287228e-01 2.294744e-01 
-4.215951e-01 2.294744e-01 
-4.144674e-01 2.294744e-01 
-4.073396e-01 2.294744e-01 
-4.002119e-01 2.294744e-01 
-3.930842e-01 2.294744e-01 
-3.859565e-01 2.294744e-01 
-3.788288e-01 2.294744e-01 
-3.717010e-01 2.294744e-01 
-3.645733e-01 2.294744e-01 
-3.574456e-01 2.294744e-01 
-3.503179e-01 2.294744e-01 
-3.431902e-01 2.294744e-01 
-3.360624e-01 2.294744e-01 
-3.289347e-01 2.294744e-01 
-3.218070e-01 2.294744e-01 
-3.146793e-01 2.294744e-01 
-3.075516e-01 2.294744e-01 
-3.004238e-01 2.294744e-01 
-2.932961e-01 2.294744e-01 
-2.861684e-01 2.294744e-01 
-2.790407e-01 2.294744e-01 
-2.719130e-01 2.294744e-01 
-2.647852e-01 2.294744e-01 
-2.576575e-01 2.294744e-01 
-2.505298e-01 2.294744e-01 
-2.434021e-01 2.294744e-01 
-2.362744e-01 2.294744e-01 
-2.291466e-01 2.294744e-01 
-2.220189e-01 2.294744e-01 
-2.148912e-01 2.294744e-01 
-2.077635e-01 2.294744e-01 
-2.006358e-01 2.294744e-01 
-1.935080e-01 2.294744e-01 
-1.863803e-01 2.294744e-01 
-1.792526e-01 2.294744e-01 
-1.721249e-01 2.294744e-01 
-1.649972e-01 2.294744e-01 
-1.578694e-01 2.294744e-01 
-1.507417e-01 2.294744e-01 
-1.436140e-01 2.294744e-01 
-1.364863e-01 2.294744e-01 
-5.000000e-01 2.355132e-01 
-4.929040e-01 2.355132e-01 
-4.858080e-01 2.355132e-01 
-4.787120e-01 2.355132e-01 
-4.716160e-01 2.355132e-01 
-4.645200e-01 2.355132e-01 
-4.574240e-01 2.355132e-01 
-4.503280e-01 2.355132e-01 
-4.432321e-01 2.355132e-01 
-4.361361e-01 2.355132e-01 
-4.290401e-01 2.355132e-01 
-4.219441e-01 2.355132e-01 
-4.148481e-01 2.355132e-01 
-4.077521e-01 2.355132e-01 
-4.006561e-01 2.355132e-01 
-3.935601e-01 2.355132e-01 
-3.864641e-01 2.355132e-01 
-3.793681e-01 2.355132e-01 
-3.722721e-01 2.355132e-01 
-3.651761e-01 2.355132e-01 
-3.580801e-01 2.355132e-01 
-3.509841e-01 2.355132e-01 
-3.438881e-01 2.355132e-01 
-3.367922e-01 2.355132e-01 
-3.296962e-01 2.355132e-01 
-3.226002e-01 2.355132e-01 
-3.155042e-01 2.355132e-01 
-3.084082e-01 2.355132e-01 
-3.013122e-01 2.355132e-01 
-2.942162e-01 2.355132e-01 
-2.871202e-01 2.355132e-01 
-2.800242e-01 2.355132e-01 
-2.729282e-01 2.355132e-01 
-2.658322e-01 2.355132e-01 
-2.587362e-01 2.355132e-01 
-2.516402e-01 2.355132e-01 
-2.445442e-01 2.355132e-01 
-2.374482e-01 2.355132e-01 
-2.303523e-01 2.355132e-01 
-2.232563e-01 2.355132e-01 
-2.161603e-01 2.355132e-01 
-2.090643e-01 2.355132e-01 
-2.019683e-01 2.355132e-01 
-1.948723e-01 2.355132e-01 
-1.877763e-01 2.355132e-01 
-1.806803e-01 2.355132e-01 
-1.735843e-01 2.355132e-01 
-1.664883e-01 2.355132e-01 
-1.593923e-01 2.355132e-01 
-1.522963e-01 2.355132e-01 
-1.452003e-01 2.355132e-01 
-1.381043e-01 2.355132e-01 
-5.000000e-01 2.415520e-01 
-4.929357e-01 2.415520e-01 
-4.858715e-01 2.415520e-01 
-4.788072e-01 2.415520e-01 
-4.717429e-01 2.415520e-01 
-4.646787e-01 2.415520e-01 
-4.576144e-01 2.415520e-01 
-4.505501e-01 2.415520e-01 
-4.434859e-01 2.415520e-01 
-4.364216e-01 2.415520e-01 
-4.293573e-01 2.415520e-01 
-4.222931e-01 2.415520e-01 
-4.152288e-01 2.415520e-01 
-4.081645e-01 2.415520e-01 
-4.011003e-01 2.415520e-01 
-3.940360e-01 2.415520e-01 
-3.869717e-01 2.415520e-01 
-3.799075e-01 2.415520e-01 
-3.728432e-01 2.415520e-01 
-3.657789e-01 2.415520e-01 
-3.587147e-01 2.415520e-01 
-3.516504e-01 2.415520e-01 
-3.445861e-01 2.415520e-01 
-3.375219e-01 2.415520e-01 
-3.304576e-01 2.415520e-01 
-3.233933e-01 2.415520e-01 
-3.163291e-01 2.415520e-01 
-3.092648e-01 2.415520e-01 
-3.022005e-01 2.415520e-01 
-2.951363e-01 2.415520e-01 
-2.880720e-01 2.415520e-01 
-2.810077e-01 2.415520e-01 
-2.739435e-01 2.415520e-01 
-2.668792e-01 2.415520e-01 
-2.598149e-01 2.415520e-01 
-2.527507e-01 2.415520e-01 
-2.456864e-01 2.415520e-01 
-2.386221e-01 2.415520e-01 
-2.315579e-01 2.415520e-01 
-2.244936e-01 2.415520e-01 
-2.174293e-01 2.415520e-01 
-2.103651e-01 2.415520e-01 
-2.033008e-01 2.415520e-01 
-1.962365e-01 2.415520e-01 
-1.891723e-01 2.415520e-01 
-1.821080e-01 2.415520e-01 
-1.750437e-01 2.415520e-01 
-1.679795e-01 2.415520e-01 
-1.609152e-01 2.415520e-01 
-1.538509e-01 2.415520e-01 
-1.467867e-01 2.415520e-01 
-1.397224e-01 2.415520e-01 
-5.000000e-01 2.475908e-01 
-4.929675e-01 2.475908e-01 
-4.859349e-01 2.475908e-01 
-4.789024e-01 2.475908e-01 
-4.718698e-01 2.475908e-01 
-4.648373e-01 2.475908e-01 
-4.578048e-01 2.475908e-01 
-4.507722e-01 2.475908e-01 
-4.437397e-01 2.475908e-01 
-4.367071e-01 2.475908e-01 
-4.296746e-01 2.475908e-01 
-4.226421e-01 2.475908e-01 
-4.156095e-01 2.475908e-01 
-4.085770e-01 2.475908e-01 
-4.015444e-01 2.475908e-01 
-3.945119e-01 2.475908e-01 
-3.874794e-01 2.475908e-01 
-3.804468e-01 2.475908e-01 
-3.734143e-01 2.475908e-01 
-3.663817e-01 2.475908e-01 
-3.593492e-01 2.475908e-01 
-3.523167e-01 2.475908e-01 
-3.452841e-01 2.475908e-01 
-3.382516e-01 2.475908e-01 
-3.312190e-01 2.475908e-01 
-3.241865e-01 2.475908e-01 
-3.171540e-01 2.475908e-01 
-3.101214e-01 2.475908e-01 
-3.030889e-01 2.475908e-01 
-2.960563e-01 2.475908e-01 
-2.890238e-01 2.475908e-01 
-2.819913e-01 2.475908e-01 
-2.749587e-01 2.475908e-01 
-2.679262e-01 2.475908e-01 
-2.608936e-01 2.475908e-01 
-2.538611e-01 2.475908e-01 
-2.468286e-01 2.475908e-01 
-2.397960e-01 2.475908e-01 
-2.327635e-01 2.475908e-01 
-2.257309e-01 2.475908e-01 
-2.186984e-01 2.475908e-01 
-2.116659e-01 2.475908e-01 
-2.046333e-01 2.475908e-01 
-1.976008e-01 2.475908e-01 
-1.905682e-01 2.475908e-01 
-1.835357e-01 2.475908e-01 
-1.765032e-01 2.475908e-01 
-1.694706e-01 2.475908e-01 
-1.624381e-01 2.475908e-01 
-1.554055e-01 2.475908e-01 
-1.483730e-01 2.475908e-01 
-1.413405e-01 2.475908e-01 
-5.000000e-01 2.536296e-01 
-4.929992e-01 2.536296e-01 
-4.859984e-01 2.536296e-01 
-4.789976e-01 2.536296e-01 
-4.719967e-01 2.536296e-01 
-4.649959e-01 2.536296e-01 
-4.579951e-01 2.536296e-01 
-4.509943e-01 2.536296e-01 
-4.439935e-01 2.536296e-01 
-4.369927e-01 2.536296e-01 
-4.299919e-01 2.536296e-01 
-4.229911e-01 2.536296e-01 
-4.159902e-01 2.536296e-01 
-4.089894e-01 2.536296e-01 
-4.019886e-01 2.536296e-01 
-3.949878e-01 2.536296e-01 
-3.879870e-01 2.536296e-01 
-3.809862e-01 2.536296e-01 
-3.739854e-01 2.536296e-01 
-3.669845e-01 2.536296e-01 
-3.599837e-01 2.536296e-01 
-3.529829e-01 2.536296e-01 
-3.459821e-01 2.536296e-01 
-3.389813e-01 2.536296e-01 
-3.319805e-01 2.536296e-01 
-3.249797e-01 2.536296e-01 
-3.179789e-01 2.536296e-01 
-3.109780e-01 2.536296e-01 
-3.039772e-01 2.536296e-01 
-2.969764e-01 2.536296e-01 
-2.899756e-01 2.536296e-01 
-2.829748e-01 2.536296e-01 
-2.759740e-01 2.536296e-01 
-2.689732e-01 2.536296e-01 
-2.619723e-01 2.536296e-01 
-2.549715e-01 2.536296e-01 
-2.479707e-01 2.536296e-01 
-2.409699e-01 2.536296e-01 
-2.339691e-01 2.536296e-01 
-2.269683e-01 2.536296e-01 
-2.199675e-01 2.536296e-01 
-2.129667e-01 2.536296e-01 
-2.059658e-01 2.536296e-01 
-1.989650e-01 2.536296e-01 
-1.919642e-01 2.536296e-01 
-1.849634e-01 2.536296e-01 
-1.779626e-01 2.536296e-01 
-1.709618e-01 2.536296e-01 
-1.639610e-01 2.536296e-01 
-1.569601e-01 2.536296e-01 
-1.499593e-01 2.536296e-01 
-1.429585e-01 2.536296e-01 
-5.000000e-01 2.596684e-01 
-4.930309e-01 2.596684e-01 
-4.860618e-01 2.596684e-01 
-4.790927e-01 2.596684e-01 
-4.721237e-01 2.596684e-01 
-4.651546e-01 2.596684e-01 
-4.581855e-01 2.596684e-01 
-4.512164e-01 2.596684e-01 
-4.442473e-01 2.596684e-01 
-4.372782e-01 2.596684e-01 
-4.303091e-01 2.596684e-01 
-4.233400e-01 2.596684e-01 
-4.163710e-01 2.596684e-01 
-4.094019e-01 2.596684e-01 
-4.024328e-01 2.596684e-01 
-3.954637e-01 2.596684e-01 
-3.884946e-01 2.596684e-01 
-3.815255e-01 2.596684e-01 
-3.745564e-01 2.596684e-01 
-3.675874e-01 2.596684e-01 
-3.606183e-01 2.596684e-01 
-3.536492e-01 2.596684e-01 
-3.466801e-01 2.596684e-01 
-3.397110e-01 2.596684e-01 
-3.327419e-01 2.596684e-01 
-3.257728e-01 2.596684e-01 
-3.188037e-01 2.596684e-01 
-3.118347e-01 2.596684e-01 
-3.048656e-01 2.596684e-01 
-2.978965e-01 2.596684e-01 
-2.909274e-01 2.596684e-01 
-2.839583e-01 2.596684e-01 
-2.769892e-01 2.596684e-01 
-2.700201e-01 2.596684e-01 
-2.630511e-01 2.596684e-01 
-2.560820e-01 2.596684e-01 
-2.491129e-01 2.596684e-01 
-2.421438e-01 2.596684e-01 
-2.351747e-01 2.596684e-01 
-2.282056e-01 2.596684e-01 
-2.212365e-01 2.596684e-01 
-2.142674e-01 2.596684e-01 
-2.072984e-01 2.596684e-01 
-2.003293e-01 2.596684e-01 
-1.933602e-01 2.596684e-01 
-1.863911e-01 2.596684e-01 
-1.794220e-01 2.596684e-01 
-1.724529e-01 2.596684e-01 
-1.654838e-01 2.596684e-01 
-1.585148e-01 2.596684e-01 
-1.515457e-01 2.596684e-01 
-1.445766e-01 2.596684e-01 
-5.000000e-01 2.657072e-01 
-4.930626e-01 2.657072e-01 
-4.861253e-01 2.657072e-01 
-4.791879e-01 2.657072e-01 
-4.722506e-01 2.657072e-01 
-4.653132e-01 2.657072e-01 
-4.583758e-01 2.657072e-01 
-4.514385e-01 2.657072e-01 
-4.445011e-01 2.657072e-01 
-4.375638e-01 2.657072e-01 
-4.306264e-01 2.657072e-01 
-4.236890e-01 2.657072e-01 
-4.167517e-01 2.657072e-01 
-4.098143e-01 2.657072e-01 
-4.028770e-01 2.657072e-01 
-3.959396e-01 2.657072e-01 
-3.890022e-01 2.657072e-01 
-3.820649e-01 2.657072e-01 
-3.751275e-01 2.657072e-01 
-3.681902e-01 2.657072e-01 
-3.612528e-01 2.657072e-01 
-3.543154e-01 2.657072e-01 
-3.473781e-01 2.657072e-01 
-3.404407e-01 2.657072e-01 
-3.335034e-01 2.657072e-01 
-3.265660e-01 2.657072e-01 
-3.196286e-01 2.657072e-01 
-3.126913e-01 2.657072e-01 
-3.057539e-01 2.657072e-01 
-2.988166e-01 2.657072e-01 
-2.918792e-01 2.657072e-01 
-2.849418e-01 2.657072e-01 
-2.780045e-01 2.657072e-01 
-2.710671e-01 2.657072e-01 
-2.641298e-01 2.657072e-01 
-2.571924e-01 2.657072e-01 
-2.502550e-01 2.657072e-01 
-2.433177e-01 2.657072e-01 
-2.363803e-01 2.657072e-01 
-2.294430e-01 2.657072e-01 
-2.225056e-01 2.657072e-01 
-2.155682e-01 2.657072e-01 
-2.086309e-01 2.657072e-01 
-2.016935e-01 2.657072e-01 
-1.947562e-01 2.657072e-01 
-1.878188e-01 2.657072e-01 
-1.808814e-01 2.657072e-01 
-1.739441e-01 2.657072e-01 
-1.670067e-01 2.657072e-01 
-1.600694e-01 2.657072e-01 
-1.531320e-01 2.657072e-01 
-1.461946e-01 2.657072e-01 
-5.000000e-01 2.717460e-01 
-4.930944e-01 2.717460e-01 
-4.861887e-01 2.717460e-01 
-4.792831e-01 2.717460e-01 
-4.723775e-01 2.717460e-01 
-4.654718e-01 2.717460e-01 
-4.585662e-01 2.717460e-01 
-4.516606e-01 2.717460e-01 
-4.447549e-01 2.717460e-01 
-4.378493e-01 2.717460e-01 
-4.309437e-01 2.717460e-01 
-4.240380e-01 2.717460e-01 
-4.171324e-01 2.717460e-01 
-4.102268e-01 2.717460e-01 
-4.033211e-01 2.717460e-01 
-3.964155e-01 2.717460e-01 
-3.895099e-01 2.717460e-01 
-3.826042e-01 2.717460e-01 
-3.756986e-01 2.717460e-01 
-3.687930e-01 2.717460e-01 
-3.618873e-01 2.717460e-01 
-3.549817e-01 2.717460e-01 
-3.480761e-01 2.717460e-01 
-3.411704e-01 2.717460e-01 
-3.342648e-01 2.717460e-01 
-3.273592e-01 2.717460e-01 
-3.204535e-01 2.717460e-01 
-3.135479e-01 2.717460e-01 
-3.066423e-01 2.717460e-01 
-2.997366e-01 2.717460e-01 
-2.928310e-01 2.717460e-01 
-2.859254e-01 2.717460e-01 
-2.790197e-01 2.717460e-01 
-2.721141e-01 2.717460e-01 
-2.652085e-01 2.717460e-01 
-2.583028e-01 2.717460e-01 
-2.513972e-01 2.717460e-01 
-2.444916e-01 2.717460e-01 
-2.375859e-01 2.717460e-01 
-2.306803e-01 2.717460e-01 
-2.237747e-01 2.717460e-01 
-2.168690e-01 2.717460e-01 
-2.099634e-01 2.717460e-01 
-2.030578e-01 2.717460e-01 
-1.961521e-01 2.717460e-01 
-1.892465e-01 2.717460e-01 
-1.823409e-01 2.717460e-01 
-1.754352e-01 2.717460e-01 
-1.685296e-01 2.717460e-01 
-1.616240e-01 2.717460e-01 
-1.547183e-01 2.717460e-01 
-1.478127e-01 2.717460e-01 
-5.000000e-01 2.777848e-01 
-4.931261e-01 2.777848e-01 
-4.862522e-01 2.777848e-01 
-4.793783e-01 2.777848e-01 
-4.725044e-01 2.777848e-01 
-4.656305e-01 2.777848e-01 
-4.587566e-01 2.777848e-01 
-4.518827e-01 2.777848e-01 
-4.450087e-01 2.777848e-01 
-4.381348e-01 2.777848e-01 
-4.312609e-01 2.777848e-01 
-4.243870e-01 2.777848e-01 
-4.175131e-01 2.777848e-01 
-4.106392e-01 2.777848e-01 
-4.037653e-01 2.777848e-01 
-3.968914e-01 2.777848e-01 
-3.900175e-01 2.777848e-01 
-3.831436e-01 2.777848e-01 
-3.762697e-01 2.777848e-01 
-3.693958e-01 2.777848e-01 
-3.625219e-01 2.777848e-01 
-3.556480e-01 2.777848e-01 
-3.487741e-01 2.777848e-01 
-3.419001e-01 2.777848e-01 
-3.350262e-01 2.777848e-01 
-3.281523e-01 2.777848e-01 
-3.212784e-01 2.777848e-01 
-3.144045e-01 2.777848e-01 
-3.075306e-01 2.777848e-01 
-3.006567e-01 2.777848e-01 
-2.937828e-01 2.777848e-01 
-2.869089e-01 2.777848e-01 
-2.800350e-01 2.777848e-01 
-2.731611e-01 2.777848e-01 
-2.662872e-01 2.777848e-01 
-2.594133e-01 2.777848e-01 
-2.525394e-01 2.777848e-01 
-2.456655e-01 2.777848e-01 
-2.387915e-01 2.777848e-01 
-2.319176e-01 2.777848e-01 
-2.250437e-01 2.777848e-01 
-2.181698e-01 2.777848e-01 
-2.112959e-01 2.777848e-01 
-2.044220e-01 2.777848e-01 
-1.975481e-01 2.777848e-01 
-1.906742e-01 2.777848e-01 
-1.838003e-01 2.777848e-01 
-1.769264e-01 2.777848e-01 
-1.700525e-01 2.777848e-01 
-1.631786e-01 2.777848e-01 
-1.563047e-01 2.777848e-01 
-1.494308e-01 2.777848e-01 
-5.000000e-01 2.838236e-01 
-4.931578e-01 2.838236e-01 
-4.863156e-01 2.838236e-01 
-4.794735e-01 2.838236e-01 
-4.726313e-01 2.838236e-01 
-4.657891e-01 2.838236e-01 
-4.589469e-01 2.838236e-01 
-4.521047e-01 2.838236e-01 
-4.452626e-01 2.838236e-01 
-4.384204e-01 2.838236e-01 
-4.315782e-01 2.838236e-01 
-4.247360e-01 2.838236e-01 
-4.178938e-01 2.838236e-01 
-4.110517e-01 2.838236e-01 
-4.042095e-01 2.838236e-01 
-3.973673e-01 2.838236e-01 
-3.905251e-01 2.838236e-01 
-3.836829e-01 2.838236e-01 
-3.768408e-01 2.838236e-01 
-3.699986e-01 2.838236e-01 
-3.631564e-01 2.838236e-01 
-3.563142e-01 2.838236e-01 
-3.494720e-01 2.838236e-01 
-3.426299e-01 2.838236e-01 
-3.357877e-01 2.838236e-01 
-3.289455e-01 2.838236e-01 
-3.221033e-01 2.838236e-01 
-3.152611e-01 2.838236e-01 
-3.084190e-01 2.838236e-01 
-3.015768e-01 2.838236e-01 
-2.947346e-01 2.838236e-01 
-2.878924e-01 2.838236e-01 
-2.810502e-01 2.838236e-01 
-2.742081e-01 2.838236e-01 
-2.673659e-01 2.838236e-01 
-2.605237e-01 2.838236e-01 
-2.536815e-01 2.838236e-01 
-2.468393e-01 2.838236e-01 
-2.399972e-01 2.838236e-01 
-2.331550e-01 2.838236e-01 
-2.263128e-01 2.838236e-01 
-2.194706e-01 2.838236e-01 
-2.126284e-01 2.838236e-01 
-2.057863e-01 2.838236e-01 
-1.989441e-01 2.838236e-01 
-1.921019e-01 2.838236e-01 
-1.852597e-01 2.838236e-01 
-1.784175e-01 2.838236e-01 
-1.715754e-01 2.838236e-01 
-1.647332e-01 2.838236e-01 
-1.578910e-01 2.838236e-01 
-1.510488e-01 2.838236e-01 
-5.000000e-01 2.898624e-01 
-4.931895e-01 2.898624e-01 
-4.863791e-01 2.898624e-01 
-4.795686e-01 2.898624e-01 
-4.727582e-01 2.898624e-01 
-4.659477e-01 2.898624e-01 
-4.591373e-01 2.898624e-01 
-4.523268e-01 2.898624e-01 
-4.455164e-01 2.898624e-01 
-4.387059e-01 2.898624e-01 
-4.318955e-01 2.898624e-01 
-4.250850e-01 2.898624e-01 
-4.182746e-01 2.898624e-01 
-4.114641e-01 2.898624e-01 
-4.046537e-01 2.898624e-01 
-3.978432e-01 2.898624e-01 
-3.910327e-01 2.898624e-01 
-3.842223e-01 2.898624e-01 
-3.774118e-01 2.898624e-01 
-3.706014e-01 2.898624e-01 
-3.637909e-01 2.898624e-01 
-3.569805e-01 2.898624e-01 
-3.501700e-01 2.898624e-01 
-3.433596e-01 2.898624e-01 
-3.365491e-01 2.898624e-01 
-3.297387e-01 2.898624e-01 
-3.229282e-01 2.898624e-01 
-3.161178e-01 2.898624e-01 
-3.093073e-01 2.898624e-01 
-3.024969e-01 2.898624e-01 
-2.956864e-01 2.898624e-01 
-2.888759e-01 2.898624e-01 
-2.820655e-01 2.898624e-01 
-2.752550e-01 2.898624e-01 
-2.684446e-01 2.898624e-01 
-2.616341e-01 2.898624e-01 
-2.548237e-01 2.898624e-01 
-2.480132e-01 2.898624e-01 
-2.412028e-01 2.898624e-01 
-2.343923e-01 2.898624e-01 
-2.275819e-01 2.898624e-01 
-2.207714e-01 2.898624e-01 
-2.139610e-01 2.898624e-01 
-2.071505e-01 2.898624e-01 
-2.003401e-01 2.898624e-01 
-1.935296e-01 2.898624e-01 
-1.867191e-01 2.898624e-01 
-1.799087e-01 2.898624e-01 
-1.730982e-01 2.898624e-01 
-1.662878e-01 2.898624e-01 
-1.594773e-01 2.898624e-01 
-1.526669e-01 2.898624e-01 
-5.000000e-01 2.959012e-01 
-4.932213e-01 2.959012e-01 
-4.864425e-01 2.959012e-01 
-4.796638e-01 2.959012e-01 
-4.728851e-01 2.959012e-01 
-4.661064e-01 2.959012e-01 
-4.593276e-01 2.959012e-01 
-4.525489e-01 2.959012e-01 
-4.457702e-01 2.959012e-01 
-4.389915e-01 2.959012e-01 
-4.322127e-01 2.959012e-01 
-4.254340e-01 2.959012e-01 
-4.186553e-01 2.959012e-01 
-4.118766e-01 2.959012e-01 
-4.050978e-01 2.959012e-01 
-3.983191e-01 2.959012e-01 
-3.915404e-01 2.959012e-01 
-3.847616e-01 2.959012e-01 
-3.779829e-01 2.959012e-01 
-3.712042e-01 2.959012e-01 
-3.644255e-01 2.959012e-01 
-3.576467e-01 2.959012e-01 
-3.508680e-01 2.959012e-01 
-3.440893e-01 2.959012e-01 
-3.373106e-01 2.959012e-01 
-3.305318e-01 2.959012e-01 
-3.237531e-01 2.959012e-01 
-3.169744e-01 2.959012e-01 
-3.101957e-01 2.959012e-01 
-3.034169e-01 2.959012e-01 
-2.966382e-01 2.959012e-01 
-2.898595e-01 2.959012e-01 
-2.830807e-01 2.959012e-01 
-2.763020e-01 2.959012e-01 
-2.695233e-01 2.959012e-01 
-2.627446e-01 2.959012e-01 
-2.559658e-01 2.959012e-01 
-2.491871e-01 2.959012e-01 
-2.424084e-01 2.959012e-01 
-2.356297e-01 2.959012e-01 
-2.288509e-01 2.959012e-01 
-2.220722e-01 2.959012e-01 
-2.152935e-01 2.959012e-01 
-2.085148e-01 2.959012e-01 
-2.017360e-01 2.959012e-01 
-1.949573e-01 2.959012e-01 
-1.881786e-01 2.959012e-01 
-1.813998e-01 2.959012e-01 
-1.746211e-01 2.959012e-01 
-1.678424e-01 2.959012e-01 
-1.610637e-01 2.959012e-01 
-1.542849e-01 2.959012e-01 
-5.000000e-01 3.019400e-01 
-4.932530e-01 3.019400e-01 
-4.865060e-01 3.019400e-01 
-4.797590e-01 3.019400e-01 
-4.730120e-01 3.019400e-01 
-4.662650e-01 3.019400e-01 
-4.595180e-01 3.019400e-01 
-4.527710e-01 3.019400e-01 
-4.460240e-01 3.019400e-01 
-4.392770e-01 3.019400e-01 
-4.325300e-01 3.019400e-01 
-4.257830e-01 3.019400e-01 
-4.190360e-01 3.019400e-01 
-4.122890e-01 3.019400e-01 
-4.055420e-01 3.019400e-01 
-3.987950e-01 3.019400e-01 
-3.920480e-01 3.019400e-01 
-3.853010e-01 3.019400e-01 
-3.785540e-01 3.019400e-01 
-3.718070e-01 3.019400e-01 
-3.650600e-01 3.019400e-01 
-3.583130e-01 3.019400e-01 
-3.515660e-01 3.019400e-01 
-3.448190e-01 3.019400e-01 
-3.380720e-01 3.019400e-01 
-3.313250e-01 3.019400e-01 
-3.245780e-01 3.019400e-01 
-3.178310e-01 3.019400e-01 
-3.110840e-01 3.019400e-01 
-3.043370e-01 3.019400e-01 
-2.975900e-01 3.019400e-01 
-2.908430e-01 3.019400e-01 
-2.840960e-01 3.019400e-01 
-2.773490e-01 3.019400e-01 
-2.706020e-01 3.019400e-01 
-2.638550e-01 3.019400e-01 
-2.571080e-01 3.019400e-01 
-2.503610e-01 3.019400e-01 
-2.436140e-01 3.019400e-01 
-2.368670e-01 3.019400e-01 
-2.301200e-01 3.019400e-01 
-2.233730e-01 3.019400e-01 
-2.166260e-01 3.019400e-01 
-2.098790e-01 3.019400e-01 
-2.031320e-01 3.019400e-01 
-1.963850e-01 3.019400e-01 
-1.896380e-01 3.019400e-01 
-1.828910e-01 3.019400e-01 
-1.761440e-01 3.019400e-01 
-1.693970e-01 3.019400e-01 
-1.626500e-01 3.019400e-01 
-1.559030e-01 3.019400e-01 
BC
-1
-1
-1
-1
-1
-1
-1
-1
-1
-1
-1
-1
-1
-1
-1
-1
-1
-1
-1
-1
-1
-1
-1
-1
-1
-1
-1
-1
-1
-1
-1
-1
-1
-1
-1
-1
-1
-1
-1
-1
-1
-1
-1
-1
-1
-1
-1
-1
-1
-1
-1
-1
-1
-1
-1
-1
-1
-1
-1
-1
-1
-1
-1
-1
-1
-1
-1
-1
-1
-1
-1
-1
-1
-1
-1
-1
-1
-1
-1
-1
-1
-1
-1
-1
-1
-1
-1
-1
-1
-1
-1
-1
-1
-1
-1
-1
-1
-1
-1
-1
-1
-1
-1
-1
-1
-1
-1
-1
-1
-1
-1
-1
-1
-1
-1
-1
-1
-1
-1
-1
-1
-1
-1
-1
-1
-1
1
1
1
1
1
1
1
1
1
1
1
1
1
1
1
1
1
1
1
1
1
1
1
1
