npartb: 4 2 
ipartb: 1 0 
ngrid: 52 27 
-7.500000e-02 0.000000e+00 
-6.666667e-02 0.000000e+00 
-5.833333e-02 0.000000e+00 
-5.000000e-02 0.000000e+00 
-4.166667e-02 0.000000e+00 
-3.333333e-02 0.000000e+00 
-2.500000e-02 0.000000e+00 
-1.666667e-02 0.000000e+00 
-8.333333e-03 0.000000e+00 
0.000000e+00 0.000000e+00 
6.067143e-03 1.625714e-03 
1.213429e-02 3.251429e-03 
1.820143e-02 4.877143e-03 
2.426857e-02 6.502857e-03 
3.033571e-02 8.128571e-03 
3.640286e-02 9.754286e-03 
4.247000e-02 1.138000e-02 
4.853714e-02 1.300571e-02 
5.460429e-02 1.463143e-02 
6.067143e-02 1.625714e-02 
6.673857e-02 1.788286e-02 
7.280571e-02 1.950857e-02 
7.887286e-02 2.113429e-02 
8.494000e-02 2.276000e-02 
9.100714e-02 2.438571e-02 
9.707429e-02 2.601143e-02 
1.031414e-01 2.763714e-02 
1.092086e-01 2.926286e-02 
1.152757e-01 3.088857e-02 
1.213429e-01 3.251429e-02 
1.274100e-01 3.414000e-02 
1.334771e-01 3.576571e-02 
1.395443e-01 3.739143e-02 
1.456114e-01 3.901714e-02 
1.516786e-01 4.064286e-02 
1.577457e-01 4.226857e-02 
1.638129e-01 4.389429e-02 
1.698800e-01 4.552000e-02 
1.759471e-01 4.714571e-02 
1.820143e-01 4.877143e-02 
1.880814e-01 5.039714e-02 
1.941486e-01 5.202286e-02 
2.002157e-01 5.364857e-02 
2.062829e-01 5.527429e-02 
2.123500e-01 5.690000e-02 
2.184171e-01 5.852571e-02 
2.244843e-01 6.015143e-02 
2.305514e-01 6.177714e-02 
2.366186e-01 6.340286e-02 
2.426857e-01 6.502857e-02 
2.487529e-01 6.665429e-02 
2.548200e-01 6.828000e-02 
-7.661806e-02 6.038800e-03 
-6.831645e-02 6.038800e-03 
-6.001485e-02 6.038800e-03 
-5.171324e-02 6.038800e-03 
-4.341163e-02 6.038800e-03 
-3.511003e-02 6.038800e-03 
-2.680842e-02 6.038800e-03 
-1.850681e-02 6.038800e-03 
-1.020521e-02 6.038800e-03 
-1.903600e-03 6.038800e-03 
4.177140e-03 7.632000e-03 
1.025788e-02 9.225200e-03 
1.633862e-02 1.081840e-02 
2.241936e-02 1.241160e-02 
2.850010e-02 1.400480e-02 
3.458084e-02 1.559800e-02 
4.066158e-02 1.719120e-02 
4.674232e-02 1.878440e-02 
5.282306e-02 2.037760e-02 
5.890380e-02 2.197080e-02 
6.498454e-02 2.356400e-02 
7.106528e-02 2.515720e-02 
7.714602e-02 2.675040e-02 
8.322676e-02 2.834360e-02 
8.930750e-02 2.993680e-02 
9.538824e-02 3.153000e-02 
1.014690e-01 3.312320e-02 
1.075497e-01 3.471640e-02 
1.136305e-01 3.630960e-02 
1.197112e-01 3.790280e-02 
1.257919e-01 3.949600e-02 
1.318727e-01 4.108920e-02 
1.379534e-01 4.268240e-02 
1.440342e-01 4.427560e-02 
1.501149e-01 4.586880e-02 
1.561956e-01 4.746200e-02 
1.622764e-01 4.905520e-02 
1.683571e-01 5.064840e-02 
1.744379e-01 5.224160e-02 
1.805186e-01 5.383480e-02 
1.865993e-01 5.542800e-02 
1.926801e-01 5.702120e-02 
1.987608e-01 5.861440e-02 
2.048416e-01 6.020760e-02 
2.109223e-01 6.180080e-02 
2.170030e-01 6.339400e-02 
2.230838e-01 6.498720e-02 
2.291645e-01 6.658040e-02 
2.352453e-01 6.817360e-02 
2.413260e-01 6.976680e-02 
2.474067e-01 7.136000e-02 
2.534875e-01 7.295320e-02 
-7.823612e-02 1.207760e-02 
-6.996624e-02 1.207760e-02 
-6.169636e-02 1.207760e-02 
-5.342648e-02 1.207760e-02 
-4.515660e-02 1.207760e-02 
-3.688672e-02 1.207760e-02 
-2.861684e-02 1.207760e-02 
-2.034696e-02 1.207760e-02 
-1.207708e-02 1.207760e-02 
-3.807200e-03 1.207760e-02 
2.287137e-03 1.363829e-02 
8.381474e-03 1.519897e-02 
1.447581e-02 1.675966e-02 
2.057015e-02 1.832034e-02 
2.666449e-02 1.988103e-02 
3.275882e-02 2.144171e-02 
3.885316e-02 2.300240e-02 
4.494750e-02 2.456309e-02 
5.104183e-02 2.612377e-02 
5.713617e-02 2.768446e-02 
6.323051e-02 2.924514e-02 
6.932485e-02 3.080583e-02 
7.541918e-02 3.236651e-02 
8.151352e-02 3.392720e-02 
8.760786e-02 3.548789e-02 
9.370219e-02 3.704857e-02 
9.979653e-02 3.860926e-02 
1.058909e-01 4.016994e-02 
1.119852e-01 4.173063e-02 
1.180795e-01 4.329131e-02 
1.241739e-01 4.485200e-02 
1.302682e-01 4.641269e-02 
1.363626e-01 4.797337e-02 
1.424569e-01 4.953406e-02 
1.485512e-01 5.109474e-02 
1.546456e-01 5.265543e-02 
1.607399e-01 5.421611e-02 
1.668342e-01 5.577680e-02 
1.729286e-01 5.733749e-02 
1.790229e-01 5.889817e-02 
1.851173e-01 6.045886e-02 
1.912116e-01 6.201954e-02 
1.973059e-01 6.358023e-02 
2.034003e-01 6.514091e-02 
2.094946e-01 6.670160e-02 
2.155889e-01 6.826229e-02 
2.216833e-01 6.982297e-02 
2.277776e-01 7.138366e-02 
2.338719e-01 7.294434e-02 
2.399663e-01 7.450503e-02 
2.460606e-01 7.606571e-02 
2.521550e-01 7.762640e-02 
-7.985418e-02 1.811640e-02 
-7.161603e-02 1.811640e-02 
-6.337787e-02 1.811640e-02 
-5.513972e-02 1.811640e-02 
-4.690157e-02 1.811640e-02 
-3.866341e-02 1.811640e-02 
-3.042526e-02 1.811640e-02 
-2.218711e-02 1.811640e-02 
-1.394895e-02 1.811640e-02 
-5.710800e-03 1.811640e-02 
3.971343e-04 1.964457e-02 
6.505069e-03 2.117274e-02 
1.261300e-02 2.270091e-02 
1.872094e-02 2.422909e-02 
2.482887e-02 2.575726e-02 
3.093681e-02 2.728543e-02 
3.704474e-02 2.881360e-02 
4.315267e-02 3.034177e-02 
4.926061e-02 3.186994e-02 
5.536854e-02 3.339811e-02 
6.147648e-02 3.492629e-02 
6.758441e-02 3.645446e-02 
7.369235e-02 3.798263e-02 
7.980028e-02 3.951080e-02 
8.590821e-02 4.103897e-02 
9.201615e-02 4.256714e-02 
9.812408e-02 4.409531e-02 
1.042320e-01 4.562349e-02 
1.103400e-01 4.715166e-02 
1.164479e-01 4.867983e-02 
1.225558e-01 5.020800e-02 
1.286638e-01 5.173617e-02 
1.347717e-01 5.326434e-02 
1.408796e-01 5.479251e-02 
1.469876e-01 5.632069e-02 
1.530955e-01 5.784886e-02 
1.592034e-01 5.937703e-02 
1.653114e-01 6.090520e-02 
1.714193e-01 6.243337e-02 
1.775272e-01 6.396154e-02 
1.836352e-01 6.548971e-02 
1.897431e-01 6.701789e-02 
1.958510e-01 6.854606e-02 
2.019590e-01 7.007423e-02 
2.080669e-01 7.160240e-02 
2.141748e-01 7.313057e-02 
2.202828e-01 7.465874e-02 
2.263907e-01 7.618691e-02 
2.324986e-01 7.771509e-02 
2.386066e-01 7.924326e-02 
2.447145e-01 8.077143e-02 
2.508224e-01 8.229960e-02 
-8.147224e-02 2.415520e-02 
-7.326581e-02 2.415520e-02 
-6.505939e-02 2.415520e-02 
-5.685296e-02 2.415520e-02 
-4.864653e-02 2.415520e-02 
-4.044011e-02 2.415520e-02 
-3.223368e-02 2.415520e-02 
-2.402725e-02 2.415520e-02 
-1.582083e-02 2.415520e-02 
-7.614400e-03 2.415520e-02 
-1.492869e-03 2.565086e-02 
4.628663e-03 2.714651e-02 
1.075019e-02 2.864217e-02 
1.687173e-02 3.013783e-02 
2.299326e-02 3.163349e-02 
2.911479e-02 3.312914e-02 
3.523632e-02 3.462480e-02 
4.135785e-02 3.612046e-02 
4.747938e-02 3.761611e-02 
5.360091e-02 3.911177e-02 
5.972245e-02 4.060743e-02 
6.584398e-02 4.210309e-02 
7.196551e-02 4.359874e-02 
7.808704e-02 4.509440e-02 
8.420857e-02 4.659006e-02 
9.033010e-02 4.808571e-02 
9.645163e-02 4.958137e-02 
1.025732e-01 5.107703e-02 
1.086947e-01 5.257269e-02 
1.148162e-01 5.406834e-02 
1.209378e-01 5.556400e-02 
1.270593e-01 5.705966e-02 
1.331808e-01 5.855531e-02 
1.393024e-01 6.005097e-02 
1.454239e-01 6.154663e-02 
1.515454e-01 6.304229e-02 
1.576669e-01 6.453794e-02 
1.637885e-01 6.603360e-02 
1.699100e-01 6.752926e-02 
1.760315e-01 6.902491e-02 
1.821531e-01 7.052057e-02 
1.882746e-01 7.201623e-02 
1.943961e-01 7.351189e-02 
2.005177e-01 7.500754e-02 
2.066392e-01 7.650320e-02 
2.127607e-01 7.799886e-02 
2.188823e-01 7.949451e-02 
2.250038e-01 8.099017e-02 
2.311253e-01 8.248583e-02 
2.372469e-01 8.398149e-02 
2.433684e-01 8.547714e-02 
2.494899e-01 8.697280e-02 
-8.309030e-02 3.019400e-02 
-7.491560e-02 3.019400e-02 
-6.674090e-02 3.019400e-02 
-5.856620e-02 3.019400e-02 
-5.039150e-02 3.019400e-02 
-4.221680e-02 3.019400e-02 
-3.404210e-02 3.019400e-02 
-2.586740e-02 3.019400e-02 
-1.769270e-02 3.019400e-02 
-9.518000e-03 3.019400e-02 
-3.382871e-03 3.165714e-02 
2.752257e-03 3.312029e-02 
8.887386e-03 3.458343e-02 
1.502251e-02 3.604657e-02 
2.115764e-02 3.750971e-02 
2.729277e-02 3.897286e-02 
3.342790e-02 4.043600e-02 
3.956303e-02 4.189914e-02 
4.569816e-02 4.336229e-02 
5.183329e-02 4.482543e-02 
5.796841e-02 4.628857e-02 
6.410354e-02 4.775171e-02 
7.023867e-02 4.921486e-02 
7.637380e-02 5.067800e-02 
8.250893e-02 5.214114e-02 
8.864406e-02 5.360429e-02 
9.477919e-02 5.506743e-02 
1.009143e-01 5.653057e-02 
1.070494e-01 5.799371e-02 
1.131846e-01 5.945686e-02 
1.193197e-01 6.092000e-02 
1.254548e-01 6.238314e-02 
1.315900e-01 6.384629e-02 
1.377251e-01 6.530943e-02 
1.438602e-01 6.677257e-02 
1.499953e-01 6.823571e-02 
1.561305e-01 6.969886e-02 
1.622656e-01 7.116200e-02 
1.684007e-01 7.262514e-02 
1.745359e-01 7.408829e-02 
1.806710e-01 7.555143e-02 
1.868061e-01 7.701457e-02 
1.929412e-01 7.847771e-02 
1.990764e-01 7.994086e-02 
2.052115e-01 8.140400e-02 
2.113466e-01 8.286714e-02 
2.174818e-01 8.433029e-02 
2.236169e-01 8.579343e-02 
2.297520e-01 8.725657e-02 
2.358871e-01 8.871971e-02 
2.420223e-01 9.018286e-02 
2.481574e-01 9.164600e-02 
-8.470836e-02 3.623280e-02 
-7.656539e-02 3.623280e-02 
-6.842241e-02 3.623280e-02 
-6.027944e-02 3.623280e-02 
-5.213647e-02 3.623280e-02 
-4.399349e-02 3.623280e-02 
-3.585052e-02 3.623280e-02 
-2.770755e-02 3.623280e-02 
-1.956457e-02 3.623280e-02 
-1.142160e-02 3.623280e-02 
-5.272874e-03 3.766343e-02 
8.758514e-04 3.909406e-02 
7.024577e-03 4.052469e-02 
1.317330e-02 4.195531e-02 
1.932203e-02 4.338594e-02 
2.547075e-02 4.481657e-02 
3.161948e-02 4.624720e-02 
3.776821e-02 4.767783e-02 
4.391693e-02 4.910846e-02 
5.006566e-02 5.053909e-02 
5.621438e-02 5.196971e-02 
6.236311e-02 5.340034e-02 
6.851183e-02 5.483097e-02 
7.466056e-02 5.626160e-02 
8.080929e-02 5.769223e-02 
8.695801e-02 5.912286e-02 
9.310674e-02 6.055349e-02 
9.925546e-02 6.198411e-02 
1.054042e-01 6.341474e-02 
1.115529e-01 6.484537e-02 
1.177016e-01 6.627600e-02 
1.238504e-01 6.770663e-02 
1.299991e-01 6.913726e-02 
1.361478e-01 7.056789e-02 
1.422965e-01 7.199851e-02 
1.484453e-01 7.342914e-02 
1.545940e-01 7.485977e-02 
1.607427e-01 7.629040e-02 
1.668914e-01 7.772103e-02 
1.730402e-01 7.915166e-02 
1.791889e-01 8.058229e-02 
1.853376e-01 8.201291e-02 
1.914863e-01 8.344354e-02 
1.976351e-01 8.487417e-02 
2.037838e-01 8.630480e-02 
2.099325e-01 8.773543e-02 
2.160813e-01 8.916606e-02 
2.222300e-01 9.059669e-02 
2.283787e-01 9.202731e-02 
2.345274e-01 9.345794e-02 
2.406762e-01 9.488857e-02 
2.468249e-01 9.631920e-02 
-8.632642e-02 4.227160e-02 
-7.821517e-02 4.227160e-02 
-7.010393e-02 4.227160e-02 
-6.199268e-02 4.227160e-02 
-5.388143e-02 4.227160e-02 
-4.577019e-02 4.227160e-02 
-3.765894e-02 4.227160e-02 
-2.954769e-02 4.227160e-02 
-2.143645e-02 4.227160e-02 
-1.332520e-02 4.227160e-02 
-7.162877e-03 4.366971e-02 
-1.000554e-03 4.506783e-02 
5.161769e-03 4.646594e-02 
1.132409e-02 4.786406e-02 
1.748641e-02 4.926217e-02 
2.364874e-02 5.066029e-02 
2.981106e-02 5.205840e-02 
3.597338e-02 5.345651e-02 
4.213571e-02 5.485463e-02 
4.829803e-02 5.625274e-02 
5.446035e-02 5.765086e-02 
6.062267e-02 5.904897e-02 
6.678500e-02 6.044709e-02 
7.294732e-02 6.184520e-02 
7.910964e-02 6.324331e-02 
8.527197e-02 6.464143e-02 
9.143429e-02 6.603954e-02 
9.759661e-02 6.743766e-02 
1.037589e-01 6.883577e-02 
1.099213e-01 7.023389e-02 
1.160836e-01 7.163200e-02 
1.222459e-01 7.303011e-02 
1.284082e-01 7.442823e-02 
1.345705e-01 7.582634e-02 
1.407329e-01 7.722446e-02 
1.468952e-01 7.862257e-02 
1.530575e-01 8.002069e-02 
1.592198e-01 8.141880e-02 
1.653822e-01 8.281691e-02 
1.715445e-01 8.421503e-02 
1.777068e-01 8.561314e-02 
1.838691e-01 8.701126e-02 
1.900315e-01 8.840937e-02 
1.961938e-01 8.980749e-02 
2.023561e-01 9.120560e-02 
2.085184e-01 9.260371e-02 
2.146807e-01 9.400183e-02 
2.208431e-01 9.539994e-02 
2.270054e-01 9.679806e-02 
2.331677e-01 9.819617e-02 
2.393300e-01 9.959429e-02 
2.454924e-01 1.009924e-01 
-8.794448e-02 4.831040e-02 
-7.986496e-02 4.831040e-02 
-7.178544e-02 4.831040e-02 
-6.370592e-02 4.831040e-02 
-5.562640e-02 4.831040e-02 
-4.754688e-02 4.831040e-02 
-3.946736e-02 4.831040e-02 
-3.138784e-02 4.831040e-02 
-2.330832e-02 4.831040e-02 
-1.522880e-02 4.831040e-02 
-9.052880e-03 4.967600e-02 
-2.876960e-03 5.104160e-02 
3.298960e-03 5.240720e-02 
9.474880e-03 5.377280e-02 
1.565080e-02 5.513840e-02 
2.182672e-02 5.650400e-02 
2.800264e-02 5.786960e-02 
3.417856e-02 5.923520e-02 
4.035448e-02 6.060080e-02 
4.653040e-02 6.196640e-02 
5.270632e-02 6.333200e-02 
5.888224e-02 6.469760e-02 
6.505816e-02 6.606320e-02 
7.123408e-02 6.742880e-02 
7.741000e-02 6.879440e-02 
8.358592e-02 7.016000e-02 
8.976184e-02 7.152560e-02 
9.593776e-02 7.289120e-02 
1.021137e-01 7.425680e-02 
1.082896e-01 7.562240e-02 
1.144655e-01 7.698800e-02 
1.206414e-01 7.835360e-02 
1.268174e-01 7.971920e-02 
1.329933e-01 8.108480e-02 
1.391692e-01 8.245040e-02 
1.453451e-01 8.381600e-02 
1.515210e-01 8.518160e-02 
1.576970e-01 8.654720e-02 
1.638729e-01 8.791280e-02 
1.700488e-01 8.927840e-02 
1.762247e-01 9.064400e-02 
1.824006e-01 9.200960e-02 
1.885766e-01 9.337520e-02 
1.947525e-01 9.474080e-02 
2.009284e-01 9.610640e-02 
2.071043e-01 9.747200e-02 
2.132802e-01 9.883760e-02 
2.194562e-01 1.002032e-01 
2.256321e-01 1.015688e-01 
2.318080e-01 1.029344e-01 
2.379839e-01 1.043000e-01 
2.441598e-01 1.056656e-01 
-8.956254e-02 5.434920e-02 
-8.151475e-02 5.434920e-02 
-7.346695e-02 5.434920e-02 
-6.541916e-02 5.434920e-02 
-5.737137e-02 5.434920e-02 
-4.932357e-02 5.434920e-02 
-4.127578e-02 5.434920e-02 
-3.322799e-02 5.434920e-02 
-2.518019e-02 5.434920e-02 
-1.713240e-02 5.434920e-02 
-1.094288e-02 5.568229e-02 
-4.753366e-03 5.701537e-02 
1.436151e-03 5.834846e-02 
7.625669e-03 5.968154e-02 
1.381519e-02 6.101463e-02 
2.000470e-02 6.234771e-02 
2.619422e-02 6.368080e-02 
3.238374e-02 6.501389e-02 
3.857325e-02 6.634697e-02 
4.476277e-02 6.768006e-02 
5.095229e-02 6.901314e-02 
5.714181e-02 7.034623e-02 
6.333132e-02 7.167931e-02 
6.952084e-02 7.301240e-02 
7.571036e-02 7.434549e-02 
8.189987e-02 7.567857e-02 
8.808939e-02 7.701166e-02 
9.427891e-02 7.834474e-02 
1.004684e-01 7.967783e-02 
1.066579e-01 8.101091e-02 
1.128475e-01 8.234400e-02 
1.190370e-01 8.367709e-02 
1.252265e-01 8.501017e-02 
1.314160e-01 8.634326e-02 
1.376055e-01 8.767634e-02 
1.437950e-01 8.900943e-02 
1.499846e-01 9.034251e-02 
1.561741e-01 9.167560e-02 
1.623636e-01 9.300869e-02 
1.685531e-01 9.434177e-02 
1.747426e-01 9.567486e-02 
1.809321e-01 9.700794e-02 
1.871217e-01 9.834103e-02 
1.933112e-01 9.967411e-02 
1.995007e-01 1.010072e-01 
2.056902e-01 1.023403e-01 
2.118797e-01 1.036734e-01 
2.180693e-01 1.050065e-01 
2.242588e-01 1.063395e-01 
2.304483e-01 1.076726e-01 
2.366378e-01 1.090057e-01 
2.428273e-01 1.103388e-01 
-9.118060e-02 6.038800e-02 
-8.316453e-02 6.038800e-02 
-7.514847e-02 6.038800e-02 
-6.713240e-02 6.038800e-02 
-5.911633e-02 6.038800e-02 
-5.110027e-02 6.038800e-02 
-4.308420e-02 6.038800e-02 
-3.506813e-02 6.038800e-02 
-2.705207e-02 6.038800e-02 
-1.903600e-02 6.038800e-02 
-1.283289e-02 6.168857e-02 
-6.629771e-03 6.298914e-02 
-4.266571e-04 6.428971e-02 
5.776457e-03 6.559029e-02 
1.197957e-02 6.689086e-02 
1.818269e-02 6.819143e-02 
2.438580e-02 6.949200e-02 
3.058891e-02 7.079257e-02 
3.679203e-02 7.209314e-02 
4.299514e-02 7.339371e-02 
4.919826e-02 7.469429e-02 
5.540137e-02 7.599486e-02 
6.160449e-02 7.729543e-02 
6.780760e-02 7.859600e-02 
7.401071e-02 7.989657e-02 
8.021383e-02 8.119714e-02 
8.641694e-02 8.249771e-02 
9.262006e-02 8.379829e-02 
9.882317e-02 8.509886e-02 
1.050263e-01 8.639943e-02 
1.112294e-01 8.770000e-02 
1.174325e-01 8.900057e-02 
1.236356e-01 9.030114e-02 
1.298387e-01 9.160171e-02 
1.360419e-01 9.290229e-02 
1.422450e-01 9.420286e-02 
1.484481e-01 9.550343e-02 
1.546512e-01 9.680400e-02 
1.608543e-01 9.810457e-02 
1.670574e-01 9.940514e-02 
1.732605e-01 1.007057e-01 
1.794637e-01 1.020063e-01 
1.856668e-01 1.033069e-01 
1.918699e-01 1.046074e-01 
1.980730e-01 1.059080e-01 
2.042761e-01 1.072086e-01 
2.104792e-01 1.085091e-01 
2.166823e-01 1.098097e-01 
2.228855e-01 1.111103e-01 
2.290886e-01 1.124109e-01 
2.352917e-01 1.137114e-01 
2.414948e-01 1.150120e-01 
-9.279866e-02 6.642680e-02 
-8.481432e-02 6.642680e-02 
-7.682998e-02 6.642680e-02 
-6.884564e-02 6.642680e-02 
-6.086130e-02 6.642680e-02 
-5.287696e-02 6.642680e-02 
-4.489262e-02 6.642680e-02 
-3.690828e-02 6.642680e-02 
-2.892394e-02 6.642680e-02 
-2.093960e-02 6.642680e-02 
-1.472289e-02 6.769486e-02 
-8.506177e-03 6.896291e-02 
-2.289466e-03 7.023097e-02 
3.927246e-03 7.149903e-02 
1.014396e-02 7.276709e-02 
1.636067e-02 7.403514e-02 
2.257738e-02 7.530320e-02 
2.879409e-02 7.657126e-02 
3.501080e-02 7.783931e-02 
4.122751e-02 7.910737e-02 
4.744423e-02 8.037543e-02 
5.366094e-02 8.164349e-02 
5.987765e-02 8.291154e-02 
6.609436e-02 8.417960e-02 
7.231107e-02 8.544766e-02 
7.852778e-02 8.671571e-02 
8.474449e-02 8.798377e-02 
9.096121e-02 8.925183e-02 
9.717792e-02 9.051989e-02 
1.033946e-01 9.178794e-02 
1.096113e-01 9.305600e-02 
1.158281e-01 9.432406e-02 
1.220448e-01 9.559211e-02 
1.282615e-01 9.686017e-02 
1.344782e-01 9.812823e-02 
1.406949e-01 9.939629e-02 
1.469116e-01 1.006643e-01 
1.531283e-01 1.019324e-01 
1.593450e-01 1.032005e-01 
1.655617e-01 1.044685e-01 
1.717785e-01 1.057366e-01 
1.779952e-01 1.070046e-01 
1.842119e-01 1.082727e-01 
1.904286e-01 1.095407e-01 
1.966453e-01 1.108088e-01 
2.028620e-01 1.120769e-01 
2.090787e-01 1.133449e-01 
2.152954e-01 1.146130e-01 
2.215121e-01 1.158810e-01 
2.277289e-01 1.171491e-01 
2.339456e-01 1.184171e-01 
2.401623e-01 1.196852e-01 
-9.441672e-02 7.246560e-02 
-8.646411e-02 7.246560e-02 
-7.851149e-02 7.246560e-02 
-7.055888e-02 7.246560e-02 
-6.260627e-02 7.246560e-02 
-5.465365e-02 7.246560e-02 
-4.670104e-02 7.246560e-02 
-3.874843e-02 7.246560e-02 
-3.079581e-02 7.246560e-02 
-2.284320e-02 7.246560e-02 
-1.661289e-02 7.370114e-02 
-1.038258e-02 7.493669e-02 
-4.152274e-03 7.617223e-02 
2.078034e-03 7.740777e-02 
8.308343e-03 7.864331e-02 
1.453865e-02 7.987886e-02 
2.076896e-02 8.111440e-02 
2.699927e-02 8.234994e-02 
3.322958e-02 8.358549e-02 
3.945989e-02 8.482103e-02 
4.569019e-02 8.605657e-02 
5.192050e-02 8.729211e-02 
5.815081e-02 8.852766e-02 
6.438112e-02 8.976320e-02 
7.061143e-02 9.099874e-02 
7.684174e-02 9.223429e-02 
8.307205e-02 9.346983e-02 
8.930235e-02 9.470537e-02 
9.553266e-02 9.594091e-02 
1.017630e-01 9.717646e-02 
1.079933e-01 9.841200e-02 
1.142236e-01 9.964754e-02 
1.204539e-01 1.008831e-01 
1.266842e-01 1.021186e-01 
1.329145e-01 1.033542e-01 
1.391448e-01 1.045897e-01 
1.453751e-01 1.058253e-01 
1.516054e-01 1.070608e-01 
1.578357e-01 1.082963e-01 
1.640661e-01 1.095319e-01 
1.702964e-01 1.107674e-01 
1.765267e-01 1.120030e-01 
1.827570e-01 1.132385e-01 
1.889873e-01 1.144741e-01 
1.952176e-01 1.157096e-01 
2.014479e-01 1.169451e-01 
2.076782e-01 1.181807e-01 
2.139085e-01 1.194162e-01 
2.201388e-01 1.206518e-01 
2.263691e-01 1.218873e-01 
2.325995e-01 1.231229e-01 
2.388298e-01 1.243584e-01 
-9.603478e-02 7.850440e-02 
-8.811389e-02 7.850440e-02 
-8.019301e-02 7.850440e-02 
-7.227212e-02 7.850440e-02 
-6.435123e-02 7.850440e-02 
-5.643035e-02 7.850440e-02 
-4.850946e-02 7.850440e-02 
-4.058857e-02 7.850440e-02 
-3.266769e-02 7.850440e-02 
-2.474680e-02 7.850440e-02 
-1.850289e-02 7.970743e-02 
-1.225899e-02 8.091046e-02 
-6.015083e-03 8.211349e-02 
2.288229e-04 8.331651e-02 
6.472729e-03 8.451954e-02 
1.271663e-02 8.572257e-02 
1.896054e-02 8.692560e-02 
2.520445e-02 8.812863e-02 
3.144835e-02 8.933166e-02 
3.769226e-02 9.053469e-02 
4.393616e-02 9.173771e-02 
5.018007e-02 9.294074e-02 
5.642397e-02 9.414377e-02 
6.266788e-02 9.534680e-02 
6.891179e-02 9.654983e-02 
7.515569e-02 9.775286e-02 
8.139960e-02 9.895589e-02 
8.764350e-02 1.001589e-01 
9.388741e-02 1.013619e-01 
1.001313e-01 1.025650e-01 
1.063752e-01 1.037680e-01 
1.126191e-01 1.049710e-01 
1.188630e-01 1.061741e-01 
1.251069e-01 1.073771e-01 
1.313508e-01 1.085801e-01 
1.375947e-01 1.097831e-01 
1.438387e-01 1.109862e-01 
1.500826e-01 1.121892e-01 
1.563265e-01 1.133922e-01 
1.625704e-01 1.145953e-01 
1.688143e-01 1.157983e-01 
1.750582e-01 1.170013e-01 
1.813021e-01 1.182043e-01 
1.875460e-01 1.194074e-01 
1.937899e-01 1.206104e-01 
2.000338e-01 1.218134e-01 
2.062777e-01 1.230165e-01 
2.125216e-01 1.242195e-01 
2.187655e-01 1.254225e-01 
2.250094e-01 1.266255e-01 
2.312533e-01 1.278286e-01 
2.374972e-01 1.290316e-01 
-9.765284e-02 8.454320e-02 
-8.976368e-02 8.454320e-02 
-8.187452e-02 8.454320e-02 
-7.398536e-02 8.454320e-02 
-6.609620e-02 8.454320e-02 
-5.820704e-02 8.454320e-02 
-5.031788e-02 8.454320e-02 
-4.242872e-02 8.454320e-02 
-3.453956e-02 8.454320e-02 
-2.665040e-02 8.454320e-02 
-2.039290e-02 8.571371e-02 
-1.413539e-02 8.688423e-02 
-7.877891e-03 8.805474e-02 
-1.620389e-03 8.922526e-02 
4.637114e-03 9.039577e-02 
1.089462e-02 9.156629e-02 
1.715212e-02 9.273680e-02 
2.340962e-02 9.390731e-02 
2.966713e-02 9.507783e-02 
3.592463e-02 9.624834e-02 
4.218213e-02 9.741886e-02 
4.843963e-02 9.858937e-02 
5.469714e-02 9.975989e-02 
6.095464e-02 1.009304e-01 
6.721214e-02 1.021009e-01 
7.346965e-02 1.032714e-01 
7.972715e-02 1.044419e-01 
8.598465e-02 1.056125e-01 
9.224215e-02 1.067830e-01 
9.849966e-02 1.079535e-01 
1.047572e-01 1.091240e-01 
1.110147e-01 1.102945e-01 
1.172722e-01 1.114650e-01 
1.235297e-01 1.126355e-01 
1.297872e-01 1.138061e-01 
1.360447e-01 1.149766e-01 
1.423022e-01 1.161471e-01 
1.485597e-01 1.173176e-01 
1.548172e-01 1.184881e-01 
1.610747e-01 1.196586e-01 
1.673322e-01 1.208291e-01 
1.735897e-01 1.219997e-01 
1.798472e-01 1.231702e-01 
1.861047e-01 1.243407e-01 
1.923622e-01 1.255112e-01 
1.986197e-01 1.266817e-01 
2.048772e-01 1.278522e-01 
2.111347e-01 1.290227e-01 
2.173922e-01 1.301933e-01 
2.236497e-01 1.313638e-01 
2.299072e-01 1.325343e-01 
2.361647e-01 1.337048e-01 
-9.927090e-02 9.058200e-02 
-9.141347e-02 9.058200e-02 
-8.355603e-02 9.058200e-02 
-7.569860e-02 9.058200e-02 
-6.784117e-02 9.058200e-02 
-5.998373e-02 9.058200e-02 
-5.212630e-02 9.058200e-02 
-4.426887e-02 9.058200e-02 
-3.641143e-02 9.058200e-02 
-2.855400e-02 9.058200e-02 
-2.228290e-02 9.172000e-02 
-1.601180e-02 9.285800e-02 
-9.740700e-03 9.399600e-02 
-3.469600e-03 9.513400e-02 
2.801500e-03 9.627200e-02 
9.072600e-03 9.741000e-02 
1.534370e-02 9.854800e-02 
2.161480e-02 9.968600e-02 
2.788590e-02 1.008240e-01 
3.415700e-02 1.019620e-01 
4.042810e-02 1.031000e-01 
4.669920e-02 1.042380e-01 
5.297030e-02 1.053760e-01 
5.924140e-02 1.065140e-01 
6.551250e-02 1.076520e-01 
7.178360e-02 1.087900e-01 
7.805470e-02 1.099280e-01 
8.432580e-02 1.110660e-01 
9.059690e-02 1.122040e-01 
9.686800e-02 1.133420e-01 
1.031391e-01 1.144800e-01 
1.094102e-01 1.156180e-01 
1.156813e-01 1.167560e-01 
1.219524e-01 1.178940e-01 
1.282235e-01 1.190320e-01 
1.344946e-01 1.201700e-01 
1.407657e-01 1.213080e-01 
1.470368e-01 1.224460e-01 
1.533079e-01 1.235840e-01 
1.595790e-01 1.247220e-01 
1.658501e-01 1.258600e-01 
1.721212e-01 1.269980e-01 
1.783923e-01 1.281360e-01 
1.846634e-01 1.292740e-01 
1.909345e-01 1.304120e-01 
1.972056e-01 1.315500e-01 
2.034767e-01 1.326880e-01 
2.097478e-01 1.338260e-01 
2.160189e-01 1.349640e-01 
2.222900e-01 1.361020e-01 
2.285611e-01 1.372400e-01 
2.348322e-01 1.383780e-01 
-1.008890e-01 9.662080e-02 
-9.306325e-02 9.662080e-02 
-8.523755e-02 9.662080e-02 
-7.741184e-02 9.662080e-02 
-6.958613e-02 9.662080e-02 
-6.176043e-02 9.662080e-02 
-5.393472e-02 9.662080e-02 
-4.610901e-02 9.662080e-02 
-3.828331e-02 9.662080e-02 
-3.045760e-02 9.662080e-02 
-2.417290e-02 9.772629e-02 
-1.788821e-02 9.883177e-02 
-1.160351e-02 9.993726e-02 
-5.318811e-03 1.010427e-01 
9.658857e-04 1.021482e-01 
7.250583e-03 1.032537e-01 
1.353528e-02 1.043592e-01 
1.981998e-02 1.054647e-01 
2.610467e-02 1.065702e-01 
3.238937e-02 1.076757e-01 
3.867407e-02 1.087811e-01 
4.495877e-02 1.098866e-01 
5.124346e-02 1.109921e-01 
5.752816e-02 1.120976e-01 
6.381286e-02 1.132031e-01 
7.009755e-02 1.143086e-01 
7.638225e-02 1.154141e-01 
8.266695e-02 1.165195e-01 
8.895165e-02 1.176250e-01 
9.523634e-02 1.187305e-01 
1.015210e-01 1.198360e-01 
1.078057e-01 1.209415e-01 
1.140904e-01 1.220470e-01 
1.203751e-01 1.231525e-01 
1.266598e-01 1.242579e-01 
1.329445e-01 1.253634e-01 
1.392292e-01 1.264689e-01 
1.455139e-01 1.275744e-01 
1.517986e-01 1.286799e-01 
1.580833e-01 1.297854e-01 
1.643680e-01 1.308909e-01 
1.706527e-01 1.319963e-01 
1.769374e-01 1.331018e-01 
1.832221e-01 1.342073e-01 
1.895068e-01 1.353128e-01 
1.957915e-01 1.364183e-01 
2.020762e-01 1.375238e-01 
2.083609e-01 1.386293e-01 
2.146456e-01 1.397347e-01 
2.209303e-01 1.408402e-01 
2.272150e-01 1.419457e-01 
2.334997e-01 1.430512e-01 
-1.025070e-01 1.026596e-01 
-9.471304e-02 1.026596e-01 
-8.691906e-02 1.026596e-01 
-7.912508e-02 1.026596e-01 
-7.133110e-02 1.026596e-01 
-6.353712e-02 1.026596e-01 
-5.574314e-02 1.026596e-01 
-4.794916e-02 1.026596e-01 
-4.015518e-02 1.026596e-01 
-3.236120e-02 1.026596e-01 
-2.606291e-02 1.037326e-01 
-1.976461e-02 1.048055e-01 
-1.346632e-02 1.058785e-01 
-7.168023e-03 1.069515e-01 
-8.697286e-04 1.080245e-01 
5.428566e-03 1.090974e-01 
1.172686e-02 1.101704e-01 
1.802515e-02 1.112434e-01 
2.432345e-02 1.123163e-01 
3.062174e-02 1.133893e-01 
3.692004e-02 1.144623e-01 
4.321833e-02 1.155353e-01 
4.951663e-02 1.166082e-01 
5.581492e-02 1.176812e-01 
6.211321e-02 1.187542e-01 
6.841151e-02 1.198271e-01 
7.470980e-02 1.209001e-01 
8.100810e-02 1.219731e-01 
8.730639e-02 1.230461e-01 
9.360469e-02 1.241190e-01 
9.990298e-02 1.251920e-01 
1.062013e-01 1.262650e-01 
1.124996e-01 1.273379e-01 
1.187979e-01 1.284109e-01 
1.250962e-01 1.294839e-01 
1.313945e-01 1.305569e-01 
1.376927e-01 1.316298e-01 
1.439910e-01 1.327028e-01 
1.502893e-01 1.337758e-01 
1.565876e-01 1.348487e-01 
1.628859e-01 1.359217e-01 
1.691842e-01 1.369947e-01 
1.754825e-01 1.380677e-01 
1.817808e-01 1.391406e-01 
1.880791e-01 1.402136e-01 
1.943774e-01 1.412866e-01 
2.006757e-01 1.423595e-01 
2.069740e-01 1.434325e-01 
2.132723e-01 1.445055e-01 
2.195706e-01 1.455785e-01 
2.258689e-01 1.466514e-01 
2.321672e-01 1.477244e-01 
-1.041251e-01 1.086984e-01 
-9.636283e-02 1.086984e-01 
-8.860057e-02 1.086984e-01 
-8.083832e-02 1.086984e-01 
-7.307607e-02 1.086984e-01 
-6.531381e-02 1.086984e-01 
-5.755156e-02 1.086984e-01 
-4.978931e-02 1.086984e-01 
-4.202705e-02 1.086984e-01 
-3.426480e-02 1.086984e-01 
-2.795291e-02 1.097389e-01 
-2.164102e-02 1.107793e-01 
-1.532913e-02 1.118198e-01 
-9.017234e-03 1.128602e-01 
-2.705343e-03 1.139007e-01 
3.606549e-03 1.149411e-01 
9.918440e-03 1.159816e-01 
1.623033e-02 1.170221e-01 
2.254222e-02 1.180625e-01 
2.885411e-02 1.191030e-01 
3.516601e-02 1.201434e-01 
4.147790e-02 1.211839e-01 
4.778979e-02 1.222243e-01 
5.410168e-02 1.232648e-01 
6.041357e-02 1.243053e-01 
6.672546e-02 1.253457e-01 
7.303735e-02 1.263862e-01 
7.934925e-02 1.274266e-01 
8.566114e-02 1.284671e-01 
9.197303e-02 1.295075e-01 
9.828492e-02 1.305480e-01 
1.045968e-01 1.315885e-01 
1.109087e-01 1.326289e-01 
1.172206e-01 1.336694e-01 
1.235325e-01 1.347098e-01 
1.298444e-01 1.357503e-01 
1.361563e-01 1.367907e-01 
1.424682e-01 1.378312e-01 
1.487801e-01 1.388717e-01 
1.550919e-01 1.399121e-01 
1.614038e-01 1.409526e-01 
1.677157e-01 1.419930e-01 
1.740276e-01 1.430335e-01 
1.803395e-01 1.440739e-01 
1.866514e-01 1.451144e-01 
1.929633e-01 1.461549e-01 
1.992752e-01 1.471953e-01 
2.055871e-01 1.482358e-01 
2.118990e-01 1.492762e-01 
2.182109e-01 1.503167e-01 
2.245227e-01 1.513571e-01 
2.308346e-01 1.523976e-01 
-1.057431e-01 1.147372e-01 
-9.801261e-02 1.147372e-01 
-9.028209e-02 1.147372e-01 
-8.255156e-02 1.147372e-01 
-7.482103e-02 1.147372e-01 
-6.709051e-02 1.147372e-01 
-5.935998e-02 1.147372e-01 
-5.162945e-02 1.147372e-01 
-4.389893e-02 1.147372e-01 
-3.616840e-02 1.147372e-01 
-2.984291e-02 1.157451e-01 
-2.351742e-02 1.167531e-01 
-1.719193e-02 1.177610e-01 
-1.086645e-02 1.187690e-01 
-4.540957e-03 1.197769e-01 
1.784531e-03 1.207849e-01 
8.110020e-03 1.217928e-01 
1.443551e-02 1.228007e-01 
2.076100e-02 1.238087e-01 
2.708649e-02 1.248166e-01 
3.341197e-02 1.258246e-01 
3.973746e-02 1.268325e-01 
4.606295e-02 1.278405e-01 
5.238844e-02 1.288484e-01 
5.871393e-02 1.298563e-01 
6.503942e-02 1.308643e-01 
7.136491e-02 1.318722e-01 
7.769039e-02 1.328802e-01 
8.401588e-02 1.338881e-01 
9.034137e-02 1.348961e-01 
9.666686e-02 1.359040e-01 
1.029923e-01 1.369119e-01 
1.093178e-01 1.379199e-01 
1.156433e-01 1.389278e-01 
1.219688e-01 1.399358e-01 
1.282943e-01 1.409437e-01 
1.346198e-01 1.419517e-01 
1.409453e-01 1.429596e-01 
1.472708e-01 1.439675e-01 
1.535963e-01 1.449755e-01 
1.599217e-01 1.459834e-01 
1.662472e-01 1.469914e-01 
1.725727e-01 1.479993e-01 
1.788982e-01 1.490073e-01 
1.852237e-01 1.500152e-01 
1.915492e-01 1.510231e-01 
1.978747e-01 1.520311e-01 
2.042002e-01 1.530390e-01 
2.105257e-01 1.540470e-01 
2.168511e-01 1.550549e-01 
2.231766e-01 1.560629e-01 
2.295021e-01 1.570708e-01 
-1.073612e-01 1.207760e-01 
-9.966240e-02 1.207760e-01 
-9.196360e-02 1.207760e-01 
-8.426480e-02 1.207760e-01 
-7.656600e-02 1.207760e-01 
-6.886720e-02 1.207760e-01 
-6.116840e-02 1.207760e-01 
-5.346960e-02 1.207760e-01 
-4.577080e-02 1.207760e-01 
-3.807200e-02 1.207760e-01 
-3.173291e-02 1.217514e-01 
-2.539383e-02 1.227269e-01 
-1.905474e-02 1.237023e-01 
-1.271566e-02 1.246777e-01 
-6.376571e-03 1.256531e-01 
-3.748571e-05 1.266286e-01 
6.301600e-03 1.276040e-01 
1.264069e-02 1.285794e-01 
1.897977e-02 1.295549e-01 
2.531886e-02 1.305303e-01 
3.165794e-02 1.315057e-01 
3.799703e-02 1.324811e-01 
4.433611e-02 1.334566e-01 
5.067520e-02 1.344320e-01 
5.701429e-02 1.354074e-01 
6.335337e-02 1.363829e-01 
6.969246e-02 1.373583e-01 
7.603154e-02 1.383337e-01 
8.237063e-02 1.393091e-01 
8.870971e-02 1.402846e-01 
9.504880e-02 1.412600e-01 
1.013879e-01 1.422354e-01 
1.077270e-01 1.432109e-01 
1.140661e-01 1.441863e-01 
1.204051e-01 1.451617e-01 
1.267442e-01 1.461371e-01 
1.330833e-01 1.471126e-01 
1.394224e-01 1.480880e-01 
1.457615e-01 1.490634e-01 
1.521006e-01 1.500389e-01 
1.584397e-01 1.510143e-01 
1.647787e-01 1.519897e-01 
1.711178e-01 1.529651e-01 
1.774569e-01 1.539406e-01 
1.837960e-01 1.549160e-01 
1.901351e-01 1.558914e-01 
1.964742e-01 1.568669e-01 
2.028133e-01 1.578423e-01 
2.091523e-01 1.588177e-01 
2.154914e-01 1.597931e-01 
2.218305e-01 1.607686e-01 
2.281696e-01 1.617440e-01 
-1.089793e-01 1.268148e-01 
-1.013122e-01 1.268148e-01 
-9.364511e-02 1.268148e-01 
-8.597804e-02 1.268148e-01 
-7.831097e-02 1.268148e-01 
-7.064389e-02 1.268148e-01 
-6.297682e-02 1.268148e-01 
-5.530975e-02 1.268148e-01 
-4.764267e-02 1.268148e-01 
-3.997560e-02 1.268148e-01 
-3.362292e-02 1.277577e-01 
-2.727023e-02 1.287006e-01 
-2.091755e-02 1.296435e-01 
-1.456487e-02 1.305865e-01 
-8.212186e-03 1.315294e-01 
-1.859503e-03 1.324723e-01 
4.493180e-03 1.334152e-01 
1.084586e-02 1.343581e-01 
1.719855e-02 1.353010e-01 
2.355123e-02 1.362439e-01 
2.990391e-02 1.371869e-01 
3.625659e-02 1.381298e-01 
4.260928e-02 1.390727e-01 
4.896196e-02 1.400156e-01 
5.531464e-02 1.409585e-01 
6.166733e-02 1.419014e-01 
6.802001e-02 1.428443e-01 
7.437269e-02 1.437873e-01 
8.072537e-02 1.447302e-01 
8.707806e-02 1.456731e-01 
9.343074e-02 1.466160e-01 
9.978342e-02 1.475589e-01 
1.061361e-01 1.485018e-01 
1.124888e-01 1.494447e-01 
1.188415e-01 1.503877e-01 
1.251942e-01 1.513306e-01 
1.315468e-01 1.522735e-01 
1.378995e-01 1.532164e-01 
1.442522e-01 1.541593e-01 
1.506049e-01 1.551022e-01 
1.569576e-01 1.560451e-01 
1.633103e-01 1.569881e-01 
1.696629e-01 1.579310e-01 
1.760156e-01 1.588739e-01 
1.823683e-01 1.598168e-01 
1.887210e-01 1.607597e-01 
1.950737e-01 1.617026e-01 
2.014263e-01 1.626455e-01 
2.077790e-01 1.635885e-01 
2.141317e-01 1.645314e-01 
2.204844e-01 1.654743e-01 
2.268371e-01 1.664172e-01 
-1.105973e-01 1.328536e-01 
-1.029620e-01 1.328536e-01 
-9.532663e-02 1.328536e-01 
-8.769128e-02 1.328536e-01 
-8.005593e-02 1.328536e-01 
-7.242059e-02 1.328536e-01 
-6.478524e-02 1.328536e-01 
-5.714989e-02 1.328536e-01 
-4.951455e-02 1.328536e-01 
-4.187920e-02 1.328536e-01 
-3.551292e-02 1.337640e-01 
-2.914664e-02 1.346744e-01 
-2.278036e-02 1.355848e-01 
-1.641408e-02 1.364952e-01 
-1.004780e-02 1.374056e-01 
-3.681520e-03 1.383160e-01 
2.684760e-03 1.392264e-01 
9.051040e-03 1.401368e-01 
1.541732e-02 1.410472e-01 
2.178360e-02 1.419576e-01 
2.814988e-02 1.428680e-01 
3.451616e-02 1.437784e-01 
4.088244e-02 1.446888e-01 
4.724872e-02 1.455992e-01 
5.361500e-02 1.465096e-01 
5.998128e-02 1.474200e-01 
6.634756e-02 1.483304e-01 
7.271384e-02 1.492408e-01 
7.908012e-02 1.501512e-01 
8.544640e-02 1.510616e-01 
9.181268e-02 1.519720e-01 
9.817896e-02 1.528824e-01 
1.045452e-01 1.537928e-01 
1.109115e-01 1.547032e-01 
1.172778e-01 1.556136e-01 
1.236441e-01 1.565240e-01 
1.300104e-01 1.574344e-01 
1.363766e-01 1.583448e-01 
1.427429e-01 1.592552e-01 
1.491092e-01 1.601656e-01 
1.554755e-01 1.610760e-01 
1.618418e-01 1.619864e-01 
1.682080e-01 1.628968e-01 
1.745743e-01 1.638072e-01 
1.809406e-01 1.647176e-01 
1.873069e-01 1.656280e-01 
1.936732e-01 1.665384e-01 
2.000394e-01 1.674488e-01 
2.064057e-01 1.683592e-01 
2.127720e-01 1.692696e-01 
2.191383e-01 1.701800e-01 
2.255046e-01 1.710904e-01 
-1.122154e-01 1.388924e-01 
-1.046118e-01 1.388924e-01 
-9.700814e-02 1.388924e-01 
-8.940452e-02 1.388924e-01 
-8.180090e-02 1.388924e-01 
-7.419728e-02 1.388924e-01 
-6.659366e-02 1.388924e-01 
-5.899004e-02 1.388924e-01 
-5.138642e-02 1.388924e-01 
-4.378280e-02 1.388924e-01 
-3.740292e-02 1.397703e-01 
-3.102305e-02 1.406482e-01 
-2.464317e-02 1.415261e-01 
-1.826329e-02 1.424039e-01 
-1.188341e-02 1.432818e-01 
-5.503537e-03 1.441597e-01 
8.763400e-04 1.450376e-01 
7.256217e-03 1.459155e-01 
1.363609e-02 1.467934e-01 
2.001597e-02 1.476713e-01 
2.639585e-02 1.485491e-01 
3.277573e-02 1.494270e-01 
3.915560e-02 1.503049e-01 
4.553548e-02 1.511828e-01 
5.191536e-02 1.520607e-01 
5.829523e-02 1.529386e-01 
6.467511e-02 1.538165e-01 
7.105499e-02 1.546943e-01 
7.743487e-02 1.555722e-01 
8.381474e-02 1.564501e-01 
9.019462e-02 1.573280e-01 
9.657450e-02 1.582059e-01 
1.029544e-01 1.590838e-01 
1.093343e-01 1.599617e-01 
1.157141e-01 1.608395e-01 
1.220940e-01 1.617174e-01 
1.284739e-01 1.625953e-01 
1.348538e-01 1.634732e-01 
1.412336e-01 1.643511e-01 
1.476135e-01 1.652290e-01 
1.539934e-01 1.661069e-01 
1.603733e-01 1.669847e-01 
1.667531e-01 1.678626e-01 
1.731330e-01 1.687405e-01 
1.795129e-01 1.696184e-01 
1.858928e-01 1.704963e-01 
1.922727e-01 1.713742e-01 
1.986525e-01 1.722521e-01 
2.050324e-01 1.731299e-01 
2.114123e-01 1.740078e-01 
2.177922e-01 1.748857e-01 
2.241720e-01 1.757636e-01 
-1.138334e-01 1.449312e-01 
-1.062615e-01 1.449312e-01 
-9.868965e-02 1.449312e-01 
-9.111776e-02 1.449312e-01 
-8.354587e-02 1.449312e-01 
-7.597397e-02 1.449312e-01 
-6.840208e-02 1.449312e-01 
-6.083019e-02 1.449312e-01 
-5.325829e-02 1.449312e-01 
-4.568640e-02 1.449312e-01 
-3.929293e-02 1.457766e-01 
-3.289945e-02 1.466219e-01 
-2.650598e-02 1.474673e-01 
-2.011250e-02 1.483127e-01 
-1.371903e-02 1.491581e-01 
-7.325554e-03 1.500034e-01 
-9.320800e-04 1.508488e-01 
5.461394e-03 1.516942e-01 
1.185487e-02 1.525395e-01 
1.824834e-02 1.533849e-01 
2.464182e-02 1.542303e-01 
3.103529e-02 1.550757e-01 
3.742877e-02 1.559210e-01 
4.382224e-02 1.567664e-01 
5.021571e-02 1.576118e-01 
5.660919e-02 1.584571e-01 
6.300266e-02 1.593025e-01 
6.939614e-02 1.601479e-01 
7.578961e-02 1.609933e-01 
8.218309e-02 1.618386e-01 
8.857656e-02 1.626840e-01 
9.497003e-02 1.635294e-01 
1.013635e-01 1.643747e-01 
1.077570e-01 1.652201e-01 
1.141505e-01 1.660655e-01 
1.205439e-01 1.669109e-01 
1.269374e-01 1.677562e-01 
1.333309e-01 1.686016e-01 
1.397244e-01 1.694470e-01 
1.461178e-01 1.702923e-01 
1.525113e-01 1.711377e-01 
1.589048e-01 1.719831e-01 
1.652983e-01 1.728285e-01 
1.716917e-01 1.736738e-01 
1.780852e-01 1.745192e-01 
1.844787e-01 1.753646e-01 
1.908721e-01 1.762099e-01 
1.972656e-01 1.770553e-01 
2.036591e-01 1.779007e-01 
2.100526e-01 1.787461e-01 
2.164460e-01 1.795914e-01 
2.228395e-01 1.804368e-01 
-1.154515e-01 1.509700e-01 
-1.079113e-01 1.509700e-01 
-1.003712e-01 1.509700e-01 
-9.283100e-02 1.509700e-01 
-8.529083e-02 1.509700e-01 
-7.775067e-02 1.509700e-01 
-7.021050e-02 1.509700e-01 
-6.267033e-02 1.509700e-01 
-5.513017e-02 1.509700e-01 
-4.759000e-02 1.509700e-01 
-4.118293e-02 1.517829e-01 
-3.477586e-02 1.525957e-01 
-2.836879e-02 1.534086e-01 
-2.196171e-02 1.542214e-01 
-1.555464e-02 1.550343e-01 
-9.147571e-03 1.558471e-01 
-2.740500e-03 1.566600e-01 
3.666571e-03 1.574729e-01 
1.007364e-02 1.582857e-01 
1.648071e-02 1.590986e-01 
2.288779e-02 1.599114e-01 
2.929486e-02 1.607243e-01 
3.570193e-02 1.615371e-01 
4.210900e-02 1.623500e-01 
4.851607e-02 1.631629e-01 
5.492314e-02 1.639757e-01 
6.133021e-02 1.647886e-01 
6.773729e-02 1.656014e-01 
7.414436e-02 1.664143e-01 
8.055143e-02 1.672271e-01 
8.695850e-02 1.680400e-01 
9.336557e-02 1.688529e-01 
9.977264e-02 1.696657e-01 
1.061797e-01 1.704786e-01 
1.125868e-01 1.712914e-01 
1.189939e-01 1.721043e-01 
1.254009e-01 1.729171e-01 
1.318080e-01 1.737300e-01 
1.382151e-01 1.745429e-01 
1.446221e-01 1.753557e-01 
1.510292e-01 1.761686e-01 
1.574363e-01 1.769814e-01 
1.638434e-01 1.777943e-01 
1.702504e-01 1.786071e-01 
1.766575e-01 1.794200e-01 
1.830646e-01 1.802329e-01 
1.894716e-01 1.810457e-01 
1.958787e-01 1.818586e-01 
2.022858e-01 1.826714e-01 
2.086929e-01 1.834843e-01 
2.150999e-01 1.842971e-01 
2.215070e-01 1.851100e-01 
-1.170696e-01 1.570088e-01 
-1.095611e-01 1.570088e-01 
-1.020527e-01 1.570088e-01 
-9.454424e-02 1.570088e-01 
-8.703580e-02 1.570088e-01 
-7.952736e-02 1.570088e-01 
-7.201892e-02 1.570088e-01 
-6.451048e-02 1.570088e-01 
-5.700204e-02 1.570088e-01 
-4.949360e-02 1.570088e-01 
-4.307293e-02 1.577891e-01 
-3.665226e-02 1.585695e-01 
-3.023159e-02 1.593498e-01 
-2.381093e-02 1.601302e-01 
-1.739026e-02 1.609105e-01 
-1.096959e-02 1.616909e-01 
-4.548920e-03 1.624712e-01 
1.871749e-03 1.632515e-01 
8.292417e-03 1.640319e-01 
1.471309e-02 1.648122e-01 
2.113375e-02 1.655926e-01 
2.755442e-02 1.663729e-01 
3.397509e-02 1.671533e-01 
4.039576e-02 1.679336e-01 
4.681643e-02 1.687139e-01 
5.323710e-02 1.694943e-01 
5.965777e-02 1.702746e-01 
6.607843e-02 1.710550e-01 
7.249910e-02 1.718353e-01 
7.891977e-02 1.726157e-01 
8.534044e-02 1.733960e-01 
9.176111e-02 1.741763e-01 
9.818178e-02 1.749567e-01 
1.046024e-01 1.757370e-01 
1.110231e-01 1.765174e-01 
1.174438e-01 1.772977e-01 
1.238645e-01 1.780781e-01 
1.302851e-01 1.788584e-01 
1.367058e-01 1.796387e-01 
1.431265e-01 1.804191e-01 
1.495471e-01 1.811994e-01 
1.559678e-01 1.819798e-01 
1.623885e-01 1.827601e-01 
1.688091e-01 1.835405e-01 
1.752298e-01 1.843208e-01 
1.816505e-01 1.851011e-01 
1.880711e-01 1.858815e-01 
1.944918e-01 1.866618e-01 
2.009125e-01 1.874422e-01 
2.073331e-01 1.882225e-01 
2.137538e-01 1.890029e-01 
2.201745e-01 1.897832e-01 
BC
4
4
4
4
4
4
4
4
4
4
4
4
4
4
4
4
4
4
4
4
4
4
4
4
4
4
4
4
4
4
4
4
4
4
4
4
4
4
4
4
4
4
4
4
4
4
4
4
4
4
4
-1
-1
-1
-1
-1
-1
-1
-1
-1
-1
-1
-1
-1
-1
-1
-1
-1
-1
-1
-1
-1
-1
-1
-1
-1
-1
-1
-1
-1
-1
-1
-1
-1
-1
-1
-1
-1
-1
-1
-1
-1
-1
-1
-1
-1
-1
-1
-1
-1
-1
-1
-1
-1
-1
-1
-1
-1
-1
-1
-1
-1
-1
-1
-1
-1
-1
-1
-1
-1
-1
-1
-1
-1
-1
-1
-1
-1
-1
-1
-1
-1
-1
-1
-1
-1
-1
-1
-1
-1
-1
-1
-1
-1
-1
-1
-1
-1
-1
-1
-1
-1
-1
-1
