npartb: 4 2 
ipartb: 3 0 
ngrid: 48 27 
5.642443e-01 1.511914e-01 
5.703114e-01 1.528171e-01 
5.763786e-01 1.544429e-01 
5.824457e-01 1.560686e-01 
5.885129e-01 1.576943e-01 
5.945800e-01 1.593200e-01 
6.006471e-01 1.609457e-01 
6.067143e-01 1.625714e-01 
6.127814e-01 1.641971e-01 
6.188486e-01 1.658229e-01 
6.249157e-01 1.674486e-01 
6.309829e-01 1.690743e-01 
6.370500e-01 1.707000e-01 
6.431171e-01 1.723257e-01 
6.491843e-01 1.739514e-01 
6.552514e-01 1.755771e-01 
6.613186e-01 1.772029e-01 
6.673857e-01 1.788286e-01 
6.734529e-01 1.804543e-01 
6.795200e-01 1.820800e-01 
6.855871e-01 1.837057e-01 
6.916543e-01 1.853314e-01 
6.977214e-01 1.869571e-01 
7.037886e-01 1.885829e-01 
7.098557e-01 1.902086e-01 
7.159229e-01 1.918343e-01 
7.219900e-01 1.934600e-01 
7.280571e-01 1.950857e-01 
7.341243e-01 1.967114e-01 
7.401914e-01 1.983371e-01 
7.462586e-01 1.999629e-01 
7.523257e-01 2.015886e-01 
7.583929e-01 2.032143e-01 
7.644600e-01 2.048400e-01 
7.705271e-01 2.064657e-01 
7.765943e-01 2.080914e-01 
7.826614e-01 2.097171e-01 
7.887286e-01 2.113429e-01 
7.947957e-01 2.129686e-01 
8.008629e-01 2.145943e-01 
8.069300e-01 2.162200e-01 
8.129971e-01 2.178457e-01 
8.190643e-01 2.194714e-01 
8.251314e-01 2.210971e-01 
8.311986e-01 2.227229e-01 
8.372657e-01 2.243486e-01 
8.433329e-01 2.259743e-01 
8.494000e-01 2.276000e-01 
5.636052e-01 1.542064e-01 
5.696860e-01 1.557996e-01 
5.757667e-01 1.573928e-01 
5.818474e-01 1.589860e-01 
5.879282e-01 1.605792e-01 
5.940089e-01 1.621724e-01 
6.000897e-01 1.637656e-01 
6.061704e-01 1.653588e-01 
6.122511e-01 1.669520e-01 
6.183319e-01 1.685452e-01 
6.244126e-01 1.701384e-01 
6.304934e-01 1.717316e-01 
6.365741e-01 1.733248e-01 
6.426548e-01 1.749180e-01 
6.487356e-01 1.765112e-01 
6.548163e-01 1.781044e-01 
6.608971e-01 1.796976e-01 
6.669778e-01 1.812908e-01 
6.730585e-01 1.828840e-01 
6.791393e-01 1.844772e-01 
6.852200e-01 1.860704e-01 
6.913008e-01 1.876636e-01 
6.973815e-01 1.892568e-01 
7.034622e-01 1.908500e-01 
7.095430e-01 1.924432e-01 
7.156237e-01 1.940364e-01 
7.217045e-01 1.956296e-01 
7.277852e-01 1.972228e-01 
7.338659e-01 1.988160e-01 
7.399467e-01 2.004092e-01 
7.460274e-01 2.020024e-01 
7.521082e-01 2.035956e-01 
7.581889e-01 2.051888e-01 
7.642696e-01 2.067820e-01 
7.703504e-01 2.083752e-01 
7.764311e-01 2.099684e-01 
7.825119e-01 2.115616e-01 
7.885926e-01 2.131548e-01 
7.946733e-01 2.147480e-01 
8.007541e-01 2.163412e-01 
8.068348e-01 2.179344e-01 
8.129156e-01 2.195276e-01 
8.189963e-01 2.211208e-01 
8.250770e-01 2.227140e-01 
8.311578e-01 2.243072e-01 
8.372385e-01 2.259004e-01 
8.433193e-01 2.274936e-01 
8.494000e-01 2.290868e-01 
5.629662e-01 1.572214e-01 
5.690605e-01 1.587821e-01 
5.751548e-01 1.603427e-01 
5.812492e-01 1.619034e-01 
5.873435e-01 1.634641e-01 
5.934378e-01 1.650248e-01 
5.995322e-01 1.665855e-01 
6.056265e-01 1.681462e-01 
6.117209e-01 1.697069e-01 
6.178152e-01 1.712675e-01 
6.239095e-01 1.728282e-01 
6.300039e-01 1.743889e-01 
6.360982e-01 1.759496e-01 
6.421925e-01 1.775103e-01 
6.482869e-01 1.790710e-01 
6.543812e-01 1.806317e-01 
6.604755e-01 1.821923e-01 
6.665699e-01 1.837530e-01 
6.726642e-01 1.853137e-01 
6.787586e-01 1.868744e-01 
6.848529e-01 1.884351e-01 
6.909472e-01 1.899958e-01 
6.970416e-01 1.915565e-01 
7.031359e-01 1.931171e-01 
7.092302e-01 1.946778e-01 
7.153246e-01 1.962385e-01 
7.214189e-01 1.977992e-01 
7.275133e-01 1.993599e-01 
7.336076e-01 2.009206e-01 
7.397019e-01 2.024813e-01 
7.457963e-01 2.040419e-01 
7.518906e-01 2.056026e-01 
7.579849e-01 2.071633e-01 
7.640793e-01 2.087240e-01 
7.701736e-01 2.102847e-01 
7.762680e-01 2.118454e-01 
7.823623e-01 2.134061e-01 
7.884566e-01 2.149667e-01 
7.945510e-01 2.165274e-01 
8.006453e-01 2.180881e-01 
8.067396e-01 2.196488e-01 
8.128340e-01 2.212095e-01 
8.189283e-01 2.227702e-01 
8.250227e-01 2.243309e-01 
8.311170e-01 2.258915e-01 
8.372113e-01 2.274522e-01 
8.433057e-01 2.290129e-01 
8.494000e-01 2.305736e-01 
5.623271e-01 1.602363e-01 
5.684350e-01 1.617645e-01 
5.745430e-01 1.632927e-01 
5.806509e-01 1.648209e-01 
5.867588e-01 1.663490e-01 
5.928668e-01 1.678772e-01 
5.989747e-01 1.694054e-01 
6.050826e-01 1.709335e-01 
6.111906e-01 1.724617e-01 
6.172985e-01 1.739899e-01 
6.234064e-01 1.755181e-01 
6.295144e-01 1.770462e-01 
6.356223e-01 1.785744e-01 
6.417302e-01 1.801026e-01 
6.478382e-01 1.816307e-01 
6.539461e-01 1.831589e-01 
6.600540e-01 1.846871e-01 
6.661620e-01 1.862153e-01 
6.722699e-01 1.877434e-01 
6.783778e-01 1.892716e-01 
6.844858e-01 1.907998e-01 
6.905937e-01 1.923279e-01 
6.967016e-01 1.938561e-01 
7.028096e-01 1.953843e-01 
7.089175e-01 1.969125e-01 
7.150254e-01 1.984406e-01 
7.211334e-01 1.999688e-01 
7.272413e-01 2.014970e-01 
7.333492e-01 2.030251e-01 
7.394572e-01 2.045533e-01 
7.455651e-01 2.060815e-01 
7.516731e-01 2.076097e-01 
7.577810e-01 2.091378e-01 
7.638889e-01 2.106660e-01 
7.699969e-01 2.121942e-01 
7.761048e-01 2.137223e-01 
7.822127e-01 2.152505e-01 
7.883207e-01 2.167787e-01 
7.944286e-01 2.183069e-01 
8.005365e-01 2.198350e-01 
8.066445e-01 2.213632e-01 
8.127524e-01 2.228914e-01 
8.188603e-01 2.244195e-01 
8.249683e-01 2.259477e-01 
8.310762e-01 2.274759e-01 
8.371841e-01 2.290041e-01 
8.432921e-01 2.305322e-01 
8.494000e-01 2.320604e-01 
5.616880e-01 1.632513e-01 
5.678096e-01 1.647470e-01 
5.739311e-01 1.662426e-01 
5.800526e-01 1.677383e-01 
5.861741e-01 1.692339e-01 
5.922957e-01 1.707296e-01 
5.984172e-01 1.722253e-01 
6.045387e-01 1.737209e-01 
6.106603e-01 1.752166e-01 
6.167818e-01 1.767122e-01 
6.229033e-01 1.782079e-01 
6.290249e-01 1.797035e-01 
6.351464e-01 1.811992e-01 
6.412679e-01 1.826949e-01 
6.473895e-01 1.841905e-01 
6.535110e-01 1.856862e-01 
6.596325e-01 1.871818e-01 
6.657541e-01 1.886775e-01 
6.718756e-01 1.901731e-01 
6.779971e-01 1.916688e-01 
6.841187e-01 1.931645e-01 
6.902402e-01 1.946601e-01 
6.963617e-01 1.961558e-01 
7.024832e-01 1.976514e-01 
7.086048e-01 1.991471e-01 
7.147263e-01 2.006427e-01 
7.208478e-01 2.021384e-01 
7.269694e-01 2.036341e-01 
7.330909e-01 2.051297e-01 
7.392124e-01 2.066254e-01 
7.453340e-01 2.081210e-01 
7.514555e-01 2.096167e-01 
7.575770e-01 2.111123e-01 
7.636986e-01 2.126080e-01 
7.698201e-01 2.141037e-01 
7.759416e-01 2.155993e-01 
7.820632e-01 2.170950e-01 
7.881847e-01 2.185906e-01 
7.943062e-01 2.200863e-01 
8.004277e-01 2.215819e-01 
8.065493e-01 2.230776e-01 
8.126708e-01 2.245733e-01 
8.187923e-01 2.260689e-01 
8.249139e-01 2.275646e-01 
8.310354e-01 2.290602e-01 
8.371569e-01 2.305559e-01 
8.432785e-01 2.320515e-01 
8.494000e-01 2.335472e-01 
5.610490e-01 1.662663e-01 
5.671841e-01 1.677294e-01 
5.733192e-01 1.691926e-01 
5.794543e-01 1.706557e-01 
5.855895e-01 1.721189e-01 
5.917246e-01 1.735820e-01 
5.978597e-01 1.750451e-01 
6.039949e-01 1.765083e-01 
6.101300e-01 1.779714e-01 
6.162651e-01 1.794346e-01 
6.224002e-01 1.808977e-01 
6.285354e-01 1.823609e-01 
6.346705e-01 1.838240e-01 
6.408056e-01 1.852871e-01 
6.469408e-01 1.867503e-01 
6.530759e-01 1.882134e-01 
6.592110e-01 1.896766e-01 
6.653461e-01 1.911397e-01 
6.714813e-01 1.926029e-01 
6.776164e-01 1.940660e-01 
6.837515e-01 1.955291e-01 
6.898867e-01 1.969923e-01 
6.960218e-01 1.984554e-01 
7.021569e-01 1.999186e-01 
7.082920e-01 2.013817e-01 
7.144272e-01 2.028449e-01 
7.205623e-01 2.043080e-01 
7.266974e-01 2.057711e-01 
7.328326e-01 2.072343e-01 
7.389677e-01 2.086974e-01 
7.451028e-01 2.101606e-01 
7.512379e-01 2.116237e-01 
7.573731e-01 2.130869e-01 
7.635082e-01 2.145500e-01 
7.696433e-01 2.160131e-01 
7.757785e-01 2.174763e-01 
7.819136e-01 2.189394e-01 
7.880487e-01 2.204026e-01 
7.941838e-01 2.218657e-01 
8.003190e-01 2.233289e-01 
8.064541e-01 2.247920e-01 
8.125892e-01 2.262551e-01 
8.187244e-01 2.277183e-01 
8.248595e-01 2.291814e-01 
8.309946e-01 2.306446e-01 
8.371297e-01 2.321077e-01 
8.432649e-01 2.335709e-01 
8.494000e-01 2.350340e-01 
5.604099e-01 1.692813e-01 
5.665586e-01 1.707119e-01 
5.727073e-01 1.721425e-01 
5.788561e-01 1.735731e-01 
5.850048e-01 1.750038e-01 
5.911535e-01 1.764344e-01 
5.973022e-01 1.778650e-01 
6.034510e-01 1.792957e-01 
6.095997e-01 1.807263e-01 
6.157484e-01 1.821569e-01 
6.218971e-01 1.835875e-01 
6.280459e-01 1.850182e-01 
6.341946e-01 1.864488e-01 
6.403433e-01 1.878794e-01 
6.464921e-01 1.893101e-01 
6.526408e-01 1.907407e-01 
6.587895e-01 1.921713e-01 
6.649382e-01 1.936019e-01 
6.710870e-01 1.950326e-01 
6.772357e-01 1.964632e-01 
6.833844e-01 1.978938e-01 
6.895331e-01 1.993245e-01 
6.956819e-01 2.007551e-01 
7.018306e-01 2.021857e-01 
7.079793e-01 2.036163e-01 
7.141280e-01 2.050470e-01 
7.202768e-01 2.064776e-01 
7.264255e-01 2.079082e-01 
7.325742e-01 2.093389e-01 
7.387229e-01 2.107695e-01 
7.448717e-01 2.122001e-01 
7.510204e-01 2.136307e-01 
7.571691e-01 2.150614e-01 
7.633178e-01 2.164920e-01 
7.694666e-01 2.179226e-01 
7.756153e-01 2.193533e-01 
7.817640e-01 2.207839e-01 
7.879127e-01 2.222145e-01 
7.940615e-01 2.236451e-01 
8.002102e-01 2.250758e-01 
8.063589e-01 2.265064e-01 
8.125076e-01 2.279370e-01 
8.186564e-01 2.293677e-01 
8.248051e-01 2.307983e-01 
8.309538e-01 2.322289e-01 
8.371025e-01 2.336595e-01 
8.432513e-01 2.350902e-01 
8.494000e-01 2.365208e-01 
5.597708e-01 1.722962e-01 
5.659331e-01 1.736943e-01 
5.720955e-01 1.750925e-01 
5.782578e-01 1.764906e-01 
5.844201e-01 1.778887e-01 
5.905824e-01 1.792868e-01 
5.967448e-01 1.806849e-01 
6.029071e-01 1.820830e-01 
6.090694e-01 1.834811e-01 
6.152317e-01 1.848793e-01 
6.213941e-01 1.862774e-01 
6.275564e-01 1.876755e-01 
6.337187e-01 1.890736e-01 
6.398810e-01 1.904717e-01 
6.460433e-01 1.918698e-01 
6.522057e-01 1.932679e-01 
6.583680e-01 1.946661e-01 
6.645303e-01 1.960642e-01 
6.706926e-01 1.974623e-01 
6.768550e-01 1.988604e-01 
6.830173e-01 2.002585e-01 
6.891796e-01 2.016566e-01 
6.953419e-01 2.030547e-01 
7.015043e-01 2.044529e-01 
7.076666e-01 2.058510e-01 
7.138289e-01 2.072491e-01 
7.199912e-01 2.086472e-01 
7.261535e-01 2.100453e-01 
7.323159e-01 2.114434e-01 
7.384782e-01 2.128415e-01 
7.446405e-01 2.142397e-01 
7.508028e-01 2.156378e-01 
7.569652e-01 2.170359e-01 
7.631275e-01 2.184340e-01 
7.692898e-01 2.198321e-01 
7.754521e-01 2.212302e-01 
7.816144e-01 2.226283e-01 
7.877768e-01 2.240265e-01 
7.939391e-01 2.254246e-01 
8.001014e-01 2.268227e-01 
8.062637e-01 2.282208e-01 
8.124261e-01 2.296189e-01 
8.185884e-01 2.310170e-01 
8.247507e-01 2.324151e-01 
8.309130e-01 2.338133e-01 
8.370754e-01 2.352114e-01 
8.432377e-01 2.366095e-01 
8.494000e-01 2.380076e-01 
5.591318e-01 1.753112e-01 
5.653077e-01 1.766768e-01 
5.714836e-01 1.780424e-01 
5.776595e-01 1.794080e-01 
5.838354e-01 1.807736e-01 
5.900114e-01 1.821392e-01 
5.961873e-01 1.835048e-01 
6.023632e-01 1.848704e-01 
6.085391e-01 1.862360e-01 
6.147150e-01 1.876016e-01 
6.208910e-01 1.889672e-01 
6.270669e-01 1.903328e-01 
6.332428e-01 1.916984e-01 
6.394187e-01 1.930640e-01 
6.455946e-01 1.944296e-01 
6.517706e-01 1.957952e-01 
6.579465e-01 1.971608e-01 
6.641224e-01 1.985264e-01 
6.702983e-01 1.998920e-01 
6.764742e-01 2.012576e-01 
6.826502e-01 2.026232e-01 
6.888261e-01 2.039888e-01 
6.950020e-01 2.053544e-01 
7.011779e-01 2.067200e-01 
7.073538e-01 2.080856e-01 
7.135298e-01 2.094512e-01 
7.197057e-01 2.108168e-01 
7.258816e-01 2.121824e-01 
7.320575e-01 2.135480e-01 
7.382334e-01 2.149136e-01 
7.444094e-01 2.162792e-01 
7.505853e-01 2.176448e-01 
7.567612e-01 2.190104e-01 
7.629371e-01 2.203760e-01 
7.691130e-01 2.217416e-01 
7.752890e-01 2.231072e-01 
7.814649e-01 2.244728e-01 
7.876408e-01 2.258384e-01 
7.938167e-01 2.272040e-01 
7.999926e-01 2.285696e-01 
8.061686e-01 2.299352e-01 
8.123445e-01 2.313008e-01 
8.185204e-01 2.326664e-01 
8.246963e-01 2.340320e-01 
8.308722e-01 2.353976e-01 
8.370482e-01 2.367632e-01 
8.432241e-01 2.381288e-01 
8.494000e-01 2.394944e-01 
5.584927e-01 1.783262e-01 
5.646822e-01 1.796593e-01 
5.708717e-01 1.809923e-01 
5.770612e-01 1.823254e-01 
5.832508e-01 1.836585e-01 
5.894403e-01 1.849916e-01 
5.956298e-01 1.863247e-01 
6.018193e-01 1.876578e-01 
6.080088e-01 1.889909e-01 
6.141983e-01 1.903239e-01 
6.203879e-01 1.916570e-01 
6.265774e-01 1.929901e-01 
6.327669e-01 1.943232e-01 
6.389564e-01 1.956563e-01 
6.451459e-01 1.969894e-01 
6.513355e-01 1.983225e-01 
6.575250e-01 1.996555e-01 
6.637145e-01 2.009886e-01 
6.699040e-01 2.023217e-01 
6.760935e-01 2.036548e-01 
6.822830e-01 2.049879e-01 
6.884726e-01 2.063210e-01 
6.946621e-01 2.076541e-01 
7.008516e-01 2.089871e-01 
7.070411e-01 2.103202e-01 
7.132306e-01 2.116533e-01 
7.194201e-01 2.129864e-01 
7.256097e-01 2.143195e-01 
7.317992e-01 2.156526e-01 
7.379887e-01 2.169857e-01 
7.441782e-01 2.183187e-01 
7.503677e-01 2.196518e-01 
7.565572e-01 2.209849e-01 
7.627468e-01 2.223180e-01 
7.689363e-01 2.236511e-01 
7.751258e-01 2.249842e-01 
7.813153e-01 2.263173e-01 
7.875048e-01 2.276503e-01 
7.936943e-01 2.289834e-01 
7.998839e-01 2.303165e-01 
8.060734e-01 2.316496e-01 
8.122629e-01 2.329827e-01 
8.184524e-01 2.343158e-01 
8.246419e-01 2.356489e-01 
8.308314e-01 2.369819e-01 
8.370210e-01 2.383150e-01 
8.432105e-01 2.396481e-01 
8.494000e-01 2.409812e-01 
5.578536e-01 1.813411e-01 
5.640567e-01 1.826417e-01 
5.702599e-01 1.839423e-01 
5.764630e-01 1.852429e-01 
5.826661e-01 1.865434e-01 
5.888692e-01 1.878440e-01 
5.950723e-01 1.891446e-01 
6.012754e-01 1.904451e-01 
6.074785e-01 1.917457e-01 
6.136817e-01 1.930463e-01 
6.198848e-01 1.943469e-01 
6.260879e-01 1.956474e-01 
6.322910e-01 1.969480e-01 
6.384941e-01 1.982486e-01 
6.446972e-01 1.995491e-01 
6.509003e-01 2.008497e-01 
6.571035e-01 2.021503e-01 
6.633066e-01 2.034509e-01 
6.695097e-01 2.047514e-01 
6.757128e-01 2.060520e-01 
6.819159e-01 2.073526e-01 
6.881190e-01 2.086531e-01 
6.943221e-01 2.099537e-01 
7.005253e-01 2.112543e-01 
7.067284e-01 2.125549e-01 
7.129315e-01 2.138554e-01 
7.191346e-01 2.151560e-01 
7.253377e-01 2.164566e-01 
7.315408e-01 2.177571e-01 
7.377439e-01 2.190577e-01 
7.439471e-01 2.203583e-01 
7.501502e-01 2.216589e-01 
7.563533e-01 2.229594e-01 
7.625564e-01 2.242600e-01 
7.687595e-01 2.255606e-01 
7.749626e-01 2.268611e-01 
7.811657e-01 2.281617e-01 
7.873689e-01 2.294623e-01 
7.935720e-01 2.307629e-01 
7.997751e-01 2.320634e-01 
8.059782e-01 2.333640e-01 
8.121813e-01 2.346646e-01 
8.183844e-01 2.359651e-01 
8.245875e-01 2.372657e-01 
8.307907e-01 2.385663e-01 
8.369938e-01 2.398669e-01 
8.431969e-01 2.411674e-01 
8.494000e-01 2.424680e-01 
5.572146e-01 1.843561e-01 
5.634313e-01 1.856242e-01 
5.696480e-01 1.868922e-01 
5.758647e-01 1.881603e-01 
5.820814e-01 1.894283e-01 
5.882981e-01 1.906964e-01 
5.945148e-01 1.919645e-01 
6.007315e-01 1.932325e-01 
6.069483e-01 1.945006e-01 
6.131650e-01 1.957686e-01 
6.193817e-01 1.970367e-01 
6.255984e-01 1.983047e-01 
6.318151e-01 1.995728e-01 
6.380318e-01 2.008409e-01 
6.442485e-01 2.021089e-01 
6.504652e-01 2.033770e-01 
6.566819e-01 2.046450e-01 
6.628987e-01 2.059131e-01 
6.691154e-01 2.071811e-01 
6.753321e-01 2.084492e-01 
6.815488e-01 2.097173e-01 
6.877655e-01 2.109853e-01 
6.939822e-01 2.122534e-01 
7.001989e-01 2.135214e-01 
7.064156e-01 2.147895e-01 
7.126323e-01 2.160575e-01 
7.188491e-01 2.173256e-01 
7.250658e-01 2.185937e-01 
7.312825e-01 2.198617e-01 
7.374992e-01 2.211298e-01 
7.437159e-01 2.223978e-01 
7.499326e-01 2.236659e-01 
7.561493e-01 2.249339e-01 
7.623660e-01 2.262020e-01 
7.685828e-01 2.274701e-01 
7.747995e-01 2.287381e-01 
7.810162e-01 2.300062e-01 
7.872329e-01 2.312742e-01 
7.934496e-01 2.325423e-01 
7.996663e-01 2.338103e-01 
8.058830e-01 2.350784e-01 
8.120997e-01 2.363465e-01 
8.183164e-01 2.376145e-01 
8.245332e-01 2.388826e-01 
8.307499e-01 2.401506e-01 
8.369666e-01 2.414187e-01 
8.431833e-01 2.426867e-01 
8.494000e-01 2.439548e-01 
5.565755e-01 1.873711e-01 
5.628058e-01 1.886066e-01 
5.690361e-01 1.898422e-01 
5.752664e-01 1.910777e-01 
5.814967e-01 1.923133e-01 
5.877270e-01 1.935488e-01 
5.939573e-01 1.947843e-01 
6.001877e-01 1.960199e-01 
6.064180e-01 1.972554e-01 
6.126483e-01 1.984910e-01 
6.188786e-01 1.997265e-01 
6.251089e-01 2.009621e-01 
6.313392e-01 2.021976e-01 
6.375695e-01 2.034331e-01 
6.437998e-01 2.046687e-01 
6.500301e-01 2.059042e-01 
6.562604e-01 2.071398e-01 
6.624907e-01 2.083753e-01 
6.687211e-01 2.096109e-01 
6.749514e-01 2.108464e-01 
6.811817e-01 2.120819e-01 
6.874120e-01 2.133175e-01 
6.936423e-01 2.145530e-01 
6.998726e-01 2.157886e-01 
7.061029e-01 2.170241e-01 
7.123332e-01 2.182597e-01 
7.185635e-01 2.194952e-01 
7.247938e-01 2.207307e-01 
7.310241e-01 2.219663e-01 
7.372544e-01 2.232018e-01 
7.434848e-01 2.244374e-01 
7.497151e-01 2.256729e-01 
7.559454e-01 2.269085e-01 
7.621757e-01 2.281440e-01 
7.684060e-01 2.293795e-01 
7.746363e-01 2.306151e-01 
7.808666e-01 2.318506e-01 
7.870969e-01 2.330862e-01 
7.933272e-01 2.343217e-01 
7.995575e-01 2.355573e-01 
8.057878e-01 2.367928e-01 
8.120181e-01 2.380283e-01 
8.182485e-01 2.392639e-01 
8.244788e-01 2.404994e-01 
8.307091e-01 2.417350e-01 
8.369394e-01 2.429705e-01 
8.431697e-01 2.442061e-01 
8.494000e-01 2.454416e-01 
5.559364e-01 1.903861e-01 
5.621803e-01 1.915891e-01 
5.684242e-01 1.927921e-01 
5.746681e-01 1.939951e-01 
5.809121e-01 1.951982e-01 
5.871560e-01 1.964012e-01 
5.933999e-01 1.976042e-01 
5.996438e-01 1.988073e-01 
6.058877e-01 2.000103e-01 
6.121316e-01 2.012133e-01 
6.183755e-01 2.024163e-01 
6.246194e-01 2.036194e-01 
6.308633e-01 2.048224e-01 
6.371072e-01 2.060254e-01 
6.433511e-01 2.072285e-01 
6.495950e-01 2.084315e-01 
6.558389e-01 2.096345e-01 
6.620828e-01 2.108375e-01 
6.683267e-01 2.120406e-01 
6.745706e-01 2.132436e-01 
6.808145e-01 2.144466e-01 
6.870585e-01 2.156497e-01 
6.933024e-01 2.168527e-01 
6.995463e-01 2.180557e-01 
7.057902e-01 2.192587e-01 
7.120341e-01 2.204618e-01 
7.182780e-01 2.216648e-01 
7.245219e-01 2.228678e-01 
7.307658e-01 2.240709e-01 
7.370097e-01 2.252739e-01 
7.432536e-01 2.264769e-01 
7.494975e-01 2.276799e-01 
7.557414e-01 2.288830e-01 
7.619853e-01 2.300860e-01 
7.682292e-01 2.312890e-01 
7.744731e-01 2.324921e-01 
7.807170e-01 2.336951e-01 
7.869609e-01 2.348981e-01 
7.932048e-01 2.361011e-01 
7.994488e-01 2.373042e-01 
8.056927e-01 2.385072e-01 
8.119366e-01 2.397102e-01 
8.181805e-01 2.409133e-01 
8.244244e-01 2.421163e-01 
8.306683e-01 2.433193e-01 
8.369122e-01 2.445223e-01 
8.431561e-01 2.457254e-01 
8.494000e-01 2.469284e-01 
5.552974e-01 1.934010e-01 
5.615549e-01 1.945715e-01 
5.678124e-01 1.957421e-01 
5.740699e-01 1.969126e-01 
5.803274e-01 1.980831e-01 
5.865849e-01 1.992536e-01 
5.928424e-01 2.004241e-01 
5.990999e-01 2.015946e-01 
6.053574e-01 2.027651e-01 
6.116149e-01 2.039357e-01 
6.178724e-01 2.051062e-01 
6.241299e-01 2.062767e-01 
6.303874e-01 2.074472e-01 
6.366449e-01 2.086177e-01 
6.429024e-01 2.097882e-01 
6.491599e-01 2.109587e-01 
6.554174e-01 2.121293e-01 
6.616749e-01 2.132998e-01 
6.679324e-01 2.144703e-01 
6.741899e-01 2.156408e-01 
6.804474e-01 2.168113e-01 
6.867049e-01 2.179818e-01 
6.929624e-01 2.191523e-01 
6.992199e-01 2.203229e-01 
7.054774e-01 2.214934e-01 
7.117349e-01 2.226639e-01 
7.179924e-01 2.238344e-01 
7.242499e-01 2.250049e-01 
7.305074e-01 2.261754e-01 
7.367649e-01 2.273459e-01 
7.430225e-01 2.285165e-01 
7.492800e-01 2.296870e-01 
7.555375e-01 2.308575e-01 
7.617950e-01 2.320280e-01 
7.680525e-01 2.331985e-01 
7.743100e-01 2.343690e-01 
7.805675e-01 2.355395e-01 
7.868250e-01 2.367101e-01 
7.930825e-01 2.378806e-01 
7.993400e-01 2.390511e-01 
8.055975e-01 2.402216e-01 
8.118550e-01 2.413921e-01 
8.181125e-01 2.425626e-01 
8.243700e-01 2.437331e-01 
8.306275e-01 2.449037e-01 
8.368850e-01 2.460742e-01 
8.431425e-01 2.472447e-01 
8.494000e-01 2.484152e-01 
5.546583e-01 1.964160e-01 
5.609294e-01 1.975540e-01 
5.672005e-01 1.986920e-01 
5.734716e-01 1.998300e-01 
5.797427e-01 2.009680e-01 
5.860138e-01 2.021060e-01 
5.922849e-01 2.032440e-01 
5.985560e-01 2.043820e-01 
6.048271e-01 2.055200e-01 
6.110982e-01 2.066580e-01 
6.173693e-01 2.077960e-01 
6.236404e-01 2.089340e-01 
6.299115e-01 2.100720e-01 
6.361826e-01 2.112100e-01 
6.424537e-01 2.123480e-01 
6.487248e-01 2.134860e-01 
6.549959e-01 2.146240e-01 
6.612670e-01 2.157620e-01 
6.675381e-01 2.169000e-01 
6.738092e-01 2.180380e-01 
6.800803e-01 2.191760e-01 
6.863514e-01 2.203140e-01 
6.926225e-01 2.214520e-01 
6.988936e-01 2.225900e-01 
7.051647e-01 2.237280e-01 
7.114358e-01 2.248660e-01 
7.177069e-01 2.260040e-01 
7.239780e-01 2.271420e-01 
7.302491e-01 2.282800e-01 
7.365202e-01 2.294180e-01 
7.427913e-01 2.305560e-01 
7.490624e-01 2.316940e-01 
7.553335e-01 2.328320e-01 
7.616046e-01 2.339700e-01 
7.678757e-01 2.351080e-01 
7.741468e-01 2.362460e-01 
7.804179e-01 2.373840e-01 
7.866890e-01 2.385220e-01 
7.929601e-01 2.396600e-01 
7.992312e-01 2.407980e-01 
8.055023e-01 2.419360e-01 
8.117734e-01 2.430740e-01 
8.180445e-01 2.442120e-01 
8.243156e-01 2.453500e-01 
8.305867e-01 2.464880e-01 
8.368578e-01 2.476260e-01 
8.431289e-01 2.487640e-01 
8.494000e-01 2.499020e-01 
5.540192e-01 1.994310e-01 
5.603039e-01 2.005365e-01 
5.665886e-01 2.016419e-01 
5.728733e-01 2.027474e-01 
5.791580e-01 2.038529e-01 
5.854427e-01 2.049584e-01 
5.917274e-01 2.060639e-01 
5.980121e-01 2.071694e-01 
6.042968e-01 2.082749e-01 
6.105815e-01 2.093803e-01 
6.168662e-01 2.104858e-01 
6.231509e-01 2.115913e-01 
6.294356e-01 2.126968e-01 
6.357203e-01 2.138023e-01 
6.420050e-01 2.149078e-01 
6.482897e-01 2.160133e-01 
6.545744e-01 2.171187e-01 
6.608591e-01 2.182242e-01 
6.671438e-01 2.193297e-01 
6.734285e-01 2.204352e-01 
6.797132e-01 2.215407e-01 
6.859979e-01 2.226462e-01 
6.922826e-01 2.237517e-01 
6.985673e-01 2.248571e-01 
7.048520e-01 2.259626e-01 
7.111367e-01 2.270681e-01 
7.174214e-01 2.281736e-01 
7.237061e-01 2.292791e-01 
7.299908e-01 2.303846e-01 
7.362755e-01 2.314901e-01 
7.425601e-01 2.325955e-01 
7.488448e-01 2.337010e-01 
7.551295e-01 2.348065e-01 
7.614142e-01 2.359120e-01 
7.676989e-01 2.370175e-01 
7.739836e-01 2.381230e-01 
7.802683e-01 2.392285e-01 
7.865530e-01 2.403339e-01 
7.928377e-01 2.414394e-01 
7.991224e-01 2.425449e-01 
8.054071e-01 2.436504e-01 
8.116918e-01 2.447559e-01 
8.179765e-01 2.458614e-01 
8.242612e-01 2.469669e-01 
8.305459e-01 2.480723e-01 
8.368306e-01 2.491778e-01 
8.431153e-01 2.502833e-01 
8.494000e-01 2.513888e-01 
5.533802e-01 2.024459e-01 
5.596785e-01 2.035189e-01 
5.659768e-01 2.045919e-01 
5.722751e-01 2.056649e-01 
5.785733e-01 2.067378e-01 
5.848716e-01 2.078108e-01 
5.911699e-01 2.088838e-01 
5.974682e-01 2.099567e-01 
6.037665e-01 2.110297e-01 
6.100648e-01 2.121027e-01 
6.163631e-01 2.131757e-01 
6.226614e-01 2.142486e-01 
6.289597e-01 2.153216e-01 
6.352580e-01 2.163946e-01 
6.415563e-01 2.174675e-01 
6.478546e-01 2.185405e-01 
6.541529e-01 2.196135e-01 
6.604512e-01 2.206865e-01 
6.667495e-01 2.217594e-01 
6.730478e-01 2.228324e-01 
6.793461e-01 2.239054e-01 
6.856443e-01 2.249783e-01 
6.919426e-01 2.260513e-01 
6.982409e-01 2.271243e-01 
7.045392e-01 2.281973e-01 
7.108375e-01 2.292702e-01 
7.171358e-01 2.303432e-01 
7.234341e-01 2.314162e-01 
7.297324e-01 2.324891e-01 
7.360307e-01 2.335621e-01 
7.423290e-01 2.346351e-01 
7.486273e-01 2.357081e-01 
7.549256e-01 2.367810e-01 
7.612239e-01 2.378540e-01 
7.675222e-01 2.389270e-01 
7.738205e-01 2.399999e-01 
7.801188e-01 2.410729e-01 
7.864171e-01 2.421459e-01 
7.927154e-01 2.432189e-01 
7.990136e-01 2.442918e-01 
8.053119e-01 2.453648e-01 
8.116102e-01 2.464378e-01 
8.179085e-01 2.475107e-01 
8.242068e-01 2.485837e-01 
8.305051e-01 2.496567e-01 
8.368034e-01 2.507297e-01 
8.431017e-01 2.518026e-01 
8.494000e-01 2.528756e-01 
5.527411e-01 2.054609e-01 
5.590530e-01 2.065014e-01 
5.653649e-01 2.075418e-01 
5.716768e-01 2.085823e-01 
5.779887e-01 2.096227e-01 
5.843006e-01 2.106632e-01 
5.906125e-01 2.117037e-01 
5.969243e-01 2.127441e-01 
6.032362e-01 2.137846e-01 
6.095481e-01 2.148250e-01 
6.158600e-01 2.158655e-01 
6.221719e-01 2.169059e-01 
6.284838e-01 2.179464e-01 
6.347957e-01 2.189869e-01 
6.411076e-01 2.200273e-01 
6.474195e-01 2.210678e-01 
6.537314e-01 2.221082e-01 
6.600433e-01 2.231487e-01 
6.663551e-01 2.241891e-01 
6.726670e-01 2.252296e-01 
6.789789e-01 2.262701e-01 
6.852908e-01 2.273105e-01 
6.916027e-01 2.283510e-01 
6.979146e-01 2.293914e-01 
7.042265e-01 2.304319e-01 
7.105384e-01 2.314723e-01 
7.168503e-01 2.325128e-01 
7.231622e-01 2.335533e-01 
7.294741e-01 2.345937e-01 
7.357860e-01 2.356342e-01 
7.420978e-01 2.366746e-01 
7.484097e-01 2.377151e-01 
7.547216e-01 2.387555e-01 
7.610335e-01 2.397960e-01 
7.673454e-01 2.408365e-01 
7.736573e-01 2.418769e-01 
7.799692e-01 2.429174e-01 
7.862811e-01 2.439578e-01 
7.925930e-01 2.449983e-01 
7.989049e-01 2.460387e-01 
8.052168e-01 2.470792e-01 
8.115287e-01 2.481197e-01 
8.178405e-01 2.491601e-01 
8.241524e-01 2.502006e-01 
8.304643e-01 2.512410e-01 
8.367762e-01 2.522815e-01 
8.430881e-01 2.533219e-01 
8.494000e-01 2.543624e-01 
5.521020e-01 2.084759e-01 
5.584275e-01 2.094838e-01 
5.647530e-01 2.104918e-01 
5.710785e-01 2.114997e-01 
5.774040e-01 2.125077e-01 
5.837295e-01 2.135156e-01 
5.900550e-01 2.145235e-01 
5.963805e-01 2.155315e-01 
6.027059e-01 2.165394e-01 
6.090314e-01 2.175474e-01 
6.153569e-01 2.185553e-01 
6.216824e-01 2.195633e-01 
6.280079e-01 2.205712e-01 
6.343334e-01 2.215791e-01 
6.406589e-01 2.225871e-01 
6.469844e-01 2.235950e-01 
6.533099e-01 2.246030e-01 
6.596353e-01 2.256109e-01 
6.659608e-01 2.266189e-01 
6.722863e-01 2.276268e-01 
6.786118e-01 2.286347e-01 
6.849373e-01 2.296427e-01 
6.912628e-01 2.306506e-01 
6.975883e-01 2.316586e-01 
7.039138e-01 2.326665e-01 
7.102393e-01 2.336745e-01 
7.165647e-01 2.346824e-01 
7.228902e-01 2.356903e-01 
7.292157e-01 2.366983e-01 
7.355412e-01 2.377062e-01 
7.418667e-01 2.387142e-01 
7.481922e-01 2.397221e-01 
7.545177e-01 2.407301e-01 
7.608432e-01 2.417380e-01 
7.671686e-01 2.427459e-01 
7.734941e-01 2.437539e-01 
7.798196e-01 2.447618e-01 
7.861451e-01 2.457698e-01 
7.924706e-01 2.467777e-01 
7.987961e-01 2.477857e-01 
8.051216e-01 2.487936e-01 
8.114471e-01 2.498015e-01 
8.177726e-01 2.508095e-01 
8.240980e-01 2.518174e-01 
8.304235e-01 2.528254e-01 
8.367490e-01 2.538333e-01 
8.430745e-01 2.548413e-01 
8.494000e-01 2.558492e-01 
5.514630e-01 2.114909e-01 
5.578021e-01 2.124663e-01 
5.641411e-01 2.134417e-01 
5.704802e-01 2.144171e-01 
5.768193e-01 2.153926e-01 
5.831584e-01 2.163680e-01 
5.894975e-01 2.173434e-01 
5.958366e-01 2.183189e-01 
6.021757e-01 2.192943e-01 
6.085147e-01 2.202697e-01 
6.148538e-01 2.212451e-01 
6.211929e-01 2.222206e-01 
6.275320e-01 2.231960e-01 
6.338711e-01 2.241714e-01 
6.402102e-01 2.251469e-01 
6.465493e-01 2.261223e-01 
6.528883e-01 2.270977e-01 
6.592274e-01 2.280731e-01 
6.655665e-01 2.290486e-01 
6.719056e-01 2.300240e-01 
6.782447e-01 2.309994e-01 
6.845838e-01 2.319749e-01 
6.909229e-01 2.329503e-01 
6.972619e-01 2.339257e-01 
7.036010e-01 2.349011e-01 
7.099401e-01 2.358766e-01 
7.162792e-01 2.368520e-01 
7.226183e-01 2.378274e-01 
7.289574e-01 2.388029e-01 
7.352965e-01 2.397783e-01 
7.416355e-01 2.407537e-01 
7.479746e-01 2.417291e-01 
7.543137e-01 2.427046e-01 
7.606528e-01 2.436800e-01 
7.669919e-01 2.446554e-01 
7.733310e-01 2.456309e-01 
7.796701e-01 2.466063e-01 
7.860091e-01 2.475817e-01 
7.923482e-01 2.485571e-01 
7.986873e-01 2.495326e-01 
8.050264e-01 2.505080e-01 
8.113655e-01 2.514834e-01 
8.177046e-01 2.524589e-01 
8.240437e-01 2.534343e-01 
8.303827e-01 2.544097e-01 
8.367218e-01 2.553851e-01 
8.430609e-01 2.563606e-01 
8.494000e-01 2.573360e-01 
5.508239e-01 2.145058e-01 
5.571766e-01 2.154487e-01 
5.635293e-01 2.163917e-01 
5.698820e-01 2.173346e-01 
5.762346e-01 2.182775e-01 
5.825873e-01 2.192204e-01 
5.889400e-01 2.201633e-01 
5.952927e-01 2.211062e-01 
6.016454e-01 2.220491e-01 
6.079981e-01 2.229921e-01 
6.143507e-01 2.239350e-01 
6.207034e-01 2.248779e-01 
6.270561e-01 2.258208e-01 
6.334088e-01 2.267637e-01 
6.397615e-01 2.277066e-01 
6.461141e-01 2.286495e-01 
6.524668e-01 2.295925e-01 
6.588195e-01 2.305354e-01 
6.651722e-01 2.314783e-01 
6.715249e-01 2.324212e-01 
6.778776e-01 2.333641e-01 
6.842302e-01 2.343070e-01 
6.905829e-01 2.352499e-01 
6.969356e-01 2.361929e-01 
7.032883e-01 2.371358e-01 
7.096410e-01 2.380787e-01 
7.159937e-01 2.390216e-01 
7.223463e-01 2.399645e-01 
7.286990e-01 2.409074e-01 
7.350517e-01 2.418503e-01 
7.414044e-01 2.427933e-01 
7.477571e-01 2.437362e-01 
7.541098e-01 2.446791e-01 
7.604624e-01 2.456220e-01 
7.668151e-01 2.465649e-01 
7.731678e-01 2.475078e-01 
7.795205e-01 2.484507e-01 
7.858732e-01 2.493937e-01 
7.922259e-01 2.503366e-01 
7.985785e-01 2.512795e-01 
8.049312e-01 2.522224e-01 
8.112839e-01 2.531653e-01 
8.176366e-01 2.541082e-01 
8.239893e-01 2.550511e-01 
8.303420e-01 2.559941e-01 
8.366946e-01 2.569370e-01 
8.430473e-01 2.578799e-01 
8.494000e-01 2.588228e-01 
5.501848e-01 2.175208e-01 
5.565511e-01 2.184312e-01 
5.629174e-01 2.193416e-01 
5.692837e-01 2.202520e-01 
5.756500e-01 2.211624e-01 
5.820162e-01 2.220728e-01 
5.883825e-01 2.229832e-01 
5.947488e-01 2.238936e-01 
6.011151e-01 2.248040e-01 
6.074814e-01 2.257144e-01 
6.138476e-01 2.266248e-01 
6.202139e-01 2.275352e-01 
6.265802e-01 2.284456e-01 
6.329465e-01 2.293560e-01 
6.393128e-01 2.302664e-01 
6.456790e-01 2.311768e-01 
6.520453e-01 2.320872e-01 
6.584116e-01 2.329976e-01 
6.647779e-01 2.339080e-01 
6.711442e-01 2.348184e-01 
6.775104e-01 2.357288e-01 
6.838767e-01 2.366392e-01 
6.902430e-01 2.375496e-01 
6.966093e-01 2.384600e-01 
7.029756e-01 2.393704e-01 
7.093418e-01 2.402808e-01 
7.157081e-01 2.411912e-01 
7.220744e-01 2.421016e-01 
7.284407e-01 2.430120e-01 
7.348070e-01 2.439224e-01 
7.411732e-01 2.448328e-01 
7.475395e-01 2.457432e-01 
7.539058e-01 2.466536e-01 
7.602721e-01 2.475640e-01 
7.666384e-01 2.484744e-01 
7.730046e-01 2.493848e-01 
7.793709e-01 2.502952e-01 
7.857372e-01 2.512056e-01 
7.921035e-01 2.521160e-01 
7.984698e-01 2.530264e-01 
8.048360e-01 2.539368e-01 
8.112023e-01 2.548472e-01 
8.175686e-01 2.557576e-01 
8.239349e-01 2.566680e-01 
8.303012e-01 2.575784e-01 
8.366674e-01 2.584888e-01 
8.430337e-01 2.593992e-01 
8.494000e-01 2.603096e-01 
5.495458e-01 2.205358e-01 
5.559257e-01 2.214137e-01 
5.623055e-01 2.222915e-01 
5.686854e-01 2.231694e-01 
5.750653e-01 2.240473e-01 
5.814452e-01 2.249252e-01 
5.878250e-01 2.258031e-01 
5.942049e-01 2.266810e-01 
6.005848e-01 2.275589e-01 
6.069647e-01 2.284367e-01 
6.133445e-01 2.293146e-01 
6.197244e-01 2.301925e-01 
6.261043e-01 2.310704e-01 
6.324842e-01 2.319483e-01 
6.388641e-01 2.328262e-01 
6.452439e-01 2.337041e-01 
6.516238e-01 2.345819e-01 
6.580037e-01 2.354598e-01 
6.643836e-01 2.363377e-01 
6.707634e-01 2.372156e-01 
6.771433e-01 2.380935e-01 
6.835232e-01 2.389714e-01 
6.899031e-01 2.398493e-01 
6.962829e-01 2.407271e-01 
7.026628e-01 2.416050e-01 
7.090427e-01 2.424829e-01 
7.154226e-01 2.433608e-01 
7.218025e-01 2.442387e-01 
7.281823e-01 2.451166e-01 
7.345622e-01 2.459945e-01 
7.409421e-01 2.468723e-01 
7.473220e-01 2.477502e-01 
7.537018e-01 2.486281e-01 
7.600817e-01 2.495060e-01 
7.664616e-01 2.503839e-01 
7.728415e-01 2.512618e-01 
7.792214e-01 2.521397e-01 
7.856012e-01 2.530175e-01 
7.919811e-01 2.538954e-01 
7.983610e-01 2.547733e-01 
8.047409e-01 2.556512e-01 
8.111207e-01 2.565291e-01 
8.175006e-01 2.574070e-01 
8.238805e-01 2.582849e-01 
8.302604e-01 2.591627e-01 
8.366402e-01 2.600406e-01 
8.430201e-01 2.609185e-01 
8.494000e-01 2.617964e-01 
5.489067e-01 2.235507e-01 
5.553002e-01 2.243961e-01 
5.616937e-01 2.252415e-01 
5.680871e-01 2.260869e-01 
5.744806e-01 2.269322e-01 
5.808741e-01 2.277776e-01 
5.872676e-01 2.286230e-01 
5.936610e-01 2.294683e-01 
6.000545e-01 2.303137e-01 
6.064480e-01 2.311591e-01 
6.128415e-01 2.320045e-01 
6.192349e-01 2.328498e-01 
6.256284e-01 2.336952e-01 
6.320219e-01 2.345406e-01 
6.384153e-01 2.353859e-01 
6.448088e-01 2.362313e-01 
6.512023e-01 2.370767e-01 
6.575958e-01 2.379221e-01 
6.639892e-01 2.387674e-01 
6.703827e-01 2.396128e-01 
6.767762e-01 2.404582e-01 
6.831697e-01 2.413035e-01 
6.895631e-01 2.421489e-01 
6.959566e-01 2.429943e-01 
7.023501e-01 2.438397e-01 
7.087436e-01 2.446850e-01 
7.151370e-01 2.455304e-01 
7.215305e-01 2.463758e-01 
7.279240e-01 2.472211e-01 
7.343175e-01 2.480665e-01 
7.407109e-01 2.489119e-01 
7.471044e-01 2.497573e-01 
7.534979e-01 2.506026e-01 
7.598914e-01 2.514480e-01 
7.662848e-01 2.522934e-01 
7.726783e-01 2.531387e-01 
7.790718e-01 2.539841e-01 
7.854653e-01 2.548295e-01 
7.918587e-01 2.556749e-01 
7.982522e-01 2.565202e-01 
8.046457e-01 2.573656e-01 
8.110392e-01 2.582110e-01 
8.174326e-01 2.590563e-01 
8.238261e-01 2.599017e-01 
8.302196e-01 2.607471e-01 
8.366131e-01 2.615925e-01 
8.430065e-01 2.624378e-01 
8.494000e-01 2.632832e-01 
5.482676e-01 2.265657e-01 
5.546747e-01 2.273786e-01 
5.610818e-01 2.281914e-01 
5.674889e-01 2.290043e-01 
5.738959e-01 2.298171e-01 
5.803030e-01 2.306300e-01 
5.867101e-01 2.314429e-01 
5.931171e-01 2.322557e-01 
5.995242e-01 2.330686e-01 
6.059313e-01 2.338814e-01 
6.123384e-01 2.346943e-01 
6.187454e-01 2.355071e-01 
6.251525e-01 2.363200e-01 
6.315596e-01 2.371329e-01 
6.379666e-01 2.379457e-01 
6.443737e-01 2.387586e-01 
6.507808e-01 2.395714e-01 
6.571879e-01 2.403843e-01 
6.635949e-01 2.411971e-01 
6.700020e-01 2.420100e-01 
6.764091e-01 2.428229e-01 
6.828161e-01 2.436357e-01 
6.892232e-01 2.444486e-01 
6.956303e-01 2.452614e-01 
7.020374e-01 2.460743e-01 
7.084444e-01 2.468871e-01 
7.148515e-01 2.477000e-01 
7.212586e-01 2.485129e-01 
7.276656e-01 2.493257e-01 
7.340727e-01 2.501386e-01 
7.404798e-01 2.509514e-01 
7.468869e-01 2.517643e-01 
7.532939e-01 2.525771e-01 
7.597010e-01 2.533900e-01 
7.661081e-01 2.542029e-01 
7.725151e-01 2.550157e-01 
7.789222e-01 2.558286e-01 
7.853293e-01 2.566414e-01 
7.917364e-01 2.574543e-01 
7.981434e-01 2.582671e-01 
8.045505e-01 2.590800e-01 
8.109576e-01 2.598929e-01 
8.173646e-01 2.607057e-01 
8.237717e-01 2.615186e-01 
8.301788e-01 2.623314e-01 
8.365859e-01 2.631443e-01 
8.429929e-01 2.639571e-01 
8.494000e-01 2.647700e-01 
5.476286e-01 2.295807e-01 
5.540492e-01 2.303610e-01 
5.604699e-01 2.311414e-01 
5.668906e-01 2.319217e-01 
5.733113e-01 2.327021e-01 
5.797319e-01 2.334824e-01 
5.861526e-01 2.342627e-01 
5.925733e-01 2.350431e-01 
5.989939e-01 2.358234e-01 
6.054146e-01 2.366038e-01 
6.118353e-01 2.373841e-01 
6.182559e-01 2.381645e-01 
6.246766e-01 2.389448e-01 
6.310973e-01 2.397251e-01 
6.375179e-01 2.405055e-01 
6.439386e-01 2.412858e-01 
6.503593e-01 2.420662e-01 
6.567799e-01 2.428465e-01 
6.632006e-01 2.436269e-01 
6.696213e-01 2.444072e-01 
6.760419e-01 2.451875e-01 
6.824626e-01 2.459679e-01 
6.888833e-01 2.467482e-01 
6.953040e-01 2.475286e-01 
7.017246e-01 2.483089e-01 
7.081453e-01 2.490893e-01 
7.145660e-01 2.498696e-01 
7.209866e-01 2.506499e-01 
7.274073e-01 2.514303e-01 
7.338280e-01 2.522106e-01 
7.402486e-01 2.529910e-01 
7.466693e-01 2.537713e-01 
7.530900e-01 2.545517e-01 
7.595106e-01 2.553320e-01 
7.659313e-01 2.561123e-01 
7.723520e-01 2.568927e-01 
7.787726e-01 2.576730e-01 
7.851933e-01 2.584534e-01 
7.916140e-01 2.592337e-01 
7.980347e-01 2.600141e-01 
8.044553e-01 2.607944e-01 
8.108760e-01 2.615747e-01 
8.172967e-01 2.623551e-01 
8.237173e-01 2.631354e-01 
8.301380e-01 2.639158e-01 
8.365587e-01 2.646961e-01 
8.429793e-01 2.654765e-01 
8.494000e-01 2.662568e-01 
BC
4
4
4
4
4
4
4
4
4
4
4
4
4
4
4
4
4
4
4
4
4
4
4
4
4
4
4
4
4
4
4
4
4
4
4
4
4
4
4
4
4
4
4
4
4
4
4
-1
-1
-1
-1
-1
-1
-1
-1
-1
-1
-1
-1
-1
-1
-1
-1
-1
-1
-1
-1
-1
-1
-1
-1
-1
-1
-1
-1
-1
-1
-1
-1
-1
-1
-1
-1
-1
-1
-1
-1
-1
-1
-1
-1
-1
-1
-1
-1
-1
-1
-1
-1
-1
-1
-1
-1
-1
-1
-1
-1
-1
-1
-1
-1
-1
-1
-1
-1
-1
-1
-1
-1
-1
-1
-1
-1
-1
-1
-1
-1
-1
-1
-1
-1
-1
-1
-1
-1
-1
-1
-1
-1
-1
-1
-1
-1
-1
-1
-1
