npartb: 4 2 
ipartb: 3 0 
ngrid: 48 27 
1.384756e+00 2.598191e-01 
1.391331e+00 2.596802e-01 
1.398017e+00 2.595389e-01 
1.404814e+00 2.593953e-01 
1.411724e+00 2.592492e-01 
1.418750e+00 2.591007e-01 
1.425894e+00 2.589498e-01 
1.433157e+00 2.587963e-01 
1.440541e+00 2.586402e-01 
1.448049e+00 2.584816e-01 
1.455683e+00 2.583203e-01 
1.463444e+00 2.581562e-01 
1.471336e+00 2.579895e-01 
1.479360e+00 2.578199e-01 
1.487518e+00 2.576475e-01 
1.495813e+00 2.574722e-01 
1.504247e+00 2.572940e-01 
1.512823e+00 2.571127e-01 
1.521542e+00 2.569285e-01 
1.530408e+00 2.567411e-01 
1.539423e+00 2.565506e-01 
1.548589e+00 2.563569e-01 
1.557908e+00 2.561600e-01 
1.567385e+00 2.559597e-01 
1.577020e+00 2.557561e-01 
1.586817e+00 2.555490e-01 
1.596779e+00 2.553385e-01 
1.606909e+00 2.551245e-01 
1.617208e+00 2.549068e-01 
1.627681e+00 2.546855e-01 
1.638330e+00 2.544605e-01 
1.649158e+00 2.542316e-01 
1.660168e+00 2.539990e-01 
1.671363e+00 2.537624e-01 
1.682746e+00 2.535218e-01 
1.694322e+00 2.532772e-01 
1.706091e+00 2.530285e-01 
1.718059e+00 2.527756e-01 
1.730229e+00 2.525184e-01 
1.742603e+00 2.522569e-01 
1.755185e+00 2.519910e-01 
1.767980e+00 2.517206e-01 
1.780989e+00 2.514457e-01 
1.794218e+00 2.511661e-01 
1.807670e+00 2.508819e-01 
1.821348e+00 2.505928e-01 
1.835257e+00 2.502989e-01 
1.849400e+00 2.500000e-01 
1.384756e+00 2.606615e-01 
1.391332e+00 2.605254e-01 
1.398017e+00 2.603869e-01 
1.404814e+00 2.602461e-01 
1.411725e+00 2.601030e-01 
1.418751e+00 2.599575e-01 
1.425894e+00 2.598096e-01 
1.433157e+00 2.596592e-01 
1.440542e+00 2.595062e-01 
1.448050e+00 2.593507e-01 
1.455683e+00 2.591926e-01 
1.463445e+00 2.590319e-01 
1.471337e+00 2.588685e-01 
1.479360e+00 2.587023e-01 
1.487519e+00 2.585333e-01 
1.495814e+00 2.583616e-01 
1.504248e+00 2.581869e-01 
1.512823e+00 2.580093e-01 
1.521543e+00 2.578287e-01 
1.530409e+00 2.576451e-01 
1.539423e+00 2.574584e-01 
1.548589e+00 2.572686e-01 
1.557909e+00 2.570756e-01 
1.567385e+00 2.568793e-01 
1.577020e+00 2.566798e-01 
1.586818e+00 2.564769e-01 
1.596780e+00 2.562706e-01 
1.606909e+00 2.560608e-01 
1.617209e+00 2.558475e-01 
1.627681e+00 2.556306e-01 
1.638330e+00 2.554100e-01 
1.649158e+00 2.551858e-01 
1.660168e+00 2.549578e-01 
1.671363e+00 2.547259e-01 
1.682747e+00 2.544902e-01 
1.694322e+00 2.542505e-01 
1.706092e+00 2.540067e-01 
1.718059e+00 2.537589e-01 
1.730229e+00 2.535068e-01 
1.742603e+00 2.532506e-01 
1.755185e+00 2.529900e-01 
1.767980e+00 2.527250e-01 
1.780990e+00 2.524556e-01 
1.794218e+00 2.521816e-01 
1.807670e+00 2.519030e-01 
1.821348e+00 2.516197e-01 
1.835257e+00 2.513317e-01 
1.849400e+00 2.510388e-01 
1.384757e+00 2.615040e-01 
1.391332e+00 2.613706e-01 
1.398018e+00 2.612349e-01 
1.404815e+00 2.610970e-01 
1.411725e+00 2.609568e-01 
1.418751e+00 2.608143e-01 
1.425895e+00 2.606694e-01 
1.433158e+00 2.605220e-01 
1.440542e+00 2.603722e-01 
1.448050e+00 2.602199e-01 
1.455684e+00 2.600650e-01 
1.463445e+00 2.599076e-01 
1.471337e+00 2.597475e-01 
1.479361e+00 2.595847e-01 
1.487519e+00 2.594192e-01 
1.495814e+00 2.592509e-01 
1.504248e+00 2.590798e-01 
1.512824e+00 2.589058e-01 
1.521543e+00 2.587289e-01 
1.530409e+00 2.585491e-01 
1.539424e+00 2.583662e-01 
1.548589e+00 2.581802e-01 
1.557909e+00 2.579912e-01 
1.567385e+00 2.577989e-01 
1.577021e+00 2.576034e-01 
1.586818e+00 2.574047e-01 
1.596780e+00 2.572026e-01 
1.606909e+00 2.569971e-01 
1.617209e+00 2.567881e-01 
1.627682e+00 2.565757e-01 
1.638331e+00 2.563596e-01 
1.649158e+00 2.561400e-01 
1.660168e+00 2.559166e-01 
1.671364e+00 2.556895e-01 
1.682747e+00 2.554585e-01 
1.694322e+00 2.552237e-01 
1.706092e+00 2.549849e-01 
1.718060e+00 2.547421e-01 
1.730229e+00 2.544953e-01 
1.742603e+00 2.542442e-01 
1.755186e+00 2.539890e-01 
1.767980e+00 2.537294e-01 
1.780990e+00 2.534655e-01 
1.794219e+00 2.531971e-01 
1.807670e+00 2.529242e-01 
1.821348e+00 2.526467e-01 
1.835257e+00 2.523645e-01 
1.849400e+00 2.520776e-01 
1.384757e+00 2.623464e-01 
1.391333e+00 2.622158e-01 
1.398018e+00 2.620830e-01 
1.404815e+00 2.619479e-01 
1.411726e+00 2.618107e-01 
1.418752e+00 2.616711e-01 
1.425895e+00 2.615292e-01 
1.433158e+00 2.613849e-01 
1.440543e+00 2.612382e-01 
1.448051e+00 2.610891e-01 
1.455684e+00 2.609374e-01 
1.463446e+00 2.607833e-01 
1.471338e+00 2.606265e-01 
1.479361e+00 2.604671e-01 
1.487520e+00 2.603050e-01 
1.495815e+00 2.601403e-01 
1.504249e+00 2.599727e-01 
1.512824e+00 2.598024e-01 
1.521544e+00 2.596292e-01 
1.530410e+00 2.594530e-01 
1.539424e+00 2.592740e-01 
1.548590e+00 2.590919e-01 
1.557910e+00 2.589068e-01 
1.567386e+00 2.587185e-01 
1.577021e+00 2.585271e-01 
1.586819e+00 2.583325e-01 
1.596780e+00 2.581346e-01 
1.606910e+00 2.579334e-01 
1.617209e+00 2.577288e-01 
1.627682e+00 2.575208e-01 
1.638331e+00 2.573092e-01 
1.649159e+00 2.570941e-01 
1.660169e+00 2.568754e-01 
1.671364e+00 2.566530e-01 
1.682747e+00 2.564269e-01 
1.694322e+00 2.561970e-01 
1.706092e+00 2.559632e-01 
1.718060e+00 2.557254e-01 
1.730229e+00 2.554837e-01 
1.742603e+00 2.552379e-01 
1.755186e+00 2.549879e-01 
1.767980e+00 2.547338e-01 
1.780990e+00 2.544753e-01 
1.794219e+00 2.542126e-01 
1.807670e+00 2.539453e-01 
1.821348e+00 2.536736e-01 
1.835257e+00 2.533973e-01 
1.849400e+00 2.531164e-01 
1.384758e+00 2.631888e-01 
1.391333e+00 2.630610e-01 
1.398019e+00 2.629310e-01 
1.404816e+00 2.627988e-01 
1.411726e+00 2.626645e-01 
1.418752e+00 2.625279e-01 
1.425896e+00 2.623890e-01 
1.433159e+00 2.622478e-01 
1.440543e+00 2.621042e-01 
1.448051e+00 2.619582e-01 
1.455685e+00 2.618098e-01 
1.463446e+00 2.616589e-01 
1.471338e+00 2.615055e-01 
1.479362e+00 2.613495e-01 
1.487520e+00 2.611909e-01 
1.495815e+00 2.610296e-01 
1.504249e+00 2.608656e-01 
1.512825e+00 2.606989e-01 
1.521544e+00 2.605294e-01 
1.530410e+00 2.603570e-01 
1.539424e+00 2.601818e-01 
1.548590e+00 2.600036e-01 
1.557910e+00 2.598224e-01 
1.567386e+00 2.596381e-01 
1.577022e+00 2.594508e-01 
1.586819e+00 2.592603e-01 
1.596781e+00 2.590666e-01 
1.606910e+00 2.588697e-01 
1.617210e+00 2.586695e-01 
1.627682e+00 2.584659e-01 
1.638331e+00 2.582588e-01 
1.649159e+00 2.580483e-01 
1.660169e+00 2.578342e-01 
1.671364e+00 2.576166e-01 
1.682748e+00 2.573953e-01 
1.694323e+00 2.571702e-01 
1.706092e+00 2.569414e-01 
1.718060e+00 2.567087e-01 
1.730229e+00 2.564721e-01 
1.742604e+00 2.562315e-01 
1.755186e+00 2.559869e-01 
1.767980e+00 2.557382e-01 
1.780990e+00 2.554852e-01 
1.794219e+00 2.552280e-01 
1.807670e+00 2.549665e-01 
1.821349e+00 2.547006e-01 
1.835257e+00 2.544302e-01 
1.849400e+00 2.541552e-01 
1.384759e+00 2.640312e-01 
1.391334e+00 2.639062e-01 
1.398019e+00 2.637790e-01 
1.404816e+00 2.636497e-01 
1.411727e+00 2.635183e-01 
1.418753e+00 2.633847e-01 
1.425896e+00 2.632488e-01 
1.433159e+00 2.631107e-01 
1.440544e+00 2.629702e-01 
1.448052e+00 2.628274e-01 
1.455685e+00 2.626822e-01 
1.463447e+00 2.625346e-01 
1.471339e+00 2.623845e-01 
1.479362e+00 2.622319e-01 
1.487521e+00 2.620767e-01 
1.495816e+00 2.619190e-01 
1.504250e+00 2.617586e-01 
1.512825e+00 2.615955e-01 
1.521545e+00 2.614296e-01 
1.530410e+00 2.612610e-01 
1.539425e+00 2.610896e-01 
1.548591e+00 2.609152e-01 
1.557911e+00 2.607380e-01 
1.567387e+00 2.605577e-01 
1.577022e+00 2.603745e-01 
1.586819e+00 2.601881e-01 
1.596781e+00 2.599987e-01 
1.606911e+00 2.598060e-01 
1.617210e+00 2.596101e-01 
1.627683e+00 2.594109e-01 
1.638332e+00 2.592084e-01 
1.649159e+00 2.590025e-01 
1.660169e+00 2.587931e-01 
1.671364e+00 2.585801e-01 
1.682748e+00 2.583636e-01 
1.694323e+00 2.581435e-01 
1.706093e+00 2.579196e-01 
1.718060e+00 2.576920e-01 
1.730230e+00 2.574606e-01 
1.742604e+00 2.572252e-01 
1.755186e+00 2.569859e-01 
1.767980e+00 2.567426e-01 
1.780990e+00 2.564951e-01 
1.794219e+00 2.562435e-01 
1.807670e+00 2.559877e-01 
1.821349e+00 2.557275e-01 
1.835257e+00 2.554630e-01 
1.849400e+00 2.551940e-01 
1.384759e+00 2.648736e-01 
1.391335e+00 2.647513e-01 
1.398020e+00 2.646270e-01 
1.404817e+00 2.645006e-01 
1.411727e+00 2.643721e-01 
1.418753e+00 2.642414e-01 
1.425897e+00 2.641086e-01 
1.433160e+00 2.639735e-01 
1.440544e+00 2.638362e-01 
1.448052e+00 2.636966e-01 
1.455686e+00 2.635546e-01 
1.463448e+00 2.634103e-01 
1.471339e+00 2.632635e-01 
1.479363e+00 2.631143e-01 
1.487521e+00 2.629626e-01 
1.495816e+00 2.628083e-01 
1.504250e+00 2.626515e-01 
1.512826e+00 2.624920e-01 
1.521545e+00 2.623299e-01 
1.530411e+00 2.621650e-01 
1.539425e+00 2.619973e-01 
1.548591e+00 2.618269e-01 
1.557911e+00 2.616536e-01 
1.567387e+00 2.614773e-01 
1.577023e+00 2.612982e-01 
1.586820e+00 2.611160e-01 
1.596782e+00 2.609307e-01 
1.606911e+00 2.607423e-01 
1.617210e+00 2.605508e-01 
1.627683e+00 2.603560e-01 
1.638332e+00 2.601580e-01 
1.649160e+00 2.599566e-01 
1.660170e+00 2.597519e-01 
1.671365e+00 2.595437e-01 
1.682748e+00 2.593320e-01 
1.694323e+00 2.591167e-01 
1.706093e+00 2.588979e-01 
1.718061e+00 2.586753e-01 
1.730230e+00 2.584490e-01 
1.742604e+00 2.582189e-01 
1.755186e+00 2.579849e-01 
1.767981e+00 2.577469e-01 
1.780990e+00 2.575050e-01 
1.794219e+00 2.572590e-01 
1.807671e+00 2.570088e-01 
1.821349e+00 2.567545e-01 
1.835257e+00 2.564958e-01 
1.849400e+00 2.562328e-01 
1.384760e+00 2.657160e-01 
1.391335e+00 2.655965e-01 
1.398020e+00 2.654750e-01 
1.404817e+00 2.653515e-01 
1.411728e+00 2.652259e-01 
1.418754e+00 2.650982e-01 
1.425897e+00 2.649684e-01 
1.433160e+00 2.648364e-01 
1.440545e+00 2.647022e-01 
1.448053e+00 2.645658e-01 
1.455686e+00 2.644270e-01 
1.463448e+00 2.642860e-01 
1.471340e+00 2.641425e-01 
1.479363e+00 2.639967e-01 
1.487522e+00 2.638484e-01 
1.495817e+00 2.636977e-01 
1.504251e+00 2.635444e-01 
1.512826e+00 2.633886e-01 
1.521546e+00 2.632301e-01 
1.530411e+00 2.630690e-01 
1.539426e+00 2.629051e-01 
1.548592e+00 2.627385e-01 
1.557911e+00 2.625692e-01 
1.567388e+00 2.623969e-01 
1.577023e+00 2.622218e-01 
1.586820e+00 2.620438e-01 
1.596782e+00 2.618627e-01 
1.606911e+00 2.616786e-01 
1.617211e+00 2.614915e-01 
1.627683e+00 2.613011e-01 
1.638332e+00 2.611076e-01 
1.649160e+00 2.609108e-01 
1.660170e+00 2.607107e-01 
1.671365e+00 2.605072e-01 
1.682748e+00 2.603004e-01 
1.694323e+00 2.600900e-01 
1.706093e+00 2.598761e-01 
1.718061e+00 2.596586e-01 
1.730230e+00 2.594374e-01 
1.742604e+00 2.592125e-01 
1.755186e+00 2.589839e-01 
1.767981e+00 2.587513e-01 
1.780990e+00 2.585149e-01 
1.794219e+00 2.582745e-01 
1.807671e+00 2.580300e-01 
1.821349e+00 2.577814e-01 
1.835257e+00 2.575286e-01 
1.849400e+00 2.572716e-01 
1.384760e+00 2.665585e-01 
1.391336e+00 2.664417e-01 
1.398021e+00 2.663231e-01 
1.404818e+00 2.662024e-01 
1.411728e+00 2.660797e-01 
1.418754e+00 2.659550e-01 
1.425898e+00 2.658282e-01 
1.433161e+00 2.656993e-01 
1.440545e+00 2.655682e-01 
1.448053e+00 2.654349e-01 
1.455687e+00 2.652994e-01 
1.463449e+00 2.651616e-01 
1.471340e+00 2.650215e-01 
1.479364e+00 2.648791e-01 
1.487522e+00 2.647343e-01 
1.495817e+00 2.645870e-01 
1.504251e+00 2.644373e-01 
1.512827e+00 2.642851e-01 
1.521546e+00 2.641303e-01 
1.530412e+00 2.639729e-01 
1.539426e+00 2.638129e-01 
1.548592e+00 2.636502e-01 
1.557912e+00 2.634848e-01 
1.567388e+00 2.633166e-01 
1.577023e+00 2.631455e-01 
1.586821e+00 2.629716e-01 
1.596782e+00 2.627948e-01 
1.606912e+00 2.626149e-01 
1.617211e+00 2.624321e-01 
1.627684e+00 2.622462e-01 
1.638333e+00 2.620572e-01 
1.649160e+00 2.618650e-01 
1.660170e+00 2.616695e-01 
1.671365e+00 2.614708e-01 
1.682749e+00 2.612687e-01 
1.694324e+00 2.610633e-01 
1.706093e+00 2.608543e-01 
1.718061e+00 2.606419e-01 
1.730230e+00 2.604259e-01 
1.742604e+00 2.602062e-01 
1.755187e+00 2.599828e-01 
1.767981e+00 2.597557e-01 
1.780990e+00 2.595248e-01 
1.794219e+00 2.592899e-01 
1.807671e+00 2.590512e-01 
1.821349e+00 2.588084e-01 
1.835257e+00 2.585615e-01 
1.849400e+00 2.583104e-01 
1.384761e+00 2.674009e-01 
1.391336e+00 2.672869e-01 
1.398022e+00 2.671711e-01 
1.404818e+00 2.670533e-01 
1.411729e+00 2.669336e-01 
1.418755e+00 2.668118e-01 
1.425898e+00 2.666880e-01 
1.433161e+00 2.665622e-01 
1.440546e+00 2.664342e-01 
1.448054e+00 2.663041e-01 
1.455688e+00 2.661718e-01 
1.463449e+00 2.660373e-01 
1.471341e+00 2.659006e-01 
1.479364e+00 2.657615e-01 
1.487523e+00 2.656201e-01 
1.495818e+00 2.654764e-01 
1.504252e+00 2.653302e-01 
1.512827e+00 2.651816e-01 
1.521547e+00 2.650305e-01 
1.530412e+00 2.648769e-01 
1.539427e+00 2.647207e-01 
1.548593e+00 2.645619e-01 
1.557912e+00 2.644004e-01 
1.567388e+00 2.642362e-01 
1.577024e+00 2.640692e-01 
1.586821e+00 2.638994e-01 
1.596783e+00 2.637268e-01 
1.606912e+00 2.635513e-01 
1.617212e+00 2.633728e-01 
1.627684e+00 2.631913e-01 
1.638333e+00 2.630068e-01 
1.649161e+00 2.628191e-01 
1.660171e+00 2.626283e-01 
1.671366e+00 2.624344e-01 
1.682749e+00 2.622371e-01 
1.694324e+00 2.620365e-01 
1.706094e+00 2.618326e-01 
1.718061e+00 2.616252e-01 
1.730230e+00 2.614143e-01 
1.742604e+00 2.611999e-01 
1.755187e+00 2.609818e-01 
1.767981e+00 2.607601e-01 
1.780991e+00 2.605347e-01 
1.794219e+00 2.603054e-01 
1.807671e+00 2.600723e-01 
1.821349e+00 2.598353e-01 
1.835257e+00 2.595943e-01 
1.849400e+00 2.593492e-01 
1.384761e+00 2.682433e-01 
1.391337e+00 2.681321e-01 
1.398022e+00 2.680191e-01 
1.404819e+00 2.679042e-01 
1.411730e+00 2.677874e-01 
1.418756e+00 2.676686e-01 
1.425899e+00 2.675478e-01 
1.433162e+00 2.674250e-01 
1.440546e+00 2.673002e-01 
1.448054e+00 2.671733e-01 
1.455688e+00 2.670442e-01 
1.463450e+00 2.669130e-01 
1.471341e+00 2.667796e-01 
1.479365e+00 2.666439e-01 
1.487523e+00 2.665060e-01 
1.495818e+00 2.663658e-01 
1.504252e+00 2.662232e-01 
1.512828e+00 2.660782e-01 
1.521547e+00 2.659308e-01 
1.530413e+00 2.657809e-01 
1.539427e+00 2.656285e-01 
1.548593e+00 2.654735e-01 
1.557913e+00 2.653160e-01 
1.567389e+00 2.651558e-01 
1.577024e+00 2.649929e-01 
1.586821e+00 2.648272e-01 
1.596783e+00 2.646588e-01 
1.606912e+00 2.644876e-01 
1.617212e+00 2.643134e-01 
1.627685e+00 2.641364e-01 
1.638333e+00 2.639564e-01 
1.649161e+00 2.637733e-01 
1.660171e+00 2.635872e-01 
1.671366e+00 2.633979e-01 
1.682749e+00 2.632055e-01 
1.694324e+00 2.630098e-01 
1.706094e+00 2.628108e-01 
1.718061e+00 2.626085e-01 
1.730231e+00 2.624027e-01 
1.742605e+00 2.621935e-01 
1.755187e+00 2.619808e-01 
1.767981e+00 2.617645e-01 
1.780991e+00 2.615446e-01 
1.794219e+00 2.613209e-01 
1.807671e+00 2.610935e-01 
1.821349e+00 2.608622e-01 
1.835257e+00 2.606271e-01 
1.849400e+00 2.603880e-01 
1.384762e+00 2.690857e-01 
1.391337e+00 2.689773e-01 
1.398023e+00 2.688671e-01 
1.404820e+00 2.687551e-01 
1.411730e+00 2.686412e-01 
1.418756e+00 2.685254e-01 
1.425899e+00 2.684076e-01 
1.433162e+00 2.682879e-01 
1.440547e+00 2.681662e-01 
1.448055e+00 2.680424e-01 
1.455689e+00 2.679166e-01 
1.463450e+00 2.677887e-01 
1.471342e+00 2.676586e-01 
1.479365e+00 2.675263e-01 
1.487524e+00 2.673918e-01 
1.495819e+00 2.672551e-01 
1.504253e+00 2.671161e-01 
1.512828e+00 2.669747e-01 
1.521548e+00 2.668310e-01 
1.530413e+00 2.666849e-01 
1.539428e+00 2.665363e-01 
1.548593e+00 2.663852e-01 
1.557913e+00 2.662316e-01 
1.567389e+00 2.660754e-01 
1.577025e+00 2.659165e-01 
1.586822e+00 2.657551e-01 
1.596784e+00 2.655908e-01 
1.606913e+00 2.654239e-01 
1.617212e+00 2.652541e-01 
1.627685e+00 2.650815e-01 
1.638334e+00 2.649060e-01 
1.649161e+00 2.647275e-01 
1.660171e+00 2.645460e-01 
1.671366e+00 2.643615e-01 
1.682749e+00 2.641738e-01 
1.694324e+00 2.639830e-01 
1.706094e+00 2.637890e-01 
1.718062e+00 2.635917e-01 
1.730231e+00 2.633911e-01 
1.742605e+00 2.631872e-01 
1.755187e+00 2.629798e-01 
1.767981e+00 2.627689e-01 
1.780991e+00 2.625544e-01 
1.794219e+00 2.623364e-01 
1.807671e+00 2.621147e-01 
1.821349e+00 2.618892e-01 
1.835257e+00 2.616599e-01 
1.849400e+00 2.614268e-01 
1.384762e+00 2.699281e-01 
1.391338e+00 2.698225e-01 
1.398023e+00 2.697152e-01 
1.404820e+00 2.696060e-01 
1.411731e+00 2.694950e-01 
1.418757e+00 2.693822e-01 
1.425900e+00 2.692674e-01 
1.433163e+00 2.691508e-01 
1.440547e+00 2.690322e-01 
1.448055e+00 2.689116e-01 
1.455689e+00 2.687890e-01 
1.463451e+00 2.686643e-01 
1.471342e+00 2.685376e-01 
1.479366e+00 2.684087e-01 
1.487524e+00 2.682777e-01 
1.495819e+00 2.681445e-01 
1.504253e+00 2.680090e-01 
1.512829e+00 2.678713e-01 
1.521548e+00 2.677312e-01 
1.530414e+00 2.675888e-01 
1.539428e+00 2.674441e-01 
1.548594e+00 2.672969e-01 
1.557914e+00 2.671472e-01 
1.567390e+00 2.669950e-01 
1.577025e+00 2.668402e-01 
1.586822e+00 2.666829e-01 
1.596784e+00 2.665229e-01 
1.606913e+00 2.663602e-01 
1.617213e+00 2.661948e-01 
1.627685e+00 2.660266e-01 
1.638334e+00 2.658555e-01 
1.649162e+00 2.656816e-01 
1.660171e+00 2.655048e-01 
1.671366e+00 2.653250e-01 
1.682750e+00 2.651422e-01 
1.694325e+00 2.649563e-01 
1.706094e+00 2.647672e-01 
1.718062e+00 2.645750e-01 
1.730231e+00 2.643796e-01 
1.742605e+00 2.641808e-01 
1.755187e+00 2.639788e-01 
1.767981e+00 2.637733e-01 
1.780991e+00 2.635643e-01 
1.794220e+00 2.633519e-01 
1.807671e+00 2.631358e-01 
1.821349e+00 2.629161e-01 
1.835257e+00 2.626927e-01 
1.849400e+00 2.624656e-01 
1.384763e+00 2.707706e-01 
1.391338e+00 2.706677e-01 
1.398024e+00 2.705632e-01 
1.404821e+00 2.704569e-01 
1.411731e+00 2.703488e-01 
1.418757e+00 2.702389e-01 
1.425901e+00 2.701272e-01 
1.433163e+00 2.700137e-01 
1.440548e+00 2.698982e-01 
1.448056e+00 2.697808e-01 
1.455690e+00 2.696614e-01 
1.463451e+00 2.695400e-01 
1.471343e+00 2.694166e-01 
1.479366e+00 2.692911e-01 
1.487525e+00 2.691635e-01 
1.495820e+00 2.690338e-01 
1.504254e+00 2.689019e-01 
1.512829e+00 2.687678e-01 
1.521548e+00 2.686315e-01 
1.530414e+00 2.684928e-01 
1.539429e+00 2.683519e-01 
1.548594e+00 2.682085e-01 
1.557914e+00 2.680628e-01 
1.567390e+00 2.679146e-01 
1.577025e+00 2.677639e-01 
1.586823e+00 2.676107e-01 
1.596784e+00 2.674549e-01 
1.606914e+00 2.672965e-01 
1.617213e+00 2.671354e-01 
1.627686e+00 2.669717e-01 
1.638334e+00 2.668051e-01 
1.649162e+00 2.666358e-01 
1.660172e+00 2.664636e-01 
1.671367e+00 2.662886e-01 
1.682750e+00 2.661105e-01 
1.694325e+00 2.659295e-01 
1.706094e+00 2.657455e-01 
1.718062e+00 2.655583e-01 
1.730231e+00 2.653680e-01 
1.742605e+00 2.651745e-01 
1.755187e+00 2.649777e-01 
1.767982e+00 2.647777e-01 
1.780991e+00 2.645742e-01 
1.794220e+00 2.643673e-01 
1.807671e+00 2.641570e-01 
1.821349e+00 2.639431e-01 
1.835257e+00 2.637256e-01 
1.849400e+00 2.635044e-01 
1.384764e+00 2.716130e-01 
1.391339e+00 2.715129e-01 
1.398024e+00 2.714112e-01 
1.404821e+00 2.713078e-01 
1.411732e+00 2.712026e-01 
1.418758e+00 2.710957e-01 
1.425901e+00 2.709870e-01 
1.433164e+00 2.708765e-01 
1.440548e+00 2.707642e-01 
1.448056e+00 2.706499e-01 
1.455690e+00 2.705338e-01 
1.463452e+00 2.704157e-01 
1.471343e+00 2.702956e-01 
1.479367e+00 2.701735e-01 
1.487525e+00 2.700494e-01 
1.495820e+00 2.699232e-01 
1.504254e+00 2.697949e-01 
1.512830e+00 2.696644e-01 
1.521549e+00 2.695317e-01 
1.530415e+00 2.693968e-01 
1.539429e+00 2.692596e-01 
1.548595e+00 2.691202e-01 
1.557914e+00 2.689784e-01 
1.567391e+00 2.688342e-01 
1.577026e+00 2.686876e-01 
1.586823e+00 2.685385e-01 
1.596785e+00 2.683869e-01 
1.606914e+00 2.682328e-01 
1.617213e+00 2.680761e-01 
1.627686e+00 2.679168e-01 
1.638335e+00 2.677547e-01 
1.649162e+00 2.675900e-01 
1.660172e+00 2.674225e-01 
1.671367e+00 2.672521e-01 
1.682750e+00 2.670789e-01 
1.694325e+00 2.669028e-01 
1.706095e+00 2.667237e-01 
1.718062e+00 2.665416e-01 
1.730231e+00 2.663564e-01 
1.742605e+00 2.661682e-01 
1.755188e+00 2.659767e-01 
1.767982e+00 2.657820e-01 
1.780991e+00 2.655841e-01 
1.794220e+00 2.653828e-01 
1.807671e+00 2.651781e-01 
1.821349e+00 2.649700e-01 
1.835257e+00 2.647584e-01 
1.849400e+00 2.645432e-01 
1.384764e+00 2.724554e-01 
1.391340e+00 2.723581e-01 
1.398025e+00 2.722592e-01 
1.404822e+00 2.721587e-01 
1.411732e+00 2.720565e-01 
1.418758e+00 2.719525e-01 
1.425902e+00 2.718468e-01 
1.433165e+00 2.717394e-01 
1.440549e+00 2.716302e-01 
1.448057e+00 2.715191e-01 
1.455691e+00 2.714062e-01 
1.463452e+00 2.712914e-01 
1.471344e+00 2.711746e-01 
1.479367e+00 2.710559e-01 
1.487526e+00 2.709352e-01 
1.495821e+00 2.708125e-01 
1.504255e+00 2.706878e-01 
1.512830e+00 2.705609e-01 
1.521549e+00 2.704319e-01 
1.530415e+00 2.703008e-01 
1.539429e+00 2.701674e-01 
1.548595e+00 2.700318e-01 
1.557915e+00 2.698940e-01 
1.567391e+00 2.697538e-01 
1.577026e+00 2.696113e-01 
1.586823e+00 2.694663e-01 
1.596785e+00 2.693190e-01 
1.606914e+00 2.691691e-01 
1.617214e+00 2.690168e-01 
1.627686e+00 2.688618e-01 
1.638335e+00 2.687043e-01 
1.649163e+00 2.685441e-01 
1.660172e+00 2.683813e-01 
1.671367e+00 2.682157e-01 
1.682751e+00 2.680473e-01 
1.694325e+00 2.678760e-01 
1.706095e+00 2.677019e-01 
1.718063e+00 2.675249e-01 
1.730232e+00 2.673449e-01 
1.742606e+00 2.671618e-01 
1.755188e+00 2.669757e-01 
1.767982e+00 2.667864e-01 
1.780991e+00 2.665940e-01 
1.794220e+00 2.663983e-01 
1.807671e+00 2.661993e-01 
1.821349e+00 2.659970e-01 
1.835257e+00 2.657912e-01 
1.849400e+00 2.655820e-01 
1.384765e+00 2.732978e-01 
1.391340e+00 2.732033e-01 
1.398025e+00 2.731072e-01 
1.404822e+00 2.730096e-01 
1.411733e+00 2.729103e-01 
1.418759e+00 2.728093e-01 
1.425902e+00 2.727066e-01 
1.433165e+00 2.726023e-01 
1.440550e+00 2.724962e-01 
1.448058e+00 2.723883e-01 
1.455691e+00 2.722786e-01 
1.463453e+00 2.721670e-01 
1.471344e+00 2.720536e-01 
1.479368e+00 2.719383e-01 
1.487526e+00 2.718211e-01 
1.495821e+00 2.717019e-01 
1.504255e+00 2.715807e-01 
1.512831e+00 2.714575e-01 
1.521550e+00 2.713322e-01 
1.530416e+00 2.712048e-01 
1.539430e+00 2.710752e-01 
1.548596e+00 2.709435e-01 
1.557915e+00 2.708096e-01 
1.567391e+00 2.706734e-01 
1.577027e+00 2.705349e-01 
1.586824e+00 2.703941e-01 
1.596786e+00 2.702510e-01 
1.606915e+00 2.701054e-01 
1.617214e+00 2.699574e-01 
1.627687e+00 2.698069e-01 
1.638335e+00 2.696539e-01 
1.649163e+00 2.694983e-01 
1.660173e+00 2.693401e-01 
1.671368e+00 2.691792e-01 
1.682751e+00 2.690156e-01 
1.694326e+00 2.688493e-01 
1.706095e+00 2.686802e-01 
1.718063e+00 2.685082e-01 
1.730232e+00 2.683333e-01 
1.742606e+00 2.681555e-01 
1.755188e+00 2.679747e-01 
1.767982e+00 2.677908e-01 
1.780991e+00 2.676039e-01 
1.794220e+00 2.674138e-01 
1.807671e+00 2.672205e-01 
1.821349e+00 2.670239e-01 
1.835257e+00 2.668240e-01 
1.849400e+00 2.666208e-01 
1.384765e+00 2.741402e-01 
1.391341e+00 2.740485e-01 
1.398026e+00 2.739553e-01 
1.404823e+00 2.738605e-01 
1.411733e+00 2.737641e-01 
1.418759e+00 2.736661e-01 
1.425903e+00 2.735665e-01 
1.433166e+00 2.734652e-01 
1.440550e+00 2.733622e-01 
1.448058e+00 2.732574e-01 
1.455692e+00 2.731510e-01 
1.463453e+00 2.730427e-01 
1.471345e+00 2.729326e-01 
1.479368e+00 2.728207e-01 
1.487527e+00 2.727069e-01 
1.495822e+00 2.725912e-01 
1.504256e+00 2.724736e-01 
1.512831e+00 2.723540e-01 
1.521550e+00 2.722324e-01 
1.530416e+00 2.721087e-01 
1.539430e+00 2.719830e-01 
1.548596e+00 2.718552e-01 
1.557916e+00 2.717252e-01 
1.567392e+00 2.715930e-01 
1.577027e+00 2.714586e-01 
1.586824e+00 2.713220e-01 
1.596786e+00 2.711830e-01 
1.606915e+00 2.710417e-01 
1.617214e+00 2.708981e-01 
1.627687e+00 2.707520e-01 
1.638336e+00 2.706035e-01 
1.649163e+00 2.704525e-01 
1.660173e+00 2.702989e-01 
1.671368e+00 2.701428e-01 
1.682751e+00 2.699840e-01 
1.694326e+00 2.698226e-01 
1.706095e+00 2.696584e-01 
1.718063e+00 2.694915e-01 
1.730232e+00 2.693217e-01 
1.742606e+00 2.691492e-01 
1.755188e+00 2.689737e-01 
1.767982e+00 2.687952e-01 
1.780992e+00 2.686138e-01 
1.794220e+00 2.684292e-01 
1.807671e+00 2.682416e-01 
1.821349e+00 2.680509e-01 
1.835257e+00 2.678569e-01 
1.849400e+00 2.676596e-01 
1.384766e+00 2.749826e-01 
1.391341e+00 2.748937e-01 
1.398026e+00 2.748033e-01 
1.404823e+00 2.747114e-01 
1.411734e+00 2.746179e-01 
1.418760e+00 2.745229e-01 
1.425903e+00 2.744263e-01 
1.433166e+00 2.743280e-01 
1.440551e+00 2.742282e-01 
1.448059e+00 2.741266e-01 
1.455692e+00 2.740234e-01 
1.463454e+00 2.739184e-01 
1.471345e+00 2.738117e-01 
1.479369e+00 2.737031e-01 
1.487527e+00 2.735928e-01 
1.495822e+00 2.734806e-01 
1.504256e+00 2.733665e-01 
1.512831e+00 2.732506e-01 
1.521551e+00 2.731326e-01 
1.530416e+00 2.730127e-01 
1.539431e+00 2.728908e-01 
1.548597e+00 2.727668e-01 
1.557916e+00 2.726408e-01 
1.567392e+00 2.725126e-01 
1.577027e+00 2.723823e-01 
1.586825e+00 2.722498e-01 
1.596786e+00 2.721151e-01 
1.606915e+00 2.719781e-01 
1.617215e+00 2.718388e-01 
1.627687e+00 2.716971e-01 
1.638336e+00 2.715531e-01 
1.649164e+00 2.714066e-01 
1.660173e+00 2.712577e-01 
1.671368e+00 2.711063e-01 
1.682751e+00 2.709524e-01 
1.694326e+00 2.707958e-01 
1.706096e+00 2.706366e-01 
1.718063e+00 2.704748e-01 
1.730232e+00 2.703102e-01 
1.742606e+00 2.701428e-01 
1.755188e+00 2.699726e-01 
1.767982e+00 2.697996e-01 
1.780992e+00 2.696236e-01 
1.794220e+00 2.694447e-01 
1.807671e+00 2.692628e-01 
1.821349e+00 2.690778e-01 
1.835257e+00 2.688897e-01 
1.849400e+00 2.686984e-01 
1.384766e+00 2.758251e-01 
1.391342e+00 2.757389e-01 
1.398027e+00 2.756513e-01 
1.404824e+00 2.755623e-01 
1.411734e+00 2.754717e-01 
1.418760e+00 2.753797e-01 
1.425904e+00 2.752861e-01 
1.433167e+00 2.751909e-01 
1.440551e+00 2.750941e-01 
1.448059e+00 2.749958e-01 
1.455693e+00 2.748958e-01 
1.463454e+00 2.747941e-01 
1.471346e+00 2.746907e-01 
1.479369e+00 2.745855e-01 
1.487528e+00 2.744786e-01 
1.495823e+00 2.743700e-01 
1.504257e+00 2.742595e-01 
1.512832e+00 2.741471e-01 
1.521551e+00 2.740329e-01 
1.530417e+00 2.739167e-01 
1.539431e+00 2.737986e-01 
1.548597e+00 2.736785e-01 
1.557917e+00 2.735564e-01 
1.567393e+00 2.734322e-01 
1.577028e+00 2.733060e-01 
1.586825e+00 2.731776e-01 
1.596787e+00 2.730471e-01 
1.606916e+00 2.729144e-01 
1.617215e+00 2.727794e-01 
1.627688e+00 2.726422e-01 
1.638336e+00 2.725027e-01 
1.649164e+00 2.723608e-01 
1.660174e+00 2.722166e-01 
1.671368e+00 2.720699e-01 
1.682752e+00 2.719207e-01 
1.694326e+00 2.717691e-01 
1.706096e+00 2.716149e-01 
1.718064e+00 2.714581e-01 
1.730233e+00 2.712986e-01 
1.742606e+00 2.711365e-01 
1.755188e+00 2.709716e-01 
1.767982e+00 2.708040e-01 
1.780992e+00 2.706335e-01 
1.794220e+00 2.704602e-01 
1.807672e+00 2.702840e-01 
1.821349e+00 2.701047e-01 
1.835258e+00 2.699225e-01 
1.849400e+00 2.697372e-01 
1.384767e+00 2.766675e-01 
1.391342e+00 2.765841e-01 
1.398028e+00 2.764993e-01 
1.404825e+00 2.764132e-01 
1.411735e+00 2.763255e-01 
1.418761e+00 2.762364e-01 
1.425904e+00 2.761459e-01 
1.433167e+00 2.760538e-01 
1.440552e+00 2.759601e-01 
1.448060e+00 2.758649e-01 
1.455693e+00 2.757682e-01 
1.463455e+00 2.756697e-01 
1.471346e+00 2.755697e-01 
1.479370e+00 2.754679e-01 
1.487528e+00 2.753645e-01 
1.495823e+00 2.752593e-01 
1.504257e+00 2.751524e-01 
1.512832e+00 2.750436e-01 
1.521552e+00 2.749331e-01 
1.530417e+00 2.748207e-01 
1.539432e+00 2.747064e-01 
1.548597e+00 2.745902e-01 
1.557917e+00 2.744720e-01 
1.567393e+00 2.743518e-01 
1.577028e+00 2.742297e-01 
1.586825e+00 2.741054e-01 
1.596787e+00 2.739791e-01 
1.606916e+00 2.738507e-01 
1.617216e+00 2.737201e-01 
1.627688e+00 2.735873e-01 
1.638337e+00 2.734523e-01 
1.649164e+00 2.733150e-01 
1.660174e+00 2.731754e-01 
1.671369e+00 2.730334e-01 
1.682752e+00 2.728891e-01 
1.694327e+00 2.727423e-01 
1.706096e+00 2.725931e-01 
1.718064e+00 2.724413e-01 
1.730233e+00 2.722870e-01 
1.742607e+00 2.721301e-01 
1.755189e+00 2.719706e-01 
1.767983e+00 2.718084e-01 
1.780992e+00 2.716434e-01 
1.794220e+00 2.714757e-01 
1.807672e+00 2.713051e-01 
1.821349e+00 2.711317e-01 
1.835258e+00 2.709553e-01 
1.849400e+00 2.707760e-01 
1.384767e+00 2.775099e-01 
1.391343e+00 2.774293e-01 
1.398028e+00 2.773474e-01 
1.404825e+00 2.772640e-01 
1.411736e+00 2.771793e-01 
1.418761e+00 2.770932e-01 
1.425905e+00 2.770057e-01 
1.433168e+00 2.769166e-01 
1.440552e+00 2.768261e-01 
1.448060e+00 2.767341e-01 
1.455694e+00 2.766405e-01 
1.463455e+00 2.765454e-01 
1.471347e+00 2.764487e-01 
1.479370e+00 2.763503e-01 
1.487529e+00 2.762503e-01 
1.495824e+00 2.761487e-01 
1.504257e+00 2.760453e-01 
1.512833e+00 2.759402e-01 
1.521552e+00 2.758333e-01 
1.530418e+00 2.757246e-01 
1.539432e+00 2.756142e-01 
1.548598e+00 2.755018e-01 
1.557917e+00 2.753876e-01 
1.567394e+00 2.752714e-01 
1.577029e+00 2.751533e-01 
1.586826e+00 2.750332e-01 
1.596788e+00 2.749111e-01 
1.606917e+00 2.747870e-01 
1.617216e+00 2.746607e-01 
1.627688e+00 2.745324e-01 
1.638337e+00 2.744019e-01 
1.649165e+00 2.742691e-01 
1.660174e+00 2.741342e-01 
1.671369e+00 2.739970e-01 
1.682752e+00 2.738575e-01 
1.694327e+00 2.737156e-01 
1.706096e+00 2.735713e-01 
1.718064e+00 2.734246e-01 
1.730233e+00 2.732755e-01 
1.742607e+00 2.731238e-01 
1.755189e+00 2.729696e-01 
1.767983e+00 2.728128e-01 
1.780992e+00 2.726533e-01 
1.794220e+00 2.724912e-01 
1.807672e+00 2.723263e-01 
1.821349e+00 2.721586e-01 
1.835258e+00 2.719881e-01 
1.849400e+00 2.718148e-01 
1.384768e+00 2.783523e-01 
1.391343e+00 2.782745e-01 
1.398029e+00 2.781954e-01 
1.404826e+00 2.781149e-01 
1.411736e+00 2.780332e-01 
1.418762e+00 2.779500e-01 
1.425905e+00 2.778655e-01 
1.433168e+00 2.777795e-01 
1.440553e+00 2.776921e-01 
1.448061e+00 2.776033e-01 
1.455694e+00 2.775129e-01 
1.463456e+00 2.774211e-01 
1.471347e+00 2.773277e-01 
1.479371e+00 2.772327e-01 
1.487529e+00 2.771362e-01 
1.495824e+00 2.770380e-01 
1.504258e+00 2.769382e-01 
1.512833e+00 2.768367e-01 
1.521553e+00 2.767335e-01 
1.530418e+00 2.766286e-01 
1.539433e+00 2.765219e-01 
1.548598e+00 2.764135e-01 
1.557918e+00 2.763032e-01 
1.567394e+00 2.761910e-01 
1.577029e+00 2.760770e-01 
1.586826e+00 2.759611e-01 
1.596788e+00 2.758432e-01 
1.606917e+00 2.757233e-01 
1.617216e+00 2.756014e-01 
1.627689e+00 2.754775e-01 
1.638337e+00 2.753515e-01 
1.649165e+00 2.752233e-01 
1.660175e+00 2.750930e-01 
1.671369e+00 2.749605e-01 
1.682753e+00 2.748258e-01 
1.694327e+00 2.746888e-01 
1.706097e+00 2.745495e-01 
1.718064e+00 2.744079e-01 
1.730233e+00 2.742639e-01 
1.742607e+00 2.741175e-01 
1.755189e+00 2.739686e-01 
1.767983e+00 2.738171e-01 
1.780992e+00 2.736632e-01 
1.794221e+00 2.735066e-01 
1.807672e+00 2.733474e-01 
1.821349e+00 2.731856e-01 
1.835258e+00 2.730210e-01 
1.849400e+00 2.728536e-01 
1.384769e+00 2.791947e-01 
1.391344e+00 2.791197e-01 
1.398029e+00 2.790434e-01 
1.404826e+00 2.789658e-01 
1.411737e+00 2.788870e-01 
1.418763e+00 2.788068e-01 
1.425906e+00 2.787253e-01 
1.433169e+00 2.786424e-01 
1.440553e+00 2.785581e-01 
1.448061e+00 2.784725e-01 
1.455695e+00 2.783853e-01 
1.463456e+00 2.782968e-01 
1.471348e+00 2.782067e-01 
1.479371e+00 2.781151e-01 
1.487530e+00 2.780220e-01 
1.495824e+00 2.779274e-01 
1.504258e+00 2.778311e-01 
1.512834e+00 2.777333e-01 
1.521553e+00 2.776338e-01 
1.530419e+00 2.775326e-01 
1.539433e+00 2.774297e-01 
1.548599e+00 2.773251e-01 
1.557918e+00 2.772188e-01 
1.567394e+00 2.771106e-01 
1.577030e+00 2.770007e-01 
1.586827e+00 2.768889e-01 
1.596788e+00 2.767752e-01 
1.606917e+00 2.766596e-01 
1.617217e+00 2.765421e-01 
1.627689e+00 2.764226e-01 
1.638338e+00 2.763010e-01 
1.649165e+00 2.761775e-01 
1.660175e+00 2.760518e-01 
1.671370e+00 2.759241e-01 
1.682753e+00 2.757942e-01 
1.694327e+00 2.756621e-01 
1.706097e+00 2.755278e-01 
1.718064e+00 2.753912e-01 
1.730233e+00 2.752523e-01 
1.742607e+00 2.751111e-01 
1.755189e+00 2.749675e-01 
1.767983e+00 2.748215e-01 
1.780992e+00 2.746731e-01 
1.794221e+00 2.745221e-01 
1.807672e+00 2.743686e-01 
1.821350e+00 2.742125e-01 
1.835258e+00 2.740538e-01 
1.849400e+00 2.738924e-01 
1.384769e+00 2.800371e-01 
1.391345e+00 2.799649e-01 
1.398030e+00 2.798914e-01 
1.404827e+00 2.798167e-01 
1.411737e+00 2.797408e-01 
1.418763e+00 2.796636e-01 
1.425907e+00 2.795851e-01 
1.433169e+00 2.795053e-01 
1.440554e+00 2.794241e-01 
1.448062e+00 2.793416e-01 
1.455695e+00 2.792577e-01 
1.463457e+00 2.791724e-01 
1.471348e+00 2.790857e-01 
1.479372e+00 2.789975e-01 
1.487530e+00 2.789079e-01 
1.495825e+00 2.788167e-01 
1.504259e+00 2.787241e-01 
1.512834e+00 2.786298e-01 
1.521554e+00 2.785340e-01 
1.530419e+00 2.784366e-01 
1.539434e+00 2.783375e-01 
1.548599e+00 2.782368e-01 
1.557919e+00 2.781344e-01 
1.567395e+00 2.780302e-01 
1.577030e+00 2.779244e-01 
1.586827e+00 2.778167e-01 
1.596789e+00 2.777072e-01 
1.606918e+00 2.775959e-01 
1.617217e+00 2.774827e-01 
1.627689e+00 2.773677e-01 
1.638338e+00 2.772506e-01 
1.649165e+00 2.771316e-01 
1.660175e+00 2.770107e-01 
1.671370e+00 2.768876e-01 
1.682753e+00 2.767625e-01 
1.694328e+00 2.766353e-01 
1.706097e+00 2.765060e-01 
1.718065e+00 2.763745e-01 
1.730234e+00 2.762408e-01 
1.742607e+00 2.761048e-01 
1.755189e+00 2.759665e-01 
1.767983e+00 2.758259e-01 
1.780992e+00 2.756830e-01 
1.794221e+00 2.755376e-01 
1.807672e+00 2.753898e-01 
1.821350e+00 2.752395e-01 
1.835258e+00 2.750866e-01 
1.849400e+00 2.749312e-01 
1.384770e+00 2.808796e-01 
1.391345e+00 2.808101e-01 
1.398030e+00 2.807394e-01 
1.404827e+00 2.806676e-01 
1.411738e+00 2.805946e-01 
1.418764e+00 2.805204e-01 
1.425907e+00 2.804449e-01 
1.433170e+00 2.803681e-01 
1.440554e+00 2.802901e-01 
1.448062e+00 2.802108e-01 
1.455696e+00 2.801301e-01 
1.463457e+00 2.800481e-01 
1.471349e+00 2.799647e-01 
1.479372e+00 2.798799e-01 
1.487531e+00 2.797937e-01 
1.495825e+00 2.797061e-01 
1.504259e+00 2.796170e-01 
1.512835e+00 2.795264e-01 
1.521554e+00 2.794342e-01 
1.530420e+00 2.793406e-01 
1.539434e+00 2.792453e-01 
1.548600e+00 2.791485e-01 
1.557919e+00 2.790500e-01 
1.567395e+00 2.789499e-01 
1.577030e+00 2.788480e-01 
1.586827e+00 2.787445e-01 
1.596789e+00 2.786393e-01 
1.606918e+00 2.785322e-01 
1.617217e+00 2.784234e-01 
1.627690e+00 2.783127e-01 
1.638338e+00 2.782002e-01 
1.649166e+00 2.780858e-01 
1.660175e+00 2.779695e-01 
1.671370e+00 2.778512e-01 
1.682753e+00 2.777309e-01 
1.694328e+00 2.776086e-01 
1.706097e+00 2.774842e-01 
1.718065e+00 2.773578e-01 
1.730234e+00 2.772292e-01 
1.742607e+00 2.770984e-01 
1.755189e+00 2.769655e-01 
1.767983e+00 2.768303e-01 
1.780993e+00 2.766928e-01 
1.794221e+00 2.765531e-01 
1.807672e+00 2.764109e-01 
1.821350e+00 2.762664e-01 
1.835258e+00 2.761194e-01 
1.849400e+00 2.759700e-01 
1.384770e+00 2.817220e-01 
1.391346e+00 2.816553e-01 
1.398031e+00 2.815875e-01 
1.404828e+00 2.815185e-01 
1.411738e+00 2.814484e-01 
1.418764e+00 2.813772e-01 
1.425908e+00 2.813047e-01 
1.433170e+00 2.812310e-01 
1.440555e+00 2.811561e-01 
1.448063e+00 2.810800e-01 
1.455696e+00 2.810025e-01 
1.463458e+00 2.809238e-01 
1.471349e+00 2.808437e-01 
1.479373e+00 2.807624e-01 
1.487531e+00 2.806796e-01 
1.495826e+00 2.805955e-01 
1.504260e+00 2.805099e-01 
1.512835e+00 2.804229e-01 
1.521555e+00 2.803345e-01 
1.530420e+00 2.802445e-01 
1.539434e+00 2.801531e-01 
1.548600e+00 2.800601e-01 
1.557920e+00 2.799656e-01 
1.567396e+00 2.798695e-01 
1.577031e+00 2.797717e-01 
1.586828e+00 2.796723e-01 
1.596789e+00 2.795713e-01 
1.606918e+00 2.794685e-01 
1.617218e+00 2.793641e-01 
1.627690e+00 2.792578e-01 
1.638339e+00 2.791498e-01 
1.649166e+00 2.790400e-01 
1.660176e+00 2.789283e-01 
1.671371e+00 2.788147e-01 
1.682754e+00 2.786993e-01 
1.694328e+00 2.785819e-01 
1.706098e+00 2.784625e-01 
1.718065e+00 2.783411e-01 
1.730234e+00 2.782176e-01 
1.742608e+00 2.780921e-01 
1.755190e+00 2.779645e-01 
1.767983e+00 2.778347e-01 
1.780993e+00 2.777027e-01 
1.794221e+00 2.775685e-01 
1.807672e+00 2.774321e-01 
1.821350e+00 2.772933e-01 
1.835258e+00 2.771523e-01 
1.849400e+00 2.770088e-01 
BC
4
4
4
4
4
4
4
4
4
4
4
4
4
4
4
4
4
4
4
4
4
4
4
4
4
4
4
4
4
4
4
4
4
4
4
4
4
4
4
4
4
4
4
4
4
4
4
3
3
3
3
3
3
3
3
3
3
3
3
3
3
3
3
3
3
3
3
3
3
3
3
3
3
-1
-1
-1
-1
-1
-1
-1
-1
-1
-1
-1
-1
-1
-1
-1
-1
-1
-1
-1
-1
-1
-1
-1
-1
-1
-1
-1
-1
-1
-1
-1
-1
-1
-1
-1
-1
-1
-1
-1
-1
-1
-1
-1
-1
-1
-1
-1
-1
-1
-1
-1
-1
-1
-1
-1
-1
-1
-1
-1
-1
-1
-1
-1
-1
-1
-1
-1
-1
-1
-1
-1
-1
-1
