npartb: 2 2 
ipartb: 0 0 
ngrid: 42 27 
8.494000e-01 2.276000e-01 
8.534743e-01 2.286916e-01 
8.574446e-01 2.297554e-01 
8.613136e-01 2.307920e-01 
8.650842e-01 2.318022e-01 
8.687590e-01 2.327868e-01 
8.723406e-01 2.337464e-01 
8.758316e-01 2.346818e-01 
8.792344e-01 2.355935e-01 
8.825515e-01 2.364822e-01 
8.857852e-01 2.373486e-01 
8.889378e-01 2.381933e-01 
8.920116e-01 2.390169e-01 
8.950087e-01 2.398199e-01 
8.979313e-01 2.406029e-01 
9.007814e-01 2.413665e-01 
9.035610e-01 2.421113e-01 
9.062722e-01 2.428377e-01 
9.089168e-01 2.435462e-01 
9.114968e-01 2.442375e-01 
9.140139e-01 2.449119e-01 
9.164700e-01 2.455699e-01 
9.188668e-01 2.462121e-01 
9.212059e-01 2.468388e-01 
9.234892e-01 2.474506e-01 
9.257181e-01 2.480478e-01 
9.278943e-01 2.486308e-01 
9.300193e-01 2.492002e-01 
9.320946e-01 2.497562e-01 
9.341216e-01 2.502993e-01 
9.361020e-01 2.508299e-01 
9.380369e-01 2.513483e-01 
9.399279e-01 2.518550e-01 
9.417762e-01 2.523502e-01 
9.435832e-01 2.528343e-01 
9.453501e-01 2.533077e-01 
9.470782e-01 2.537707e-01 
9.487687e-01 2.542237e-01 
9.504229e-01 2.546669e-01 
9.520419e-01 2.551007e-01 
9.536268e-01 2.555253e-01 
9.551788e-01 2.559411e-01 
8.494000e-01 2.290868e-01 
8.534722e-01 2.301566e-01 
8.574406e-01 2.311991e-01 
8.613078e-01 2.322150e-01 
8.650766e-01 2.332050e-01 
8.687498e-01 2.341699e-01 
8.723299e-01 2.351103e-01 
8.758195e-01 2.360269e-01 
8.792210e-01 2.369204e-01 
8.825369e-01 2.377914e-01 
8.857695e-01 2.386405e-01 
8.889210e-01 2.394682e-01 
8.919938e-01 2.402753e-01 
8.949900e-01 2.410623e-01 
8.979117e-01 2.418296e-01 
9.007611e-01 2.425780e-01 
9.035400e-01 2.433078e-01 
9.062506e-01 2.440197e-01 
9.088947e-01 2.447141e-01 
9.114741e-01 2.453915e-01 
9.139908e-01 2.460525e-01 
9.164465e-01 2.466973e-01 
9.188430e-01 2.473267e-01 
9.211818e-01 2.479409e-01 
9.234648e-01 2.485404e-01 
9.256936e-01 2.491256e-01 
9.278696e-01 2.496970e-01 
9.299945e-01 2.502550e-01 
9.320697e-01 2.507999e-01 
9.340968e-01 2.513321e-01 
9.360771e-01 2.518521e-01 
9.380121e-01 2.523602e-01 
9.399032e-01 2.528567e-01 
9.417516e-01 2.533420e-01 
9.435587e-01 2.538164e-01 
9.453258e-01 2.542804e-01 
9.470541e-01 2.547341e-01 
9.487449e-01 2.551780e-01 
9.503993e-01 2.556124e-01 
9.520186e-01 2.560374e-01 
9.536038e-01 2.564536e-01 
9.551562e-01 2.568611e-01 
8.494000e-01 2.305736e-01 
8.534702e-01 2.316216e-01 
8.574365e-01 2.326427e-01 
8.613019e-01 2.336379e-01 
8.650691e-01 2.346077e-01 
8.687407e-01 2.355529e-01 
8.723193e-01 2.364742e-01 
8.758074e-01 2.373721e-01 
8.792076e-01 2.382473e-01 
8.825223e-01 2.391005e-01 
8.857537e-01 2.399323e-01 
8.889042e-01 2.407432e-01 
8.919760e-01 2.415338e-01 
8.949713e-01 2.423047e-01 
8.978922e-01 2.430564e-01 
9.007408e-01 2.437895e-01 
9.035191e-01 2.445044e-01 
9.062290e-01 2.452018e-01 
9.088725e-01 2.458820e-01 
9.114515e-01 2.465456e-01 
9.139677e-01 2.471930e-01 
9.164230e-01 2.478247e-01 
9.188191e-01 2.484412e-01 
9.211577e-01 2.490429e-01 
9.234405e-01 2.496302e-01 
9.256690e-01 2.502035e-01 
9.278449e-01 2.507632e-01 
9.299697e-01 2.513098e-01 
9.320449e-01 2.518436e-01 
9.340719e-01 2.523650e-01 
9.360523e-01 2.528743e-01 
9.379873e-01 2.533720e-01 
9.398785e-01 2.538584e-01 
9.417270e-01 2.543338e-01 
9.435343e-01 2.547986e-01 
9.453015e-01 2.552530e-01 
9.470301e-01 2.556975e-01 
9.487211e-01 2.561323e-01 
9.503758e-01 2.565578e-01 
9.519953e-01 2.569742e-01 
9.535809e-01 2.573819e-01 
9.551336e-01 2.577811e-01 
8.494000e-01 2.320604e-01 
8.534681e-01 2.330865e-01 
8.574325e-01 2.340864e-01 
8.612961e-01 2.350609e-01 
8.650616e-01 2.360105e-01 
8.687315e-01 2.369360e-01 
8.723086e-01 2.378381e-01 
8.757954e-01 2.387173e-01 
8.791943e-01 2.395743e-01 
8.825077e-01 2.404097e-01 
8.857379e-01 2.412241e-01 
8.888874e-01 2.420181e-01 
8.919582e-01 2.427922e-01 
8.949526e-01 2.435471e-01 
8.978727e-01 2.442831e-01 
9.007205e-01 2.450009e-01 
9.034981e-01 2.457010e-01 
9.062074e-01 2.463838e-01 
9.088503e-01 2.470499e-01 
9.114288e-01 2.476996e-01 
9.139446e-01 2.483336e-01 
9.163995e-01 2.489522e-01 
9.187953e-01 2.495558e-01 
9.211336e-01 2.501449e-01 
9.234162e-01 2.507200e-01 
9.256445e-01 2.512813e-01 
9.278203e-01 2.518294e-01 
9.299449e-01 2.523646e-01 
9.320200e-01 2.528872e-01 
9.340471e-01 2.533978e-01 
9.360274e-01 2.538965e-01 
9.379625e-01 2.543838e-01 
9.398537e-01 2.548601e-01 
9.417024e-01 2.553256e-01 
9.435098e-01 2.557807e-01 
9.452773e-01 2.562257e-01 
9.470060e-01 2.566609e-01 
9.486973e-01 2.570867e-01 
9.503522e-01 2.575033e-01 
9.519721e-01 2.579110e-01 
9.535579e-01 2.583102e-01 
9.551109e-01 2.587011e-01 
8.494000e-01 2.335472e-01 
8.534661e-01 2.345515e-01 
8.574285e-01 2.355301e-01 
8.612903e-01 2.364838e-01 
8.650540e-01 2.374133e-01 
8.687224e-01 2.383191e-01 
8.722980e-01 2.392019e-01 
8.757833e-01 2.400624e-01 
8.791809e-01 2.409012e-01 
8.824930e-01 2.417189e-01 
8.857222e-01 2.425159e-01 
8.888706e-01 2.432930e-01 
8.919404e-01 2.440507e-01 
8.949339e-01 2.447895e-01 
8.978532e-01 2.455099e-01 
9.007002e-01 2.462124e-01 
9.034771e-01 2.468976e-01 
9.061858e-01 2.475659e-01 
9.088282e-01 2.482177e-01 
9.114062e-01 2.488537e-01 
9.139215e-01 2.494741e-01 
9.163761e-01 2.500796e-01 
9.187715e-01 2.506703e-01 
9.211095e-01 2.512469e-01 
9.233918e-01 2.518097e-01 
9.256200e-01 2.523592e-01 
9.277956e-01 2.528956e-01 
9.299202e-01 2.534194e-01 
9.319952e-01 2.539309e-01 
9.340222e-01 2.544306e-01 
9.360026e-01 2.549187e-01 
9.379377e-01 2.553957e-01 
9.398290e-01 2.558618e-01 
9.416778e-01 2.563174e-01 
9.434854e-01 2.567628e-01 
9.452530e-01 2.571983e-01 
9.469820e-01 2.576243e-01 
9.486735e-01 2.580410e-01 
9.503287e-01 2.584487e-01 
9.519488e-01 2.588478e-01 
9.535350e-01 2.592385e-01 
9.550883e-01 2.596210e-01 
8.494000e-01 2.350340e-01 
8.534640e-01 2.360165e-01 
8.574245e-01 2.369738e-01 
8.612845e-01 2.379068e-01 
8.650465e-01 2.388160e-01 
8.687132e-01 2.397021e-01 
8.722873e-01 2.405658e-01 
8.757712e-01 2.414076e-01 
8.791675e-01 2.422281e-01 
8.824784e-01 2.430280e-01 
8.857064e-01 2.438078e-01 
8.888537e-01 2.445680e-01 
8.919226e-01 2.453092e-01 
8.949152e-01 2.460319e-01 
8.978336e-01 2.467366e-01 
9.006799e-01 2.474239e-01 
9.034562e-01 2.480941e-01 
9.061642e-01 2.487479e-01 
9.088060e-01 2.493856e-01 
9.113835e-01 2.500077e-01 
9.138984e-01 2.506147e-01 
9.163526e-01 2.512070e-01 
9.187477e-01 2.517849e-01 
9.210854e-01 2.523490e-01 
9.233675e-01 2.528995e-01 
9.255954e-01 2.534370e-01 
9.277709e-01 2.539618e-01 
9.298954e-01 2.544742e-01 
9.319704e-01 2.549746e-01 
9.339973e-01 2.554634e-01 
9.359777e-01 2.559409e-01 
9.379129e-01 2.564075e-01 
9.398043e-01 2.568635e-01 
9.416532e-01 2.573092e-01 
9.434610e-01 2.577449e-01 
9.452288e-01 2.581710e-01 
9.469579e-01 2.585877e-01 
9.486496e-01 2.589953e-01 
9.503051e-01 2.593942e-01 
9.519255e-01 2.597846e-01 
9.535120e-01 2.601668e-01 
9.550657e-01 2.605410e-01 
8.494000e-01 2.365208e-01 
8.534619e-01 2.374814e-01 
8.574205e-01 2.384175e-01 
8.612786e-01 2.393298e-01 
8.650389e-01 2.402188e-01 
8.687041e-01 2.410852e-01 
8.722766e-01 2.419297e-01 
8.757591e-01 2.427528e-01 
8.791541e-01 2.435551e-01 
8.824638e-01 2.443372e-01 
8.856907e-01 2.450996e-01 
8.888369e-01 2.458429e-01 
8.919048e-01 2.465676e-01 
8.948965e-01 2.472743e-01 
8.978141e-01 2.479634e-01 
9.006597e-01 2.486353e-01 
9.034352e-01 2.492907e-01 
9.061426e-01 2.499299e-01 
9.087839e-01 2.505535e-01 
9.113609e-01 2.511618e-01 
9.138753e-01 2.517553e-01 
9.163291e-01 2.523344e-01 
9.187238e-01 2.528995e-01 
9.210613e-01 2.534510e-01 
9.233431e-01 2.539893e-01 
9.255709e-01 2.545148e-01 
9.277462e-01 2.550279e-01 
9.298706e-01 2.555290e-01 
9.319455e-01 2.560183e-01 
9.339725e-01 2.564962e-01 
9.359529e-01 2.569631e-01 
9.378882e-01 2.574193e-01 
9.397796e-01 2.578652e-01 
9.416286e-01 2.583010e-01 
9.434365e-01 2.587270e-01 
9.452045e-01 2.591436e-01 
9.469339e-01 2.595511e-01 
9.486258e-01 2.599497e-01 
9.502816e-01 2.603397e-01 
9.519023e-01 2.607214e-01 
9.534891e-01 2.610951e-01 
9.550431e-01 2.614610e-01 
8.494000e-01 2.380076e-01 
8.534599e-01 2.389464e-01 
8.574165e-01 2.398612e-01 
8.612728e-01 2.407527e-01 
8.650314e-01 2.416215e-01 
8.686949e-01 2.424683e-01 
8.722660e-01 2.432935e-01 
8.757471e-01 2.440979e-01 
8.791407e-01 2.448820e-01 
8.824492e-01 2.456463e-01 
8.856749e-01 2.463914e-01 
8.888201e-01 2.471178e-01 
8.918870e-01 2.478261e-01 
8.948778e-01 2.485167e-01 
8.977946e-01 2.491901e-01 
9.006394e-01 2.498468e-01 
9.034142e-01 2.504873e-01 
9.061210e-01 2.511120e-01 
9.087617e-01 2.517214e-01 
9.113382e-01 2.523158e-01 
9.138522e-01 2.528958e-01 
9.163056e-01 2.534618e-01 
9.187000e-01 2.540140e-01 
9.210372e-01 2.545530e-01 
9.233188e-01 2.550791e-01 
9.255464e-01 2.555927e-01 
9.277216e-01 2.560941e-01 
9.298458e-01 2.565838e-01 
9.319207e-01 2.570619e-01 
9.339476e-01 2.575290e-01 
9.359280e-01 2.579853e-01 
9.378634e-01 2.584312e-01 
9.397549e-01 2.588669e-01 
9.416041e-01 2.592928e-01 
9.434121e-01 2.597091e-01 
9.451802e-01 2.601163e-01 
9.469098e-01 2.605144e-01 
9.486020e-01 2.609040e-01 
9.502580e-01 2.612851e-01 
9.518790e-01 2.616582e-01 
9.534661e-01 2.620234e-01 
9.550204e-01 2.623810e-01 
8.494000e-01 2.394944e-01 
8.534578e-01 2.404114e-01 
8.574125e-01 2.413049e-01 
8.612670e-01 2.421757e-01 
8.650238e-01 2.430243e-01 
8.686857e-01 2.438513e-01 
8.722553e-01 2.446574e-01 
8.757350e-01 2.454431e-01 
8.791273e-01 2.462089e-01 
8.824346e-01 2.469555e-01 
8.856591e-01 2.476833e-01 
8.888033e-01 2.483928e-01 
8.918692e-01 2.490846e-01 
8.948591e-01 2.497591e-01 
8.977751e-01 2.504168e-01 
9.006191e-01 2.510583e-01 
9.033932e-01 2.516839e-01 
9.060994e-01 2.522940e-01 
9.087396e-01 2.528892e-01 
9.113155e-01 2.534699e-01 
9.138291e-01 2.540364e-01 
9.162821e-01 2.545892e-01 
9.186762e-01 2.551286e-01 
9.210131e-01 2.556550e-01 
9.232945e-01 2.561689e-01 
9.255219e-01 2.566705e-01 
9.276969e-01 2.571603e-01 
9.298210e-01 2.576386e-01 
9.318959e-01 2.581056e-01 
9.339228e-01 2.585618e-01 
9.359032e-01 2.590075e-01 
9.378386e-01 2.594430e-01 
9.397302e-01 2.598686e-01 
9.415795e-01 2.602846e-01 
9.433876e-01 2.606912e-01 
9.451560e-01 2.610889e-01 
9.468858e-01 2.614778e-01 
9.485782e-01 2.618583e-01 
9.502345e-01 2.622306e-01 
9.518557e-01 2.625950e-01 
9.534431e-01 2.629517e-01 
9.549978e-01 2.633010e-01 
8.494000e-01 2.409812e-01 
8.534558e-01 2.418763e-01 
8.574085e-01 2.427486e-01 
8.612612e-01 2.435986e-01 
8.650163e-01 2.444270e-01 
8.686766e-01 2.452344e-01 
8.722446e-01 2.460213e-01 
8.757229e-01 2.467883e-01 
8.791139e-01 2.475359e-01 
8.824199e-01 2.482646e-01 
8.856434e-01 2.489751e-01 
8.887865e-01 2.496677e-01 
8.918514e-01 2.503430e-01 
8.948404e-01 2.510015e-01 
8.977555e-01 2.516436e-01 
9.005988e-01 2.522697e-01 
9.033723e-01 2.528804e-01 
9.060778e-01 2.534761e-01 
9.087174e-01 2.540571e-01 
9.112929e-01 2.546239e-01 
9.138060e-01 2.551770e-01 
9.162586e-01 2.557166e-01 
9.186524e-01 2.562431e-01 
9.209890e-01 2.567571e-01 
9.232701e-01 2.572587e-01 
9.254973e-01 2.577484e-01 
9.276722e-01 2.582265e-01 
9.297963e-01 2.586933e-01 
9.318710e-01 2.591493e-01 
9.338979e-01 2.595946e-01 
9.358784e-01 2.600297e-01 
9.378138e-01 2.604548e-01 
9.397055e-01 2.608703e-01 
9.415549e-01 2.612764e-01 
9.433632e-01 2.616734e-01 
9.451317e-01 2.620615e-01 
9.468617e-01 2.624412e-01 
9.485544e-01 2.628126e-01 
9.502109e-01 2.631761e-01 
9.518325e-01 2.635317e-01 
9.534202e-01 2.638800e-01 
9.549752e-01 2.642209e-01 
8.494000e-01 2.424680e-01 
8.534537e-01 2.433413e-01 
8.574045e-01 2.441923e-01 
8.612553e-01 2.450216e-01 
8.650087e-01 2.458298e-01 
8.686674e-01 2.466175e-01 
8.722340e-01 2.473852e-01 
8.757108e-01 2.481334e-01 
8.791005e-01 2.488628e-01 
8.824053e-01 2.495738e-01 
8.856276e-01 2.502669e-01 
8.887697e-01 2.509426e-01 
8.918336e-01 2.516015e-01 
8.948217e-01 2.522439e-01 
8.977360e-01 2.528703e-01 
9.005785e-01 2.534812e-01 
9.033513e-01 2.540770e-01 
9.060563e-01 2.546581e-01 
9.086953e-01 2.552250e-01 
9.112702e-01 2.557780e-01 
9.137829e-01 2.563175e-01 
9.162351e-01 2.568440e-01 
9.186286e-01 2.573577e-01 
9.209649e-01 2.578591e-01 
9.232458e-01 2.583485e-01 
9.254728e-01 2.588262e-01 
9.276475e-01 2.592927e-01 
9.297715e-01 2.597481e-01 
9.318462e-01 2.601930e-01 
9.338730e-01 2.606275e-01 
9.358535e-01 2.610519e-01 
9.377890e-01 2.614667e-01 
9.396808e-01 2.618720e-01 
9.415303e-01 2.622682e-01 
9.433388e-01 2.626555e-01 
9.451075e-01 2.630342e-01 
9.468377e-01 2.634046e-01 
9.485306e-01 2.637670e-01 
9.501874e-01 2.641215e-01 
9.518092e-01 2.644685e-01 
9.533972e-01 2.648082e-01 
9.549526e-01 2.651409e-01 
8.494000e-01 2.439548e-01 
8.534516e-01 2.448063e-01 
8.574005e-01 2.456360e-01 
8.612495e-01 2.464446e-01 
8.650012e-01 2.472325e-01 
8.686583e-01 2.480005e-01 
8.722233e-01 2.487490e-01 
8.756988e-01 2.494786e-01 
8.790871e-01 2.501897e-01 
8.823907e-01 2.508829e-01 
8.856119e-01 2.515587e-01 
8.887528e-01 2.522176e-01 
8.918158e-01 2.528599e-01 
8.948030e-01 2.534863e-01 
8.977165e-01 2.540971e-01 
9.005583e-01 2.546927e-01 
9.033303e-01 2.552736e-01 
9.060347e-01 2.558402e-01 
9.086731e-01 2.563929e-01 
9.112476e-01 2.569320e-01 
9.137598e-01 2.574581e-01 
9.162117e-01 2.579714e-01 
9.186047e-01 2.584722e-01 
9.209408e-01 2.589611e-01 
9.232214e-01 2.594383e-01 
9.254483e-01 2.599041e-01 
9.276229e-01 2.603589e-01 
9.297467e-01 2.608029e-01 
9.318213e-01 2.612366e-01 
9.338482e-01 2.616603e-01 
9.358287e-01 2.620741e-01 
9.377642e-01 2.624785e-01 
9.396561e-01 2.628737e-01 
9.415057e-01 2.632599e-01 
9.433143e-01 2.636376e-01 
9.450832e-01 2.640068e-01 
9.468136e-01 2.643680e-01 
9.485068e-01 2.647213e-01 
9.501638e-01 2.650670e-01 
9.517859e-01 2.654053e-01 
9.533743e-01 2.657365e-01 
9.549299e-01 2.660609e-01 
8.494000e-01 2.454416e-01 
8.534496e-01 2.462712e-01 
8.573965e-01 2.470797e-01 
8.612437e-01 2.478675e-01 
8.649937e-01 2.486353e-01 
8.686491e-01 2.493836e-01 
8.722126e-01 2.501129e-01 
8.756867e-01 2.508237e-01 
8.790737e-01 2.515167e-01 
8.823761e-01 2.521921e-01 
8.855961e-01 2.528506e-01 
8.887360e-01 2.534925e-01 
8.917981e-01 2.541184e-01 
8.947843e-01 2.547287e-01 
8.976970e-01 2.553238e-01 
9.005380e-01 2.559042e-01 
9.033094e-01 2.564702e-01 
9.060131e-01 2.570222e-01 
9.086510e-01 2.575607e-01 
9.112249e-01 2.580861e-01 
9.137367e-01 2.585986e-01 
9.161882e-01 2.590988e-01 
9.185809e-01 2.595868e-01 
9.209167e-01 2.600631e-01 
9.231971e-01 2.605280e-01 
9.254237e-01 2.609819e-01 
9.275982e-01 2.614250e-01 
9.297219e-01 2.618577e-01 
9.317965e-01 2.622803e-01 
9.338233e-01 2.626931e-01 
9.358038e-01 2.630963e-01 
9.377394e-01 2.634903e-01 
9.396314e-01 2.638754e-01 
9.414811e-01 2.642517e-01 
9.432899e-01 2.646197e-01 
9.450589e-01 2.649795e-01 
9.467896e-01 2.653314e-01 
9.484829e-01 2.656756e-01 
9.501402e-01 2.660124e-01 
9.517627e-01 2.663421e-01 
9.533513e-01 2.666648e-01 
9.549073e-01 2.669809e-01 
8.494000e-01 2.469284e-01 
8.534475e-01 2.477362e-01 
8.573925e-01 2.485234e-01 
8.612378e-01 2.492905e-01 
8.649861e-01 2.500381e-01 
8.686400e-01 2.507666e-01 
8.722020e-01 2.514768e-01 
8.756746e-01 2.521689e-01 
8.790603e-01 2.528436e-01 
8.823615e-01 2.535013e-01 
8.855803e-01 2.541424e-01 
8.887192e-01 2.547674e-01 
8.917803e-01 2.553769e-01 
8.947656e-01 2.559711e-01 
8.976774e-01 2.565505e-01 
9.005177e-01 2.571156e-01 
9.032884e-01 2.576667e-01 
9.059915e-01 2.582043e-01 
9.086288e-01 2.587286e-01 
9.112023e-01 2.592401e-01 
9.137136e-01 2.597392e-01 
9.161647e-01 2.602262e-01 
9.185571e-01 2.607014e-01 
9.208926e-01 2.611651e-01 
9.231728e-01 2.616178e-01 
9.253992e-01 2.620598e-01 
9.275735e-01 2.624912e-01 
9.296972e-01 2.629125e-01 
9.317717e-01 2.633240e-01 
9.337985e-01 2.637259e-01 
9.357790e-01 2.641185e-01 
9.377146e-01 2.645022e-01 
9.396067e-01 2.648771e-01 
9.414565e-01 2.652435e-01 
9.432654e-01 2.656018e-01 
9.450347e-01 2.659521e-01 
9.467655e-01 2.662948e-01 
9.484591e-01 2.666299e-01 
9.501167e-01 2.669579e-01 
9.517394e-01 2.672789e-01 
9.533284e-01 2.675931e-01 
9.548847e-01 2.679008e-01 
8.494000e-01 2.484152e-01 
8.534455e-01 2.492012e-01 
8.573885e-01 2.499671e-01 
8.612320e-01 2.507134e-01 
8.649786e-01 2.514408e-01 
8.686308e-01 2.521497e-01 
8.721913e-01 2.528406e-01 
8.756625e-01 2.535141e-01 
8.790469e-01 2.541705e-01 
8.823468e-01 2.548104e-01 
8.855646e-01 2.554342e-01 
8.887024e-01 2.560424e-01 
8.917625e-01 2.566353e-01 
8.947469e-01 2.572135e-01 
8.976579e-01 2.577773e-01 
9.004974e-01 2.583271e-01 
9.032674e-01 2.588633e-01 
9.059699e-01 2.593863e-01 
9.086067e-01 2.598965e-01 
9.111796e-01 2.603942e-01 
9.136905e-01 2.608798e-01 
9.161412e-01 2.613536e-01 
9.185333e-01 2.618159e-01 
9.208685e-01 2.622672e-01 
9.231484e-01 2.627076e-01 
9.253747e-01 2.631376e-01 
9.275488e-01 2.635574e-01 
9.296724e-01 2.639673e-01 
9.317468e-01 2.643677e-01 
9.337736e-01 2.647587e-01 
9.357541e-01 2.651407e-01 
9.376898e-01 2.655140e-01 
9.395820e-01 2.658788e-01 
9.414319e-01 2.662353e-01 
9.432410e-01 2.665839e-01 
9.450104e-01 2.669248e-01 
9.467415e-01 2.672581e-01 
9.484353e-01 2.675843e-01 
9.500931e-01 2.679034e-01 
9.517161e-01 2.682157e-01 
9.533054e-01 2.685214e-01 
9.548621e-01 2.688208e-01 
8.494000e-01 2.499020e-01 
8.534434e-01 2.506661e-01 
8.573845e-01 2.514108e-01 
8.612262e-01 2.521364e-01 
8.649710e-01 2.528436e-01 
8.686217e-01 2.535328e-01 
8.721807e-01 2.542045e-01 
8.756505e-01 2.548592e-01 
8.790335e-01 2.554974e-01 
8.823322e-01 2.561196e-01 
8.855488e-01 2.567260e-01 
8.886856e-01 2.573173e-01 
8.917447e-01 2.578938e-01 
8.947282e-01 2.584559e-01 
8.976384e-01 2.590040e-01 
9.004771e-01 2.595386e-01 
9.032465e-01 2.600599e-01 
9.059483e-01 2.605684e-01 
9.085845e-01 2.610644e-01 
9.111570e-01 2.615482e-01 
9.136675e-01 2.620203e-01 
9.161177e-01 2.624810e-01 
9.185095e-01 2.629305e-01 
9.208444e-01 2.633692e-01 
9.231241e-01 2.637974e-01 
9.253501e-01 2.642154e-01 
9.275242e-01 2.646236e-01 
9.296476e-01 2.650221e-01 
9.317220e-01 2.654113e-01 
9.337487e-01 2.657915e-01 
9.357293e-01 2.661629e-01 
9.376650e-01 2.665258e-01 
9.395573e-01 2.668805e-01 
9.414073e-01 2.672271e-01 
9.432166e-01 2.675660e-01 
9.449862e-01 2.678974e-01 
9.467174e-01 2.682215e-01 
9.484115e-01 2.685386e-01 
9.500696e-01 2.688488e-01 
9.516929e-01 2.691525e-01 
9.532824e-01 2.694497e-01 
9.548394e-01 2.697408e-01 
8.494000e-01 2.513888e-01 
8.534413e-01 2.521311e-01 
8.573805e-01 2.528544e-01 
8.612204e-01 2.535594e-01 
8.649635e-01 2.542463e-01 
8.686125e-01 2.549158e-01 
8.721700e-01 2.555684e-01 
8.756384e-01 2.562044e-01 
8.790201e-01 2.568244e-01 
8.823176e-01 2.574287e-01 
8.855330e-01 2.580179e-01 
8.886687e-01 2.585922e-01 
8.917269e-01 2.591523e-01 
8.947095e-01 2.596983e-01 
8.976189e-01 2.602308e-01 
9.004569e-01 2.607500e-01 
9.032255e-01 2.612565e-01 
9.059267e-01 2.617504e-01 
9.085624e-01 2.622322e-01 
9.111343e-01 2.627023e-01 
9.136444e-01 2.631609e-01 
9.160942e-01 2.636084e-01 
9.184856e-01 2.640450e-01 
9.208203e-01 2.644712e-01 
9.230997e-01 2.648872e-01 
9.253256e-01 2.652933e-01 
9.274995e-01 2.656898e-01 
9.296228e-01 2.660769e-01 
9.316971e-01 2.664550e-01 
9.337239e-01 2.668243e-01 
9.357044e-01 2.671851e-01 
9.376402e-01 2.675377e-01 
9.395325e-01 2.678822e-01 
9.413827e-01 2.682189e-01 
9.431921e-01 2.685481e-01 
9.449619e-01 2.688701e-01 
9.466934e-01 2.691849e-01 
9.483877e-01 2.694929e-01 
9.500460e-01 2.697943e-01 
9.516696e-01 2.700893e-01 
9.532595e-01 2.703780e-01 
9.548168e-01 2.706608e-01 
8.494000e-01 2.528756e-01 
8.534393e-01 2.535961e-01 
8.573765e-01 2.542981e-01 
8.612145e-01 2.549823e-01 
8.649559e-01 2.556491e-01 
8.686034e-01 2.562989e-01 
8.721593e-01 2.569322e-01 
8.756263e-01 2.575496e-01 
8.790067e-01 2.581513e-01 
8.823030e-01 2.587379e-01 
8.855173e-01 2.593097e-01 
8.886519e-01 2.598672e-01 
8.917091e-01 2.604107e-01 
8.946909e-01 2.609407e-01 
8.975993e-01 2.614575e-01 
9.004366e-01 2.619615e-01 
9.032045e-01 2.624530e-01 
9.059051e-01 2.629325e-01 
9.085402e-01 2.634001e-01 
9.111117e-01 2.638563e-01 
9.136213e-01 2.643014e-01 
9.160707e-01 2.647358e-01 
9.184618e-01 2.651596e-01 
9.207962e-01 2.655732e-01 
9.230754e-01 2.659770e-01 
9.253011e-01 2.663711e-01 
9.274748e-01 2.667560e-01 
9.295980e-01 2.671317e-01 
9.316723e-01 2.674987e-01 
9.336990e-01 2.678572e-01 
9.356796e-01 2.682073e-01 
9.376154e-01 2.685495e-01 
9.395078e-01 2.688839e-01 
9.413582e-01 2.692107e-01 
9.431677e-01 2.695303e-01 
9.449376e-01 2.698427e-01 
9.466693e-01 2.701483e-01 
9.483639e-01 2.704472e-01 
9.500225e-01 2.707397e-01 
9.516463e-01 2.710260e-01 
9.532365e-01 2.713063e-01 
9.547942e-01 2.715807e-01 
8.494000e-01 2.543624e-01 
8.534372e-01 2.550610e-01 
8.573725e-01 2.557418e-01 
8.612087e-01 2.564053e-01 
8.649484e-01 2.570518e-01 
8.685942e-01 2.576820e-01 
8.721487e-01 2.582961e-01 
8.756142e-01 2.588947e-01 
8.789934e-01 2.594782e-01 
8.822884e-01 2.600470e-01 
8.855015e-01 2.606015e-01 
8.886351e-01 2.611421e-01 
8.916913e-01 2.616692e-01 
8.946722e-01 2.621831e-01 
8.975798e-01 2.626843e-01 
9.004163e-01 2.631730e-01 
9.031836e-01 2.636496e-01 
9.058835e-01 2.641145e-01 
9.085181e-01 2.645680e-01 
9.110890e-01 2.650104e-01 
9.135982e-01 2.654420e-01 
9.160473e-01 2.658632e-01 
9.184380e-01 2.662742e-01 
9.207721e-01 2.666753e-01 
9.230510e-01 2.670668e-01 
9.252766e-01 2.674490e-01 
9.274501e-01 2.678221e-01 
9.295733e-01 2.681865e-01 
9.316475e-01 2.685424e-01 
9.336742e-01 2.688900e-01 
9.356548e-01 2.692295e-01 
9.375906e-01 2.695613e-01 
9.394831e-01 2.698856e-01 
9.413336e-01 2.702025e-01 
9.431432e-01 2.705124e-01 
9.449134e-01 2.708154e-01 
9.466452e-01 2.711117e-01 
9.483400e-01 2.714016e-01 
9.499989e-01 2.716852e-01 
9.516231e-01 2.719628e-01 
9.532136e-01 2.722346e-01 
9.547716e-01 2.725007e-01 
8.494000e-01 2.558492e-01 
8.534352e-01 2.565260e-01 
8.573685e-01 2.571855e-01 
8.612029e-01 2.578282e-01 
8.649409e-01 2.584546e-01 
8.685850e-01 2.590650e-01 
8.721380e-01 2.596600e-01 
8.756022e-01 2.602399e-01 
8.789800e-01 2.608052e-01 
8.822737e-01 2.613562e-01 
8.854858e-01 2.618934e-01 
8.886183e-01 2.624171e-01 
8.916735e-01 2.629277e-01 
8.946535e-01 2.634255e-01 
8.975603e-01 2.639110e-01 
9.003960e-01 2.643844e-01 
9.031626e-01 2.648462e-01 
9.058619e-01 2.652966e-01 
9.084959e-01 2.657359e-01 
9.110664e-01 2.661644e-01 
9.135751e-01 2.665826e-01 
9.160238e-01 2.669906e-01 
9.184142e-01 2.673887e-01 
9.207480e-01 2.677773e-01 
9.230267e-01 2.681566e-01 
9.252520e-01 2.685268e-01 
9.274255e-01 2.688883e-01 
9.295485e-01 2.692413e-01 
9.316226e-01 2.695861e-01 
9.336493e-01 2.699228e-01 
9.356299e-01 2.702517e-01 
9.375658e-01 2.705732e-01 
9.394584e-01 2.708873e-01 
9.413090e-01 2.711943e-01 
9.431188e-01 2.714945e-01 
9.448891e-01 2.717880e-01 
9.466212e-01 2.720751e-01 
9.483162e-01 2.723559e-01 
9.499754e-01 2.726307e-01 
9.515998e-01 2.728996e-01 
9.531906e-01 2.731629e-01 
9.547489e-01 2.734207e-01 
8.494000e-01 2.573360e-01 
8.534331e-01 2.579910e-01 
8.573645e-01 2.586292e-01 
8.611971e-01 2.592512e-01 
8.649333e-01 2.598573e-01 
8.685759e-01 2.604481e-01 
8.721273e-01 2.610239e-01 
8.755901e-01 2.615851e-01 
8.789666e-01 2.621321e-01 
8.822591e-01 2.626653e-01 
8.854700e-01 2.631852e-01 
8.886015e-01 2.636920e-01 
8.916557e-01 2.641861e-01 
8.946348e-01 2.646679e-01 
8.975408e-01 2.651377e-01 
9.003757e-01 2.655959e-01 
9.031416e-01 2.660428e-01 
9.058403e-01 2.664786e-01 
9.084737e-01 2.669037e-01 
9.110437e-01 2.673185e-01 
9.135520e-01 2.677231e-01 
9.160003e-01 2.681180e-01 
9.183904e-01 2.685033e-01 
9.207239e-01 2.688793e-01 
9.230024e-01 2.692464e-01 
9.252275e-01 2.696047e-01 
9.274008e-01 2.699545e-01 
9.295237e-01 2.702961e-01 
9.315978e-01 2.706297e-01 
9.336244e-01 2.709556e-01 
9.356051e-01 2.712739e-01 
9.375410e-01 2.715850e-01 
9.394337e-01 2.718890e-01 
9.412844e-01 2.721861e-01 
9.430944e-01 2.724766e-01 
9.448649e-01 2.727606e-01 
9.465971e-01 2.730384e-01 
9.482924e-01 2.733102e-01 
9.499518e-01 2.735761e-01 
9.515765e-01 2.738364e-01 
9.531677e-01 2.740912e-01 
9.547263e-01 2.743407e-01 
8.494000e-01 2.588228e-01 
8.534310e-01 2.594559e-01 
8.573605e-01 2.600729e-01 
8.611912e-01 2.606742e-01 
8.649258e-01 2.612601e-01 
8.685667e-01 2.618312e-01 
8.721167e-01 2.623877e-01 
8.755780e-01 2.629302e-01 
8.789532e-01 2.634590e-01 
8.822445e-01 2.639745e-01 
8.854542e-01 2.644770e-01 
8.885846e-01 2.649669e-01 
8.916379e-01 2.654446e-01 
8.946161e-01 2.659103e-01 
8.975213e-01 2.663645e-01 
9.003555e-01 2.668074e-01 
9.031206e-01 2.672393e-01 
9.058187e-01 2.676606e-01 
9.084516e-01 2.680716e-01 
9.110210e-01 2.684725e-01 
9.135289e-01 2.688637e-01 
9.159768e-01 2.692454e-01 
9.183665e-01 2.696178e-01 
9.206997e-01 2.699813e-01 
9.229780e-01 2.703361e-01 
9.252030e-01 2.706825e-01 
9.273761e-01 2.710207e-01 
9.294989e-01 2.713509e-01 
9.315730e-01 2.716734e-01 
9.335996e-01 2.719884e-01 
9.355802e-01 2.722961e-01 
9.375162e-01 2.725968e-01 
9.394090e-01 2.728907e-01 
9.412598e-01 2.731779e-01 
9.430699e-01 2.734587e-01 
9.448406e-01 2.737333e-01 
9.465731e-01 2.740018e-01 
9.482686e-01 2.742645e-01 
9.499283e-01 2.745216e-01 
9.515533e-01 2.747732e-01 
9.531447e-01 2.750195e-01 
9.547037e-01 2.752607e-01 
8.494000e-01 2.603096e-01 
8.534290e-01 2.609209e-01 
8.573565e-01 2.615166e-01 
8.611854e-01 2.620971e-01 
8.649182e-01 2.626629e-01 
8.685576e-01 2.632142e-01 
8.721060e-01 2.637516e-01 
8.755659e-01 2.642754e-01 
8.789398e-01 2.647860e-01 
8.822299e-01 2.652836e-01 
8.854385e-01 2.657688e-01 
8.885678e-01 2.662419e-01 
8.916201e-01 2.667030e-01 
8.945974e-01 2.671527e-01 
8.975017e-01 2.675912e-01 
9.003352e-01 2.680188e-01 
9.030997e-01 2.684359e-01 
9.057971e-01 2.688427e-01 
9.084294e-01 2.692395e-01 
9.109984e-01 2.696266e-01 
9.135058e-01 2.700043e-01 
9.159533e-01 2.703728e-01 
9.183427e-01 2.707324e-01 
9.206756e-01 2.710834e-01 
9.229537e-01 2.714259e-01 
9.251784e-01 2.717604e-01 
9.273514e-01 2.720869e-01 
9.294742e-01 2.724057e-01 
9.315481e-01 2.727171e-01 
9.335747e-01 2.730212e-01 
9.355554e-01 2.733183e-01 
9.374915e-01 2.736087e-01 
9.393843e-01 2.738924e-01 
9.412352e-01 2.741697e-01 
9.430455e-01 2.744408e-01 
9.448163e-01 2.747059e-01 
9.465490e-01 2.749652e-01 
9.482448e-01 2.752189e-01 
9.499047e-01 2.754671e-01 
9.515300e-01 2.757100e-01 
9.531217e-01 2.759478e-01 
9.546811e-01 2.761806e-01 
8.494000e-01 2.617964e-01 
8.534269e-01 2.623859e-01 
8.573525e-01 2.629603e-01 
8.611796e-01 2.635201e-01 
8.649107e-01 2.640656e-01 
8.685484e-01 2.645973e-01 
8.720953e-01 2.651155e-01 
8.755539e-01 2.656206e-01 
8.789264e-01 2.661129e-01 
8.822152e-01 2.665928e-01 
8.854227e-01 2.670607e-01 
8.885510e-01 2.675168e-01 
8.916023e-01 2.679615e-01 
8.945787e-01 2.683951e-01 
8.974822e-01 2.688180e-01 
9.003149e-01 2.692303e-01 
9.030787e-01 2.696325e-01 
9.057756e-01 2.700247e-01 
9.084073e-01 2.704074e-01 
9.109757e-01 2.707806e-01 
9.134827e-01 2.711448e-01 
9.159298e-01 2.715002e-01 
9.183189e-01 2.718469e-01 
9.206515e-01 2.721854e-01 
9.229293e-01 2.725157e-01 
9.251539e-01 2.728382e-01 
9.273268e-01 2.731531e-01 
9.294494e-01 2.734605e-01 
9.315233e-01 2.737608e-01 
9.335499e-01 2.740540e-01 
9.355305e-01 2.743406e-01 
9.374667e-01 2.746205e-01 
9.393596e-01 2.748941e-01 
9.412106e-01 2.751615e-01 
9.430210e-01 2.754229e-01 
9.447921e-01 2.756786e-01 
9.465250e-01 2.759286e-01 
9.482210e-01 2.761732e-01 
9.498811e-01 2.764125e-01 
9.515067e-01 2.766468e-01 
9.530988e-01 2.768761e-01 
9.546585e-01 2.771006e-01 
8.494000e-01 2.632832e-01 
8.534249e-01 2.638508e-01 
8.573485e-01 2.644040e-01 
8.611737e-01 2.649430e-01 
8.649031e-01 2.654684e-01 
8.685393e-01 2.659803e-01 
8.720847e-01 2.664793e-01 
8.755418e-01 2.669657e-01 
8.789130e-01 2.674398e-01 
8.822006e-01 2.679020e-01 
8.854070e-01 2.683525e-01 
8.885342e-01 2.687917e-01 
8.915845e-01 2.692200e-01 
8.945600e-01 2.696375e-01 
8.974627e-01 2.700447e-01 
9.002946e-01 2.704418e-01 
9.030577e-01 2.708291e-01 
9.057540e-01 2.712068e-01 
9.083851e-01 2.715752e-01 
9.109531e-01 2.719347e-01 
9.134596e-01 2.722854e-01 
9.159063e-01 2.726276e-01 
9.182951e-01 2.729615e-01 
9.206274e-01 2.732874e-01 
9.229050e-01 2.736055e-01 
9.251294e-01 2.739160e-01 
9.273021e-01 2.742192e-01 
9.294246e-01 2.745153e-01 
9.314984e-01 2.748044e-01 
9.335250e-01 2.750868e-01 
9.355057e-01 2.753628e-01 
9.374419e-01 2.756323e-01 
9.393349e-01 2.758958e-01 
9.411860e-01 2.761533e-01 
9.429966e-01 2.764051e-01 
9.447678e-01 2.766512e-01 
9.465009e-01 2.768920e-01 
9.481971e-01 2.771275e-01 
9.498576e-01 2.773580e-01 
9.514834e-01 2.775835e-01 
9.530758e-01 2.778044e-01 
9.546358e-01 2.780206e-01 
8.494000e-01 2.647700e-01 
8.534228e-01 2.653158e-01 
8.573445e-01 2.658477e-01 
8.611679e-01 2.663660e-01 
8.648956e-01 2.668711e-01 
8.685301e-01 2.673634e-01 
8.720740e-01 2.678432e-01 
8.755297e-01 2.683109e-01 
8.788996e-01 2.687667e-01 
8.821860e-01 2.692111e-01 
8.853912e-01 2.696443e-01 
8.885174e-01 2.700667e-01 
8.915667e-01 2.704784e-01 
8.945413e-01 2.708799e-01 
8.974432e-01 2.712714e-01 
9.002743e-01 2.716533e-01 
9.030368e-01 2.720256e-01 
9.057324e-01 2.723888e-01 
9.083630e-01 2.727431e-01 
9.109304e-01 2.730887e-01 
9.134365e-01 2.734259e-01 
9.158829e-01 2.737550e-01 
9.182713e-01 2.740761e-01 
9.206033e-01 2.743894e-01 
9.228807e-01 2.746953e-01 
9.251048e-01 2.749939e-01 
9.272774e-01 2.752854e-01 
9.293998e-01 2.755701e-01 
9.314736e-01 2.758481e-01 
9.335001e-01 2.761197e-01 
9.354808e-01 2.763850e-01 
9.374171e-01 2.766442e-01 
9.393102e-01 2.768975e-01 
9.411614e-01 2.771451e-01 
9.429721e-01 2.773872e-01 
9.447436e-01 2.776239e-01 
9.464769e-01 2.778554e-01 
9.481733e-01 2.780818e-01 
9.498340e-01 2.783034e-01 
9.514602e-01 2.785203e-01 
9.530529e-01 2.787327e-01 
9.546132e-01 2.789406e-01 
8.494000e-01 2.662568e-01 
8.534207e-01 2.667808e-01 
8.573405e-01 2.672914e-01 
8.611621e-01 2.677890e-01 
8.648880e-01 2.682739e-01 
8.685210e-01 2.687465e-01 
8.720633e-01 2.692071e-01 
8.755176e-01 2.696561e-01 
8.788862e-01 2.700937e-01 
8.821714e-01 2.705203e-01 
8.853754e-01 2.709361e-01 
8.885006e-01 2.713416e-01 
8.915489e-01 2.717369e-01 
8.945226e-01 2.721223e-01 
8.974236e-01 2.724982e-01 
9.002541e-01 2.728647e-01 
9.030158e-01 2.732222e-01 
9.057108e-01 2.735709e-01 
9.083408e-01 2.739110e-01 
9.109078e-01 2.742428e-01 
9.134134e-01 2.745665e-01 
9.158594e-01 2.748824e-01 
9.182474e-01 2.751906e-01 
9.205792e-01 2.754914e-01 
9.228563e-01 2.757851e-01 
9.250803e-01 2.760717e-01 
9.272527e-01 2.763516e-01 
9.293751e-01 2.766249e-01 
9.314488e-01 2.768918e-01 
9.334753e-01 2.771525e-01 
9.354560e-01 2.774072e-01 
9.373923e-01 2.776560e-01 
9.392855e-01 2.778992e-01 
9.411368e-01 2.781369e-01 
9.429477e-01 2.783693e-01 
9.447193e-01 2.785965e-01 
9.464528e-01 2.788188e-01 
9.481495e-01 2.790362e-01 
9.498105e-01 2.792489e-01 
9.514369e-01 2.794571e-01 
9.530299e-01 2.796609e-01 
9.545906e-01 2.798605e-01 
BC
4
4
4
4
4
4
4
4
4
4
4
4
4
4
4
4
4
4
4
4
4
4
4
4
4
4
4
4
4
4
4
4
4
4
4
4
4
4
4
4
4
-1
-1
-1
-1
-1
-1
-1
-1
-1
-1
-1
-1
-1
-1
-1
-1
-1
-1
-1
-1
-1
-1
-1
-1
-1
-1
-1
-1
-1
-1
-1
-1
-1
-1
-1
-1
-1
-1
-1
-1
-1
-1
-1
-1
-1
-1
-1
-1
-1
-1
-1
-1
-1
-1
-1
-1
-1
-1
-1
-1
-1
-1
-1
-1
-1
-1
-1
-1
-1
-1
-1
-1
-1
-1
-1
-1
-1
-1
-1
-1
-1
-1
-1
-1
-1
-1
-1
-1
-1
-1
-1
-1
-1
