npartb: 4 2 
ipartb: 0 0 
ngrid: 52 27 
-5.000000e-01 0.000000e+00 
-4.916667e-01 0.000000e+00 
-4.833333e-01 0.000000e+00 
-4.750000e-01 0.000000e+00 
-4.666667e-01 0.000000e+00 
-4.583333e-01 0.000000e+00 
-4.500000e-01 0.000000e+00 
-4.416667e-01 0.000000e+00 
-4.333333e-01 0.000000e+00 
-4.250000e-01 0.000000e+00 
-4.166667e-01 0.000000e+00 
-4.083333e-01 0.000000e+00 
-4.000000e-01 0.000000e+00 
-3.916667e-01 0.000000e+00 
-3.833333e-01 0.000000e+00 
-3.750000e-01 0.000000e+00 
-3.666667e-01 0.000000e+00 
-3.583333e-01 0.000000e+00 
-3.500000e-01 0.000000e+00 
-3.416667e-01 0.000000e+00 
-3.333333e-01 0.000000e+00 
-3.250000e-01 0.000000e+00 
-3.166667e-01 0.000000e+00 
-3.083333e-01 0.000000e+00 
-3.000000e-01 0.000000e+00 
-2.916667e-01 0.000000e+00 
-2.833333e-01 0.000000e+00 
-2.750000e-01 0.000000e+00 
-2.666667e-01 0.000000e+00 
-2.583333e-01 0.000000e+00 
-2.500000e-01 0.000000e+00 
-2.416667e-01 0.000000e+00 
-2.333333e-01 0.000000e+00 
-2.250000e-01 0.000000e+00 
-2.166667e-01 0.000000e+00 
-2.083333e-01 0.000000e+00 
-2.000000e-01 0.000000e+00 
-1.916667e-01 0.000000e+00 
-1.833333e-01 0.000000e+00 
-1.750000e-01 0.000000e+00 
-1.666667e-01 0.000000e+00 
-1.583333e-01 0.000000e+00 
-1.500000e-01 0.000000e+00 
-1.416667e-01 0.000000e+00 
-1.333333e-01 0.000000e+00 
-1.250000e-01 0.000000e+00 
-1.166667e-01 0.000000e+00 
-1.083333e-01 0.000000e+00 
-1.000000e-01 0.000000e+00 
-9.166667e-02 0.000000e+00 
-8.333333e-02 0.000000e+00 
-7.500000e-02 0.000000e+00 
-5.000000e-01 6.038800e-03 
-4.916984e-01 6.038800e-03 
-4.833968e-01 6.038800e-03 
-4.750952e-01 6.038800e-03 
-4.667936e-01 6.038800e-03 
-4.584920e-01 6.038800e-03 
-4.501904e-01 6.038800e-03 
-4.418888e-01 6.038800e-03 
-4.335871e-01 6.038800e-03 
-4.252855e-01 6.038800e-03 
-4.169839e-01 6.038800e-03 
-4.086823e-01 6.038800e-03 
-4.003807e-01 6.038800e-03 
-3.920791e-01 6.038800e-03 
-3.837775e-01 6.038800e-03 
-3.754759e-01 6.038800e-03 
-3.671743e-01 6.038800e-03 
-3.588727e-01 6.038800e-03 
-3.505711e-01 6.038800e-03 
-3.422695e-01 6.038800e-03 
-3.339679e-01 6.038800e-03 
-3.256663e-01 6.038800e-03 
-3.173647e-01 6.038800e-03 
-3.090630e-01 6.038800e-03 
-3.007614e-01 6.038800e-03 
-2.924598e-01 6.038800e-03 
-2.841582e-01 6.038800e-03 
-2.758566e-01 6.038800e-03 
-2.675550e-01 6.038800e-03 
-2.592534e-01 6.038800e-03 
-2.509518e-01 6.038800e-03 
-2.426502e-01 6.038800e-03 
-2.343486e-01 6.038800e-03 
-2.260470e-01 6.038800e-03 
-2.177454e-01 6.038800e-03 
-2.094438e-01 6.038800e-03 
-2.011422e-01 6.038800e-03 
-1.928406e-01 6.038800e-03 
-1.845389e-01 6.038800e-03 
-1.762373e-01 6.038800e-03 
-1.679357e-01 6.038800e-03 
-1.596341e-01 6.038800e-03 
-1.513325e-01 6.038800e-03 
-1.430309e-01 6.038800e-03 
-1.347293e-01 6.038800e-03 
-1.264277e-01 6.038800e-03 
-1.181261e-01 6.038800e-03 
-1.098245e-01 6.038800e-03 
-1.015229e-01 6.038800e-03 
-9.322127e-02 6.038800e-03 
-8.491967e-02 6.038800e-03 
-7.661806e-02 6.038800e-03 
-5.000000e-01 1.207760e-02 
-4.917301e-01 1.207760e-02 
-4.834602e-01 1.207760e-02 
-4.751904e-01 1.207760e-02 
-4.669205e-01 1.207760e-02 
-4.586506e-01 1.207760e-02 
-4.503807e-01 1.207760e-02 
-4.421108e-01 1.207760e-02 
-4.338410e-01 1.207760e-02 
-4.255711e-01 1.207760e-02 
-4.173012e-01 1.207760e-02 
-4.090313e-01 1.207760e-02 
-4.007614e-01 1.207760e-02 
-3.924916e-01 1.207760e-02 
-3.842217e-01 1.207760e-02 
-3.759518e-01 1.207760e-02 
-3.676819e-01 1.207760e-02 
-3.594120e-01 1.207760e-02 
-3.511422e-01 1.207760e-02 
-3.428723e-01 1.207760e-02 
-3.346024e-01 1.207760e-02 
-3.263325e-01 1.207760e-02 
-3.180626e-01 1.207760e-02 
-3.097928e-01 1.207760e-02 
-3.015229e-01 1.207760e-02 
-2.932530e-01 1.207760e-02 
-2.849831e-01 1.207760e-02 
-2.767132e-01 1.207760e-02 
-2.684434e-01 1.207760e-02 
-2.601735e-01 1.207760e-02 
-2.519036e-01 1.207760e-02 
-2.436337e-01 1.207760e-02 
-2.353638e-01 1.207760e-02 
-2.270940e-01 1.207760e-02 
-2.188241e-01 1.207760e-02 
-2.105542e-01 1.207760e-02 
-2.022843e-01 1.207760e-02 
-1.940144e-01 1.207760e-02 
-1.857446e-01 1.207760e-02 
-1.774747e-01 1.207760e-02 
-1.692048e-01 1.207760e-02 
-1.609349e-01 1.207760e-02 
-1.526650e-01 1.207760e-02 
-1.443952e-01 1.207760e-02 
-1.361253e-01 1.207760e-02 
-1.278554e-01 1.207760e-02 
-1.195855e-01 1.207760e-02 
-1.113156e-01 1.207760e-02 
-1.030458e-01 1.207760e-02 
-9.477588e-02 1.207760e-02 
-8.650600e-02 1.207760e-02 
-7.823612e-02 1.207760e-02 
-5.000000e-01 1.811640e-02 
-4.917618e-01 1.811640e-02 
-4.835237e-01 1.811640e-02 
-4.752855e-01 1.811640e-02 
-4.670474e-01 1.811640e-02 
-4.588092e-01 1.811640e-02 
-4.505711e-01 1.811640e-02 
-4.423329e-01 1.811640e-02 
-4.340948e-01 1.811640e-02 
-4.258566e-01 1.811640e-02 
-4.176185e-01 1.811640e-02 
-4.093803e-01 1.811640e-02 
-4.011422e-01 1.811640e-02 
-3.929040e-01 1.811640e-02 
-3.846659e-01 1.811640e-02 
-3.764277e-01 1.811640e-02 
-3.681895e-01 1.811640e-02 
-3.599514e-01 1.811640e-02 
-3.517132e-01 1.811640e-02 
-3.434751e-01 1.811640e-02 
-3.352369e-01 1.811640e-02 
-3.269988e-01 1.811640e-02 
-3.187606e-01 1.811640e-02 
-3.105225e-01 1.811640e-02 
-3.022843e-01 1.811640e-02 
-2.940462e-01 1.811640e-02 
-2.858080e-01 1.811640e-02 
-2.775699e-01 1.811640e-02 
-2.693317e-01 1.811640e-02 
-2.610936e-01 1.811640e-02 
-2.528554e-01 1.811640e-02 
-2.446172e-01 1.811640e-02 
-2.363791e-01 1.811640e-02 
-2.281409e-01 1.811640e-02 
-2.199028e-01 1.811640e-02 
-2.116646e-01 1.811640e-02 
-2.034265e-01 1.811640e-02 
-1.951883e-01 1.811640e-02 
-1.869502e-01 1.811640e-02 
-1.787120e-01 1.811640e-02 
-1.704739e-01 1.811640e-02 
-1.622357e-01 1.811640e-02 
-1.539976e-01 1.811640e-02 
-1.457594e-01 1.811640e-02 
-1.375213e-01 1.811640e-02 
-1.292831e-01 1.811640e-02 
-1.210449e-01 1.811640e-02 
-1.128068e-01 1.811640e-02 
-1.045686e-01 1.811640e-02 
-9.633049e-02 1.811640e-02 
-8.809233e-02 1.811640e-02 
-7.985418e-02 1.811640e-02 
-5.000000e-01 2.415520e-02 
-4.917936e-01 2.415520e-02 
-4.835871e-01 2.415520e-02 
-4.753807e-01 2.415520e-02 
-4.671743e-01 2.415520e-02 
-4.589679e-01 2.415520e-02 
-4.507614e-01 2.415520e-02 
-4.425550e-01 2.415520e-02 
-4.343486e-01 2.415520e-02 
-4.261422e-01 2.415520e-02 
-4.179357e-01 2.415520e-02 
-4.097293e-01 2.415520e-02 
-4.015229e-01 2.415520e-02 
-3.933165e-01 2.415520e-02 
-3.851100e-01 2.415520e-02 
-3.769036e-01 2.415520e-02 
-3.686972e-01 2.415520e-02 
-3.604907e-01 2.415520e-02 
-3.522843e-01 2.415520e-02 
-3.440779e-01 2.415520e-02 
-3.358715e-01 2.415520e-02 
-3.276650e-01 2.415520e-02 
-3.194586e-01 2.415520e-02 
-3.112522e-01 2.415520e-02 
-3.030458e-01 2.415520e-02 
-2.948393e-01 2.415520e-02 
-2.866329e-01 2.415520e-02 
-2.784265e-01 2.415520e-02 
-2.702201e-01 2.415520e-02 
-2.620136e-01 2.415520e-02 
-2.538072e-01 2.415520e-02 
-2.456008e-01 2.415520e-02 
-2.373943e-01 2.415520e-02 
-2.291879e-01 2.415520e-02 
-2.209815e-01 2.415520e-02 
-2.127751e-01 2.415520e-02 
-2.045686e-01 2.415520e-02 
-1.963622e-01 2.415520e-02 
-1.881558e-01 2.415520e-02 
-1.799494e-01 2.415520e-02 
-1.717429e-01 2.415520e-02 
-1.635365e-01 2.415520e-02 
-1.553301e-01 2.415520e-02 
-1.471237e-01 2.415520e-02 
-1.389172e-01 2.415520e-02 
-1.307108e-01 2.415520e-02 
-1.225044e-01 2.415520e-02 
-1.142979e-01 2.415520e-02 
-1.060915e-01 2.415520e-02 
-9.788509e-02 2.415520e-02 
-8.967867e-02 2.415520e-02 
-8.147224e-02 2.415520e-02 
-5.000000e-01 3.019400e-02 
-4.918253e-01 3.019400e-02 
-4.836506e-01 3.019400e-02 
-4.754759e-01 3.019400e-02 
-4.673012e-01 3.019400e-02 
-4.591265e-01 3.019400e-02 
-4.509518e-01 3.019400e-02 
-4.427771e-01 3.019400e-02 
-4.346024e-01 3.019400e-02 
-4.264277e-01 3.019400e-02 
-4.182530e-01 3.019400e-02 
-4.100783e-01 3.019400e-02 
-4.019036e-01 3.019400e-02 
-3.937289e-01 3.019400e-02 
-3.855542e-01 3.019400e-02 
-3.773795e-01 3.019400e-02 
-3.692048e-01 3.019400e-02 
-3.610301e-01 3.019400e-02 
-3.528554e-01 3.019400e-02 
-3.446807e-01 3.019400e-02 
-3.365060e-01 3.019400e-02 
-3.283313e-01 3.019400e-02 
-3.201566e-01 3.019400e-02 
-3.119819e-01 3.019400e-02 
-3.038072e-01 3.019400e-02 
-2.956325e-01 3.019400e-02 
-2.874578e-01 3.019400e-02 
-2.792831e-01 3.019400e-02 
-2.711084e-01 3.019400e-02 
-2.629337e-01 3.019400e-02 
-2.547590e-01 3.019400e-02 
-2.465843e-01 3.019400e-02 
-2.384096e-01 3.019400e-02 
-2.302349e-01 3.019400e-02 
-2.220602e-01 3.019400e-02 
-2.138855e-01 3.019400e-02 
-2.057108e-01 3.019400e-02 
-1.975361e-01 3.019400e-02 
-1.893614e-01 3.019400e-02 
-1.811867e-01 3.019400e-02 
-1.730120e-01 3.019400e-02 
-1.648373e-01 3.019400e-02 
-1.566626e-01 3.019400e-02 
-1.484879e-01 3.019400e-02 
-1.403132e-01 3.019400e-02 
-1.321385e-01 3.019400e-02 
-1.239638e-01 3.019400e-02 
-1.157891e-01 3.019400e-02 
-1.076144e-01 3.019400e-02 
-9.943970e-02 3.019400e-02 
-9.126500e-02 3.019400e-02 
-8.309030e-02 3.019400e-02 
-5.000000e-01 3.623280e-02 
-4.918570e-01 3.623280e-02 
-4.837141e-01 3.623280e-02 
-4.755711e-01 3.623280e-02 
-4.674281e-01 3.623280e-02 
-4.592851e-01 3.623280e-02 
-4.511422e-01 3.623280e-02 
-4.429992e-01 3.623280e-02 
-4.348562e-01 3.623280e-02 
-4.267132e-01 3.623280e-02 
-4.185703e-01 3.623280e-02 
-4.104273e-01 3.623280e-02 
-4.022843e-01 3.623280e-02 
-3.941413e-01 3.623280e-02 
-3.859984e-01 3.623280e-02 
-3.778554e-01 3.623280e-02 
-3.697124e-01 3.623280e-02 
-3.615695e-01 3.623280e-02 
-3.534265e-01 3.623280e-02 
-3.452835e-01 3.623280e-02 
-3.371405e-01 3.623280e-02 
-3.289976e-01 3.623280e-02 
-3.208546e-01 3.623280e-02 
-3.127116e-01 3.623280e-02 
-3.045686e-01 3.623280e-02 
-2.964257e-01 3.623280e-02 
-2.882827e-01 3.623280e-02 
-2.801397e-01 3.623280e-02 
-2.719967e-01 3.623280e-02 
-2.638538e-01 3.623280e-02 
-2.557108e-01 3.623280e-02 
-2.475678e-01 3.623280e-02 
-2.394249e-01 3.623280e-02 
-2.312819e-01 3.623280e-02 
-2.231389e-01 3.623280e-02 
-2.149959e-01 3.623280e-02 
-2.068530e-01 3.623280e-02 
-1.987100e-01 3.623280e-02 
-1.905670e-01 3.623280e-02 
-1.824240e-01 3.623280e-02 
-1.742811e-01 3.623280e-02 
-1.661381e-01 3.623280e-02 
-1.579951e-01 3.623280e-02 
-1.498521e-01 3.623280e-02 
-1.417092e-01 3.623280e-02 
-1.335662e-01 3.623280e-02 
-1.254232e-01 3.623280e-02 
-1.172803e-01 3.623280e-02 
-1.091373e-01 3.623280e-02 
-1.009943e-01 3.623280e-02 
-9.285133e-02 3.623280e-02 
-8.470836e-02 3.623280e-02 
-5.000000e-01 4.227160e-02 
-4.918888e-01 4.227160e-02 
-4.837775e-01 4.227160e-02 
-4.756663e-01 4.227160e-02 
-4.675550e-01 4.227160e-02 
-4.594438e-01 4.227160e-02 
-4.513325e-01 4.227160e-02 
-4.432213e-01 4.227160e-02 
-4.351100e-01 4.227160e-02 
-4.269988e-01 4.227160e-02 
-4.188875e-01 4.227160e-02 
-4.107763e-01 4.227160e-02 
-4.026650e-01 4.227160e-02 
-3.945538e-01 4.227160e-02 
-3.864425e-01 4.227160e-02 
-3.783313e-01 4.227160e-02 
-3.702201e-01 4.227160e-02 
-3.621088e-01 4.227160e-02 
-3.539976e-01 4.227160e-02 
-3.458863e-01 4.227160e-02 
-3.377751e-01 4.227160e-02 
-3.296638e-01 4.227160e-02 
-3.215526e-01 4.227160e-02 
-3.134413e-01 4.227160e-02 
-3.053301e-01 4.227160e-02 
-2.972188e-01 4.227160e-02 
-2.891076e-01 4.227160e-02 
-2.809963e-01 4.227160e-02 
-2.728851e-01 4.227160e-02 
-2.647738e-01 4.227160e-02 
-2.566626e-01 4.227160e-02 
-2.485514e-01 4.227160e-02 
-2.404401e-01 4.227160e-02 
-2.323289e-01 4.227160e-02 
-2.242176e-01 4.227160e-02 
-2.161064e-01 4.227160e-02 
-2.079951e-01 4.227160e-02 
-1.998839e-01 4.227160e-02 
-1.917726e-01 4.227160e-02 
-1.836614e-01 4.227160e-02 
-1.755501e-01 4.227160e-02 
-1.674389e-01 4.227160e-02 
-1.593276e-01 4.227160e-02 
-1.512164e-01 4.227160e-02 
-1.431051e-01 4.227160e-02 
-1.349939e-01 4.227160e-02 
-1.268827e-01 4.227160e-02 
-1.187714e-01 4.227160e-02 
-1.106602e-01 4.227160e-02 
-1.025489e-01 4.227160e-02 
-9.443767e-02 4.227160e-02 
-8.632642e-02 4.227160e-02 
-5.000000e-01 4.831040e-02 
-4.919205e-01 4.831040e-02 
-4.838410e-01 4.831040e-02 
-4.757614e-01 4.831040e-02 
-4.676819e-01 4.831040e-02 
-4.596024e-01 4.831040e-02 
-4.515229e-01 4.831040e-02 
-4.434434e-01 4.831040e-02 
-4.353638e-01 4.831040e-02 
-4.272843e-01 4.831040e-02 
-4.192048e-01 4.831040e-02 
-4.111253e-01 4.831040e-02 
-4.030458e-01 4.831040e-02 
-3.949662e-01 4.831040e-02 
-3.868867e-01 4.831040e-02 
-3.788072e-01 4.831040e-02 
-3.707277e-01 4.831040e-02 
-3.626482e-01 4.831040e-02 
-3.545686e-01 4.831040e-02 
-3.464891e-01 4.831040e-02 
-3.384096e-01 4.831040e-02 
-3.303301e-01 4.831040e-02 
-3.222506e-01 4.831040e-02 
-3.141710e-01 4.831040e-02 
-3.060915e-01 4.831040e-02 
-2.980120e-01 4.831040e-02 
-2.899325e-01 4.831040e-02 
-2.818530e-01 4.831040e-02 
-2.737734e-01 4.831040e-02 
-2.656939e-01 4.831040e-02 
-2.576144e-01 4.831040e-02 
-2.495349e-01 4.831040e-02 
-2.414554e-01 4.831040e-02 
-2.333758e-01 4.831040e-02 
-2.252963e-01 4.831040e-02 
-2.172168e-01 4.831040e-02 
-2.091373e-01 4.831040e-02 
-2.010578e-01 4.831040e-02 
-1.929782e-01 4.831040e-02 
-1.848987e-01 4.831040e-02 
-1.768192e-01 4.831040e-02 
-1.687397e-01 4.831040e-02 
-1.606602e-01 4.831040e-02 
-1.525806e-01 4.831040e-02 
-1.445011e-01 4.831040e-02 
-1.364216e-01 4.831040e-02 
-1.283421e-01 4.831040e-02 
-1.202626e-01 4.831040e-02 
-1.121830e-01 4.831040e-02 
-1.041035e-01 4.831040e-02 
-9.602400e-02 4.831040e-02 
-8.794448e-02 4.831040e-02 
-5.000000e-01 5.434920e-02 
-4.919522e-01 5.434920e-02 
-4.839044e-01 5.434920e-02 
-4.758566e-01 5.434920e-02 
-4.678088e-01 5.434920e-02 
-4.597610e-01 5.434920e-02 
-4.517132e-01 5.434920e-02 
-4.436654e-01 5.434920e-02 
-4.356177e-01 5.434920e-02 
-4.275699e-01 5.434920e-02 
-4.195221e-01 5.434920e-02 
-4.114743e-01 5.434920e-02 
-4.034265e-01 5.434920e-02 
-3.953787e-01 5.434920e-02 
-3.873309e-01 5.434920e-02 
-3.792831e-01 5.434920e-02 
-3.712353e-01 5.434920e-02 
-3.631875e-01 5.434920e-02 
-3.551397e-01 5.434920e-02 
-3.470919e-01 5.434920e-02 
-3.390441e-01 5.434920e-02 
-3.309963e-01 5.434920e-02 
-3.229485e-01 5.434920e-02 
-3.149008e-01 5.434920e-02 
-3.068530e-01 5.434920e-02 
-2.988052e-01 5.434920e-02 
-2.907574e-01 5.434920e-02 
-2.827096e-01 5.434920e-02 
-2.746618e-01 5.434920e-02 
-2.666140e-01 5.434920e-02 
-2.585662e-01 5.434920e-02 
-2.505184e-01 5.434920e-02 
-2.424706e-01 5.434920e-02 
-2.344228e-01 5.434920e-02 
-2.263750e-01 5.434920e-02 
-2.183272e-01 5.434920e-02 
-2.102794e-01 5.434920e-02 
-2.022316e-01 5.434920e-02 
-1.941839e-01 5.434920e-02 
-1.861361e-01 5.434920e-02 
-1.780883e-01 5.434920e-02 
-1.700405e-01 5.434920e-02 
-1.619927e-01 5.434920e-02 
-1.539449e-01 5.434920e-02 
-1.458971e-01 5.434920e-02 
-1.378493e-01 5.434920e-02 
-1.298015e-01 5.434920e-02 
-1.217537e-01 5.434920e-02 
-1.137059e-01 5.434920e-02 
-1.056581e-01 5.434920e-02 
-9.761033e-02 5.434920e-02 
-8.956254e-02 5.434920e-02 
-5.000000e-01 6.038800e-02 
-4.919839e-01 6.038800e-02 
-4.839679e-01 6.038800e-02 
-4.759518e-01 6.038800e-02 
-4.679357e-01 6.038800e-02 
-4.599197e-01 6.038800e-02 
-4.519036e-01 6.038800e-02 
-4.438875e-01 6.038800e-02 
-4.358715e-01 6.038800e-02 
-4.278554e-01 6.038800e-02 
-4.198393e-01 6.038800e-02 
-4.118233e-01 6.038800e-02 
-4.038072e-01 6.038800e-02 
-3.957911e-01 6.038800e-02 
-3.877751e-01 6.038800e-02 
-3.797590e-01 6.038800e-02 
-3.717429e-01 6.038800e-02 
-3.637269e-01 6.038800e-02 
-3.557108e-01 6.038800e-02 
-3.476947e-01 6.038800e-02 
-3.396787e-01 6.038800e-02 
-3.316626e-01 6.038800e-02 
-3.236465e-01 6.038800e-02 
-3.156305e-01 6.038800e-02 
-3.076144e-01 6.038800e-02 
-2.995983e-01 6.038800e-02 
-2.915823e-01 6.038800e-02 
-2.835662e-01 6.038800e-02 
-2.755501e-01 6.038800e-02 
-2.675341e-01 6.038800e-02 
-2.595180e-01 6.038800e-02 
-2.515019e-01 6.038800e-02 
-2.434859e-01 6.038800e-02 
-2.354698e-01 6.038800e-02 
-2.274537e-01 6.038800e-02 
-2.194377e-01 6.038800e-02 
-2.114216e-01 6.038800e-02 
-2.034055e-01 6.038800e-02 
-1.953895e-01 6.038800e-02 
-1.873734e-01 6.038800e-02 
-1.793573e-01 6.038800e-02 
-1.713413e-01 6.038800e-02 
-1.633252e-01 6.038800e-02 
-1.553091e-01 6.038800e-02 
-1.472931e-01 6.038800e-02 
-1.392770e-01 6.038800e-02 
-1.312609e-01 6.038800e-02 
-1.232449e-01 6.038800e-02 
-1.152288e-01 6.038800e-02 
-1.072127e-01 6.038800e-02 
-9.919667e-02 6.038800e-02 
-9.118060e-02 6.038800e-02 
-5.000000e-01 6.642680e-02 
-4.920157e-01 6.642680e-02 
-4.840313e-01 6.642680e-02 
-4.760470e-01 6.642680e-02 
-4.680626e-01 6.642680e-02 
-4.600783e-01 6.642680e-02 
-4.520940e-01 6.642680e-02 
-4.441096e-01 6.642680e-02 
-4.361253e-01 6.642680e-02 
-4.281409e-01 6.642680e-02 
-4.201566e-01 6.642680e-02 
-4.121723e-01 6.642680e-02 
-4.041879e-01 6.642680e-02 
-3.962036e-01 6.642680e-02 
-3.882192e-01 6.642680e-02 
-3.802349e-01 6.642680e-02 
-3.722506e-01 6.642680e-02 
-3.642662e-01 6.642680e-02 
-3.562819e-01 6.642680e-02 
-3.482975e-01 6.642680e-02 
-3.403132e-01 6.642680e-02 
-3.323289e-01 6.642680e-02 
-3.243445e-01 6.642680e-02 
-3.163602e-01 6.642680e-02 
-3.083758e-01 6.642680e-02 
-3.003915e-01 6.642680e-02 
-2.924072e-01 6.642680e-02 
-2.844228e-01 6.642680e-02 
-2.764385e-01 6.642680e-02 
-2.684541e-01 6.642680e-02 
-2.604698e-01 6.642680e-02 
-2.524855e-01 6.642680e-02 
-2.445011e-01 6.642680e-02 
-2.365168e-01 6.642680e-02 
-2.285324e-01 6.642680e-02 
-2.205481e-01 6.642680e-02 
-2.125638e-01 6.642680e-02 
-2.045794e-01 6.642680e-02 
-1.965951e-01 6.642680e-02 
-1.886107e-01 6.642680e-02 
-1.806264e-01 6.642680e-02 
-1.726421e-01 6.642680e-02 
-1.646577e-01 6.642680e-02 
-1.566734e-01 6.642680e-02 
-1.486890e-01 6.642680e-02 
-1.407047e-01 6.642680e-02 
-1.327204e-01 6.642680e-02 
-1.247360e-01 6.642680e-02 
-1.167517e-01 6.642680e-02 
-1.087673e-01 6.642680e-02 
-1.007830e-01 6.642680e-02 
-9.279866e-02 6.642680e-02 
-5.000000e-01 7.246560e-02 
-4.920474e-01 7.246560e-02 
-4.840948e-01 7.246560e-02 
-4.761422e-01 7.246560e-02 
-4.681895e-01 7.246560e-02 
-4.602369e-01 7.246560e-02 
-4.522843e-01 7.246560e-02 
-4.443317e-01 7.246560e-02 
-4.363791e-01 7.246560e-02 
-4.284265e-01 7.246560e-02 
-4.204739e-01 7.246560e-02 
-4.125213e-01 7.246560e-02 
-4.045686e-01 7.246560e-02 
-3.966160e-01 7.246560e-02 
-3.886634e-01 7.246560e-02 
-3.807108e-01 7.246560e-02 
-3.727582e-01 7.246560e-02 
-3.648056e-01 7.246560e-02 
-3.568530e-01 7.246560e-02 
-3.489003e-01 7.246560e-02 
-3.409477e-01 7.246560e-02 
-3.329951e-01 7.246560e-02 
-3.250425e-01 7.246560e-02 
-3.170899e-01 7.246560e-02 
-3.091373e-01 7.246560e-02 
-3.011847e-01 7.246560e-02 
-2.932321e-01 7.246560e-02 
-2.852794e-01 7.246560e-02 
-2.773268e-01 7.246560e-02 
-2.693742e-01 7.246560e-02 
-2.614216e-01 7.246560e-02 
-2.534690e-01 7.246560e-02 
-2.455164e-01 7.246560e-02 
-2.375638e-01 7.246560e-02 
-2.296111e-01 7.246560e-02 
-2.216585e-01 7.246560e-02 
-2.137059e-01 7.246560e-02 
-2.057533e-01 7.246560e-02 
-1.978007e-01 7.246560e-02 
-1.898481e-01 7.246560e-02 
-1.818955e-01 7.246560e-02 
-1.739429e-01 7.246560e-02 
-1.659902e-01 7.246560e-02 
-1.580376e-01 7.246560e-02 
-1.500850e-01 7.246560e-02 
-1.421324e-01 7.246560e-02 
-1.341798e-01 7.246560e-02 
-1.262272e-01 7.246560e-02 
-1.182746e-01 7.246560e-02 
-1.103219e-01 7.246560e-02 
-1.023693e-01 7.246560e-02 
-9.441672e-02 7.246560e-02 
-5.000000e-01 7.850440e-02 
-4.920791e-01 7.850440e-02 
-4.841582e-01 7.850440e-02 
-4.762373e-01 7.850440e-02 
-4.683165e-01 7.850440e-02 
-4.603956e-01 7.850440e-02 
-4.524747e-01 7.850440e-02 
-4.445538e-01 7.850440e-02 
-4.366329e-01 7.850440e-02 
-4.287120e-01 7.850440e-02 
-4.207911e-01 7.850440e-02 
-4.128702e-01 7.850440e-02 
-4.049494e-01 7.850440e-02 
-3.970285e-01 7.850440e-02 
-3.891076e-01 7.850440e-02 
-3.811867e-01 7.850440e-02 
-3.732658e-01 7.850440e-02 
-3.653449e-01 7.850440e-02 
-3.574240e-01 7.850440e-02 
-3.495032e-01 7.850440e-02 
-3.415823e-01 7.850440e-02 
-3.336614e-01 7.850440e-02 
-3.257405e-01 7.850440e-02 
-3.178196e-01 7.850440e-02 
-3.098987e-01 7.850440e-02 
-3.019778e-01 7.850440e-02 
-2.940569e-01 7.850440e-02 
-2.861361e-01 7.850440e-02 
-2.782152e-01 7.850440e-02 
-2.702943e-01 7.850440e-02 
-2.623734e-01 7.850440e-02 
-2.544525e-01 7.850440e-02 
-2.465316e-01 7.850440e-02 
-2.386107e-01 7.850440e-02 
-2.306899e-01 7.850440e-02 
-2.227690e-01 7.850440e-02 
-2.148481e-01 7.850440e-02 
-2.069272e-01 7.850440e-02 
-1.990063e-01 7.850440e-02 
-1.910854e-01 7.850440e-02 
-1.831645e-01 7.850440e-02 
-1.752436e-01 7.850440e-02 
-1.673228e-01 7.850440e-02 
-1.594019e-01 7.850440e-02 
-1.514810e-01 7.850440e-02 
-1.435601e-01 7.850440e-02 
-1.356392e-01 7.850440e-02 
-1.277183e-01 7.850440e-02 
-1.197974e-01 7.850440e-02 
-1.118766e-01 7.850440e-02 
-1.039557e-01 7.850440e-02 
-9.603478e-02 7.850440e-02 
-5.000000e-01 8.454320e-02 
-4.921108e-01 8.454320e-02 
-4.842217e-01 8.454320e-02 
-4.763325e-01 8.454320e-02 
-4.684434e-01 8.454320e-02 
-4.605542e-01 8.454320e-02 
-4.526650e-01 8.454320e-02 
-4.447759e-01 8.454320e-02 
-4.368867e-01 8.454320e-02 
-4.289976e-01 8.454320e-02 
-4.211084e-01 8.454320e-02 
-4.132192e-01 8.454320e-02 
-4.053301e-01 8.454320e-02 
-3.974409e-01 8.454320e-02 
-3.895518e-01 8.454320e-02 
-3.816626e-01 8.454320e-02 
-3.737734e-01 8.454320e-02 
-3.658843e-01 8.454320e-02 
-3.579951e-01 8.454320e-02 
-3.501060e-01 8.454320e-02 
-3.422168e-01 8.454320e-02 
-3.343276e-01 8.454320e-02 
-3.264385e-01 8.454320e-02 
-3.185493e-01 8.454320e-02 
-3.106602e-01 8.454320e-02 
-3.027710e-01 8.454320e-02 
-2.948818e-01 8.454320e-02 
-2.869927e-01 8.454320e-02 
-2.791035e-01 8.454320e-02 
-2.712144e-01 8.454320e-02 
-2.633252e-01 8.454320e-02 
-2.554360e-01 8.454320e-02 
-2.475469e-01 8.454320e-02 
-2.396577e-01 8.454320e-02 
-2.317686e-01 8.454320e-02 
-2.238794e-01 8.454320e-02 
-2.159902e-01 8.454320e-02 
-2.081011e-01 8.454320e-02 
-2.002119e-01 8.454320e-02 
-1.923228e-01 8.454320e-02 
-1.844336e-01 8.454320e-02 
-1.765444e-01 8.454320e-02 
-1.686553e-01 8.454320e-02 
-1.607661e-01 8.454320e-02 
-1.528770e-01 8.454320e-02 
-1.449878e-01 8.454320e-02 
-1.370986e-01 8.454320e-02 
-1.292095e-01 8.454320e-02 
-1.213203e-01 8.454320e-02 
-1.134312e-01 8.454320e-02 
-1.055420e-01 8.454320e-02 
-9.765284e-02 8.454320e-02 
-5.000000e-01 9.058200e-02 
-4.921426e-01 9.058200e-02 
-4.842851e-01 9.058200e-02 
-4.764277e-01 9.058200e-02 
-4.685703e-01 9.058200e-02 
-4.607128e-01 9.058200e-02 
-4.528554e-01 9.058200e-02 
-4.449980e-01 9.058200e-02 
-4.371405e-01 9.058200e-02 
-4.292831e-01 9.058200e-02 
-4.214257e-01 9.058200e-02 
-4.135682e-01 9.058200e-02 
-4.057108e-01 9.058200e-02 
-3.978534e-01 9.058200e-02 
-3.899959e-01 9.058200e-02 
-3.821385e-01 9.058200e-02 
-3.742811e-01 9.058200e-02 
-3.664236e-01 9.058200e-02 
-3.585662e-01 9.058200e-02 
-3.507088e-01 9.058200e-02 
-3.428513e-01 9.058200e-02 
-3.349939e-01 9.058200e-02 
-3.271365e-01 9.058200e-02 
-3.192790e-01 9.058200e-02 
-3.114216e-01 9.058200e-02 
-3.035642e-01 9.058200e-02 
-2.957067e-01 9.058200e-02 
-2.878493e-01 9.058200e-02 
-2.799919e-01 9.058200e-02 
-2.721344e-01 9.058200e-02 
-2.642770e-01 9.058200e-02 
-2.564196e-01 9.058200e-02 
-2.485621e-01 9.058200e-02 
-2.407047e-01 9.058200e-02 
-2.328473e-01 9.058200e-02 
-2.249898e-01 9.058200e-02 
-2.171324e-01 9.058200e-02 
-2.092750e-01 9.058200e-02 
-2.014175e-01 9.058200e-02 
-1.935601e-01 9.058200e-02 
-1.857027e-01 9.058200e-02 
-1.778452e-01 9.058200e-02 
-1.699878e-01 9.058200e-02 
-1.621304e-01 9.058200e-02 
-1.542729e-01 9.058200e-02 
-1.464155e-01 9.058200e-02 
-1.385581e-01 9.058200e-02 
-1.307006e-01 9.058200e-02 
-1.228432e-01 9.058200e-02 
-1.149858e-01 9.058200e-02 
-1.071283e-01 9.058200e-02 
-9.927090e-02 9.058200e-02 
-5.000000e-01 9.662080e-02 
-4.921743e-01 9.662080e-02 
-4.843486e-01 9.662080e-02 
-4.765229e-01 9.662080e-02 
-4.686972e-01 9.662080e-02 
-4.608715e-01 9.662080e-02 
-4.530458e-01 9.662080e-02 
-4.452201e-01 9.662080e-02 
-4.373943e-01 9.662080e-02 
-4.295686e-01 9.662080e-02 
-4.217429e-01 9.662080e-02 
-4.139172e-01 9.662080e-02 
-4.060915e-01 9.662080e-02 
-3.982658e-01 9.662080e-02 
-3.904401e-01 9.662080e-02 
-3.826144e-01 9.662080e-02 
-3.747887e-01 9.662080e-02 
-3.669630e-01 9.662080e-02 
-3.591373e-01 9.662080e-02 
-3.513116e-01 9.662080e-02 
-3.434859e-01 9.662080e-02 
-3.356602e-01 9.662080e-02 
-3.278345e-01 9.662080e-02 
-3.200087e-01 9.662080e-02 
-3.121830e-01 9.662080e-02 
-3.043573e-01 9.662080e-02 
-2.965316e-01 9.662080e-02 
-2.887059e-01 9.662080e-02 
-2.808802e-01 9.662080e-02 
-2.730545e-01 9.662080e-02 
-2.652288e-01 9.662080e-02 
-2.574031e-01 9.662080e-02 
-2.495774e-01 9.662080e-02 
-2.417517e-01 9.662080e-02 
-2.339260e-01 9.662080e-02 
-2.261003e-01 9.662080e-02 
-2.182746e-01 9.662080e-02 
-2.104489e-01 9.662080e-02 
-2.026231e-01 9.662080e-02 
-1.947974e-01 9.662080e-02 
-1.869717e-01 9.662080e-02 
-1.791460e-01 9.662080e-02 
-1.713203e-01 9.662080e-02 
-1.634946e-01 9.662080e-02 
-1.556689e-01 9.662080e-02 
-1.478432e-01 9.662080e-02 
-1.400175e-01 9.662080e-02 
-1.321918e-01 9.662080e-02 
-1.243661e-01 9.662080e-02 
-1.165404e-01 9.662080e-02 
-1.087147e-01 9.662080e-02 
-1.008890e-01 9.662080e-02 
-5.000000e-01 1.026596e-01 
-4.922060e-01 1.026596e-01 
-4.844120e-01 1.026596e-01 
-4.766181e-01 1.026596e-01 
-4.688241e-01 1.026596e-01 
-4.610301e-01 1.026596e-01 
-4.532361e-01 1.026596e-01 
-4.454421e-01 1.026596e-01 
-4.376482e-01 1.026596e-01 
-4.298542e-01 1.026596e-01 
-4.220602e-01 1.026596e-01 
-4.142662e-01 1.026596e-01 
-4.064722e-01 1.026596e-01 
-3.986783e-01 1.026596e-01 
-3.908843e-01 1.026596e-01 
-3.830903e-01 1.026596e-01 
-3.752963e-01 1.026596e-01 
-3.675023e-01 1.026596e-01 
-3.597084e-01 1.026596e-01 
-3.519144e-01 1.026596e-01 
-3.441204e-01 1.026596e-01 
-3.363264e-01 1.026596e-01 
-3.285324e-01 1.026596e-01 
-3.207385e-01 1.026596e-01 
-3.129445e-01 1.026596e-01 
-3.051505e-01 1.026596e-01 
-2.973565e-01 1.026596e-01 
-2.895625e-01 1.026596e-01 
-2.817686e-01 1.026596e-01 
-2.739746e-01 1.026596e-01 
-2.661806e-01 1.026596e-01 
-2.583866e-01 1.026596e-01 
-2.505926e-01 1.026596e-01 
-2.427987e-01 1.026596e-01 
-2.350047e-01 1.026596e-01 
-2.272107e-01 1.026596e-01 
-2.194167e-01 1.026596e-01 
-2.116227e-01 1.026596e-01 
-2.038288e-01 1.026596e-01 
-1.960348e-01 1.026596e-01 
-1.882408e-01 1.026596e-01 
-1.804468e-01 1.026596e-01 
-1.726528e-01 1.026596e-01 
-1.648589e-01 1.026596e-01 
-1.570649e-01 1.026596e-01 
-1.492709e-01 1.026596e-01 
-1.414769e-01 1.026596e-01 
-1.336829e-01 1.026596e-01 
-1.258890e-01 1.026596e-01 
-1.180950e-01 1.026596e-01 
-1.103010e-01 1.026596e-01 
-1.025070e-01 1.026596e-01 
-5.000000e-01 1.086984e-01 
-4.922377e-01 1.086984e-01 
-4.844755e-01 1.086984e-01 
-4.767132e-01 1.086984e-01 
-4.689510e-01 1.086984e-01 
-4.611887e-01 1.086984e-01 
-4.534265e-01 1.086984e-01 
-4.456642e-01 1.086984e-01 
-4.379020e-01 1.086984e-01 
-4.301397e-01 1.086984e-01 
-4.223775e-01 1.086984e-01 
-4.146152e-01 1.086984e-01 
-4.068530e-01 1.086984e-01 
-3.990907e-01 1.086984e-01 
-3.913285e-01 1.086984e-01 
-3.835662e-01 1.086984e-01 
-3.758039e-01 1.086984e-01 
-3.680417e-01 1.086984e-01 
-3.602794e-01 1.086984e-01 
-3.525172e-01 1.086984e-01 
-3.447549e-01 1.086984e-01 
-3.369927e-01 1.086984e-01 
-3.292304e-01 1.086984e-01 
-3.214682e-01 1.086984e-01 
-3.137059e-01 1.086984e-01 
-3.059437e-01 1.086984e-01 
-2.981814e-01 1.086984e-01 
-2.904192e-01 1.086984e-01 
-2.826569e-01 1.086984e-01 
-2.748947e-01 1.086984e-01 
-2.671324e-01 1.086984e-01 
-2.593701e-01 1.086984e-01 
-2.516079e-01 1.086984e-01 
-2.438456e-01 1.086984e-01 
-2.360834e-01 1.086984e-01 
-2.283211e-01 1.086984e-01 
-2.205589e-01 1.086984e-01 
-2.127966e-01 1.086984e-01 
-2.050344e-01 1.086984e-01 
-1.972721e-01 1.086984e-01 
-1.895099e-01 1.086984e-01 
-1.817476e-01 1.086984e-01 
-1.739854e-01 1.086984e-01 
-1.662231e-01 1.086984e-01 
-1.584609e-01 1.086984e-01 
-1.506986e-01 1.086984e-01 
-1.429363e-01 1.086984e-01 
-1.351741e-01 1.086984e-01 
-1.274118e-01 1.086984e-01 
-1.196496e-01 1.086984e-01 
-1.118873e-01 1.086984e-01 
-1.041251e-01 1.086984e-01 
-5.000000e-01 1.147372e-01 
-4.922695e-01 1.147372e-01 
-4.845389e-01 1.147372e-01 
-4.768084e-01 1.147372e-01 
-4.690779e-01 1.147372e-01 
-4.613474e-01 1.147372e-01 
-4.536168e-01 1.147372e-01 
-4.458863e-01 1.147372e-01 
-4.381558e-01 1.147372e-01 
-4.304253e-01 1.147372e-01 
-4.226947e-01 1.147372e-01 
-4.149642e-01 1.147372e-01 
-4.072337e-01 1.147372e-01 
-3.995032e-01 1.147372e-01 
-3.917726e-01 1.147372e-01 
-3.840421e-01 1.147372e-01 
-3.763116e-01 1.147372e-01 
-3.685810e-01 1.147372e-01 
-3.608505e-01 1.147372e-01 
-3.531200e-01 1.147372e-01 
-3.453895e-01 1.147372e-01 
-3.376589e-01 1.147372e-01 
-3.299284e-01 1.147372e-01 
-3.221979e-01 1.147372e-01 
-3.144674e-01 1.147372e-01 
-3.067368e-01 1.147372e-01 
-2.990063e-01 1.147372e-01 
-2.912758e-01 1.147372e-01 
-2.835453e-01 1.147372e-01 
-2.758147e-01 1.147372e-01 
-2.680842e-01 1.147372e-01 
-2.603537e-01 1.147372e-01 
-2.526231e-01 1.147372e-01 
-2.448926e-01 1.147372e-01 
-2.371621e-01 1.147372e-01 
-2.294316e-01 1.147372e-01 
-2.217010e-01 1.147372e-01 
-2.139705e-01 1.147372e-01 
-2.062400e-01 1.147372e-01 
-1.985095e-01 1.147372e-01 
-1.907789e-01 1.147372e-01 
-1.830484e-01 1.147372e-01 
-1.753179e-01 1.147372e-01 
-1.675874e-01 1.147372e-01 
-1.598568e-01 1.147372e-01 
-1.521263e-01 1.147372e-01 
-1.443958e-01 1.147372e-01 
-1.366652e-01 1.147372e-01 
-1.289347e-01 1.147372e-01 
-1.212042e-01 1.147372e-01 
-1.134737e-01 1.147372e-01 
-1.057431e-01 1.147372e-01 
-5.000000e-01 1.207760e-01 
-4.923012e-01 1.207760e-01 
-4.846024e-01 1.207760e-01 
-4.769036e-01 1.207760e-01 
-4.692048e-01 1.207760e-01 
-4.615060e-01 1.207760e-01 
-4.538072e-01 1.207760e-01 
-4.461084e-01 1.207760e-01 
-4.384096e-01 1.207760e-01 
-4.307108e-01 1.207760e-01 
-4.230120e-01 1.207760e-01 
-4.153132e-01 1.207760e-01 
-4.076144e-01 1.207760e-01 
-3.999156e-01 1.207760e-01 
-3.922168e-01 1.207760e-01 
-3.845180e-01 1.207760e-01 
-3.768192e-01 1.207760e-01 
-3.691204e-01 1.207760e-01 
-3.614216e-01 1.207760e-01 
-3.537228e-01 1.207760e-01 
-3.460240e-01 1.207760e-01 
-3.383252e-01 1.207760e-01 
-3.306264e-01 1.207760e-01 
-3.229276e-01 1.207760e-01 
-3.152288e-01 1.207760e-01 
-3.075300e-01 1.207760e-01 
-2.998312e-01 1.207760e-01 
-2.921324e-01 1.207760e-01 
-2.844336e-01 1.207760e-01 
-2.767348e-01 1.207760e-01 
-2.690360e-01 1.207760e-01 
-2.613372e-01 1.207760e-01 
-2.536384e-01 1.207760e-01 
-2.459396e-01 1.207760e-01 
-2.382408e-01 1.207760e-01 
-2.305420e-01 1.207760e-01 
-2.228432e-01 1.207760e-01 
-2.151444e-01 1.207760e-01 
-2.074456e-01 1.207760e-01 
-1.997468e-01 1.207760e-01 
-1.920480e-01 1.207760e-01 
-1.843492e-01 1.207760e-01 
-1.766504e-01 1.207760e-01 
-1.689516e-01 1.207760e-01 
-1.612528e-01 1.207760e-01 
-1.535540e-01 1.207760e-01 
-1.458552e-01 1.207760e-01 
-1.381564e-01 1.207760e-01 
-1.304576e-01 1.207760e-01 
-1.227588e-01 1.207760e-01 
-1.150600e-01 1.207760e-01 
-1.073612e-01 1.207760e-01 
-5.000000e-01 1.268148e-01 
-4.923329e-01 1.268148e-01 
-4.846659e-01 1.268148e-01 
-4.769988e-01 1.268148e-01 
-4.693317e-01 1.268148e-01 
-4.616646e-01 1.268148e-01 
-4.539976e-01 1.268148e-01 
-4.463305e-01 1.268148e-01 
-4.386634e-01 1.268148e-01 
-4.309963e-01 1.268148e-01 
-4.233293e-01 1.268148e-01 
-4.156622e-01 1.268148e-01 
-4.079951e-01 1.268148e-01 
-4.003280e-01 1.268148e-01 
-3.926610e-01 1.268148e-01 
-3.849939e-01 1.268148e-01 
-3.773268e-01 1.268148e-01 
-3.696598e-01 1.268148e-01 
-3.619927e-01 1.268148e-01 
-3.543256e-01 1.268148e-01 
-3.466585e-01 1.268148e-01 
-3.389915e-01 1.268148e-01 
-3.313244e-01 1.268148e-01 
-3.236573e-01 1.268148e-01 
-3.159902e-01 1.268148e-01 
-3.083232e-01 1.268148e-01 
-3.006561e-01 1.268148e-01 
-2.929890e-01 1.268148e-01 
-2.853219e-01 1.268148e-01 
-2.776549e-01 1.268148e-01 
-2.699878e-01 1.268148e-01 
-2.623207e-01 1.268148e-01 
-2.546537e-01 1.268148e-01 
-2.469866e-01 1.268148e-01 
-2.393195e-01 1.268148e-01 
-2.316524e-01 1.268148e-01 
-2.239854e-01 1.268148e-01 
-2.163183e-01 1.268148e-01 
-2.086512e-01 1.268148e-01 
-2.009841e-01 1.268148e-01 
-1.933171e-01 1.268148e-01 
-1.856500e-01 1.268148e-01 
-1.779829e-01 1.268148e-01 
-1.703158e-01 1.268148e-01 
-1.626488e-01 1.268148e-01 
-1.549817e-01 1.268148e-01 
-1.473146e-01 1.268148e-01 
-1.396476e-01 1.268148e-01 
-1.319805e-01 1.268148e-01 
-1.243134e-01 1.268148e-01 
-1.166463e-01 1.268148e-01 
-1.089793e-01 1.268148e-01 
-5.000000e-01 1.328536e-01 
-4.923647e-01 1.328536e-01 
-4.847293e-01 1.328536e-01 
-4.770940e-01 1.328536e-01 
-4.694586e-01 1.328536e-01 
-4.618233e-01 1.328536e-01 
-4.541879e-01 1.328536e-01 
-4.465526e-01 1.328536e-01 
-4.389172e-01 1.328536e-01 
-4.312819e-01 1.328536e-01 
-4.236465e-01 1.328536e-01 
-4.160112e-01 1.328536e-01 
-4.083758e-01 1.328536e-01 
-4.007405e-01 1.328536e-01 
-3.931051e-01 1.328536e-01 
-3.854698e-01 1.328536e-01 
-3.778345e-01 1.328536e-01 
-3.701991e-01 1.328536e-01 
-3.625638e-01 1.328536e-01 
-3.549284e-01 1.328536e-01 
-3.472931e-01 1.328536e-01 
-3.396577e-01 1.328536e-01 
-3.320224e-01 1.328536e-01 
-3.243870e-01 1.328536e-01 
-3.167517e-01 1.328536e-01 
-3.091163e-01 1.328536e-01 
-3.014810e-01 1.328536e-01 
-2.938456e-01 1.328536e-01 
-2.862103e-01 1.328536e-01 
-2.785749e-01 1.328536e-01 
-2.709396e-01 1.328536e-01 
-2.633043e-01 1.328536e-01 
-2.556689e-01 1.328536e-01 
-2.480336e-01 1.328536e-01 
-2.403982e-01 1.328536e-01 
-2.327629e-01 1.328536e-01 
-2.251275e-01 1.328536e-01 
-2.174922e-01 1.328536e-01 
-2.098568e-01 1.328536e-01 
-2.022215e-01 1.328536e-01 
-1.945861e-01 1.328536e-01 
-1.869508e-01 1.328536e-01 
-1.793154e-01 1.328536e-01 
-1.716801e-01 1.328536e-01 
-1.640447e-01 1.328536e-01 
-1.564094e-01 1.328536e-01 
-1.487741e-01 1.328536e-01 
-1.411387e-01 1.328536e-01 
-1.335034e-01 1.328536e-01 
-1.258680e-01 1.328536e-01 
-1.182327e-01 1.328536e-01 
-1.105973e-01 1.328536e-01 
-5.000000e-01 1.388924e-01 
-4.923964e-01 1.388924e-01 
-4.847928e-01 1.388924e-01 
-4.771891e-01 1.388924e-01 
-4.695855e-01 1.388924e-01 
-4.619819e-01 1.388924e-01 
-4.543783e-01 1.388924e-01 
-4.467747e-01 1.388924e-01 
-4.391710e-01 1.388924e-01 
-4.315674e-01 1.388924e-01 
-4.239638e-01 1.388924e-01 
-4.163602e-01 1.388924e-01 
-4.087566e-01 1.388924e-01 
-4.011529e-01 1.388924e-01 
-3.935493e-01 1.388924e-01 
-3.859457e-01 1.388924e-01 
-3.783421e-01 1.388924e-01 
-3.707385e-01 1.388924e-01 
-3.631348e-01 1.388924e-01 
-3.555312e-01 1.388924e-01 
-3.479276e-01 1.388924e-01 
-3.403240e-01 1.388924e-01 
-3.327204e-01 1.388924e-01 
-3.251167e-01 1.388924e-01 
-3.175131e-01 1.388924e-01 
-3.099095e-01 1.388924e-01 
-3.023059e-01 1.388924e-01 
-2.947023e-01 1.388924e-01 
-2.870986e-01 1.388924e-01 
-2.794950e-01 1.388924e-01 
-2.718914e-01 1.388924e-01 
-2.642878e-01 1.388924e-01 
-2.566842e-01 1.388924e-01 
-2.490805e-01 1.388924e-01 
-2.414769e-01 1.388924e-01 
-2.338733e-01 1.388924e-01 
-2.262697e-01 1.388924e-01 
-2.186661e-01 1.388924e-01 
-2.110624e-01 1.388924e-01 
-2.034588e-01 1.388924e-01 
-1.958552e-01 1.388924e-01 
-1.882516e-01 1.388924e-01 
-1.806480e-01 1.388924e-01 
-1.730443e-01 1.388924e-01 
-1.654407e-01 1.388924e-01 
-1.578371e-01 1.388924e-01 
-1.502335e-01 1.388924e-01 
-1.426299e-01 1.388924e-01 
-1.350262e-01 1.388924e-01 
-1.274226e-01 1.388924e-01 
-1.198190e-01 1.388924e-01 
-1.122154e-01 1.388924e-01 
-5.000000e-01 1.449312e-01 
-4.924281e-01 1.449312e-01 
-4.848562e-01 1.449312e-01 
-4.772843e-01 1.449312e-01 
-4.697124e-01 1.449312e-01 
-4.621405e-01 1.449312e-01 
-4.545686e-01 1.449312e-01 
-4.469967e-01 1.449312e-01 
-4.394249e-01 1.449312e-01 
-4.318530e-01 1.449312e-01 
-4.242811e-01 1.449312e-01 
-4.167092e-01 1.449312e-01 
-4.091373e-01 1.449312e-01 
-4.015654e-01 1.449312e-01 
-3.939935e-01 1.449312e-01 
-3.864216e-01 1.449312e-01 
-3.788497e-01 1.449312e-01 
-3.712778e-01 1.449312e-01 
-3.637059e-01 1.449312e-01 
-3.561340e-01 1.449312e-01 
-3.485621e-01 1.449312e-01 
-3.409902e-01 1.449312e-01 
-3.334183e-01 1.449312e-01 
-3.258465e-01 1.449312e-01 
-3.182746e-01 1.449312e-01 
-3.107027e-01 1.449312e-01 
-3.031308e-01 1.449312e-01 
-2.955589e-01 1.449312e-01 
-2.879870e-01 1.449312e-01 
-2.804151e-01 1.449312e-01 
-2.728432e-01 1.449312e-01 
-2.652713e-01 1.449312e-01 
-2.576994e-01 1.449312e-01 
-2.501275e-01 1.449312e-01 
-2.425556e-01 1.449312e-01 
-2.349837e-01 1.449312e-01 
-2.274118e-01 1.449312e-01 
-2.198399e-01 1.449312e-01 
-2.122681e-01 1.449312e-01 
-2.046962e-01 1.449312e-01 
-1.971243e-01 1.449312e-01 
-1.895524e-01 1.449312e-01 
-1.819805e-01 1.449312e-01 
-1.744086e-01 1.449312e-01 
-1.668367e-01 1.449312e-01 
-1.592648e-01 1.449312e-01 
-1.516929e-01 1.449312e-01 
-1.441210e-01 1.449312e-01 
-1.365491e-01 1.449312e-01 
-1.289772e-01 1.449312e-01 
-1.214053e-01 1.449312e-01 
-1.138334e-01 1.449312e-01 
-5.000000e-01 1.509700e-01 
-4.924598e-01 1.509700e-01 
-4.849197e-01 1.509700e-01 
-4.773795e-01 1.509700e-01 
-4.698393e-01 1.509700e-01 
-4.622992e-01 1.509700e-01 
-4.547590e-01 1.509700e-01 
-4.472188e-01 1.509700e-01 
-4.396787e-01 1.509700e-01 
-4.321385e-01 1.509700e-01 
-4.245983e-01 1.509700e-01 
-4.170582e-01 1.509700e-01 
-4.095180e-01 1.509700e-01 
-4.019778e-01 1.509700e-01 
-3.944377e-01 1.509700e-01 
-3.868975e-01 1.509700e-01 
-3.793573e-01 1.509700e-01 
-3.718172e-01 1.509700e-01 
-3.642770e-01 1.509700e-01 
-3.567368e-01 1.509700e-01 
-3.491967e-01 1.509700e-01 
-3.416565e-01 1.509700e-01 
-3.341163e-01 1.509700e-01 
-3.265762e-01 1.509700e-01 
-3.190360e-01 1.509700e-01 
-3.114958e-01 1.509700e-01 
-3.039557e-01 1.509700e-01 
-2.964155e-01 1.509700e-01 
-2.888753e-01 1.509700e-01 
-2.813352e-01 1.509700e-01 
-2.737950e-01 1.509700e-01 
-2.662548e-01 1.509700e-01 
-2.587147e-01 1.509700e-01 
-2.511745e-01 1.509700e-01 
-2.436343e-01 1.509700e-01 
-2.360942e-01 1.509700e-01 
-2.285540e-01 1.509700e-01 
-2.210138e-01 1.509700e-01 
-2.134737e-01 1.509700e-01 
-2.059335e-01 1.509700e-01 
-1.983933e-01 1.509700e-01 
-1.908532e-01 1.509700e-01 
-1.833130e-01 1.509700e-01 
-1.757728e-01 1.509700e-01 
-1.682327e-01 1.509700e-01 
-1.606925e-01 1.509700e-01 
-1.531523e-01 1.509700e-01 
-1.456122e-01 1.509700e-01 
-1.380720e-01 1.509700e-01 
-1.305318e-01 1.509700e-01 
-1.229917e-01 1.509700e-01 
-1.154515e-01 1.509700e-01 
-5.000000e-01 1.570088e-01 
-4.924916e-01 1.570088e-01 
-4.849831e-01 1.570088e-01 
-4.774747e-01 1.570088e-01 
-4.699662e-01 1.570088e-01 
-4.624578e-01 1.570088e-01 
-4.549494e-01 1.570088e-01 
-4.474409e-01 1.570088e-01 
-4.399325e-01 1.570088e-01 
-4.324240e-01 1.570088e-01 
-4.249156e-01 1.570088e-01 
-4.174072e-01 1.570088e-01 
-4.098987e-01 1.570088e-01 
-4.023903e-01 1.570088e-01 
-3.948818e-01 1.570088e-01 
-3.873734e-01 1.570088e-01 
-3.798650e-01 1.570088e-01 
-3.723565e-01 1.570088e-01 
-3.648481e-01 1.570088e-01 
-3.573396e-01 1.570088e-01 
-3.498312e-01 1.570088e-01 
-3.423228e-01 1.570088e-01 
-3.348143e-01 1.570088e-01 
-3.273059e-01 1.570088e-01 
-3.197974e-01 1.570088e-01 
-3.122890e-01 1.570088e-01 
-3.047806e-01 1.570088e-01 
-2.972721e-01 1.570088e-01 
-2.897637e-01 1.570088e-01 
-2.822552e-01 1.570088e-01 
-2.747468e-01 1.570088e-01 
-2.672384e-01 1.570088e-01 
-2.597299e-01 1.570088e-01 
-2.522215e-01 1.570088e-01 
-2.447130e-01 1.570088e-01 
-2.372046e-01 1.570088e-01 
-2.296962e-01 1.570088e-01 
-2.221877e-01 1.570088e-01 
-2.146793e-01 1.570088e-01 
-2.071708e-01 1.570088e-01 
-1.996624e-01 1.570088e-01 
-1.921540e-01 1.570088e-01 
-1.846455e-01 1.570088e-01 
-1.771371e-01 1.570088e-01 
-1.696286e-01 1.570088e-01 
-1.621202e-01 1.570088e-01 
-1.546118e-01 1.570088e-01 
-1.471033e-01 1.570088e-01 
-1.395949e-01 1.570088e-01 
-1.320864e-01 1.570088e-01 
-1.245780e-01 1.570088e-01 
-1.170696e-01 1.570088e-01 
BC
4
4
4
4
4
4
4
4
4
4
4
4
4
4
4
4
4
4
4
4
4
4
4
4
4
4
4
4
4
4
4
4
4
4
4
4
4
4
4
4
4
4
4
4
4
4
4
4
4
4
4
-1
-1
-1
-1
-1
-1
-1
-1
-1
-1
-1
-1
-1
-1
-1
-1
-1
-1
-1
-1
-1
-1
-1
-1
-1
-1
-1
-1
-1
-1
-1
-1
-1
-1
-1
-1
-1
-1
-1
-1
-1
-1
-1
-1
-1
-1
-1
-1
-1
-1
-1
-1
-1
-1
-1
-1
-1
-1
-1
-1
-1
-1
-1
-1
-1
-1
-1
-1
-1
-1
-1
-1
-1
-1
-1
-1
-1
1
1
1
1
1
1
1
1
1
1
1
1
1
1
1
1
1
1
1
1
1
1
1
1
1
1
