npartb: 4 2 
ipartb: 2 0 
ngrid: 52 27 
1.159336e+00 2.645828e-01 
1.162208e+00 2.645221e-01 
1.165126e+00 2.644605e-01 
1.168090e+00 2.643978e-01 
1.171102e+00 2.643342e-01 
1.174161e+00 2.642695e-01 
1.177269e+00 2.642039e-01 
1.180427e+00 2.641371e-01 
1.183635e+00 2.640693e-01 
1.186895e+00 2.640004e-01 
1.190208e+00 2.639304e-01 
1.193573e+00 2.638593e-01 
1.196993e+00 2.637870e-01 
1.200469e+00 2.637136e-01 
1.204000e+00 2.636389e-01 
1.207589e+00 2.635631e-01 
1.211236e+00 2.634860e-01 
1.214942e+00 2.634077e-01 
1.218709e+00 2.633281e-01 
1.222537e+00 2.632472e-01 
1.226427e+00 2.631650e-01 
1.230381e+00 2.630815e-01 
1.234400e+00 2.629965e-01 
1.238484e+00 2.629102e-01 
1.242635e+00 2.628225e-01 
1.246854e+00 2.627333e-01 
1.251143e+00 2.626427e-01 
1.255502e+00 2.625506e-01 
1.259932e+00 2.624570e-01 
1.264436e+00 2.623618e-01 
1.269013e+00 2.622651e-01 
1.273667e+00 2.621667e-01 
1.278397e+00 2.620668e-01 
1.283205e+00 2.619652e-01 
1.288092e+00 2.618619e-01 
1.293060e+00 2.617569e-01 
1.298111e+00 2.616502e-01 
1.303245e+00 2.615417e-01 
1.308464e+00 2.614314e-01 
1.313770e+00 2.613192e-01 
1.319164e+00 2.612053e-01 
1.324647e+00 2.610894e-01 
1.330221e+00 2.609716e-01 
1.335888e+00 2.608518e-01 
1.341650e+00 2.607301e-01 
1.347507e+00 2.606063e-01 
1.353461e+00 2.604805e-01 
1.359515e+00 2.603525e-01 
1.365670e+00 2.602225e-01 
1.371927e+00 2.600902e-01 
1.378288e+00 2.599558e-01 
1.384756e+00 2.598191e-01 
1.159337e+00 2.653300e-01 
1.162209e+00 2.652705e-01 
1.165127e+00 2.652100e-01 
1.168091e+00 2.651487e-01 
1.171102e+00 2.650863e-01 
1.174161e+00 2.650229e-01 
1.177269e+00 2.649586e-01 
1.180427e+00 2.648932e-01 
1.183636e+00 2.648267e-01 
1.186896e+00 2.647592e-01 
1.190208e+00 2.646906e-01 
1.193574e+00 2.646209e-01 
1.196994e+00 2.645501e-01 
1.200469e+00 2.644781e-01 
1.204001e+00 2.644050e-01 
1.207590e+00 2.643306e-01 
1.211237e+00 2.642551e-01 
1.214943e+00 2.641784e-01 
1.218710e+00 2.641004e-01 
1.222537e+00 2.640211e-01 
1.226428e+00 2.639405e-01 
1.230382e+00 2.638586e-01 
1.234400e+00 2.637754e-01 
1.238484e+00 2.636908e-01 
1.242636e+00 2.636048e-01 
1.246855e+00 2.635175e-01 
1.251143e+00 2.634287e-01 
1.255502e+00 2.633384e-01 
1.259933e+00 2.632466e-01 
1.264436e+00 2.631534e-01 
1.269014e+00 2.630586e-01 
1.273667e+00 2.629622e-01 
1.278397e+00 2.628642e-01 
1.283205e+00 2.627647e-01 
1.288093e+00 2.626634e-01 
1.293061e+00 2.625605e-01 
1.298111e+00 2.624559e-01 
1.303246e+00 2.623496e-01 
1.308465e+00 2.622415e-01 
1.313771e+00 2.621317e-01 
1.319164e+00 2.620199e-01 
1.324648e+00 2.619064e-01 
1.330222e+00 2.617909e-01 
1.335889e+00 2.616736e-01 
1.341650e+00 2.615543e-01 
1.347507e+00 2.614330e-01 
1.353462e+00 2.613096e-01 
1.359516e+00 2.611843e-01 
1.365670e+00 2.610568e-01 
1.371927e+00 2.609272e-01 
1.378289e+00 2.607955e-01 
1.384756e+00 2.606615e-01 
1.159337e+00 2.660771e-01 
1.162209e+00 2.660188e-01 
1.165127e+00 2.659596e-01 
1.168091e+00 2.658995e-01 
1.171103e+00 2.658384e-01 
1.174162e+00 2.657764e-01 
1.177270e+00 2.657133e-01 
1.180428e+00 2.656492e-01 
1.183636e+00 2.655841e-01 
1.186896e+00 2.655180e-01 
1.190209e+00 2.654508e-01 
1.193574e+00 2.653825e-01 
1.196994e+00 2.653131e-01 
1.200470e+00 2.652426e-01 
1.204001e+00 2.651710e-01 
1.207590e+00 2.650982e-01 
1.211237e+00 2.650242e-01 
1.214943e+00 2.649490e-01 
1.218710e+00 2.648726e-01 
1.222538e+00 2.647949e-01 
1.226428e+00 2.647160e-01 
1.230382e+00 2.646358e-01 
1.234401e+00 2.645543e-01 
1.238485e+00 2.644714e-01 
1.242636e+00 2.643872e-01 
1.246855e+00 2.643016e-01 
1.251144e+00 2.642146e-01 
1.255503e+00 2.641262e-01 
1.259933e+00 2.640363e-01 
1.264437e+00 2.639449e-01 
1.269015e+00 2.638521e-01 
1.273668e+00 2.637577e-01 
1.278398e+00 2.636617e-01 
1.283206e+00 2.635642e-01 
1.288093e+00 2.634650e-01 
1.293062e+00 2.633642e-01 
1.298112e+00 2.632617e-01 
1.303246e+00 2.631576e-01 
1.308465e+00 2.630517e-01 
1.313771e+00 2.629441e-01 
1.319165e+00 2.628346e-01 
1.324648e+00 2.627234e-01 
1.330223e+00 2.626103e-01 
1.335890e+00 2.624953e-01 
1.341651e+00 2.623785e-01 
1.347508e+00 2.622596e-01 
1.353462e+00 2.621388e-01 
1.359516e+00 2.620160e-01 
1.365671e+00 2.618912e-01 
1.371928e+00 2.617642e-01 
1.378289e+00 2.616352e-01 
1.384757e+00 2.615040e-01 
1.159338e+00 2.668242e-01 
1.162210e+00 2.667672e-01 
1.165128e+00 2.667092e-01 
1.168092e+00 2.666504e-01 
1.171103e+00 2.665905e-01 
1.174162e+00 2.665298e-01 
1.177270e+00 2.664680e-01 
1.180428e+00 2.664053e-01 
1.183637e+00 2.663416e-01 
1.186897e+00 2.662768e-01 
1.190209e+00 2.662110e-01 
1.193575e+00 2.661441e-01 
1.196995e+00 2.660762e-01 
1.200470e+00 2.660072e-01 
1.204002e+00 2.659370e-01 
1.207591e+00 2.658657e-01 
1.211238e+00 2.657933e-01 
1.214944e+00 2.657197e-01 
1.218711e+00 2.656448e-01 
1.222539e+00 2.655688e-01 
1.226429e+00 2.654915e-01 
1.230383e+00 2.654130e-01 
1.234401e+00 2.653331e-01 
1.238486e+00 2.652520e-01 
1.242637e+00 2.651695e-01 
1.246856e+00 2.650857e-01 
1.251144e+00 2.650005e-01 
1.255503e+00 2.649140e-01 
1.259934e+00 2.648259e-01 
1.264437e+00 2.647365e-01 
1.269015e+00 2.646456e-01 
1.273668e+00 2.645531e-01 
1.278398e+00 2.644592e-01 
1.283206e+00 2.643637e-01 
1.288094e+00 2.642666e-01 
1.293062e+00 2.641679e-01 
1.298113e+00 2.640675e-01 
1.303247e+00 2.639656e-01 
1.308466e+00 2.638619e-01 
1.313772e+00 2.637565e-01 
1.319165e+00 2.636493e-01 
1.324649e+00 2.635404e-01 
1.330223e+00 2.634297e-01 
1.335890e+00 2.633171e-01 
1.341651e+00 2.632027e-01 
1.347508e+00 2.630863e-01 
1.353463e+00 2.629680e-01 
1.359517e+00 2.628478e-01 
1.365671e+00 2.627255e-01 
1.371928e+00 2.626012e-01 
1.378290e+00 2.624749e-01 
1.384757e+00 2.623464e-01 
1.159338e+00 2.675714e-01 
1.162210e+00 2.675155e-01 
1.165128e+00 2.674588e-01 
1.168092e+00 2.674012e-01 
1.171104e+00 2.673426e-01 
1.174163e+00 2.672832e-01 
1.177271e+00 2.672227e-01 
1.180429e+00 2.671613e-01 
1.183637e+00 2.670990e-01 
1.186897e+00 2.670356e-01 
1.190210e+00 2.669712e-01 
1.193575e+00 2.669058e-01 
1.196995e+00 2.668393e-01 
1.200471e+00 2.667717e-01 
1.204002e+00 2.667030e-01 
1.207591e+00 2.666333e-01 
1.211238e+00 2.665624e-01 
1.214945e+00 2.664903e-01 
1.218711e+00 2.664171e-01 
1.222539e+00 2.663426e-01 
1.226429e+00 2.662670e-01 
1.230383e+00 2.661901e-01 
1.234402e+00 2.661120e-01 
1.238486e+00 2.660326e-01 
1.242637e+00 2.659519e-01 
1.246856e+00 2.658699e-01 
1.251145e+00 2.657865e-01 
1.255504e+00 2.657017e-01 
1.259934e+00 2.656156e-01 
1.264438e+00 2.655281e-01 
1.269016e+00 2.654391e-01 
1.273669e+00 2.653486e-01 
1.278399e+00 2.652566e-01 
1.283207e+00 2.651631e-01 
1.288094e+00 2.650681e-01 
1.293063e+00 2.649715e-01 
1.298113e+00 2.648733e-01 
1.303247e+00 2.647735e-01 
1.308467e+00 2.646721e-01 
1.313772e+00 2.645689e-01 
1.319166e+00 2.644640e-01 
1.324649e+00 2.643574e-01 
1.330224e+00 2.642490e-01 
1.335891e+00 2.641389e-01 
1.341652e+00 2.640269e-01 
1.347509e+00 2.639130e-01 
1.353463e+00 2.637972e-01 
1.359517e+00 2.636795e-01 
1.365672e+00 2.635599e-01 
1.371929e+00 2.634382e-01 
1.378290e+00 2.633145e-01 
1.384758e+00 2.631888e-01 
1.159339e+00 2.683185e-01 
1.162211e+00 2.682639e-01 
1.165129e+00 2.682084e-01 
1.168093e+00 2.681520e-01 
1.171104e+00 2.680948e-01 
1.174163e+00 2.680366e-01 
1.177271e+00 2.679775e-01 
1.180429e+00 2.679174e-01 
1.183638e+00 2.678564e-01 
1.186898e+00 2.677944e-01 
1.190210e+00 2.677314e-01 
1.193576e+00 2.676674e-01 
1.196996e+00 2.676023e-01 
1.200471e+00 2.675362e-01 
1.204003e+00 2.674691e-01 
1.207592e+00 2.674008e-01 
1.211239e+00 2.673314e-01 
1.214945e+00 2.672609e-01 
1.218712e+00 2.671893e-01 
1.222540e+00 2.671165e-01 
1.226430e+00 2.670425e-01 
1.230384e+00 2.669673e-01 
1.234402e+00 2.668909e-01 
1.238487e+00 2.668132e-01 
1.242638e+00 2.667342e-01 
1.246857e+00 2.666540e-01 
1.251145e+00 2.665724e-01 
1.255504e+00 2.664895e-01 
1.259935e+00 2.664053e-01 
1.264439e+00 2.663196e-01 
1.269016e+00 2.662325e-01 
1.273669e+00 2.661440e-01 
1.278399e+00 2.660541e-01 
1.283207e+00 2.659626e-01 
1.288095e+00 2.658697e-01 
1.293063e+00 2.657752e-01 
1.298114e+00 2.656791e-01 
1.303248e+00 2.655815e-01 
1.308467e+00 2.654822e-01 
1.313773e+00 2.653813e-01 
1.319167e+00 2.652787e-01 
1.324650e+00 2.651744e-01 
1.330224e+00 2.650684e-01 
1.335891e+00 2.649606e-01 
1.341652e+00 2.648511e-01 
1.347510e+00 2.647397e-01 
1.353464e+00 2.646264e-01 
1.359518e+00 2.645113e-01 
1.365672e+00 2.643942e-01 
1.371929e+00 2.642752e-01 
1.378291e+00 2.641542e-01 
1.384759e+00 2.640312e-01 
1.159339e+00 2.690657e-01 
1.162211e+00 2.690123e-01 
1.165129e+00 2.689580e-01 
1.168093e+00 2.689029e-01 
1.171105e+00 2.688469e-01 
1.174164e+00 2.687900e-01 
1.177272e+00 2.687322e-01 
1.180430e+00 2.686735e-01 
1.183638e+00 2.686138e-01 
1.186898e+00 2.685532e-01 
1.190211e+00 2.684916e-01 
1.193576e+00 2.684290e-01 
1.196997e+00 2.683654e-01 
1.200472e+00 2.683008e-01 
1.204003e+00 2.682351e-01 
1.207592e+00 2.681683e-01 
1.211239e+00 2.681005e-01 
1.214946e+00 2.680316e-01 
1.218712e+00 2.679615e-01 
1.222540e+00 2.678904e-01 
1.226430e+00 2.678180e-01 
1.230384e+00 2.677445e-01 
1.234403e+00 2.676698e-01 
1.238487e+00 2.675938e-01 
1.242638e+00 2.675166e-01 
1.246858e+00 2.674381e-01 
1.251146e+00 2.673584e-01 
1.255505e+00 2.672773e-01 
1.259936e+00 2.671949e-01 
1.264439e+00 2.671112e-01 
1.269017e+00 2.670260e-01 
1.273670e+00 2.669395e-01 
1.278400e+00 2.668516e-01 
1.283208e+00 2.667621e-01 
1.288095e+00 2.666713e-01 
1.293064e+00 2.665789e-01 
1.298114e+00 2.664849e-01 
1.303248e+00 2.663895e-01 
1.308468e+00 2.662924e-01 
1.313773e+00 2.661937e-01 
1.319167e+00 2.660934e-01 
1.324650e+00 2.659915e-01 
1.330225e+00 2.658878e-01 
1.335892e+00 2.657824e-01 
1.341653e+00 2.656753e-01 
1.347510e+00 2.655663e-01 
1.353465e+00 2.654556e-01 
1.359518e+00 2.653430e-01 
1.365673e+00 2.652286e-01 
1.371930e+00 2.651122e-01 
1.378291e+00 2.649939e-01 
1.384759e+00 2.648736e-01 
1.159339e+00 2.698128e-01 
1.162212e+00 2.697606e-01 
1.165130e+00 2.697076e-01 
1.168094e+00 2.696537e-01 
1.171105e+00 2.695990e-01 
1.174164e+00 2.695434e-01 
1.177272e+00 2.694869e-01 
1.180430e+00 2.694295e-01 
1.183639e+00 2.693712e-01 
1.186899e+00 2.693120e-01 
1.190211e+00 2.692518e-01 
1.193577e+00 2.691906e-01 
1.196997e+00 2.691284e-01 
1.200472e+00 2.690653e-01 
1.204004e+00 2.690011e-01 
1.207593e+00 2.689359e-01 
1.211240e+00 2.688696e-01 
1.214946e+00 2.688022e-01 
1.218713e+00 2.687338e-01 
1.222541e+00 2.686642e-01 
1.226431e+00 2.685935e-01 
1.230385e+00 2.685217e-01 
1.234403e+00 2.684486e-01 
1.238488e+00 2.683744e-01 
1.242639e+00 2.682989e-01 
1.246858e+00 2.682223e-01 
1.251147e+00 2.681443e-01 
1.255506e+00 2.680651e-01 
1.259936e+00 2.679846e-01 
1.264440e+00 2.679027e-01 
1.269017e+00 2.678195e-01 
1.273671e+00 2.677350e-01 
1.278401e+00 2.676490e-01 
1.283209e+00 2.675616e-01 
1.288096e+00 2.674728e-01 
1.293064e+00 2.673825e-01 
1.298115e+00 2.672907e-01 
1.303249e+00 2.671974e-01 
1.308468e+00 2.671026e-01 
1.313774e+00 2.670061e-01 
1.319168e+00 2.669081e-01 
1.324651e+00 2.668085e-01 
1.330225e+00 2.667072e-01 
1.335892e+00 2.666042e-01 
1.341654e+00 2.664995e-01 
1.347511e+00 2.663930e-01 
1.353465e+00 2.662848e-01 
1.359519e+00 2.661748e-01 
1.365673e+00 2.660629e-01 
1.371931e+00 2.659492e-01 
1.378292e+00 2.658336e-01 
1.384760e+00 2.657160e-01 
1.159340e+00 2.705600e-01 
1.162212e+00 2.705090e-01 
1.165130e+00 2.704572e-01 
1.168094e+00 2.704046e-01 
1.171105e+00 2.703511e-01 
1.174165e+00 2.702968e-01 
1.177273e+00 2.702416e-01 
1.180431e+00 2.701856e-01 
1.183639e+00 2.701286e-01 
1.186899e+00 2.700708e-01 
1.190212e+00 2.700120e-01 
1.193577e+00 2.699522e-01 
1.196998e+00 2.698915e-01 
1.200473e+00 2.698298e-01 
1.204004e+00 2.697671e-01 
1.207593e+00 2.697034e-01 
1.211240e+00 2.696387e-01 
1.214947e+00 2.695729e-01 
1.218713e+00 2.695060e-01 
1.222541e+00 2.694381e-01 
1.226432e+00 2.693690e-01 
1.230385e+00 2.692988e-01 
1.234404e+00 2.692275e-01 
1.238488e+00 2.691550e-01 
1.242639e+00 2.690813e-01 
1.246859e+00 2.690064e-01 
1.251147e+00 2.689303e-01 
1.255506e+00 2.688529e-01 
1.259937e+00 2.687743e-01 
1.264440e+00 2.686943e-01 
1.269018e+00 2.686130e-01 
1.273671e+00 2.685304e-01 
1.278401e+00 2.684465e-01 
1.283209e+00 2.683611e-01 
1.288097e+00 2.682744e-01 
1.293065e+00 2.681862e-01 
1.298115e+00 2.680965e-01 
1.303250e+00 2.680054e-01 
1.308469e+00 2.679127e-01 
1.313775e+00 2.678186e-01 
1.319168e+00 2.677228e-01 
1.324652e+00 2.676255e-01 
1.330226e+00 2.675265e-01 
1.335893e+00 2.674259e-01 
1.341654e+00 2.673237e-01 
1.347511e+00 2.672197e-01 
1.353466e+00 2.671140e-01 
1.359519e+00 2.670065e-01 
1.365674e+00 2.668973e-01 
1.371931e+00 2.667862e-01 
1.378293e+00 2.666733e-01 
1.384760e+00 2.665585e-01 
1.159340e+00 2.713071e-01 
1.162213e+00 2.712573e-01 
1.165131e+00 2.712068e-01 
1.168095e+00 2.711554e-01 
1.171106e+00 2.711032e-01 
1.174165e+00 2.710502e-01 
1.177273e+00 2.709964e-01 
1.180431e+00 2.709416e-01 
1.183640e+00 2.708860e-01 
1.186900e+00 2.708295e-01 
1.190212e+00 2.707721e-01 
1.193578e+00 2.707138e-01 
1.196998e+00 2.706546e-01 
1.200473e+00 2.705943e-01 
1.204005e+00 2.705331e-01 
1.207594e+00 2.704709e-01 
1.211241e+00 2.704078e-01 
1.214947e+00 2.703435e-01 
1.218714e+00 2.702783e-01 
1.222542e+00 2.702119e-01 
1.226432e+00 2.701445e-01 
1.230386e+00 2.700760e-01 
1.234404e+00 2.700064e-01 
1.238489e+00 2.699356e-01 
1.242640e+00 2.698636e-01 
1.246859e+00 2.697905e-01 
1.251148e+00 2.697162e-01 
1.255507e+00 2.696407e-01 
1.259937e+00 2.695639e-01 
1.264441e+00 2.694859e-01 
1.269018e+00 2.694065e-01 
1.273672e+00 2.693259e-01 
1.278402e+00 2.692439e-01 
1.283210e+00 2.691606e-01 
1.288097e+00 2.690759e-01 
1.293065e+00 2.689898e-01 
1.298116e+00 2.689023e-01 
1.303250e+00 2.688134e-01 
1.308469e+00 2.687229e-01 
1.313775e+00 2.686310e-01 
1.319169e+00 2.685375e-01 
1.324652e+00 2.684425e-01 
1.330226e+00 2.683459e-01 
1.335893e+00 2.682477e-01 
1.341655e+00 2.681479e-01 
1.347512e+00 2.680464e-01 
1.353466e+00 2.679432e-01 
1.359520e+00 2.678383e-01 
1.365675e+00 2.677316e-01 
1.371932e+00 2.676232e-01 
1.378293e+00 2.675130e-01 
1.384761e+00 2.674009e-01 
1.159341e+00 2.720543e-01 
1.162213e+00 2.720057e-01 
1.165131e+00 2.719564e-01 
1.168095e+00 2.719063e-01 
1.171106e+00 2.718553e-01 
1.174166e+00 2.718036e-01 
1.177274e+00 2.717511e-01 
1.180432e+00 2.716977e-01 
1.183640e+00 2.716435e-01 
1.186900e+00 2.715883e-01 
1.190213e+00 2.715323e-01 
1.193578e+00 2.714754e-01 
1.196999e+00 2.714176e-01 
1.200474e+00 2.713589e-01 
1.204005e+00 2.712992e-01 
1.207594e+00 2.712385e-01 
1.211241e+00 2.711768e-01 
1.214948e+00 2.711142e-01 
1.218714e+00 2.710505e-01 
1.222542e+00 2.709858e-01 
1.226433e+00 2.709200e-01 
1.230387e+00 2.708532e-01 
1.234405e+00 2.707852e-01 
1.238489e+00 2.707162e-01 
1.242640e+00 2.706460e-01 
1.246860e+00 2.705747e-01 
1.251148e+00 2.705022e-01 
1.255507e+00 2.704285e-01 
1.259938e+00 2.703536e-01 
1.264441e+00 2.702774e-01 
1.269019e+00 2.702000e-01 
1.273672e+00 2.701214e-01 
1.278402e+00 2.700414e-01 
1.283210e+00 2.699601e-01 
1.288098e+00 2.698775e-01 
1.293066e+00 2.697935e-01 
1.298117e+00 2.697081e-01 
1.303251e+00 2.696213e-01 
1.308470e+00 2.695331e-01 
1.313776e+00 2.694434e-01 
1.319169e+00 2.693522e-01 
1.324653e+00 2.692595e-01 
1.330227e+00 2.691653e-01 
1.335894e+00 2.690695e-01 
1.341655e+00 2.689721e-01 
1.347512e+00 2.688730e-01 
1.353467e+00 2.687724e-01 
1.359521e+00 2.686700e-01 
1.365675e+00 2.685660e-01 
1.371932e+00 2.684602e-01 
1.378294e+00 2.683526e-01 
1.384761e+00 2.682433e-01 
1.159341e+00 2.728014e-01 
1.162214e+00 2.727541e-01 
1.165131e+00 2.727060e-01 
1.168096e+00 2.726571e-01 
1.171107e+00 2.726075e-01 
1.174166e+00 2.725570e-01 
1.177274e+00 2.725058e-01 
1.180432e+00 2.724538e-01 
1.183641e+00 2.724009e-01 
1.186901e+00 2.723471e-01 
1.190213e+00 2.722925e-01 
1.193579e+00 2.722371e-01 
1.196999e+00 2.721807e-01 
1.200474e+00 2.721234e-01 
1.204006e+00 2.720652e-01 
1.207595e+00 2.720060e-01 
1.211242e+00 2.719459e-01 
1.214948e+00 2.718848e-01 
1.218715e+00 2.718227e-01 
1.222543e+00 2.717596e-01 
1.226433e+00 2.716955e-01 
1.230387e+00 2.716303e-01 
1.234406e+00 2.715641e-01 
1.238490e+00 2.714968e-01 
1.242641e+00 2.714283e-01 
1.246860e+00 2.713588e-01 
1.251149e+00 2.712881e-01 
1.255508e+00 2.712163e-01 
1.259938e+00 2.711432e-01 
1.264442e+00 2.710690e-01 
1.269020e+00 2.709935e-01 
1.273673e+00 2.709168e-01 
1.278403e+00 2.708389e-01 
1.283211e+00 2.707596e-01 
1.288098e+00 2.706791e-01 
1.293067e+00 2.705972e-01 
1.298117e+00 2.705139e-01 
1.303251e+00 2.704293e-01 
1.308470e+00 2.703433e-01 
1.313776e+00 2.702558e-01 
1.319170e+00 2.701669e-01 
1.324653e+00 2.700765e-01 
1.330228e+00 2.699846e-01 
1.335895e+00 2.698912e-01 
1.341656e+00 2.697963e-01 
1.347513e+00 2.696997e-01 
1.353467e+00 2.696016e-01 
1.359521e+00 2.695018e-01 
1.365676e+00 2.694003e-01 
1.371933e+00 2.692972e-01 
1.378294e+00 2.691923e-01 
1.384762e+00 2.690857e-01 
1.159342e+00 2.735485e-01 
1.162214e+00 2.735024e-01 
1.165132e+00 2.734555e-01 
1.168096e+00 2.734079e-01 
1.171107e+00 2.733596e-01 
1.174167e+00 2.733104e-01 
1.177275e+00 2.732605e-01 
1.180433e+00 2.732098e-01 
1.183641e+00 2.731583e-01 
1.186901e+00 2.731059e-01 
1.190214e+00 2.730527e-01 
1.193579e+00 2.729987e-01 
1.197000e+00 2.729437e-01 
1.200475e+00 2.728879e-01 
1.204007e+00 2.728312e-01 
1.207595e+00 2.727736e-01 
1.211242e+00 2.727150e-01 
1.214949e+00 2.726555e-01 
1.218715e+00 2.725950e-01 
1.222543e+00 2.725335e-01 
1.226434e+00 2.724710e-01 
1.230388e+00 2.724075e-01 
1.234406e+00 2.723430e-01 
1.238490e+00 2.722774e-01 
1.242642e+00 2.722107e-01 
1.246861e+00 2.721429e-01 
1.251149e+00 2.720741e-01 
1.255508e+00 2.720041e-01 
1.259939e+00 2.719329e-01 
1.264442e+00 2.718606e-01 
1.269020e+00 2.717870e-01 
1.273673e+00 2.717123e-01 
1.278403e+00 2.716363e-01 
1.283211e+00 2.715591e-01 
1.288099e+00 2.714806e-01 
1.293067e+00 2.714008e-01 
1.298118e+00 2.713197e-01 
1.303252e+00 2.712373e-01 
1.308471e+00 2.711534e-01 
1.313777e+00 2.710682e-01 
1.319171e+00 2.709816e-01 
1.324654e+00 2.708935e-01 
1.330228e+00 2.708040e-01 
1.335895e+00 2.707130e-01 
1.341656e+00 2.706205e-01 
1.347513e+00 2.705264e-01 
1.353468e+00 2.704307e-01 
1.359522e+00 2.703335e-01 
1.365676e+00 2.702347e-01 
1.371933e+00 2.701342e-01 
1.378295e+00 2.700320e-01 
1.384762e+00 2.699281e-01 
1.159342e+00 2.742957e-01 
1.162215e+00 2.742508e-01 
1.165132e+00 2.742051e-01 
1.168097e+00 2.741588e-01 
1.171108e+00 2.741117e-01 
1.174167e+00 2.740639e-01 
1.177275e+00 2.740153e-01 
1.180433e+00 2.739659e-01 
1.183642e+00 2.739157e-01 
1.186902e+00 2.738647e-01 
1.190214e+00 2.738129e-01 
1.193580e+00 2.737603e-01 
1.197000e+00 2.737068e-01 
1.200475e+00 2.736524e-01 
1.204007e+00 2.735972e-01 
1.207596e+00 2.735411e-01 
1.211243e+00 2.734841e-01 
1.214949e+00 2.734261e-01 
1.218716e+00 2.733672e-01 
1.222544e+00 2.733073e-01 
1.226434e+00 2.732465e-01 
1.230388e+00 2.731847e-01 
1.234407e+00 2.731218e-01 
1.238491e+00 2.730580e-01 
1.242642e+00 2.729930e-01 
1.246861e+00 2.729271e-01 
1.251150e+00 2.728600e-01 
1.255509e+00 2.727918e-01 
1.259939e+00 2.727226e-01 
1.264443e+00 2.726521e-01 
1.269021e+00 2.725805e-01 
1.273674e+00 2.725078e-01 
1.278404e+00 2.724338e-01 
1.283212e+00 2.723586e-01 
1.288099e+00 2.722822e-01 
1.293068e+00 2.722045e-01 
1.298118e+00 2.721255e-01 
1.303252e+00 2.720452e-01 
1.308472e+00 2.719636e-01 
1.313777e+00 2.718806e-01 
1.319171e+00 2.717963e-01 
1.324654e+00 2.717105e-01 
1.330229e+00 2.716234e-01 
1.335896e+00 2.715347e-01 
1.341657e+00 2.714447e-01 
1.347514e+00 2.713531e-01 
1.353469e+00 2.712599e-01 
1.359522e+00 2.711653e-01 
1.365677e+00 2.710690e-01 
1.371934e+00 2.709712e-01 
1.378295e+00 2.708717e-01 
1.384763e+00 2.707706e-01 
1.159343e+00 2.750428e-01 
1.162215e+00 2.749991e-01 
1.165133e+00 2.749547e-01 
1.168097e+00 2.749096e-01 
1.171108e+00 2.748638e-01 
1.174168e+00 2.748173e-01 
1.177276e+00 2.747700e-01 
1.180434e+00 2.747219e-01 
1.183642e+00 2.746731e-01 
1.186902e+00 2.746235e-01 
1.190215e+00 2.745731e-01 
1.193580e+00 2.745219e-01 
1.197001e+00 2.744699e-01 
1.200476e+00 2.744170e-01 
1.204008e+00 2.743632e-01 
1.207596e+00 2.743086e-01 
1.211243e+00 2.742531e-01 
1.214950e+00 2.741968e-01 
1.218716e+00 2.741394e-01 
1.222544e+00 2.740812e-01 
1.226435e+00 2.740220e-01 
1.230389e+00 2.739618e-01 
1.234407e+00 2.739007e-01 
1.238491e+00 2.738386e-01 
1.242643e+00 2.737754e-01 
1.246862e+00 2.737112e-01 
1.251150e+00 2.736460e-01 
1.255509e+00 2.735796e-01 
1.259940e+00 2.735122e-01 
1.264444e+00 2.734437e-01 
1.269021e+00 2.733740e-01 
1.273674e+00 2.733032e-01 
1.278404e+00 2.732313e-01 
1.283212e+00 2.731581e-01 
1.288100e+00 2.730838e-01 
1.293068e+00 2.730082e-01 
1.298119e+00 2.729313e-01 
1.303253e+00 2.728532e-01 
1.308472e+00 2.727738e-01 
1.313778e+00 2.726930e-01 
1.319172e+00 2.726110e-01 
1.324655e+00 2.725276e-01 
1.330229e+00 2.724427e-01 
1.335896e+00 2.723565e-01 
1.341658e+00 2.722688e-01 
1.347515e+00 2.721797e-01 
1.353469e+00 2.720891e-01 
1.359523e+00 2.719970e-01 
1.365677e+00 2.719034e-01 
1.371934e+00 2.718082e-01 
1.378296e+00 2.717114e-01 
1.384764e+00 2.716130e-01 
1.159343e+00 2.757900e-01 
1.162215e+00 2.757475e-01 
1.165133e+00 2.757043e-01 
1.168097e+00 2.756605e-01 
1.171109e+00 2.756159e-01 
1.174168e+00 2.755707e-01 
1.177276e+00 2.755247e-01 
1.180434e+00 2.754780e-01 
1.183643e+00 2.754305e-01 
1.186903e+00 2.753823e-01 
1.190215e+00 2.753333e-01 
1.193581e+00 2.752835e-01 
1.197001e+00 2.752329e-01 
1.200476e+00 2.751815e-01 
1.204008e+00 2.751293e-01 
1.207597e+00 2.750762e-01 
1.211244e+00 2.750222e-01 
1.214950e+00 2.749674e-01 
1.218717e+00 2.749117e-01 
1.222545e+00 2.748551e-01 
1.226435e+00 2.747975e-01 
1.230389e+00 2.747390e-01 
1.234408e+00 2.746796e-01 
1.238492e+00 2.746192e-01 
1.242643e+00 2.745577e-01 
1.246862e+00 2.744953e-01 
1.251151e+00 2.744319e-01 
1.255510e+00 2.743674e-01 
1.259941e+00 2.743019e-01 
1.264444e+00 2.742353e-01 
1.269022e+00 2.741675e-01 
1.273675e+00 2.740987e-01 
1.278405e+00 2.740287e-01 
1.283213e+00 2.739576e-01 
1.288101e+00 2.738853e-01 
1.293069e+00 2.738118e-01 
1.298119e+00 2.737371e-01 
1.303254e+00 2.736612e-01 
1.308473e+00 2.735840e-01 
1.313778e+00 2.735055e-01 
1.319172e+00 2.734257e-01 
1.324656e+00 2.733446e-01 
1.330230e+00 2.732621e-01 
1.335897e+00 2.731783e-01 
1.341658e+00 2.730930e-01 
1.347515e+00 2.730064e-01 
1.353470e+00 2.729183e-01 
1.359523e+00 2.728288e-01 
1.365678e+00 2.727377e-01 
1.371935e+00 2.726452e-01 
1.378297e+00 2.725511e-01 
1.384764e+00 2.724554e-01 
1.159344e+00 2.765371e-01 
1.162216e+00 2.764958e-01 
1.165134e+00 2.764539e-01 
1.168098e+00 2.764113e-01 
1.171109e+00 2.763680e-01 
1.174169e+00 2.763241e-01 
1.177277e+00 2.762794e-01 
1.180435e+00 2.762340e-01 
1.183643e+00 2.761879e-01 
1.186903e+00 2.761411e-01 
1.190216e+00 2.760935e-01 
1.193581e+00 2.760451e-01 
1.197002e+00 2.759960e-01 
1.200477e+00 2.759460e-01 
1.204009e+00 2.758953e-01 
1.207597e+00 2.758437e-01 
1.211244e+00 2.757913e-01 
1.214951e+00 2.757380e-01 
1.218717e+00 2.756839e-01 
1.222545e+00 2.756289e-01 
1.226436e+00 2.755730e-01 
1.230390e+00 2.755162e-01 
1.234408e+00 2.754584e-01 
1.238493e+00 2.753998e-01 
1.242644e+00 2.753401e-01 
1.246863e+00 2.752795e-01 
1.251152e+00 2.752178e-01 
1.255510e+00 2.751552e-01 
1.259941e+00 2.750915e-01 
1.264445e+00 2.750268e-01 
1.269022e+00 2.749610e-01 
1.273676e+00 2.748942e-01 
1.278406e+00 2.748262e-01 
1.283214e+00 2.747571e-01 
1.288101e+00 2.746869e-01 
1.293069e+00 2.746155e-01 
1.298120e+00 2.745429e-01 
1.303254e+00 2.744691e-01 
1.308473e+00 2.743941e-01 
1.313779e+00 2.743179e-01 
1.319173e+00 2.742404e-01 
1.324656e+00 2.741616e-01 
1.330230e+00 2.740815e-01 
1.335897e+00 2.740000e-01 
1.341659e+00 2.739172e-01 
1.347516e+00 2.738331e-01 
1.353470e+00 2.737475e-01 
1.359524e+00 2.736605e-01 
1.365679e+00 2.735721e-01 
1.371936e+00 2.734822e-01 
1.378297e+00 2.733907e-01 
1.384765e+00 2.732978e-01 
1.159344e+00 2.772843e-01 
1.162216e+00 2.772442e-01 
1.165134e+00 2.772035e-01 
1.168098e+00 2.771622e-01 
1.171110e+00 2.771202e-01 
1.174169e+00 2.770775e-01 
1.177277e+00 2.770341e-01 
1.180435e+00 2.769901e-01 
1.183644e+00 2.769453e-01 
1.186904e+00 2.768999e-01 
1.190216e+00 2.768537e-01 
1.193582e+00 2.768067e-01 
1.197002e+00 2.767590e-01 
1.200477e+00 2.767106e-01 
1.204009e+00 2.766613e-01 
1.207598e+00 2.766113e-01 
1.211245e+00 2.765604e-01 
1.214951e+00 2.765087e-01 
1.218718e+00 2.764562e-01 
1.222546e+00 2.764028e-01 
1.226436e+00 2.763485e-01 
1.230390e+00 2.762934e-01 
1.234409e+00 2.762373e-01 
1.238493e+00 2.761803e-01 
1.242644e+00 2.761224e-01 
1.246864e+00 2.760636e-01 
1.251152e+00 2.760038e-01 
1.255511e+00 2.759430e-01 
1.259942e+00 2.758812e-01 
1.264445e+00 2.758184e-01 
1.269023e+00 2.757545e-01 
1.273676e+00 2.756896e-01 
1.278406e+00 2.756237e-01 
1.283214e+00 2.755566e-01 
1.288102e+00 2.754884e-01 
1.293070e+00 2.754191e-01 
1.298121e+00 2.753487e-01 
1.303255e+00 2.752771e-01 
1.308474e+00 2.752043e-01 
1.313780e+00 2.751303e-01 
1.319173e+00 2.750551e-01 
1.324657e+00 2.749786e-01 
1.330231e+00 2.749008e-01 
1.335898e+00 2.748218e-01 
1.341659e+00 2.747414e-01 
1.347516e+00 2.746598e-01 
1.353471e+00 2.745767e-01 
1.359525e+00 2.744923e-01 
1.365679e+00 2.744064e-01 
1.371936e+00 2.743192e-01 
1.378298e+00 2.742304e-01 
1.384765e+00 2.741402e-01 
1.159345e+00 2.780314e-01 
1.162217e+00 2.779926e-01 
1.165135e+00 2.779531e-01 
1.168099e+00 2.779130e-01 
1.171110e+00 2.778723e-01 
1.174170e+00 2.778309e-01 
1.177278e+00 2.777889e-01 
1.180436e+00 2.777462e-01 
1.183644e+00 2.777028e-01 
1.186904e+00 2.776587e-01 
1.190217e+00 2.776139e-01 
1.193582e+00 2.775684e-01 
1.197003e+00 2.775221e-01 
1.200478e+00 2.774751e-01 
1.204010e+00 2.774273e-01 
1.207598e+00 2.773788e-01 
1.211246e+00 2.773295e-01 
1.214952e+00 2.772793e-01 
1.218718e+00 2.772284e-01 
1.222546e+00 2.771766e-01 
1.226437e+00 2.771240e-01 
1.230391e+00 2.770705e-01 
1.234409e+00 2.770162e-01 
1.238494e+00 2.769609e-01 
1.242645e+00 2.769048e-01 
1.246864e+00 2.768477e-01 
1.251153e+00 2.767897e-01 
1.255512e+00 2.767308e-01 
1.259942e+00 2.766709e-01 
1.264446e+00 2.766099e-01 
1.269024e+00 2.765480e-01 
1.273677e+00 2.764851e-01 
1.278407e+00 2.764211e-01 
1.283215e+00 2.763561e-01 
1.288102e+00 2.762900e-01 
1.293071e+00 2.762228e-01 
1.298121e+00 2.761545e-01 
1.303255e+00 2.760851e-01 
1.308474e+00 2.760145e-01 
1.313780e+00 2.759427e-01 
1.319174e+00 2.758698e-01 
1.324657e+00 2.757956e-01 
1.330232e+00 2.757202e-01 
1.335899e+00 2.756436e-01 
1.341660e+00 2.755656e-01 
1.347517e+00 2.754864e-01 
1.353471e+00 2.754059e-01 
1.359525e+00 2.753240e-01 
1.365680e+00 2.752408e-01 
1.371937e+00 2.751562e-01 
1.378298e+00 2.750701e-01 
1.384766e+00 2.749826e-01 
1.159345e+00 2.787785e-01 
1.162217e+00 2.787409e-01 
1.165135e+00 2.787027e-01 
1.168099e+00 2.786638e-01 
1.171111e+00 2.786244e-01 
1.174170e+00 2.785843e-01 
1.177278e+00 2.785436e-01 
1.180436e+00 2.785022e-01 
1.183645e+00 2.784602e-01 
1.186905e+00 2.784175e-01 
1.190217e+00 2.783741e-01 
1.193583e+00 2.783300e-01 
1.197003e+00 2.782852e-01 
1.200479e+00 2.782396e-01 
1.204010e+00 2.781933e-01 
1.207599e+00 2.781463e-01 
1.211246e+00 2.780985e-01 
1.214952e+00 2.780500e-01 
1.218719e+00 2.780006e-01 
1.222547e+00 2.779505e-01 
1.226437e+00 2.778995e-01 
1.230391e+00 2.778477e-01 
1.234410e+00 2.777951e-01 
1.238494e+00 2.777415e-01 
1.242645e+00 2.776871e-01 
1.246865e+00 2.776319e-01 
1.251153e+00 2.775757e-01 
1.255512e+00 2.775186e-01 
1.259943e+00 2.774605e-01 
1.264446e+00 2.774015e-01 
1.269024e+00 2.773415e-01 
1.273677e+00 2.772806e-01 
1.278407e+00 2.772186e-01 
1.283215e+00 2.771556e-01 
1.288103e+00 2.770916e-01 
1.293071e+00 2.770265e-01 
1.298122e+00 2.769603e-01 
1.303256e+00 2.768930e-01 
1.308475e+00 2.768246e-01 
1.313781e+00 2.767551e-01 
1.319175e+00 2.766845e-01 
1.324658e+00 2.766126e-01 
1.330232e+00 2.765396e-01 
1.335899e+00 2.764653e-01 
1.341660e+00 2.763898e-01 
1.347517e+00 2.763131e-01 
1.353472e+00 2.762351e-01 
1.359526e+00 2.761558e-01 
1.365680e+00 2.760751e-01 
1.371937e+00 2.759931e-01 
1.378299e+00 2.759098e-01 
1.384766e+00 2.758251e-01 
1.159345e+00 2.795257e-01 
1.162218e+00 2.794893e-01 
1.165136e+00 2.794523e-01 
1.168100e+00 2.794147e-01 
1.171111e+00 2.793765e-01 
1.174171e+00 2.793377e-01 
1.177279e+00 2.792983e-01 
1.180437e+00 2.792583e-01 
1.183645e+00 2.792176e-01 
1.186905e+00 2.791763e-01 
1.190218e+00 2.791343e-01 
1.193584e+00 2.790916e-01 
1.197004e+00 2.790482e-01 
1.200479e+00 2.790041e-01 
1.204011e+00 2.789594e-01 
1.207599e+00 2.789139e-01 
1.211247e+00 2.788676e-01 
1.214953e+00 2.788206e-01 
1.218720e+00 2.787729e-01 
1.222548e+00 2.787243e-01 
1.226438e+00 2.786750e-01 
1.230392e+00 2.786249e-01 
1.234410e+00 2.785739e-01 
1.238495e+00 2.785221e-01 
1.242646e+00 2.784695e-01 
1.246865e+00 2.784160e-01 
1.251154e+00 2.783616e-01 
1.255513e+00 2.783064e-01 
1.259943e+00 2.782502e-01 
1.264447e+00 2.781931e-01 
1.269025e+00 2.781350e-01 
1.273678e+00 2.780760e-01 
1.278408e+00 2.780161e-01 
1.283216e+00 2.779551e-01 
1.288103e+00 2.778931e-01 
1.293072e+00 2.778301e-01 
1.298122e+00 2.777661e-01 
1.303256e+00 2.777010e-01 
1.308476e+00 2.776348e-01 
1.313781e+00 2.775675e-01 
1.319175e+00 2.774992e-01 
1.324658e+00 2.774296e-01 
1.330233e+00 2.773589e-01 
1.335900e+00 2.772871e-01 
1.341661e+00 2.772140e-01 
1.347518e+00 2.771398e-01 
1.353473e+00 2.770643e-01 
1.359526e+00 2.769875e-01 
1.365681e+00 2.769095e-01 
1.371938e+00 2.768301e-01 
1.378299e+00 2.767495e-01 
1.384767e+00 2.766675e-01 
1.159346e+00 2.802728e-01 
1.162218e+00 2.802376e-01 
1.165136e+00 2.802019e-01 
1.168100e+00 2.801655e-01 
1.171112e+00 2.801286e-01 
1.174171e+00 2.800911e-01 
1.177279e+00 2.800530e-01 
1.180437e+00 2.800143e-01 
1.183646e+00 2.799750e-01 
1.186906e+00 2.799350e-01 
1.190218e+00 2.798944e-01 
1.193584e+00 2.798532e-01 
1.197004e+00 2.798113e-01 
1.200480e+00 2.797687e-01 
1.204011e+00 2.797254e-01 
1.207600e+00 2.796814e-01 
1.211247e+00 2.796367e-01 
1.214953e+00 2.795913e-01 
1.218720e+00 2.795451e-01 
1.222548e+00 2.794982e-01 
1.226438e+00 2.794505e-01 
1.230392e+00 2.794020e-01 
1.234411e+00 2.793528e-01 
1.238495e+00 2.793027e-01 
1.242646e+00 2.792518e-01 
1.246866e+00 2.792001e-01 
1.251154e+00 2.791476e-01 
1.255513e+00 2.790941e-01 
1.259944e+00 2.790398e-01 
1.264447e+00 2.789846e-01 
1.269025e+00 2.789285e-01 
1.273678e+00 2.788715e-01 
1.278408e+00 2.788135e-01 
1.283216e+00 2.787546e-01 
1.288104e+00 2.786947e-01 
1.293072e+00 2.786338e-01 
1.298123e+00 2.785719e-01 
1.303257e+00 2.785090e-01 
1.308476e+00 2.784450e-01 
1.313782e+00 2.783800e-01 
1.319176e+00 2.783138e-01 
1.324659e+00 2.782466e-01 
1.330233e+00 2.781783e-01 
1.335900e+00 2.781089e-01 
1.341662e+00 2.780382e-01 
1.347519e+00 2.779664e-01 
1.353473e+00 2.778935e-01 
1.359527e+00 2.778193e-01 
1.365681e+00 2.777438e-01 
1.371938e+00 2.776671e-01 
1.378300e+00 2.775892e-01 
1.384767e+00 2.775099e-01 
1.159346e+00 2.810200e-01 
1.162219e+00 2.809860e-01 
1.165137e+00 2.809515e-01 
1.168101e+00 2.809164e-01 
1.171112e+00 2.808807e-01 
1.174172e+00 2.808445e-01 
1.177280e+00 2.808078e-01 
1.180438e+00 2.807704e-01 
1.183646e+00 2.807324e-01 
1.186906e+00 2.806938e-01 
1.190219e+00 2.806546e-01 
1.193585e+00 2.806148e-01 
1.197005e+00 2.805743e-01 
1.200480e+00 2.805332e-01 
1.204012e+00 2.804914e-01 
1.207601e+00 2.804489e-01 
1.211248e+00 2.804058e-01 
1.214954e+00 2.803619e-01 
1.218721e+00 2.803173e-01 
1.222549e+00 2.802720e-01 
1.226439e+00 2.802260e-01 
1.230393e+00 2.801792e-01 
1.234412e+00 2.801317e-01 
1.238496e+00 2.800833e-01 
1.242647e+00 2.800342e-01 
1.246866e+00 2.799843e-01 
1.251155e+00 2.799335e-01 
1.255514e+00 2.798819e-01 
1.259944e+00 2.798295e-01 
1.264448e+00 2.797762e-01 
1.269026e+00 2.797220e-01 
1.273679e+00 2.796670e-01 
1.278409e+00 2.796110e-01 
1.283217e+00 2.795541e-01 
1.288104e+00 2.794963e-01 
1.293073e+00 2.794375e-01 
1.298123e+00 2.793777e-01 
1.303257e+00 2.793169e-01 
1.308477e+00 2.792552e-01 
1.313782e+00 2.791924e-01 
1.319176e+00 2.791285e-01 
1.324660e+00 2.790637e-01 
1.330234e+00 2.789977e-01 
1.335901e+00 2.789306e-01 
1.341662e+00 2.788624e-01 
1.347519e+00 2.787931e-01 
1.353474e+00 2.787227e-01 
1.359527e+00 2.786510e-01 
1.365682e+00 2.785782e-01 
1.371939e+00 2.785041e-01 
1.378300e+00 2.784288e-01 
1.384768e+00 2.783523e-01 
1.159347e+00 2.817671e-01 
1.162219e+00 2.817343e-01 
1.165137e+00 2.817010e-01 
1.168101e+00 2.816672e-01 
1.171113e+00 2.816329e-01 
1.174172e+00 2.815979e-01 
1.177280e+00 2.815625e-01 
1.180438e+00 2.815264e-01 
1.183647e+00 2.814898e-01 
1.186907e+00 2.814526e-01 
1.190219e+00 2.814148e-01 
1.193585e+00 2.813764e-01 
1.197005e+00 2.813374e-01 
1.200481e+00 2.812977e-01 
1.204012e+00 2.812574e-01 
1.207601e+00 2.812165e-01 
1.211248e+00 2.811749e-01 
1.214954e+00 2.811326e-01 
1.218721e+00 2.810896e-01 
1.222549e+00 2.810459e-01 
1.226440e+00 2.810015e-01 
1.230393e+00 2.809564e-01 
1.234412e+00 2.809105e-01 
1.238496e+00 2.808639e-01 
1.242648e+00 2.808165e-01 
1.246867e+00 2.807684e-01 
1.251155e+00 2.807195e-01 
1.255514e+00 2.806697e-01 
1.259945e+00 2.806192e-01 
1.264449e+00 2.805678e-01 
1.269026e+00 2.805155e-01 
1.273680e+00 2.804624e-01 
1.278409e+00 2.804085e-01 
1.283218e+00 2.803536e-01 
1.288105e+00 2.802978e-01 
1.293073e+00 2.802411e-01 
1.298124e+00 2.801835e-01 
1.303258e+00 2.801249e-01 
1.308477e+00 2.800653e-01 
1.313783e+00 2.800048e-01 
1.319177e+00 2.799432e-01 
1.324660e+00 2.798807e-01 
1.330234e+00 2.798171e-01 
1.335901e+00 2.797524e-01 
1.341663e+00 2.796866e-01 
1.347520e+00 2.796198e-01 
1.353474e+00 2.795518e-01 
1.359528e+00 2.794828e-01 
1.365682e+00 2.794125e-01 
1.371940e+00 2.793411e-01 
1.378301e+00 2.792685e-01 
1.384769e+00 2.791947e-01 
1.159347e+00 2.825143e-01 
1.162220e+00 2.824827e-01 
1.165138e+00 2.824506e-01 
1.168102e+00 2.824181e-01 
1.171113e+00 2.823850e-01 
1.174172e+00 2.823514e-01 
1.177281e+00 2.823172e-01 
1.180439e+00 2.822825e-01 
1.183647e+00 2.822472e-01 
1.186907e+00 2.822114e-01 
1.190220e+00 2.821750e-01 
1.193586e+00 2.821380e-01 
1.197006e+00 2.821005e-01 
1.200481e+00 2.820623e-01 
1.204013e+00 2.820235e-01 
1.207602e+00 2.819840e-01 
1.211249e+00 2.819439e-01 
1.214955e+00 2.819032e-01 
1.218722e+00 2.818618e-01 
1.222550e+00 2.818198e-01 
1.226440e+00 2.817770e-01 
1.230394e+00 2.817336e-01 
1.234413e+00 2.816894e-01 
1.238497e+00 2.816445e-01 
1.242648e+00 2.815989e-01 
1.246867e+00 2.815525e-01 
1.251156e+00 2.815054e-01 
1.255515e+00 2.814575e-01 
1.259946e+00 2.814088e-01 
1.264449e+00 2.813593e-01 
1.269027e+00 2.813090e-01 
1.273680e+00 2.812579e-01 
1.278410e+00 2.812059e-01 
1.283218e+00 2.811531e-01 
1.288106e+00 2.810994e-01 
1.293074e+00 2.810448e-01 
1.298124e+00 2.809893e-01 
1.303259e+00 2.809329e-01 
1.308478e+00 2.808755e-01 
1.313784e+00 2.808172e-01 
1.319177e+00 2.807579e-01 
1.324661e+00 2.806977e-01 
1.330235e+00 2.806364e-01 
1.335902e+00 2.805741e-01 
1.341663e+00 2.805108e-01 
1.347520e+00 2.804465e-01 
1.353475e+00 2.803810e-01 
1.359528e+00 2.803145e-01 
1.365683e+00 2.802469e-01 
1.371940e+00 2.801781e-01 
1.378302e+00 2.801082e-01 
1.384769e+00 2.800371e-01 
1.159348e+00 2.832614e-01 
1.162220e+00 2.832311e-01 
1.165138e+00 2.832002e-01 
1.168102e+00 2.831689e-01 
1.171114e+00 2.831371e-01 
1.174173e+00 2.831048e-01 
1.177281e+00 2.830719e-01 
1.180439e+00 2.830386e-01 
1.183648e+00 2.830047e-01 
1.186908e+00 2.829702e-01 
1.190220e+00 2.829352e-01 
1.193586e+00 2.828996e-01 
1.197006e+00 2.828635e-01 
1.200482e+00 2.828268e-01 
1.204013e+00 2.827895e-01 
1.207602e+00 2.827516e-01 
1.211249e+00 2.827130e-01 
1.214956e+00 2.826739e-01 
1.218722e+00 2.826341e-01 
1.222550e+00 2.825936e-01 
1.226441e+00 2.825525e-01 
1.230395e+00 2.825107e-01 
1.234413e+00 2.824683e-01 
1.238497e+00 2.824251e-01 
1.242649e+00 2.823812e-01 
1.246868e+00 2.823367e-01 
1.251156e+00 2.822914e-01 
1.255515e+00 2.822453e-01 
1.259946e+00 2.821985e-01 
1.264450e+00 2.821509e-01 
1.269027e+00 2.821025e-01 
1.273681e+00 2.820534e-01 
1.278411e+00 2.820034e-01 
1.283219e+00 2.819526e-01 
1.288106e+00 2.819009e-01 
1.293074e+00 2.818484e-01 
1.298125e+00 2.817951e-01 
1.303259e+00 2.817408e-01 
1.308478e+00 2.816857e-01 
1.313784e+00 2.816296e-01 
1.319178e+00 2.815726e-01 
1.324661e+00 2.815147e-01 
1.330236e+00 2.814558e-01 
1.335903e+00 2.813959e-01 
1.341664e+00 2.813350e-01 
1.347521e+00 2.812731e-01 
1.353475e+00 2.812102e-01 
1.359529e+00 2.811463e-01 
1.365684e+00 2.810812e-01 
1.371941e+00 2.810151e-01 
1.378302e+00 2.809479e-01 
1.384770e+00 2.808796e-01 
1.159348e+00 2.840086e-01 
1.162221e+00 2.839794e-01 
1.165139e+00 2.839498e-01 
1.168103e+00 2.839198e-01 
1.171114e+00 2.838892e-01 
1.174173e+00 2.838582e-01 
1.177282e+00 2.838266e-01 
1.180440e+00 2.837946e-01 
1.183648e+00 2.837621e-01 
1.186908e+00 2.837290e-01 
1.190221e+00 2.836954e-01 
1.193587e+00 2.836613e-01 
1.197007e+00 2.836266e-01 
1.200482e+00 2.835913e-01 
1.204014e+00 2.835555e-01 
1.207603e+00 2.835191e-01 
1.211250e+00 2.834821e-01 
1.214956e+00 2.834445e-01 
1.218723e+00 2.834063e-01 
1.222551e+00 2.833675e-01 
1.226441e+00 2.833280e-01 
1.230395e+00 2.832879e-01 
1.234414e+00 2.832471e-01 
1.238498e+00 2.832057e-01 
1.242649e+00 2.831636e-01 
1.246868e+00 2.831208e-01 
1.251157e+00 2.830773e-01 
1.255516e+00 2.830331e-01 
1.259947e+00 2.829881e-01 
1.264450e+00 2.829425e-01 
1.269028e+00 2.828960e-01 
1.273681e+00 2.828488e-01 
1.278411e+00 2.828008e-01 
1.283219e+00 2.827521e-01 
1.288107e+00 2.827025e-01 
1.293075e+00 2.826521e-01 
1.298126e+00 2.826009e-01 
1.303260e+00 2.825488e-01 
1.308479e+00 2.824959e-01 
1.313785e+00 2.824420e-01 
1.319178e+00 2.823873e-01 
1.324662e+00 2.823317e-01 
1.330236e+00 2.822752e-01 
1.335903e+00 2.822177e-01 
1.341664e+00 2.821592e-01 
1.347521e+00 2.820998e-01 
1.353476e+00 2.820394e-01 
1.359530e+00 2.819780e-01 
1.365684e+00 2.819156e-01 
1.371941e+00 2.818521e-01 
1.378303e+00 2.817876e-01 
1.384770e+00 2.817220e-01 
BC
4
4
4
4
4
4
4
4
4
4
4
4
4
4
4
4
4
4
4
4
4
4
4
4
4
4
4
4
4
4
4
4
4
4
4
4
4
4
4
4
4
4
4
4
4
4
4
4
4
4
4
-1
-1
-1
-1
-1
-1
-1
-1
-1
-1
-1
-1
-1
-1
-1
-1
-1
-1
-1
-1
-1
-1
-1
-1
-1
-1
-1
-1
-1
-1
-1
-1
-1
-1
-1
-1
-1
-1
-1
-1
-1
-1
-1
-1
-1
-1
-1
-1
-1
-1
-1
-1
-1
-1
-1
-1
-1
-1
-1
-1
-1
-1
-1
-1
-1
-1
-1
-1
-1
-1
-1
-1
-1
-1
-1
-1
-1
-1
-1
-1
-1
-1
-1
-1
-1
-1
-1
-1
-1
-1
-1
-1
-1
-1
-1
-1
-1
-1
-1
-1
-1
-1
-1
