npartb: 4 2 
ipartb: 2 1 
ngrid: 52 25 
1.159348e+00 2.840086e-01 
1.162221e+00 2.839794e-01 
1.165139e+00 2.839498e-01 
1.168103e+00 2.839198e-01 
1.171114e+00 2.838892e-01 
1.174173e+00 2.838582e-01 
1.177282e+00 2.838266e-01 
1.180440e+00 2.837946e-01 
1.183648e+00 2.837621e-01 
1.186908e+00 2.837290e-01 
1.190221e+00 2.836954e-01 
1.193587e+00 2.836613e-01 
1.197007e+00 2.836266e-01 
1.200482e+00 2.835913e-01 
1.204014e+00 2.835555e-01 
1.207603e+00 2.835191e-01 
1.211250e+00 2.834821e-01 
1.214956e+00 2.834445e-01 
1.218723e+00 2.834063e-01 
1.222551e+00 2.833675e-01 
1.226441e+00 2.833280e-01 
1.230395e+00 2.832879e-01 
1.234414e+00 2.832471e-01 
1.238498e+00 2.832057e-01 
1.242649e+00 2.831636e-01 
1.246868e+00 2.831208e-01 
1.251157e+00 2.830773e-01 
1.255516e+00 2.830331e-01 
1.259947e+00 2.829881e-01 
1.264450e+00 2.829425e-01 
1.269028e+00 2.828960e-01 
1.273681e+00 2.828488e-01 
1.278411e+00 2.828008e-01 
1.283219e+00 2.827521e-01 
1.288107e+00 2.827025e-01 
1.293075e+00 2.826521e-01 
1.298126e+00 2.826009e-01 
1.303260e+00 2.825488e-01 
1.308479e+00 2.824959e-01 
1.313785e+00 2.824420e-01 
1.319178e+00 2.823873e-01 
1.324662e+00 2.823317e-01 
1.330236e+00 2.822752e-01 
1.335903e+00 2.822177e-01 
1.341664e+00 2.821592e-01 
1.347521e+00 2.820998e-01 
1.353476e+00 2.820394e-01 
1.359530e+00 2.819780e-01 
1.365684e+00 2.819156e-01 
1.371941e+00 2.818521e-01 
1.378303e+00 2.817876e-01 
1.384770e+00 2.817220e-01 
1.159349e+00 2.847557e-01 
1.162221e+00 2.847278e-01 
1.165139e+00 2.846994e-01 
1.168103e+00 2.846706e-01 
1.171115e+00 2.846413e-01 
1.174174e+00 2.846116e-01 
1.177282e+00 2.845814e-01 
1.180440e+00 2.845507e-01 
1.183649e+00 2.845195e-01 
1.186909e+00 2.844878e-01 
1.190221e+00 2.844556e-01 
1.193587e+00 2.844229e-01 
1.197007e+00 2.843896e-01 
1.200483e+00 2.843558e-01 
1.204014e+00 2.843215e-01 
1.207603e+00 2.842866e-01 
1.211250e+00 2.842512e-01 
1.214957e+00 2.842151e-01 
1.218723e+00 2.841785e-01 
1.222551e+00 2.841413e-01 
1.226442e+00 2.841035e-01 
1.230396e+00 2.840651e-01 
1.234414e+00 2.840260e-01 
1.238499e+00 2.839863e-01 
1.242650e+00 2.839459e-01 
1.246869e+00 2.839049e-01 
1.251158e+00 2.838632e-01 
1.255517e+00 2.838209e-01 
1.259947e+00 2.837778e-01 
1.264451e+00 2.837340e-01 
1.269029e+00 2.836895e-01 
1.273682e+00 2.836443e-01 
1.278412e+00 2.835983e-01 
1.283220e+00 2.835516e-01 
1.288107e+00 2.835041e-01 
1.293076e+00 2.834558e-01 
1.298126e+00 2.834067e-01 
1.303260e+00 2.833568e-01 
1.308480e+00 2.833060e-01 
1.313785e+00 2.832544e-01 
1.319179e+00 2.832020e-01 
1.324662e+00 2.831487e-01 
1.330237e+00 2.830945e-01 
1.335904e+00 2.830394e-01 
1.341665e+00 2.829834e-01 
1.347522e+00 2.829265e-01 
1.353476e+00 2.828686e-01 
1.359530e+00 2.828098e-01 
1.365685e+00 2.827499e-01 
1.371942e+00 2.826891e-01 
1.378303e+00 2.826273e-01 
1.384771e+00 2.825644e-01 
1.159349e+00 2.855028e-01 
1.162222e+00 2.854761e-01 
1.165139e+00 2.854490e-01 
1.168104e+00 2.854214e-01 
1.171115e+00 2.853934e-01 
1.174174e+00 2.853650e-01 
1.177283e+00 2.853361e-01 
1.180441e+00 2.853067e-01 
1.183649e+00 2.852769e-01 
1.186909e+00 2.852466e-01 
1.190222e+00 2.852158e-01 
1.193588e+00 2.851845e-01 
1.197008e+00 2.851527e-01 
1.200483e+00 2.851204e-01 
1.204015e+00 2.850875e-01 
1.207604e+00 2.850542e-01 
1.211251e+00 2.850203e-01 
1.214957e+00 2.849858e-01 
1.218724e+00 2.849508e-01 
1.222552e+00 2.849152e-01 
1.226442e+00 2.848790e-01 
1.230396e+00 2.848422e-01 
1.234415e+00 2.848049e-01 
1.238499e+00 2.847669e-01 
1.242650e+00 2.847283e-01 
1.246870e+00 2.846891e-01 
1.251158e+00 2.846492e-01 
1.255517e+00 2.846087e-01 
1.259948e+00 2.845675e-01 
1.264451e+00 2.845256e-01 
1.269029e+00 2.844830e-01 
1.273682e+00 2.844398e-01 
1.278412e+00 2.843958e-01 
1.283220e+00 2.843511e-01 
1.288108e+00 2.843056e-01 
1.293076e+00 2.842594e-01 
1.298127e+00 2.842125e-01 
1.303261e+00 2.841647e-01 
1.308480e+00 2.841162e-01 
1.313786e+00 2.840669e-01 
1.319180e+00 2.840167e-01 
1.324663e+00 2.839657e-01 
1.330237e+00 2.839139e-01 
1.335904e+00 2.838612e-01 
1.341665e+00 2.838076e-01 
1.347523e+00 2.837532e-01 
1.353477e+00 2.836978e-01 
1.359531e+00 2.836415e-01 
1.365685e+00 2.835843e-01 
1.371942e+00 2.835261e-01 
1.378304e+00 2.834670e-01 
1.384771e+00 2.834068e-01 
1.159350e+00 2.862500e-01 
1.162222e+00 2.862245e-01 
1.165140e+00 2.861986e-01 
1.168104e+00 2.861723e-01 
1.171116e+00 2.861456e-01 
1.174175e+00 2.861184e-01 
1.177283e+00 2.860908e-01 
1.180441e+00 2.860628e-01 
1.183650e+00 2.860343e-01 
1.186910e+00 2.860054e-01 
1.190222e+00 2.859760e-01 
1.193588e+00 2.859461e-01 
1.197008e+00 2.859157e-01 
1.200484e+00 2.858849e-01 
1.204015e+00 2.858536e-01 
1.207604e+00 2.858217e-01 
1.211251e+00 2.857893e-01 
1.214958e+00 2.857564e-01 
1.218724e+00 2.857230e-01 
1.222552e+00 2.856890e-01 
1.226443e+00 2.856545e-01 
1.230397e+00 2.856194e-01 
1.234415e+00 2.855837e-01 
1.238500e+00 2.855475e-01 
1.242651e+00 2.855106e-01 
1.246870e+00 2.854732e-01 
1.251159e+00 2.854351e-01 
1.255518e+00 2.853964e-01 
1.259948e+00 2.853571e-01 
1.264452e+00 2.853172e-01 
1.269030e+00 2.852765e-01 
1.273683e+00 2.852352e-01 
1.278413e+00 2.851932e-01 
1.283221e+00 2.851506e-01 
1.288108e+00 2.851072e-01 
1.293077e+00 2.850631e-01 
1.298127e+00 2.850183e-01 
1.303261e+00 2.849727e-01 
1.308481e+00 2.849264e-01 
1.313786e+00 2.848793e-01 
1.319180e+00 2.848314e-01 
1.324663e+00 2.847827e-01 
1.330238e+00 2.847333e-01 
1.335905e+00 2.846830e-01 
1.341666e+00 2.846318e-01 
1.347523e+00 2.845798e-01 
1.353478e+00 2.845270e-01 
1.359531e+00 2.844733e-01 
1.365686e+00 2.844186e-01 
1.371943e+00 2.843631e-01 
1.378304e+00 2.843066e-01 
1.384772e+00 2.842492e-01 
1.159350e+00 2.869971e-01 
1.162223e+00 2.869728e-01 
1.165140e+00 2.869482e-01 
1.168105e+00 2.869231e-01 
1.171116e+00 2.868977e-01 
1.174175e+00 2.868718e-01 
1.177284e+00 2.868455e-01 
1.180442e+00 2.868188e-01 
1.183650e+00 2.867917e-01 
1.186910e+00 2.867642e-01 
1.190223e+00 2.867362e-01 
1.193589e+00 2.867077e-01 
1.197009e+00 2.866788e-01 
1.200484e+00 2.866494e-01 
1.204016e+00 2.866196e-01 
1.207605e+00 2.865892e-01 
1.211252e+00 2.865584e-01 
1.214958e+00 2.865271e-01 
1.218725e+00 2.864952e-01 
1.222553e+00 2.864629e-01 
1.226443e+00 2.864300e-01 
1.230397e+00 2.863966e-01 
1.234416e+00 2.863626e-01 
1.238500e+00 2.863281e-01 
1.242651e+00 2.862930e-01 
1.246871e+00 2.862573e-01 
1.251159e+00 2.862211e-01 
1.255518e+00 2.861842e-01 
1.259949e+00 2.861468e-01 
1.264452e+00 2.861087e-01 
1.269030e+00 2.860700e-01 
1.273683e+00 2.860307e-01 
1.278413e+00 2.859907e-01 
1.283221e+00 2.859501e-01 
1.288109e+00 2.859088e-01 
1.293077e+00 2.858668e-01 
1.298128e+00 2.858241e-01 
1.303262e+00 2.857807e-01 
1.308481e+00 2.857365e-01 
1.313787e+00 2.856917e-01 
1.319181e+00 2.856461e-01 
1.324664e+00 2.855998e-01 
1.330238e+00 2.855526e-01 
1.335905e+00 2.855047e-01 
1.341667e+00 2.854560e-01 
1.347524e+00 2.854065e-01 
1.353478e+00 2.853562e-01 
1.359532e+00 2.853050e-01 
1.365686e+00 2.852530e-01 
1.371943e+00 2.852001e-01 
1.378305e+00 2.851463e-01 
1.384772e+00 2.850917e-01 
1.159351e+00 2.877443e-01 
1.162223e+00 2.877212e-01 
1.165141e+00 2.876978e-01 
1.168105e+00 2.876740e-01 
1.171116e+00 2.876498e-01 
1.174176e+00 2.876252e-01 
1.177284e+00 2.876003e-01 
1.180442e+00 2.875749e-01 
1.183651e+00 2.875491e-01 
1.186911e+00 2.875230e-01 
1.190223e+00 2.874964e-01 
1.193589e+00 2.874693e-01 
1.197009e+00 2.874419e-01 
1.200485e+00 2.874140e-01 
1.204016e+00 2.873856e-01 
1.207605e+00 2.873568e-01 
1.211252e+00 2.873275e-01 
1.214959e+00 2.872977e-01 
1.218725e+00 2.872675e-01 
1.222553e+00 2.872367e-01 
1.226444e+00 2.872055e-01 
1.230398e+00 2.871738e-01 
1.234416e+00 2.871415e-01 
1.238501e+00 2.871087e-01 
1.242652e+00 2.870753e-01 
1.246871e+00 2.870415e-01 
1.251160e+00 2.870070e-01 
1.255519e+00 2.869720e-01 
1.259949e+00 2.869364e-01 
1.264453e+00 2.869003e-01 
1.269031e+00 2.868635e-01 
1.273684e+00 2.868262e-01 
1.278414e+00 2.867882e-01 
1.283222e+00 2.867496e-01 
1.288110e+00 2.867103e-01 
1.293078e+00 2.866704e-01 
1.298128e+00 2.866299e-01 
1.303263e+00 2.865886e-01 
1.308482e+00 2.865467e-01 
1.313788e+00 2.865041e-01 
1.319181e+00 2.864608e-01 
1.324665e+00 2.864168e-01 
1.330239e+00 2.863720e-01 
1.335906e+00 2.863265e-01 
1.341667e+00 2.862802e-01 
1.347524e+00 2.862332e-01 
1.353479e+00 2.861854e-01 
1.359532e+00 2.861368e-01 
1.365687e+00 2.860873e-01 
1.371944e+00 2.860371e-01 
1.378305e+00 2.859860e-01 
1.384773e+00 2.859341e-01 
1.159351e+00 2.884914e-01 
1.162223e+00 2.884696e-01 
1.165141e+00 2.884474e-01 
1.168106e+00 2.884248e-01 
1.171117e+00 2.884019e-01 
1.174176e+00 2.883786e-01 
1.177285e+00 2.883550e-01 
1.180443e+00 2.883310e-01 
1.183651e+00 2.883066e-01 
1.186911e+00 2.882818e-01 
1.190224e+00 2.882566e-01 
1.193590e+00 2.882309e-01 
1.197010e+00 2.882049e-01 
1.200485e+00 2.881785e-01 
1.204017e+00 2.881516e-01 
1.207606e+00 2.881243e-01 
1.211253e+00 2.880966e-01 
1.214959e+00 2.880684e-01 
1.218726e+00 2.880397e-01 
1.222554e+00 2.880106e-01 
1.226444e+00 2.879810e-01 
1.230398e+00 2.879509e-01 
1.234417e+00 2.879204e-01 
1.238501e+00 2.878893e-01 
1.242652e+00 2.878577e-01 
1.246872e+00 2.878256e-01 
1.251160e+00 2.877930e-01 
1.255519e+00 2.877598e-01 
1.259950e+00 2.877261e-01 
1.264454e+00 2.876918e-01 
1.269031e+00 2.876570e-01 
1.273685e+00 2.876216e-01 
1.278415e+00 2.875856e-01 
1.283223e+00 2.875491e-01 
1.288110e+00 2.875119e-01 
1.293078e+00 2.874741e-01 
1.298129e+00 2.874357e-01 
1.303263e+00 2.873966e-01 
1.308482e+00 2.873569e-01 
1.313788e+00 2.873165e-01 
1.319182e+00 2.872755e-01 
1.324665e+00 2.872338e-01 
1.330240e+00 2.871914e-01 
1.335907e+00 2.871483e-01 
1.341668e+00 2.871044e-01 
1.347525e+00 2.870599e-01 
1.353479e+00 2.870146e-01 
1.359533e+00 2.869685e-01 
1.365688e+00 2.869217e-01 
1.371945e+00 2.868741e-01 
1.378306e+00 2.868257e-01 
1.384774e+00 2.867765e-01 
1.159351e+00 2.892386e-01 
1.162224e+00 2.892179e-01 
1.165142e+00 2.891970e-01 
1.168106e+00 2.891757e-01 
1.171117e+00 2.891540e-01 
1.174177e+00 2.891320e-01 
1.177285e+00 2.891097e-01 
1.180443e+00 2.890870e-01 
1.183652e+00 2.890640e-01 
1.186912e+00 2.890405e-01 
1.190224e+00 2.890167e-01 
1.193590e+00 2.889926e-01 
1.197010e+00 2.889680e-01 
1.200486e+00 2.889430e-01 
1.204017e+00 2.889176e-01 
1.207606e+00 2.888919e-01 
1.211253e+00 2.888657e-01 
1.214960e+00 2.888390e-01 
1.218726e+00 2.888120e-01 
1.222554e+00 2.887845e-01 
1.226445e+00 2.887565e-01 
1.230399e+00 2.887281e-01 
1.234417e+00 2.886992e-01 
1.238502e+00 2.886699e-01 
1.242653e+00 2.886400e-01 
1.246872e+00 2.886097e-01 
1.251161e+00 2.885789e-01 
1.255520e+00 2.885476e-01 
1.259951e+00 2.885158e-01 
1.264454e+00 2.884834e-01 
1.269032e+00 2.884505e-01 
1.273685e+00 2.884171e-01 
1.278415e+00 2.883831e-01 
1.283223e+00 2.883486e-01 
1.288111e+00 2.883134e-01 
1.293079e+00 2.882777e-01 
1.298130e+00 2.882415e-01 
1.303264e+00 2.882046e-01 
1.308483e+00 2.881671e-01 
1.313789e+00 2.881289e-01 
1.319182e+00 2.880902e-01 
1.324666e+00 2.880508e-01 
1.330240e+00 2.880107e-01 
1.335907e+00 2.879700e-01 
1.341668e+00 2.879286e-01 
1.347525e+00 2.878865e-01 
1.353480e+00 2.878438e-01 
1.359534e+00 2.878003e-01 
1.365688e+00 2.877560e-01 
1.371945e+00 2.877111e-01 
1.378307e+00 2.876654e-01 
1.384774e+00 2.876189e-01 
1.159352e+00 2.899857e-01 
1.162224e+00 2.899663e-01 
1.165142e+00 2.899465e-01 
1.168107e+00 2.899265e-01 
1.171118e+00 2.899061e-01 
1.174177e+00 2.898855e-01 
1.177286e+00 2.898644e-01 
1.180444e+00 2.898431e-01 
1.183652e+00 2.898214e-01 
1.186912e+00 2.897993e-01 
1.190225e+00 2.897769e-01 
1.193591e+00 2.897542e-01 
1.197011e+00 2.897310e-01 
1.200486e+00 2.897075e-01 
1.204018e+00 2.896837e-01 
1.207607e+00 2.896594e-01 
1.211254e+00 2.896347e-01 
1.214960e+00 2.896097e-01 
1.218727e+00 2.895842e-01 
1.222555e+00 2.895583e-01 
1.226445e+00 2.895320e-01 
1.230399e+00 2.895053e-01 
1.234418e+00 2.894781e-01 
1.238502e+00 2.894505e-01 
1.242654e+00 2.894224e-01 
1.246873e+00 2.893939e-01 
1.251161e+00 2.893649e-01 
1.255520e+00 2.893354e-01 
1.259951e+00 2.893054e-01 
1.264455e+00 2.892750e-01 
1.269032e+00 2.892440e-01 
1.273686e+00 2.892126e-01 
1.278416e+00 2.891806e-01 
1.283224e+00 2.891481e-01 
1.288111e+00 2.891150e-01 
1.293080e+00 2.890814e-01 
1.298130e+00 2.890472e-01 
1.303264e+00 2.890125e-01 
1.308483e+00 2.889772e-01 
1.313789e+00 2.889414e-01 
1.319183e+00 2.889049e-01 
1.324666e+00 2.888678e-01 
1.330241e+00 2.888301e-01 
1.335908e+00 2.887918e-01 
1.341669e+00 2.887528e-01 
1.347526e+00 2.887132e-01 
1.353480e+00 2.886729e-01 
1.359534e+00 2.886320e-01 
1.365689e+00 2.885904e-01 
1.371946e+00 2.885481e-01 
1.378307e+00 2.885051e-01 
1.384775e+00 2.884613e-01 
1.159352e+00 2.907328e-01 
1.162225e+00 2.907146e-01 
1.165143e+00 2.906961e-01 
1.168107e+00 2.906773e-01 
1.171118e+00 2.906583e-01 
1.174178e+00 2.906389e-01 
1.177286e+00 2.906192e-01 
1.180444e+00 2.905991e-01 
1.183653e+00 2.905788e-01 
1.186913e+00 2.905581e-01 
1.190225e+00 2.905371e-01 
1.193591e+00 2.905158e-01 
1.197011e+00 2.904941e-01 
1.200487e+00 2.904721e-01 
1.204018e+00 2.904497e-01 
1.207607e+00 2.904269e-01 
1.211254e+00 2.904038e-01 
1.214961e+00 2.903803e-01 
1.218727e+00 2.903564e-01 
1.222555e+00 2.903322e-01 
1.226446e+00 2.903075e-01 
1.230400e+00 2.902824e-01 
1.234419e+00 2.902570e-01 
1.238503e+00 2.902311e-01 
1.242654e+00 2.902047e-01 
1.246873e+00 2.901780e-01 
1.251162e+00 2.901508e-01 
1.255521e+00 2.901232e-01 
1.259952e+00 2.900951e-01 
1.264455e+00 2.900665e-01 
1.269033e+00 2.900375e-01 
1.273686e+00 2.900080e-01 
1.278416e+00 2.899780e-01 
1.283224e+00 2.899475e-01 
1.288112e+00 2.899166e-01 
1.293080e+00 2.898851e-01 
1.298131e+00 2.898530e-01 
1.303265e+00 2.898205e-01 
1.308484e+00 2.897874e-01 
1.313790e+00 2.897538e-01 
1.319184e+00 2.897196e-01 
1.324667e+00 2.896848e-01 
1.330241e+00 2.896495e-01 
1.335908e+00 2.896135e-01 
1.341669e+00 2.895770e-01 
1.347526e+00 2.895399e-01 
1.353481e+00 2.895021e-01 
1.359535e+00 2.894638e-01 
1.365689e+00 2.894247e-01 
1.371946e+00 2.893851e-01 
1.378308e+00 2.893447e-01 
1.384775e+00 2.893037e-01 
1.159353e+00 2.914800e-01 
1.162225e+00 2.914630e-01 
1.165143e+00 2.914457e-01 
1.168107e+00 2.914282e-01 
1.171119e+00 2.914104e-01 
1.174178e+00 2.913923e-01 
1.177287e+00 2.913739e-01 
1.180444e+00 2.913552e-01 
1.183653e+00 2.913362e-01 
1.186913e+00 2.913169e-01 
1.190226e+00 2.912973e-01 
1.193592e+00 2.912774e-01 
1.197012e+00 2.912572e-01 
1.200487e+00 2.912366e-01 
1.204019e+00 2.912157e-01 
1.207608e+00 2.911945e-01 
1.211255e+00 2.911729e-01 
1.214961e+00 2.911510e-01 
1.218728e+00 2.911287e-01 
1.222556e+00 2.911060e-01 
1.226446e+00 2.910830e-01 
1.230400e+00 2.910596e-01 
1.234419e+00 2.910358e-01 
1.238503e+00 2.910117e-01 
1.242655e+00 2.909871e-01 
1.246874e+00 2.909621e-01 
1.251163e+00 2.909368e-01 
1.255522e+00 2.909110e-01 
1.259952e+00 2.908848e-01 
1.264456e+00 2.908581e-01 
1.269034e+00 2.908310e-01 
1.273687e+00 2.908035e-01 
1.278417e+00 2.907755e-01 
1.283225e+00 2.907470e-01 
1.288112e+00 2.907181e-01 
1.293081e+00 2.906887e-01 
1.298131e+00 2.906588e-01 
1.303265e+00 2.906285e-01 
1.308485e+00 2.905976e-01 
1.313790e+00 2.905662e-01 
1.319184e+00 2.905343e-01 
1.324667e+00 2.905018e-01 
1.330242e+00 2.904688e-01 
1.335909e+00 2.904353e-01 
1.341670e+00 2.904012e-01 
1.347527e+00 2.903666e-01 
1.353482e+00 2.903313e-01 
1.359535e+00 2.902955e-01 
1.365690e+00 2.902591e-01 
1.371947e+00 2.902221e-01 
1.378308e+00 2.901844e-01 
1.384776e+00 2.901462e-01 
1.159353e+00 2.922271e-01 
1.162226e+00 2.922114e-01 
1.165144e+00 2.921953e-01 
1.168108e+00 2.921790e-01 
1.171119e+00 2.921625e-01 
1.174179e+00 2.921457e-01 
1.177287e+00 2.921286e-01 
1.180445e+00 2.921113e-01 
1.183654e+00 2.920936e-01 
1.186914e+00 2.920757e-01 
1.190226e+00 2.920575e-01 
1.193592e+00 2.920390e-01 
1.197012e+00 2.920202e-01 
1.200488e+00 2.920011e-01 
1.204019e+00 2.919817e-01 
1.207608e+00 2.919620e-01 
1.211255e+00 2.919420e-01 
1.214962e+00 2.919216e-01 
1.218729e+00 2.919009e-01 
1.222557e+00 2.918799e-01 
1.226447e+00 2.918585e-01 
1.230401e+00 2.918368e-01 
1.234420e+00 2.918147e-01 
1.238504e+00 2.917923e-01 
1.242655e+00 2.917694e-01 
1.246875e+00 2.917463e-01 
1.251163e+00 2.917227e-01 
1.255522e+00 2.916988e-01 
1.259953e+00 2.916744e-01 
1.264456e+00 2.916497e-01 
1.269034e+00 2.916245e-01 
1.273687e+00 2.915989e-01 
1.278417e+00 2.915730e-01 
1.283225e+00 2.915465e-01 
1.288113e+00 2.915197e-01 
1.293081e+00 2.914924e-01 
1.298132e+00 2.914646e-01 
1.303266e+00 2.914364e-01 
1.308485e+00 2.914078e-01 
1.313791e+00 2.913786e-01 
1.319185e+00 2.913490e-01 
1.324668e+00 2.913188e-01 
1.330242e+00 2.912882e-01 
1.335909e+00 2.912571e-01 
1.341671e+00 2.912254e-01 
1.347528e+00 2.911932e-01 
1.353482e+00 2.911605e-01 
1.359536e+00 2.911273e-01 
1.365690e+00 2.910934e-01 
1.371947e+00 2.910591e-01 
1.378309e+00 2.910241e-01 
1.384776e+00 2.909886e-01 
1.159354e+00 2.929743e-01 
1.162226e+00 2.929597e-01 
1.165144e+00 2.929449e-01 
1.168108e+00 2.929299e-01 
1.171120e+00 2.929146e-01 
1.174179e+00 2.928991e-01 
1.177287e+00 2.928833e-01 
1.180445e+00 2.928673e-01 
1.183654e+00 2.928510e-01 
1.186914e+00 2.928345e-01 
1.190227e+00 2.928177e-01 
1.193593e+00 2.928006e-01 
1.197013e+00 2.927833e-01 
1.200488e+00 2.927657e-01 
1.204020e+00 2.927477e-01 
1.207609e+00 2.927295e-01 
1.211256e+00 2.927110e-01 
1.214962e+00 2.926923e-01 
1.218729e+00 2.926731e-01 
1.222557e+00 2.926537e-01 
1.226448e+00 2.926340e-01 
1.230402e+00 2.926139e-01 
1.234420e+00 2.925936e-01 
1.238504e+00 2.925729e-01 
1.242656e+00 2.925518e-01 
1.246875e+00 2.925304e-01 
1.251164e+00 2.925087e-01 
1.255523e+00 2.924865e-01 
1.259953e+00 2.924641e-01 
1.264457e+00 2.924412e-01 
1.269035e+00 2.924180e-01 
1.273688e+00 2.923944e-01 
1.278418e+00 2.923704e-01 
1.283226e+00 2.923460e-01 
1.288113e+00 2.923213e-01 
1.293082e+00 2.922961e-01 
1.298132e+00 2.922704e-01 
1.303267e+00 2.922444e-01 
1.308486e+00 2.922179e-01 
1.313792e+00 2.921910e-01 
1.319185e+00 2.921637e-01 
1.324669e+00 2.921359e-01 
1.330243e+00 2.921076e-01 
1.335910e+00 2.920788e-01 
1.341671e+00 2.920496e-01 
1.347528e+00 2.920199e-01 
1.353483e+00 2.919897e-01 
1.359536e+00 2.919590e-01 
1.365691e+00 2.919278e-01 
1.371948e+00 2.918961e-01 
1.378309e+00 2.918638e-01 
1.384777e+00 2.918310e-01 
1.159354e+00 2.937214e-01 
1.162227e+00 2.937081e-01 
1.165145e+00 2.936945e-01 
1.168109e+00 2.936807e-01 
1.171120e+00 2.936667e-01 
1.174180e+00 2.936525e-01 
1.177288e+00 2.936380e-01 
1.180446e+00 2.936234e-01 
1.183655e+00 2.936084e-01 
1.186915e+00 2.935933e-01 
1.190227e+00 2.935779e-01 
1.193593e+00 2.935622e-01 
1.197013e+00 2.935463e-01 
1.200489e+00 2.935302e-01 
1.204020e+00 2.935138e-01 
1.207609e+00 2.934971e-01 
1.211256e+00 2.934801e-01 
1.214963e+00 2.934629e-01 
1.218730e+00 2.934454e-01 
1.222558e+00 2.934276e-01 
1.226448e+00 2.934095e-01 
1.230402e+00 2.933911e-01 
1.234421e+00 2.933724e-01 
1.238505e+00 2.933534e-01 
1.242656e+00 2.933341e-01 
1.246876e+00 2.933145e-01 
1.251164e+00 2.932946e-01 
1.255523e+00 2.932743e-01 
1.259954e+00 2.932537e-01 
1.264457e+00 2.932328e-01 
1.269035e+00 2.932115e-01 
1.273688e+00 2.931899e-01 
1.278418e+00 2.931679e-01 
1.283227e+00 2.931455e-01 
1.288114e+00 2.931228e-01 
1.293082e+00 2.930997e-01 
1.298133e+00 2.930762e-01 
1.303267e+00 2.930524e-01 
1.308486e+00 2.930281e-01 
1.313792e+00 2.930034e-01 
1.319186e+00 2.929784e-01 
1.324669e+00 2.929529e-01 
1.330244e+00 2.929269e-01 
1.335911e+00 2.929006e-01 
1.341672e+00 2.928738e-01 
1.347529e+00 2.928466e-01 
1.353483e+00 2.928189e-01 
1.359537e+00 2.927908e-01 
1.365691e+00 2.927621e-01 
1.371949e+00 2.927331e-01 
1.378310e+00 2.927035e-01 
1.384777e+00 2.926734e-01 
1.159355e+00 2.944686e-01 
1.162227e+00 2.944564e-01 
1.165145e+00 2.944441e-01 
1.168109e+00 2.944316e-01 
1.171121e+00 2.944188e-01 
1.174180e+00 2.944059e-01 
1.177288e+00 2.943928e-01 
1.180446e+00 2.943794e-01 
1.183655e+00 2.943659e-01 
1.186915e+00 2.943521e-01 
1.190228e+00 2.943381e-01 
1.193594e+00 2.943239e-01 
1.197014e+00 2.943094e-01 
1.200489e+00 2.942947e-01 
1.204021e+00 2.942798e-01 
1.207610e+00 2.942646e-01 
1.211257e+00 2.942492e-01 
1.214963e+00 2.942335e-01 
1.218730e+00 2.942176e-01 
1.222558e+00 2.942014e-01 
1.226449e+00 2.941850e-01 
1.230403e+00 2.941683e-01 
1.234421e+00 2.941513e-01 
1.238506e+00 2.941340e-01 
1.242657e+00 2.941165e-01 
1.246876e+00 2.940987e-01 
1.251165e+00 2.940805e-01 
1.255524e+00 2.940621e-01 
1.259954e+00 2.940434e-01 
1.264458e+00 2.940244e-01 
1.269036e+00 2.940050e-01 
1.273689e+00 2.939853e-01 
1.278419e+00 2.939654e-01 
1.283227e+00 2.939450e-01 
1.288115e+00 2.939244e-01 
1.293083e+00 2.939034e-01 
1.298134e+00 2.938820e-01 
1.303268e+00 2.938603e-01 
1.308487e+00 2.938383e-01 
1.313793e+00 2.938158e-01 
1.319186e+00 2.937931e-01 
1.324670e+00 2.937699e-01 
1.330244e+00 2.937463e-01 
1.335911e+00 2.937224e-01 
1.341672e+00 2.936980e-01 
1.347529e+00 2.936733e-01 
1.353484e+00 2.936481e-01 
1.359537e+00 2.936225e-01 
1.365692e+00 2.935965e-01 
1.371949e+00 2.935700e-01 
1.378310e+00 2.935432e-01 
1.384778e+00 2.935158e-01 
1.159355e+00 2.952157e-01 
1.162228e+00 2.952048e-01 
1.165146e+00 2.951937e-01 
1.168110e+00 2.951824e-01 
1.171121e+00 2.951710e-01 
1.174181e+00 2.951593e-01 
1.177289e+00 2.951475e-01 
1.180447e+00 2.951355e-01 
1.183656e+00 2.951233e-01 
1.186916e+00 2.951109e-01 
1.190228e+00 2.950983e-01 
1.193594e+00 2.950855e-01 
1.197014e+00 2.950725e-01 
1.200490e+00 2.950592e-01 
1.204021e+00 2.950458e-01 
1.207610e+00 2.950322e-01 
1.211258e+00 2.950183e-01 
1.214964e+00 2.950042e-01 
1.218731e+00 2.949899e-01 
1.222559e+00 2.949753e-01 
1.226449e+00 2.949605e-01 
1.230403e+00 2.949455e-01 
1.234422e+00 2.949302e-01 
1.238506e+00 2.949146e-01 
1.242657e+00 2.948988e-01 
1.246877e+00 2.948828e-01 
1.251165e+00 2.948665e-01 
1.255524e+00 2.948499e-01 
1.259955e+00 2.948331e-01 
1.264459e+00 2.948159e-01 
1.269036e+00 2.947985e-01 
1.273690e+00 2.947808e-01 
1.278420e+00 2.947628e-01 
1.283228e+00 2.947445e-01 
1.288115e+00 2.947259e-01 
1.293084e+00 2.947070e-01 
1.298134e+00 2.946878e-01 
1.303268e+00 2.946683e-01 
1.308487e+00 2.946484e-01 
1.313793e+00 2.946283e-01 
1.319187e+00 2.946077e-01 
1.324670e+00 2.945869e-01 
1.330245e+00 2.945657e-01 
1.335912e+00 2.945441e-01 
1.341673e+00 2.945222e-01 
1.347530e+00 2.944999e-01 
1.353484e+00 2.944773e-01 
1.359538e+00 2.944543e-01 
1.365693e+00 2.944308e-01 
1.371950e+00 2.944070e-01 
1.378311e+00 2.943828e-01 
1.384779e+00 2.943582e-01 
1.159356e+00 2.959629e-01 
1.162228e+00 2.959531e-01 
1.165146e+00 2.959433e-01 
1.168110e+00 2.959333e-01 
1.171122e+00 2.959231e-01 
1.174181e+00 2.959127e-01 
1.177289e+00 2.959022e-01 
1.180447e+00 2.958915e-01 
1.183656e+00 2.958807e-01 
1.186916e+00 2.958697e-01 
1.190229e+00 2.958585e-01 
1.193595e+00 2.958471e-01 
1.197015e+00 2.958355e-01 
1.200490e+00 2.958238e-01 
1.204022e+00 2.958118e-01 
1.207611e+00 2.957997e-01 
1.211258e+00 2.957874e-01 
1.214964e+00 2.957748e-01 
1.218731e+00 2.957621e-01 
1.222559e+00 2.957492e-01 
1.226450e+00 2.957360e-01 
1.230404e+00 2.957226e-01 
1.234422e+00 2.957090e-01 
1.238507e+00 2.956952e-01 
1.242658e+00 2.956812e-01 
1.246877e+00 2.956669e-01 
1.251166e+00 2.956524e-01 
1.255525e+00 2.956377e-01 
1.259956e+00 2.956227e-01 
1.264459e+00 2.956075e-01 
1.269037e+00 2.955920e-01 
1.273690e+00 2.955763e-01 
1.278420e+00 2.955603e-01 
1.283228e+00 2.955440e-01 
1.288116e+00 2.955275e-01 
1.293084e+00 2.955107e-01 
1.298135e+00 2.954936e-01 
1.303269e+00 2.954763e-01 
1.308488e+00 2.954586e-01 
1.313794e+00 2.954407e-01 
1.319188e+00 2.954224e-01 
1.324671e+00 2.954039e-01 
1.330245e+00 2.953851e-01 
1.335912e+00 2.953659e-01 
1.341673e+00 2.953464e-01 
1.347530e+00 2.953266e-01 
1.353485e+00 2.953065e-01 
1.359539e+00 2.952860e-01 
1.365693e+00 2.952652e-01 
1.371950e+00 2.952440e-01 
1.378312e+00 2.952225e-01 
1.384779e+00 2.952007e-01 
1.159356e+00 2.967100e-01 
1.162229e+00 2.967015e-01 
1.165147e+00 2.966929e-01 
1.168111e+00 2.966841e-01 
1.171122e+00 2.966752e-01 
1.174182e+00 2.966661e-01 
1.177290e+00 2.966569e-01 
1.180448e+00 2.966476e-01 
1.183657e+00 2.966381e-01 
1.186917e+00 2.966285e-01 
1.190229e+00 2.966187e-01 
1.193595e+00 2.966087e-01 
1.197015e+00 2.965986e-01 
1.200491e+00 2.965883e-01 
1.204022e+00 2.965779e-01 
1.207611e+00 2.965672e-01 
1.211259e+00 2.965564e-01 
1.214965e+00 2.965455e-01 
1.218732e+00 2.965343e-01 
1.222560e+00 2.965230e-01 
1.226450e+00 2.965115e-01 
1.230404e+00 2.964998e-01 
1.234423e+00 2.964879e-01 
1.238507e+00 2.964758e-01 
1.242658e+00 2.964635e-01 
1.246878e+00 2.964511e-01 
1.251166e+00 2.964384e-01 
1.255525e+00 2.964255e-01 
1.259956e+00 2.964124e-01 
1.264460e+00 2.963991e-01 
1.269037e+00 2.963855e-01 
1.273691e+00 2.963717e-01 
1.278421e+00 2.963577e-01 
1.283229e+00 2.963435e-01 
1.288116e+00 2.963291e-01 
1.293085e+00 2.963144e-01 
1.298135e+00 2.962994e-01 
1.303269e+00 2.962842e-01 
1.308489e+00 2.962688e-01 
1.313794e+00 2.962531e-01 
1.319188e+00 2.962371e-01 
1.324671e+00 2.962209e-01 
1.330246e+00 2.962044e-01 
1.335913e+00 2.961877e-01 
1.341674e+00 2.961706e-01 
1.347531e+00 2.961533e-01 
1.353486e+00 2.961357e-01 
1.359539e+00 2.961178e-01 
1.365694e+00 2.960995e-01 
1.371951e+00 2.960810e-01 
1.378312e+00 2.960622e-01 
1.384780e+00 2.960431e-01 
1.159357e+00 2.974571e-01 
1.162229e+00 2.974499e-01 
1.165147e+00 2.974425e-01 
1.168111e+00 2.974349e-01 
1.171123e+00 2.974273e-01 
1.174182e+00 2.974195e-01 
1.177290e+00 2.974117e-01 
1.180448e+00 2.974037e-01 
1.183657e+00 2.973955e-01 
1.186917e+00 2.973873e-01 
1.190230e+00 2.973789e-01 
1.193596e+00 2.973703e-01 
1.197016e+00 2.973616e-01 
1.200491e+00 2.973528e-01 
1.204023e+00 2.973439e-01 
1.207612e+00 2.973348e-01 
1.211259e+00 2.973255e-01 
1.214966e+00 2.973161e-01 
1.218732e+00 2.973066e-01 
1.222560e+00 2.972969e-01 
1.226451e+00 2.972870e-01 
1.230405e+00 2.972770e-01 
1.234423e+00 2.972668e-01 
1.238508e+00 2.972564e-01 
1.242659e+00 2.972459e-01 
1.246878e+00 2.972352e-01 
1.251167e+00 2.972243e-01 
1.255526e+00 2.972133e-01 
1.259957e+00 2.972020e-01 
1.264460e+00 2.971906e-01 
1.269038e+00 2.971790e-01 
1.273691e+00 2.971672e-01 
1.278421e+00 2.971552e-01 
1.283229e+00 2.971430e-01 
1.288117e+00 2.971306e-01 
1.293085e+00 2.971180e-01 
1.298136e+00 2.971052e-01 
1.303270e+00 2.970922e-01 
1.308489e+00 2.970790e-01 
1.313795e+00 2.970655e-01 
1.319189e+00 2.970518e-01 
1.324672e+00 2.970379e-01 
1.330246e+00 2.970238e-01 
1.335913e+00 2.970094e-01 
1.341675e+00 2.969948e-01 
1.347532e+00 2.969800e-01 
1.353486e+00 2.969649e-01 
1.359540e+00 2.969495e-01 
1.365694e+00 2.969339e-01 
1.371951e+00 2.969180e-01 
1.378313e+00 2.969019e-01 
1.384780e+00 2.968855e-01 
1.159357e+00 2.982043e-01 
1.162230e+00 2.981982e-01 
1.165147e+00 2.981920e-01 
1.168112e+00 2.981858e-01 
1.171123e+00 2.981794e-01 
1.174183e+00 2.981730e-01 
1.177291e+00 2.981664e-01 
1.180449e+00 2.981597e-01 
1.183658e+00 2.981529e-01 
1.186918e+00 2.981460e-01 
1.190230e+00 2.981390e-01 
1.193596e+00 2.981319e-01 
1.197016e+00 2.981247e-01 
1.200492e+00 2.981174e-01 
1.204024e+00 2.981099e-01 
1.207612e+00 2.981023e-01 
1.211260e+00 2.980946e-01 
1.214966e+00 2.980868e-01 
1.218733e+00 2.980788e-01 
1.222561e+00 2.980707e-01 
1.226451e+00 2.980625e-01 
1.230405e+00 2.980541e-01 
1.234424e+00 2.980457e-01 
1.238508e+00 2.980370e-01 
1.242660e+00 2.980282e-01 
1.246879e+00 2.980193e-01 
1.251167e+00 2.980103e-01 
1.255526e+00 2.980011e-01 
1.259957e+00 2.979917e-01 
1.264461e+00 2.979822e-01 
1.269039e+00 2.979725e-01 
1.273692e+00 2.979627e-01 
1.278422e+00 2.979527e-01 
1.283230e+00 2.979425e-01 
1.288117e+00 2.979322e-01 
1.293086e+00 2.979217e-01 
1.298136e+00 2.979110e-01 
1.303270e+00 2.979002e-01 
1.308490e+00 2.978891e-01 
1.313795e+00 2.978779e-01 
1.319189e+00 2.978665e-01 
1.324673e+00 2.978549e-01 
1.330247e+00 2.978432e-01 
1.335914e+00 2.978312e-01 
1.341675e+00 2.978190e-01 
1.347532e+00 2.978066e-01 
1.353487e+00 2.977940e-01 
1.359540e+00 2.977813e-01 
1.365695e+00 2.977682e-01 
1.371952e+00 2.977550e-01 
1.378313e+00 2.977416e-01 
1.384781e+00 2.977279e-01 
1.159358e+00 2.989514e-01 
1.162230e+00 2.989466e-01 
1.165148e+00 2.989416e-01 
1.168112e+00 2.989366e-01 
1.171124e+00 2.989315e-01 
1.174183e+00 2.989264e-01 
1.177291e+00 2.989211e-01 
1.180449e+00 2.989158e-01 
1.183658e+00 2.989103e-01 
1.186918e+00 2.989048e-01 
1.190231e+00 2.988992e-01 
1.193597e+00 2.988935e-01 
1.197017e+00 2.988878e-01 
1.200492e+00 2.988819e-01 
1.204024e+00 2.988759e-01 
1.207613e+00 2.988698e-01 
1.211260e+00 2.988637e-01 
1.214967e+00 2.988574e-01 
1.218733e+00 2.988510e-01 
1.222561e+00 2.988446e-01 
1.226452e+00 2.988380e-01 
1.230406e+00 2.988313e-01 
1.234424e+00 2.988245e-01 
1.238509e+00 2.988176e-01 
1.242660e+00 2.988106e-01 
1.246879e+00 2.988035e-01 
1.251168e+00 2.987962e-01 
1.255527e+00 2.987888e-01 
1.259958e+00 2.987814e-01 
1.264461e+00 2.987737e-01 
1.269039e+00 2.987660e-01 
1.273692e+00 2.987581e-01 
1.278422e+00 2.987501e-01 
1.283230e+00 2.987420e-01 
1.288118e+00 2.987338e-01 
1.293086e+00 2.987254e-01 
1.298137e+00 2.987168e-01 
1.303271e+00 2.987081e-01 
1.308490e+00 2.986993e-01 
1.313796e+00 2.986903e-01 
1.319190e+00 2.986812e-01 
1.324673e+00 2.986720e-01 
1.330247e+00 2.986625e-01 
1.335914e+00 2.986529e-01 
1.341676e+00 2.986432e-01 
1.347533e+00 2.986333e-01 
1.353487e+00 2.986232e-01 
1.359541e+00 2.986130e-01 
1.365695e+00 2.986026e-01 
1.371952e+00 2.985920e-01 
1.378314e+00 2.985813e-01 
1.384781e+00 2.985703e-01 
1.159358e+00 2.996986e-01 
1.162230e+00 2.996949e-01 
1.165148e+00 2.996912e-01 
1.168113e+00 2.996875e-01 
1.171124e+00 2.996837e-01 
1.174184e+00 2.996798e-01 
1.177292e+00 2.996758e-01 
1.180450e+00 2.996718e-01 
1.183659e+00 2.996678e-01 
1.186919e+00 2.996636e-01 
1.190231e+00 2.996594e-01 
1.193597e+00 2.996552e-01 
1.197017e+00 2.996508e-01 
1.200493e+00 2.996464e-01 
1.204025e+00 2.996419e-01 
1.207613e+00 2.996374e-01 
1.211261e+00 2.996328e-01 
1.214967e+00 2.996281e-01 
1.218734e+00 2.996233e-01 
1.222562e+00 2.996184e-01 
1.226452e+00 2.996135e-01 
1.230406e+00 2.996085e-01 
1.234425e+00 2.996034e-01 
1.238509e+00 2.995982e-01 
1.242661e+00 2.995929e-01 
1.246880e+00 2.995876e-01 
1.251169e+00 2.995822e-01 
1.255528e+00 2.995766e-01 
1.259958e+00 2.995710e-01 
1.264462e+00 2.995653e-01 
1.269040e+00 2.995595e-01 
1.273693e+00 2.995536e-01 
1.278423e+00 2.995476e-01 
1.283231e+00 2.995415e-01 
1.288119e+00 2.995353e-01 
1.293087e+00 2.995290e-01 
1.298137e+00 2.995226e-01 
1.303272e+00 2.995161e-01 
1.308491e+00 2.995095e-01 
1.313797e+00 2.995028e-01 
1.319190e+00 2.994959e-01 
1.324674e+00 2.994890e-01 
1.330248e+00 2.994819e-01 
1.335915e+00 2.994747e-01 
1.341676e+00 2.994674e-01 
1.347533e+00 2.994600e-01 
1.353488e+00 2.994524e-01 
1.359541e+00 2.994448e-01 
1.365696e+00 2.994369e-01 
1.371953e+00 2.994290e-01 
1.378314e+00 2.994209e-01 
1.384782e+00 2.994127e-01 
1.159358e+00 3.004457e-01 
1.162231e+00 3.004433e-01 
1.165149e+00 3.004408e-01 
1.168113e+00 3.004383e-01 
1.171125e+00 3.004358e-01 
1.174184e+00 3.004332e-01 
1.177292e+00 3.004306e-01 
1.180450e+00 3.004279e-01 
1.183659e+00 3.004252e-01 
1.186919e+00 3.004224e-01 
1.190232e+00 3.004196e-01 
1.193598e+00 3.004168e-01 
1.197018e+00 3.004139e-01 
1.200493e+00 3.004109e-01 
1.204025e+00 3.004080e-01 
1.207614e+00 3.004049e-01 
1.211261e+00 3.004018e-01 
1.214968e+00 3.003987e-01 
1.218734e+00 3.003955e-01 
1.222562e+00 3.003923e-01 
1.226453e+00 3.003890e-01 
1.230407e+00 3.003857e-01 
1.234426e+00 3.003823e-01 
1.238510e+00 3.003788e-01 
1.242661e+00 3.003753e-01 
1.246881e+00 3.003717e-01 
1.251169e+00 3.003681e-01 
1.255528e+00 3.003644e-01 
1.259959e+00 3.003607e-01 
1.264462e+00 3.003569e-01 
1.269040e+00 3.003530e-01 
1.273693e+00 3.003491e-01 
1.278423e+00 3.003451e-01 
1.283232e+00 3.003410e-01 
1.288119e+00 3.003369e-01 
1.293087e+00 3.003327e-01 
1.298138e+00 3.003284e-01 
1.303272e+00 3.003241e-01 
1.308491e+00 3.003197e-01 
1.313797e+00 3.003152e-01 
1.319191e+00 3.003106e-01 
1.324674e+00 3.003060e-01 
1.330249e+00 3.003013e-01 
1.335916e+00 3.002965e-01 
1.341677e+00 3.002916e-01 
1.347534e+00 3.002867e-01 
1.353488e+00 3.002816e-01 
1.359542e+00 3.002765e-01 
1.365697e+00 3.002713e-01 
1.371954e+00 3.002660e-01 
1.378315e+00 3.002606e-01 
1.384782e+00 3.002552e-01 
1.159359e+00 3.011929e-01 
1.162231e+00 3.011916e-01 
1.165149e+00 3.011904e-01 
1.168114e+00 3.011892e-01 
1.171125e+00 3.011879e-01 
1.174185e+00 3.011866e-01 
1.177293e+00 3.011853e-01 
1.180451e+00 3.011839e-01 
1.183659e+00 3.011826e-01 
1.186920e+00 3.011812e-01 
1.190232e+00 3.011798e-01 
1.193598e+00 3.011784e-01 
1.197018e+00 3.011769e-01 
1.200494e+00 3.011755e-01 
1.204026e+00 3.011740e-01 
1.207615e+00 3.011725e-01 
1.211262e+00 3.011709e-01 
1.214968e+00 3.011694e-01 
1.218735e+00 3.011678e-01 
1.222563e+00 3.011661e-01 
1.226453e+00 3.011645e-01 
1.230407e+00 3.011628e-01 
1.234426e+00 3.011611e-01 
1.238510e+00 3.011594e-01 
1.242662e+00 3.011576e-01 
1.246881e+00 3.011559e-01 
1.251170e+00 3.011541e-01 
1.255529e+00 3.011522e-01 
1.259959e+00 3.011503e-01 
1.264463e+00 3.011484e-01 
1.269041e+00 3.011465e-01 
1.273694e+00 3.011445e-01 
1.278424e+00 3.011425e-01 
1.283232e+00 3.011405e-01 
1.288120e+00 3.011384e-01 
1.293088e+00 3.011363e-01 
1.298139e+00 3.011342e-01 
1.303273e+00 3.011320e-01 
1.308492e+00 3.011298e-01 
1.313798e+00 3.011276e-01 
1.319192e+00 3.011253e-01 
1.324675e+00 3.011230e-01 
1.330249e+00 3.011206e-01 
1.335916e+00 3.011182e-01 
1.341677e+00 3.011158e-01 
1.347534e+00 3.011133e-01 
1.353489e+00 3.011108e-01 
1.359543e+00 3.011083e-01 
1.365697e+00 3.011056e-01 
1.371954e+00 3.011030e-01 
1.378316e+00 3.011003e-01 
1.384783e+00 3.010976e-01 
1.159359e+00 3.019400e-01 
1.162232e+00 3.019400e-01 
1.165150e+00 3.019400e-01 
1.168114e+00 3.019400e-01 
1.171126e+00 3.019400e-01 
1.174185e+00 3.019400e-01 
1.177293e+00 3.019400e-01 
1.180451e+00 3.019400e-01 
1.183660e+00 3.019400e-01 
1.186920e+00 3.019400e-01 
1.190233e+00 3.019400e-01 
1.193599e+00 3.019400e-01 
1.197019e+00 3.019400e-01 
1.200494e+00 3.019400e-01 
1.204026e+00 3.019400e-01 
1.207615e+00 3.019400e-01 
1.211262e+00 3.019400e-01 
1.214969e+00 3.019400e-01 
1.218735e+00 3.019400e-01 
1.222563e+00 3.019400e-01 
1.226454e+00 3.019400e-01 
1.230408e+00 3.019400e-01 
1.234427e+00 3.019400e-01 
1.238511e+00 3.019400e-01 
1.242662e+00 3.019400e-01 
1.246882e+00 3.019400e-01 
1.251170e+00 3.019400e-01 
1.255529e+00 3.019400e-01 
1.259960e+00 3.019400e-01 
1.264464e+00 3.019400e-01 
1.269041e+00 3.019400e-01 
1.273695e+00 3.019400e-01 
1.278425e+00 3.019400e-01 
1.283233e+00 3.019400e-01 
1.288120e+00 3.019400e-01 
1.293089e+00 3.019400e-01 
1.298139e+00 3.019400e-01 
1.303273e+00 3.019400e-01 
1.308493e+00 3.019400e-01 
1.313798e+00 3.019400e-01 
1.319192e+00 3.019400e-01 
1.324675e+00 3.019400e-01 
1.330250e+00 3.019400e-01 
1.335917e+00 3.019400e-01 
1.341678e+00 3.019400e-01 
1.347535e+00 3.019400e-01 
1.353489e+00 3.019400e-01 
1.359543e+00 3.019400e-01 
1.365698e+00 3.019400e-01 
1.371955e+00 3.019400e-01 
1.378316e+00 3.019400e-01 
1.384784e+00 3.019400e-01 
BC
-1
-1
-1
-1
-1
-1
-1
-1
-1
-1
-1
-1
-1
-1
-1
-1
-1
-1
-1
-1
-1
-1
-1
-1
-1
-1
-1
-1
-1
-1
-1
-1
-1
-1
-1
-1
-1
-1
-1
-1
-1
-1
-1
-1
-1
-1
-1
-1
-1
-1
-1
-1
-1
-1
-1
-1
-1
-1
-1
-1
-1
-1
-1
-1
-1
-1
-1
-1
-1
-1
-1
-1
-1
-1
-1
4
4
4
4
4
4
4
4
4
4
4
4
4
4
4
4
4
4
4
4
4
4
4
4
4
4
4
4
4
4
4
4
4
4
4
4
4
4
4
4
4
4
4
4
4
4
4
4
4
4
4
-1
-1
-1
-1
-1
-1
-1
-1
-1
-1
-1
-1
-1
-1
-1
-1
-1
-1
-1
-1
-1
-1
-1
-1
