npart: 8 3 
ipart: 2 1 
ngrid: 51 48 
7.723676e-01 4.592491e-01 
7.804457e-01 4.599294e-01 
7.884750e-01 4.605581e-01 
7.964590e-01 4.611394e-01 
8.043983e-01 4.616763e-01 
8.123010e-01 4.621735e-01 
8.201682e-01 4.626340e-01 
8.280053e-01 4.630611e-01 
8.358158e-01 4.634578e-01 
8.436060e-01 4.638272e-01 
8.513764e-01 4.641717e-01 
8.591291e-01 4.644936e-01 
8.668653e-01 4.647951e-01 
8.745866e-01 4.650775e-01 
8.822943e-01 4.653431e-01 
8.899895e-01 4.655928e-01 
8.976730e-01 4.658281e-01 
9.053455e-01 4.660490e-01 
9.130082e-01 4.662576e-01 
9.206617e-01 4.664546e-01 
9.283066e-01 4.666412e-01 
9.359432e-01 4.668172e-01 
9.435721e-01 4.669840e-01 
9.511935e-01 4.671414e-01 
9.588074e-01 4.672899e-01 
9.664140e-01 4.674291e-01 
9.740138e-01 4.675602e-01 
9.816072e-01 4.676837e-01 
9.891948e-01 4.678006e-01 
9.967767e-01 4.679108e-01 
1.004353e+00 4.680152e-01 
1.011925e+00 4.681139e-01 
1.019492e+00 4.682073e-01 
1.027054e+00 4.682952e-01 
1.034611e+00 4.683783e-01 
1.042164e+00 4.684567e-01 
1.049712e+00 4.685309e-01 
1.057257e+00 4.686005e-01 
1.064797e+00 4.686661e-01 
1.072333e+00 4.687276e-01 
1.079866e+00 4.687849e-01 
1.087394e+00 4.688378e-01 
1.094918e+00 4.688868e-01 
1.102438e+00 4.689323e-01 
1.109955e+00 4.689746e-01 
1.117469e+00 4.690138e-01 
1.124980e+00 4.690502e-01 
1.132489e+00 4.690840e-01 
1.139994e+00 4.691154e-01 
1.147497e+00 4.691443e-01 
1.154998e+00 4.691711e-01 
7.723227e-01 4.649206e-01 
7.803998e-01 4.656032e-01 
7.884286e-01 4.662340e-01 
7.964124e-01 4.668175e-01 
8.043518e-01 4.673566e-01 
8.122549e-01 4.678560e-01 
8.201226e-01 4.683185e-01 
8.279603e-01 4.687477e-01 
8.357717e-01 4.691464e-01 
8.435627e-01 4.695177e-01 
8.513341e-01 4.698642e-01 
8.590877e-01 4.701880e-01 
8.668249e-01 4.704913e-01 
8.745472e-01 4.707755e-01 
8.822560e-01 4.710429e-01 
8.899522e-01 4.712944e-01 
8.976368e-01 4.715313e-01 
9.053104e-01 4.717539e-01 
9.129741e-01 4.719641e-01 
9.206286e-01 4.721626e-01 
9.282746e-01 4.723507e-01 
9.359122e-01 4.725282e-01 
9.435421e-01 4.726964e-01 
9.511643e-01 4.728552e-01 
9.587792e-01 4.730050e-01 
9.663867e-01 4.731455e-01 
9.739873e-01 4.732778e-01 
9.815816e-01 4.734026e-01 
9.891699e-01 4.735206e-01 
9.967525e-01 4.736318e-01 
1.004330e+00 4.737373e-01 
1.011902e+00 4.738371e-01 
1.019470e+00 4.739315e-01 
1.027032e+00 4.740203e-01 
1.034590e+00 4.741043e-01 
1.042143e+00 4.741836e-01 
1.049693e+00 4.742586e-01 
1.057238e+00 4.743291e-01 
1.064779e+00 4.743954e-01 
1.072315e+00 4.744576e-01 
1.079848e+00 4.745156e-01 
1.087376e+00 4.745692e-01 
1.094901e+00 4.746189e-01 
1.102422e+00 4.746650e-01 
1.109939e+00 4.747078e-01 
1.117454e+00 4.747475e-01 
1.124965e+00 4.747845e-01 
1.132474e+00 4.748188e-01 
1.139980e+00 4.748507e-01 
1.147483e+00 4.748800e-01 
1.154984e+00 4.749073e-01 
7.722854e-01 4.706013e-01 
7.803612e-01 4.712855e-01 
7.883891e-01 4.719180e-01 
7.963723e-01 4.725032e-01 
8.043115e-01 4.730440e-01 
8.122146e-01 4.735451e-01 
8.200825e-01 4.740094e-01 
8.279207e-01 4.744402e-01 
8.357325e-01 4.748406e-01 
8.435242e-01 4.752136e-01 
8.512963e-01 4.755617e-01 
8.590507e-01 4.758871e-01 
8.667886e-01 4.761921e-01 
8.745118e-01 4.764779e-01 
8.822215e-01 4.767468e-01 
8.899185e-01 4.769998e-01 
8.976040e-01 4.772383e-01 
9.052785e-01 4.774624e-01 
9.129431e-01 4.776740e-01 
9.205985e-01 4.778739e-01 
9.282454e-01 4.780634e-01 
9.358838e-01 4.782423e-01 
9.435145e-01 4.784117e-01 
9.511376e-01 4.785718e-01 
9.587533e-01 4.787228e-01 
9.663615e-01 4.788645e-01 
9.739629e-01 4.789979e-01 
9.815578e-01 4.791238e-01 
9.891469e-01 4.792428e-01 
9.967302e-01 4.793551e-01 
1.004308e+00 4.794615e-01 
1.011881e+00 4.795622e-01 
1.019449e+00 4.796576e-01 
1.027012e+00 4.797473e-01 
1.034571e+00 4.798321e-01 
1.042125e+00 4.799122e-01 
1.049674e+00 4.799880e-01 
1.057220e+00 4.800592e-01 
1.064761e+00 4.801263e-01 
1.072298e+00 4.801892e-01 
1.079831e+00 4.802478e-01 
1.087360e+00 4.803020e-01 
1.094885e+00 4.803523e-01 
1.102406e+00 4.803990e-01 
1.109924e+00 4.804424e-01 
1.117439e+00 4.804826e-01 
1.124951e+00 4.805200e-01 
1.132459e+00 4.805548e-01 
1.139966e+00 4.805871e-01 
1.147469e+00 4.806169e-01 
1.154970e+00 4.806446e-01 
7.722559e-01 4.762914e-01 
7.803299e-01 4.769765e-01 
7.883565e-01 4.776102e-01 
7.963388e-01 4.781966e-01 
8.042774e-01 4.787386e-01 
8.121801e-01 4.792410e-01 
8.200481e-01 4.797066e-01 
8.278863e-01 4.801387e-01 
8.356985e-01 4.805405e-01 
8.434905e-01 4.809149e-01 
8.512630e-01 4.812644e-01 
8.590180e-01 4.815912e-01 
8.667565e-01 4.818975e-01 
8.744803e-01 4.821847e-01 
8.821907e-01 4.824550e-01 
8.898884e-01 4.827094e-01 
8.975747e-01 4.829492e-01 
9.052499e-01 4.831745e-01 
9.129152e-01 4.833874e-01 
9.205713e-01 4.835886e-01 
9.282190e-01 4.837793e-01 
9.358581e-01 4.839594e-01 
9.434896e-01 4.841300e-01 
9.511133e-01 4.842912e-01 
9.587297e-01 4.844433e-01 
9.663385e-01 4.845860e-01 
9.739406e-01 4.847205e-01 
9.815361e-01 4.848473e-01 
9.891258e-01 4.849673e-01 
9.967096e-01 4.850805e-01 
1.004288e+00 4.851879e-01 
1.011862e+00 4.852894e-01 
1.019430e+00 4.853856e-01 
1.026994e+00 4.854762e-01 
1.034553e+00 4.855618e-01 
1.042107e+00 4.856426e-01 
1.049657e+00 4.857191e-01 
1.057203e+00 4.857910e-01 
1.064745e+00 4.858588e-01 
1.072282e+00 4.859223e-01 
1.079816e+00 4.859816e-01 
1.087345e+00 4.860363e-01 
1.094870e+00 4.860872e-01 
1.102392e+00 4.861344e-01 
1.109910e+00 4.861783e-01 
1.117425e+00 4.862189e-01 
1.124937e+00 4.862568e-01 
1.132446e+00 4.862921e-01 
1.139952e+00 4.863248e-01 
1.147456e+00 4.863550e-01 
1.154958e+00 4.863830e-01 
7.722338e-01 4.819904e-01 
7.803057e-01 4.826760e-01 
7.883305e-01 4.833102e-01 
7.963116e-01 4.838974e-01 
8.042493e-01 4.844402e-01 
8.121514e-01 4.849435e-01 
8.200190e-01 4.854100e-01 
8.278571e-01 4.858432e-01 
8.356693e-01 4.862459e-01 
8.434615e-01 4.866214e-01 
8.512343e-01 4.869721e-01 
8.589895e-01 4.873000e-01 
8.667285e-01 4.876075e-01 
8.744527e-01 4.878959e-01 
8.821636e-01 4.881673e-01 
8.898619e-01 4.884228e-01 
8.975487e-01 4.886638e-01 
9.052244e-01 4.888903e-01 
9.128904e-01 4.891043e-01 
9.205471e-01 4.893066e-01 
9.281953e-01 4.894984e-01 
9.358351e-01 4.896795e-01 
9.434671e-01 4.898511e-01 
9.510914e-01 4.900133e-01 
9.587083e-01 4.901665e-01 
9.663177e-01 4.903101e-01 
9.739203e-01 4.904455e-01 
9.815164e-01 4.905732e-01 
9.891065e-01 4.906941e-01 
9.966908e-01 4.908082e-01 
1.004270e+00 4.909163e-01 
1.011844e+00 4.910187e-01 
1.019413e+00 4.911156e-01 
1.026977e+00 4.912069e-01 
1.034536e+00 4.912932e-01 
1.042091e+00 4.913747e-01 
1.049641e+00 4.914519e-01 
1.057188e+00 4.915245e-01 
1.064730e+00 4.915928e-01 
1.072268e+00 4.916569e-01 
1.079801e+00 4.917167e-01 
1.087331e+00 4.917721e-01 
1.094856e+00 4.918234e-01 
1.102378e+00 4.918711e-01 
1.109897e+00 4.919155e-01 
1.117412e+00 4.919566e-01 
1.124924e+00 4.919949e-01 
1.132433e+00 4.920305e-01 
1.139940e+00 4.920637e-01 
1.147444e+00 4.920943e-01 
1.154946e+00 4.921226e-01 
7.722191e-01 4.876984e-01 
7.802884e-01 4.883839e-01 
7.883113e-01 4.890182e-01 
7.962907e-01 4.896056e-01 
8.042272e-01 4.901489e-01 
8.121284e-01 4.906526e-01 
8.199954e-01 4.911198e-01 
8.278331e-01 4.915536e-01 
8.356451e-01 4.919571e-01 
8.434372e-01 4.923333e-01 
8.512100e-01 4.926848e-01 
8.589654e-01 4.930137e-01 
8.667045e-01 4.933221e-01 
8.744290e-01 4.936114e-01 
8.821402e-01 4.938838e-01 
8.898388e-01 4.941403e-01 
8.975260e-01 4.943822e-01 
9.052022e-01 4.946096e-01 
9.128686e-01 4.948246e-01 
9.205257e-01 4.950279e-01 
9.281744e-01 4.952206e-01 
9.358146e-01 4.954026e-01 
9.434471e-01 4.955752e-01 
9.510719e-01 4.957382e-01 
9.586892e-01 4.958922e-01 
9.662991e-01 4.960367e-01 
9.739021e-01 4.961730e-01 
9.814985e-01 4.963015e-01 
9.890891e-01 4.964231e-01 
9.966738e-01 4.965379e-01 
1.004253e+00 4.966468e-01 
1.011827e+00 4.967499e-01 
1.019397e+00 4.968475e-01 
1.026961e+00 4.969394e-01 
1.034521e+00 4.970264e-01 
1.042076e+00 4.971086e-01 
1.049627e+00 4.971863e-01 
1.057173e+00 4.972595e-01 
1.064716e+00 4.973284e-01 
1.072254e+00 4.973930e-01 
1.079788e+00 4.974534e-01 
1.087318e+00 4.975092e-01 
1.094844e+00 4.975610e-01 
1.102366e+00 4.976091e-01 
1.109884e+00 4.976539e-01 
1.117400e+00 4.976955e-01 
1.124912e+00 4.977342e-01 
1.132422e+00 4.977702e-01 
1.139929e+00 4.978037e-01 
1.147433e+00 4.978346e-01 
1.154935e+00 4.978634e-01 
7.722114e-01 4.934148e-01 
7.802779e-01 4.940997e-01 
7.882984e-01 4.947337e-01 
7.962759e-01 4.953210e-01 
8.042109e-01 4.958642e-01 
8.121109e-01 4.963681e-01 
8.199771e-01 4.968355e-01 
8.278141e-01 4.972696e-01 
8.356257e-01 4.976736e-01 
8.434174e-01 4.980504e-01 
8.511900e-01 4.984024e-01 
8.589453e-01 4.987319e-01 
8.666845e-01 4.990411e-01 
8.744091e-01 4.993311e-01 
8.821204e-01 4.996043e-01 
8.898192e-01 4.998615e-01 
8.975066e-01 5.001042e-01 
9.051831e-01 5.003325e-01 
9.128498e-01 5.005483e-01 
9.205072e-01 5.007523e-01 
9.281562e-01 5.009458e-01 
9.357967e-01 5.011287e-01 
9.434295e-01 5.013020e-01 
9.510546e-01 5.014658e-01 
9.586723e-01 5.016206e-01 
9.662825e-01 5.017658e-01 
9.738858e-01 5.019027e-01 
9.814826e-01 5.020319e-01 
9.890734e-01 5.021543e-01 
9.966584e-01 5.022697e-01 
1.004238e+00 5.023793e-01 
1.011813e+00 5.024830e-01 
1.019382e+00 5.025812e-01 
1.026947e+00 5.026737e-01 
1.034507e+00 5.027613e-01 
1.042062e+00 5.028440e-01 
1.049613e+00 5.029223e-01 
1.057160e+00 5.029960e-01 
1.064703e+00 5.030655e-01 
1.072241e+00 5.031306e-01 
1.079775e+00 5.031914e-01 
1.087305e+00 5.032477e-01 
1.094831e+00 5.032999e-01 
1.102354e+00 5.033484e-01 
1.109873e+00 5.033937e-01 
1.117388e+00 5.034356e-01 
1.124901e+00 5.034747e-01 
1.132411e+00 5.035110e-01 
1.139918e+00 5.035449e-01 
1.147422e+00 5.035761e-01 
1.154924e+00 5.036052e-01 
7.722107e-01 4.991397e-01 
7.802740e-01 4.998236e-01 
7.882918e-01 5.004567e-01 
7.962671e-01 5.010434e-01 
8.042003e-01 5.015863e-01 
8.120990e-01 5.020900e-01 
8.199639e-01 5.025572e-01 
8.278001e-01 5.029914e-01 
8.356110e-01 5.033955e-01 
8.434022e-01 5.037726e-01 
8.511744e-01 5.041250e-01 
8.589294e-01 5.044549e-01 
8.666684e-01 5.047645e-01 
8.743929e-01 5.050551e-01 
8.821041e-01 5.053288e-01 
8.898030e-01 5.055866e-01 
8.974904e-01 5.058300e-01 
9.051670e-01 5.060589e-01 
9.128338e-01 5.062753e-01 
9.204914e-01 5.064800e-01 
9.281406e-01 5.066742e-01 
9.357813e-01 5.068576e-01 
9.434143e-01 5.070316e-01 
9.510397e-01 5.071961e-01 
9.586576e-01 5.073515e-01 
9.662680e-01 5.074973e-01 
9.738715e-01 5.076349e-01 
9.814685e-01 5.077647e-01 
9.890596e-01 5.078876e-01 
9.966448e-01 5.080037e-01 
1.004225e+00 5.081138e-01 
1.011799e+00 5.082180e-01 
1.019369e+00 5.083168e-01 
1.026934e+00 5.084098e-01 
1.034494e+00 5.084979e-01 
1.042050e+00 5.085811e-01 
1.049601e+00 5.086600e-01 
1.057148e+00 5.087341e-01 
1.064691e+00 5.088040e-01 
1.072230e+00 5.088696e-01 
1.079764e+00 5.089308e-01 
1.087294e+00 5.089875e-01 
1.094820e+00 5.090401e-01 
1.102343e+00 5.090890e-01 
1.109862e+00 5.091346e-01 
1.117378e+00 5.091769e-01 
1.124890e+00 5.092163e-01 
1.132400e+00 5.092530e-01 
1.139907e+00 5.092871e-01 
1.147412e+00 5.093187e-01 
1.154914e+00 5.093480e-01 
7.722167e-01 5.048728e-01 
7.802766e-01 5.055551e-01 
7.882914e-01 5.061871e-01 
7.962642e-01 5.067728e-01 
8.041953e-01 5.073149e-01 
8.120922e-01 5.078180e-01 
8.199558e-01 5.082849e-01 
8.277909e-01 5.087188e-01 
8.356009e-01 5.091227e-01 
8.433913e-01 5.094998e-01 
8.511630e-01 5.098523e-01 
8.589175e-01 5.101824e-01 
8.666560e-01 5.104923e-01 
8.743803e-01 5.107832e-01 
8.820913e-01 5.110573e-01 
8.897900e-01 5.113155e-01 
8.974774e-01 5.115593e-01 
9.051539e-01 5.117887e-01 
9.128208e-01 5.120056e-01 
9.204784e-01 5.122108e-01 
9.281276e-01 5.124055e-01 
9.357684e-01 5.125895e-01 
9.434015e-01 5.127640e-01 
9.510269e-01 5.129290e-01 
9.586449e-01 5.130849e-01 
9.662554e-01 5.132312e-01 
9.738591e-01 5.133693e-01 
9.814562e-01 5.134996e-01 
9.890474e-01 5.136231e-01 
9.966328e-01 5.137396e-01 
1.004213e+00 5.138502e-01 
1.011788e+00 5.139549e-01 
1.019358e+00 5.140542e-01 
1.026923e+00 5.141477e-01 
1.034483e+00 5.142362e-01 
1.042039e+00 5.143199e-01 
1.049590e+00 5.143991e-01 
1.057137e+00 5.144737e-01 
1.064680e+00 5.145440e-01 
1.072219e+00 5.146099e-01 
1.079754e+00 5.146716e-01 
1.087284e+00 5.147286e-01 
1.094810e+00 5.147816e-01 
1.102333e+00 5.148308e-01 
1.109852e+00 5.148767e-01 
1.117368e+00 5.149193e-01 
1.124881e+00 5.149591e-01 
1.132391e+00 5.149960e-01 
1.139898e+00 5.150305e-01 
1.147403e+00 5.150623e-01 
1.154905e+00 5.150919e-01 
7.722293e-01 5.106140e-01 
7.802854e-01 5.112943e-01 
7.882969e-01 5.119246e-01 
7.962669e-01 5.125089e-01 
8.041958e-01 5.130499e-01 
8.120907e-01 5.135521e-01 
8.199527e-01 5.140182e-01 
8.277864e-01 5.144516e-01 
8.355953e-01 5.148552e-01 
8.433848e-01 5.152320e-01 
8.511556e-01 5.155844e-01 
8.589094e-01 5.159145e-01 
8.666475e-01 5.162244e-01 
8.743712e-01 5.165154e-01 
8.820819e-01 5.167896e-01 
8.897803e-01 5.170481e-01 
8.974675e-01 5.172922e-01 
9.051438e-01 5.175218e-01 
9.128105e-01 5.177391e-01 
9.204680e-01 5.179447e-01 
9.281171e-01 5.181397e-01 
9.357579e-01 5.183241e-01 
9.433909e-01 5.184990e-01 
9.510163e-01 5.186644e-01 
9.586343e-01 5.188207e-01 
9.662449e-01 5.189675e-01 
9.738485e-01 5.191060e-01 
9.814457e-01 5.192367e-01 
9.890369e-01 5.193606e-01 
9.966224e-01 5.194775e-01 
1.004202e+00 5.195885e-01 
1.011777e+00 5.196936e-01 
1.019347e+00 5.197933e-01 
1.026912e+00 5.198872e-01 
1.034473e+00 5.199761e-01 
1.042029e+00 5.200602e-01 
1.049580e+00 5.201398e-01 
1.057127e+00 5.202147e-01 
1.064670e+00 5.202854e-01 
1.072209e+00 5.203517e-01 
1.079744e+00 5.204136e-01 
1.087274e+00 5.204710e-01 
1.094801e+00 5.205243e-01 
1.102323e+00 5.205738e-01 
1.109843e+00 5.206200e-01 
1.117359e+00 5.206629e-01 
1.124872e+00 5.207029e-01 
1.132382e+00 5.207402e-01 
1.139889e+00 5.207749e-01 
1.147394e+00 5.208069e-01 
1.154896e+00 5.208368e-01 
7.722482e-01 5.163627e-01 
7.803001e-01 5.170406e-01 
7.883081e-01 5.176688e-01 
7.962750e-01 5.182514e-01 
8.042013e-01 5.187909e-01 
8.120941e-01 5.192919e-01 
8.199542e-01 5.197571e-01 
8.277864e-01 5.201896e-01 
8.355939e-01 5.205925e-01 
8.433823e-01 5.209688e-01 
8.511521e-01 5.213209e-01 
8.589051e-01 5.216507e-01 
8.666424e-01 5.219605e-01 
8.743656e-01 5.222514e-01 
8.820757e-01 5.225257e-01 
8.897737e-01 5.227843e-01 
8.974604e-01 5.230284e-01 
9.051364e-01 5.232582e-01 
9.128028e-01 5.234757e-01 
9.204601e-01 5.236815e-01 
9.281090e-01 5.238768e-01 
9.357496e-01 5.240614e-01 
9.433825e-01 5.242366e-01 
9.510078e-01 5.244023e-01 
9.586257e-01 5.245589e-01 
9.662361e-01 5.247060e-01 
9.738397e-01 5.248448e-01 
9.814369e-01 5.249759e-01 
9.890281e-01 5.251001e-01 
9.966135e-01 5.252174e-01 
1.004194e+00 5.253287e-01 
1.011769e+00 5.254341e-01 
1.019339e+00 5.255341e-01 
1.026904e+00 5.256284e-01 
1.034464e+00 5.257176e-01 
1.042020e+00 5.258020e-01 
1.049571e+00 5.258819e-01 
1.057119e+00 5.259571e-01 
1.064662e+00 5.260281e-01 
1.072201e+00 5.260947e-01 
1.079735e+00 5.261570e-01 
1.087266e+00 5.262146e-01 
1.094792e+00 5.262682e-01 
1.102315e+00 5.263180e-01 
1.109834e+00 5.263644e-01 
1.117350e+00 5.264076e-01 
1.124863e+00 5.264478e-01 
1.132373e+00 5.264853e-01 
1.139881e+00 5.265203e-01 
1.147386e+00 5.265525e-01 
1.154888e+00 5.265826e-01 
7.722732e-01 5.221190e-01 
7.803207e-01 5.227940e-01 
7.883249e-01 5.234198e-01 
7.962885e-01 5.240003e-01 
8.042120e-01 5.245380e-01 
8.121024e-01 5.250375e-01 
8.199604e-01 5.255014e-01 
8.277908e-01 5.259329e-01 
8.355969e-01 5.263349e-01 
8.433839e-01 5.267105e-01 
8.511526e-01 5.270619e-01 
8.589045e-01 5.273913e-01 
8.666409e-01 5.277007e-01 
8.743633e-01 5.279914e-01 
8.820727e-01 5.282655e-01 
8.897701e-01 5.285239e-01 
8.974563e-01 5.287680e-01 
9.051319e-01 5.289979e-01 
9.127978e-01 5.292154e-01 
9.204547e-01 5.294212e-01 
9.281033e-01 5.296167e-01 
9.357436e-01 5.298015e-01 
9.433763e-01 5.299768e-01 
9.510013e-01 5.301427e-01 
9.586191e-01 5.302995e-01 
9.662293e-01 5.304468e-01 
9.738327e-01 5.305859e-01 
9.814297e-01 5.307172e-01 
9.890208e-01 5.308416e-01 
9.966061e-01 5.309591e-01 
1.004186e+00 5.310707e-01 
1.011761e+00 5.311764e-01 
1.019331e+00 5.312767e-01 
1.026896e+00 5.313712e-01 
1.034456e+00 5.314607e-01 
1.042012e+00 5.315453e-01 
1.049564e+00 5.316255e-01 
1.057111e+00 5.317010e-01 
1.064654e+00 5.317722e-01 
1.072193e+00 5.318390e-01 
1.079728e+00 5.319016e-01 
1.087258e+00 5.319594e-01 
1.094784e+00 5.320133e-01 
1.102307e+00 5.320633e-01 
1.109827e+00 5.321100e-01 
1.117343e+00 5.321533e-01 
1.124856e+00 5.321938e-01 
1.132366e+00 5.322315e-01 
1.139873e+00 5.322666e-01 
1.147378e+00 5.322991e-01 
1.154881e+00 5.323294e-01 
7.723041e-01 5.278826e-01 
7.803470e-01 5.285544e-01 
7.883471e-01 5.291774e-01 
7.963072e-01 5.297555e-01 
8.042276e-01 5.302911e-01 
8.121154e-01 5.307887e-01 
8.199712e-01 5.312510e-01 
8.277996e-01 5.316812e-01 
8.356039e-01 5.320820e-01 
8.433894e-01 5.324567e-01 
8.511567e-01 5.328073e-01 
8.589075e-01 5.331360e-01 
8.666429e-01 5.334449e-01 
8.743643e-01 5.337352e-01 
8.820729e-01 5.340089e-01 
8.897695e-01 5.342671e-01 
8.974550e-01 5.345110e-01 
9.051300e-01 5.347407e-01 
9.127954e-01 5.349581e-01 
9.204518e-01 5.351639e-01 
9.281000e-01 5.353593e-01 
9.357399e-01 5.355441e-01 
9.433722e-01 5.357195e-01 
9.509969e-01 5.358855e-01 
9.586143e-01 5.360424e-01 
9.662243e-01 5.361898e-01 
9.738275e-01 5.363290e-01 
9.814243e-01 5.364605e-01 
9.890152e-01 5.365850e-01 
9.966003e-01 5.367027e-01 
1.004180e+00 5.368145e-01 
1.011755e+00 5.369204e-01 
1.019325e+00 5.370209e-01 
1.026890e+00 5.371156e-01 
1.034450e+00 5.372053e-01 
1.042005e+00 5.372901e-01 
1.049557e+00 5.373705e-01 
1.057104e+00 5.374462e-01 
1.064647e+00 5.375177e-01 
1.072186e+00 5.375847e-01 
1.079721e+00 5.376474e-01 
1.087251e+00 5.377055e-01 
1.094777e+00 5.377595e-01 
1.102300e+00 5.378097e-01 
1.109820e+00 5.378566e-01 
1.117336e+00 5.379001e-01 
1.124849e+00 5.379408e-01 
1.132359e+00 5.379787e-01 
1.139866e+00 5.380140e-01 
1.147371e+00 5.380467e-01 
1.154874e+00 5.380771e-01 
7.723408e-01 5.336534e-01 
7.803788e-01 5.343216e-01 
7.883746e-01 5.349414e-01 
7.963310e-01 5.355168e-01 
8.042481e-01 5.360500e-01 
8.121330e-01 5.365455e-01 
8.199863e-01 5.370060e-01 
8.278126e-01 5.374345e-01 
8.356150e-01 5.378340e-01 
8.433988e-01 5.382075e-01 
8.511646e-01 5.385571e-01 
8.589140e-01 5.388850e-01 
8.666481e-01 5.391931e-01 
8.743685e-01 5.394827e-01 
8.820761e-01 5.397560e-01 
8.897718e-01 5.400137e-01 
8.974565e-01 5.402572e-01 
9.051307e-01 5.404866e-01 
9.127955e-01 5.407038e-01 
9.204513e-01 5.409094e-01 
9.280989e-01 5.411047e-01 
9.357383e-01 5.412894e-01 
9.433701e-01 5.414647e-01 
9.509944e-01 5.416307e-01 
9.586114e-01 5.417876e-01 
9.662211e-01 5.419350e-01 
9.738239e-01 5.420743e-01 
9.814204e-01 5.422058e-01 
9.890110e-01 5.423304e-01 
9.965959e-01 5.424482e-01 
1.004176e+00 5.425601e-01 
1.011750e+00 5.426662e-01 
1.019320e+00 5.427667e-01 
1.026884e+00 5.428616e-01 
1.034444e+00 5.429514e-01 
1.042000e+00 5.430364e-01 
1.049551e+00 5.431169e-01 
1.057098e+00 5.431928e-01 
1.064641e+00 5.432644e-01 
1.072180e+00 5.433316e-01 
1.079715e+00 5.433944e-01 
1.087245e+00 5.434527e-01 
1.094771e+00 5.435069e-01 
1.102294e+00 5.435573e-01 
1.109813e+00 5.436043e-01 
1.117329e+00 5.436480e-01 
1.124842e+00 5.436888e-01 
1.132352e+00 5.437268e-01 
1.139860e+00 5.437623e-01 
1.147365e+00 5.437952e-01 
1.154867e+00 5.438257e-01 
7.723830e-01 5.394310e-01 
7.804159e-01 5.400953e-01 
7.884072e-01 5.407116e-01 
7.963595e-01 5.412839e-01 
8.042732e-01 5.418144e-01 
8.121550e-01 5.423076e-01 
8.200057e-01 5.427659e-01 
8.278296e-01 5.431927e-01 
8.356300e-01 5.435905e-01 
8.434119e-01 5.439626e-01 
8.511760e-01 5.443110e-01 
8.589239e-01 5.446378e-01 
8.666566e-01 5.449450e-01 
8.743757e-01 5.452339e-01 
8.820822e-01 5.455064e-01 
8.897769e-01 5.457635e-01 
8.974607e-01 5.460066e-01 
9.051340e-01 5.462355e-01 
9.127980e-01 5.464523e-01 
9.204531e-01 5.466577e-01 
9.281000e-01 5.468527e-01 
9.357388e-01 5.470372e-01 
9.433700e-01 5.472123e-01 
9.509938e-01 5.473781e-01 
9.586103e-01 5.475349e-01 
9.662195e-01 5.476823e-01 
9.738220e-01 5.478215e-01 
9.814181e-01 5.479530e-01 
9.890084e-01 5.480777e-01 
9.965929e-01 5.481955e-01 
1.004172e+00 5.483074e-01 
1.011746e+00 5.484135e-01 
1.019316e+00 5.485142e-01 
1.026880e+00 5.486091e-01 
1.034440e+00 5.486990e-01 
1.041996e+00 5.487841e-01 
1.049547e+00 5.488647e-01 
1.057094e+00 5.489407e-01 
1.064636e+00 5.490124e-01 
1.072175e+00 5.490797e-01 
1.079709e+00 5.491427e-01 
1.087240e+00 5.492011e-01 
1.094766e+00 5.492554e-01 
1.102289e+00 5.493059e-01 
1.109808e+00 5.493530e-01 
1.117324e+00 5.493969e-01 
1.124837e+00 5.494378e-01 
1.132347e+00 5.494760e-01 
1.139854e+00 5.495116e-01 
1.147359e+00 5.495445e-01 
1.154862e+00 5.495752e-01 
7.724306e-01 5.452154e-01 
7.804581e-01 5.458753e-01 
7.884447e-01 5.464879e-01 
7.963928e-01 5.470568e-01 
8.043028e-01 5.475843e-01 
8.121814e-01 5.480749e-01 
8.200292e-01 5.485309e-01 
8.278506e-01 5.489555e-01 
8.356487e-01 5.493516e-01 
8.434286e-01 5.497220e-01 
8.511908e-01 5.500690e-01 
8.589370e-01 5.503946e-01 
8.666682e-01 5.507007e-01 
8.743859e-01 5.509886e-01 
8.820911e-01 5.512603e-01 
8.897847e-01 5.515167e-01 
8.974674e-01 5.517590e-01 
9.051398e-01 5.519874e-01 
9.128029e-01 5.522037e-01 
9.204571e-01 5.524086e-01 
9.281033e-01 5.526033e-01 
9.357413e-01 5.527875e-01 
9.433719e-01 5.529623e-01 
9.509951e-01 5.531279e-01 
9.586110e-01 5.532845e-01 
9.662197e-01 5.534318e-01 
9.738217e-01 5.535708e-01 
9.814173e-01 5.537022e-01 
9.890072e-01 5.538268e-01 
9.965913e-01 5.539446e-01 
1.004170e+00 5.540565e-01 
1.011744e+00 5.541626e-01 
1.019313e+00 5.542632e-01 
1.026877e+00 5.543581e-01 
1.034437e+00 5.544481e-01 
1.041992e+00 5.545332e-01 
1.049543e+00 5.546139e-01 
1.057090e+00 5.546899e-01 
1.064632e+00 5.547617e-01 
1.072171e+00 5.548291e-01 
1.079705e+00 5.548921e-01 
1.087235e+00 5.549505e-01 
1.094761e+00 5.550049e-01 
1.102284e+00 5.550556e-01 
1.109803e+00 5.551028e-01 
1.117319e+00 5.551467e-01 
1.124832e+00 5.551878e-01 
1.132342e+00 5.552260e-01 
1.139849e+00 5.552617e-01 
1.147354e+00 5.552948e-01 
1.154856e+00 5.553256e-01 
7.724834e-01 5.510062e-01 
7.805053e-01 5.516615e-01 
7.884869e-01 5.522700e-01 
7.964306e-01 5.528352e-01 
8.043367e-01 5.533595e-01 
8.122118e-01 5.538471e-01 
8.200566e-01 5.543006e-01 
8.278753e-01 5.547229e-01 
8.356710e-01 5.551169e-01 
8.434486e-01 5.554856e-01 
8.512089e-01 5.558310e-01 
8.589533e-01 5.561551e-01 
8.666829e-01 5.564600e-01 
8.743990e-01 5.567467e-01 
8.821028e-01 5.570174e-01 
8.897951e-01 5.572729e-01 
8.974766e-01 5.575145e-01 
9.051479e-01 5.577422e-01 
9.128100e-01 5.579579e-01 
9.204633e-01 5.581622e-01 
9.281086e-01 5.583564e-01 
9.357458e-01 5.585401e-01 
9.433757e-01 5.587146e-01 
9.509981e-01 5.588799e-01 
9.586134e-01 5.590362e-01 
9.662215e-01 5.591832e-01 
9.738229e-01 5.593221e-01 
9.814180e-01 5.594533e-01 
9.890074e-01 5.595777e-01 
9.965911e-01 5.596954e-01 
1.004170e+00 5.598072e-01 
1.011743e+00 5.599132e-01 
1.019312e+00 5.600138e-01 
1.026876e+00 5.601087e-01 
1.034435e+00 5.601986e-01 
1.041990e+00 5.602837e-01 
1.049541e+00 5.603644e-01 
1.057087e+00 5.604404e-01 
1.064629e+00 5.605122e-01 
1.072167e+00 5.605796e-01 
1.079702e+00 5.606427e-01 
1.087231e+00 5.607011e-01 
1.094757e+00 5.607556e-01 
1.102280e+00 5.608063e-01 
1.109799e+00 5.608536e-01 
1.117314e+00 5.608976e-01 
1.124827e+00 5.609387e-01 
1.132337e+00 5.609770e-01 
1.139845e+00 5.610128e-01 
1.147349e+00 5.610459e-01 
1.154852e+00 5.610768e-01 
7.725411e-01 5.568033e-01 
7.805572e-01 5.574537e-01 
7.885336e-01 5.580577e-01 
7.964727e-01 5.586190e-01 
8.043748e-01 5.591397e-01 
8.122462e-01 5.596243e-01 
8.200878e-01 5.600749e-01 
8.279036e-01 5.604947e-01 
8.356967e-01 5.608865e-01 
8.434721e-01 5.612532e-01 
8.512302e-01 5.615968e-01 
8.589726e-01 5.619193e-01 
8.667004e-01 5.622228e-01 
8.744149e-01 5.625082e-01 
8.821172e-01 5.627778e-01 
8.898080e-01 5.630323e-01 
8.974883e-01 5.632729e-01 
9.051584e-01 5.634998e-01 
9.128193e-01 5.637147e-01 
9.204716e-01 5.639184e-01 
9.281159e-01 5.641120e-01 
9.357522e-01 5.642952e-01 
9.433812e-01 5.644692e-01 
9.510029e-01 5.646340e-01 
9.586175e-01 5.647900e-01 
9.662249e-01 5.649366e-01 
9.738256e-01 5.650752e-01 
9.814202e-01 5.652062e-01 
9.890090e-01 5.653304e-01 
9.965922e-01 5.654479e-01 
1.004170e+00 5.655595e-01 
1.011743e+00 5.656654e-01 
1.019312e+00 5.657658e-01 
1.026875e+00 5.658606e-01 
1.034434e+00 5.659505e-01 
1.041988e+00 5.660355e-01 
1.049539e+00 5.661161e-01 
1.057085e+00 5.661921e-01 
1.064627e+00 5.662639e-01 
1.072165e+00 5.663313e-01 
1.079699e+00 5.663943e-01 
1.087228e+00 5.664528e-01 
1.094754e+00 5.665073e-01 
1.102276e+00 5.665580e-01 
1.109795e+00 5.666053e-01 
1.117311e+00 5.666493e-01 
1.124823e+00 5.666905e-01 
1.132333e+00 5.667289e-01 
1.139840e+00 5.667647e-01 
1.147345e+00 5.667979e-01 
1.154847e+00 5.668289e-01 
7.726035e-01 5.626063e-01 
7.806135e-01 5.632514e-01 
7.885845e-01 5.638507e-01 
7.965189e-01 5.644078e-01 
8.044167e-01 5.649248e-01 
8.122844e-01 5.654059e-01 
8.201225e-01 5.658536e-01 
8.279354e-01 5.662707e-01 
8.357257e-01 5.666600e-01 
8.434986e-01 5.670245e-01 
8.512544e-01 5.673662e-01 
8.589947e-01 5.676870e-01 
8.667206e-01 5.679888e-01 
8.744333e-01 5.682729e-01 
8.821340e-01 5.685412e-01 
8.898233e-01 5.687945e-01 
8.975022e-01 5.690341e-01 
9.051710e-01 5.692600e-01 
9.128307e-01 5.694741e-01 
9.204819e-01 5.696770e-01 
9.281251e-01 5.698699e-01 
9.357605e-01 5.700525e-01 
9.433885e-01 5.702259e-01 
9.510093e-01 5.703902e-01 
9.586231e-01 5.705457e-01 
9.662297e-01 5.706920e-01 
9.738298e-01 5.708302e-01 
9.814237e-01 5.709608e-01 
9.890119e-01 5.710848e-01 
9.965945e-01 5.712020e-01 
1.004172e+00 5.713134e-01 
1.011745e+00 5.714191e-01 
1.019312e+00 5.715193e-01 
1.026875e+00 5.716140e-01 
1.034434e+00 5.717037e-01 
1.041988e+00 5.717886e-01 
1.049538e+00 5.718691e-01 
1.057084e+00 5.719450e-01 
1.064625e+00 5.720167e-01 
1.072163e+00 5.720840e-01 
1.079697e+00 5.721471e-01 
1.087226e+00 5.722055e-01 
1.094752e+00 5.722600e-01 
1.102274e+00 5.723107e-01 
1.109792e+00 5.723580e-01 
1.117308e+00 5.724020e-01 
1.124820e+00 5.724432e-01 
1.132330e+00 5.724816e-01 
1.139837e+00 5.725175e-01 
1.147341e+00 5.725507e-01 
1.154844e+00 5.725817e-01 
7.726704e-01 5.684151e-01 
7.806742e-01 5.690547e-01 
7.886397e-01 5.696490e-01 
7.965690e-01 5.702017e-01 
8.044624e-01 5.707146e-01 
8.123261e-01 5.711922e-01 
8.201608e-01 5.716366e-01 
8.279704e-01 5.720508e-01 
8.357580e-01 5.724375e-01 
8.435282e-01 5.727997e-01 
8.512816e-01 5.731392e-01 
8.590197e-01 5.734581e-01 
8.667435e-01 5.737582e-01 
8.744544e-01 5.740407e-01 
8.821533e-01 5.743076e-01 
8.898410e-01 5.745596e-01 
8.975184e-01 5.747980e-01 
9.051858e-01 5.750229e-01 
9.128442e-01 5.752361e-01 
9.204941e-01 5.754381e-01 
9.281362e-01 5.756301e-01 
9.357705e-01 5.758120e-01 
9.433976e-01 5.759848e-01 
9.510174e-01 5.761485e-01 
9.586303e-01 5.763034e-01 
9.662361e-01 5.764492e-01 
9.738354e-01 5.765870e-01 
9.814286e-01 5.767172e-01 
9.890161e-01 5.768408e-01 
9.965981e-01 5.769577e-01 
1.004175e+00 5.770688e-01 
1.011747e+00 5.771742e-01 
1.019314e+00 5.772743e-01 
1.026877e+00 5.773687e-01 
1.034435e+00 5.774582e-01 
1.041988e+00 5.775430e-01 
1.049538e+00 5.776234e-01 
1.057083e+00 5.776991e-01 
1.064625e+00 5.777707e-01 
1.072162e+00 5.778379e-01 
1.079695e+00 5.779009e-01 
1.087225e+00 5.779593e-01 
1.094750e+00 5.780137e-01 
1.102272e+00 5.780643e-01 
1.109790e+00 5.781116e-01 
1.117305e+00 5.781556e-01 
1.124818e+00 5.781968e-01 
1.132327e+00 5.782352e-01 
1.139834e+00 5.782711e-01 
1.147338e+00 5.783043e-01 
1.154840e+00 5.783353e-01 
7.727417e-01 5.742296e-01 
7.807391e-01 5.748633e-01 
7.886988e-01 5.754524e-01 
7.966230e-01 5.760004e-01 
8.045119e-01 5.765091e-01 
8.123715e-01 5.769829e-01 
8.202024e-01 5.774238e-01 
8.280088e-01 5.778350e-01 
8.357933e-01 5.782189e-01 
8.435608e-01 5.785785e-01 
8.513116e-01 5.789158e-01 
8.590474e-01 5.792326e-01 
8.667691e-01 5.795309e-01 
8.744780e-01 5.798117e-01 
8.821750e-01 5.800770e-01 
8.898610e-01 5.803276e-01 
8.975367e-01 5.805647e-01 
9.052026e-01 5.807884e-01 
9.128597e-01 5.810005e-01 
9.205083e-01 5.812016e-01 
9.281492e-01 5.813927e-01 
9.357823e-01 5.815737e-01 
9.434083e-01 5.817458e-01 
9.510271e-01 5.819088e-01 
9.586391e-01 5.820631e-01 
9.662439e-01 5.822083e-01 
9.738424e-01 5.823456e-01 
9.814348e-01 5.824754e-01 
9.890216e-01 5.825985e-01 
9.966029e-01 5.827150e-01 
1.004179e+00 5.828258e-01 
1.011751e+00 5.829309e-01 
1.019317e+00 5.830306e-01 
1.026879e+00 5.831248e-01 
1.034437e+00 5.832141e-01 
1.041990e+00 5.832986e-01 
1.049539e+00 5.833788e-01 
1.057084e+00 5.834544e-01 
1.064625e+00 5.835258e-01 
1.072162e+00 5.835929e-01 
1.079695e+00 5.836557e-01 
1.087224e+00 5.837140e-01 
1.094749e+00 5.837683e-01 
1.102270e+00 5.838189e-01 
1.109788e+00 5.838661e-01 
1.117303e+00 5.839101e-01 
1.124815e+00 5.839512e-01 
1.132325e+00 5.839896e-01 
1.139832e+00 5.840255e-01 
1.147336e+00 5.840587e-01 
1.154838e+00 5.840897e-01 
7.728173e-01 5.800495e-01 
7.808081e-01 5.806772e-01 
7.887619e-01 5.812609e-01 
7.966808e-01 5.818039e-01 
8.045649e-01 5.823082e-01 
8.124203e-01 5.827780e-01 
8.202474e-01 5.832153e-01 
8.280503e-01 5.836232e-01 
8.358317e-01 5.840041e-01 
8.435963e-01 5.843611e-01 
8.513445e-01 5.846959e-01 
8.590779e-01 5.850105e-01 
8.667972e-01 5.853068e-01 
8.745040e-01 5.855857e-01 
8.821991e-01 5.858493e-01 
8.898833e-01 5.860984e-01 
8.975573e-01 5.863341e-01 
9.052216e-01 5.865565e-01 
9.128772e-01 5.867674e-01 
9.205244e-01 5.869674e-01 
9.281640e-01 5.871576e-01 
9.357958e-01 5.873377e-01 
9.434207e-01 5.875089e-01 
9.510384e-01 5.876711e-01 
9.586493e-01 5.878247e-01 
9.662533e-01 5.879693e-01 
9.738508e-01 5.881059e-01 
9.814424e-01 5.882352e-01 
9.890284e-01 5.883579e-01 
9.966089e-01 5.884739e-01 
1.004184e+00 5.885843e-01 
1.011755e+00 5.886889e-01 
1.019321e+00 5.887884e-01 
1.026883e+00 5.888822e-01 
1.034440e+00 5.889712e-01 
1.041992e+00 5.890555e-01 
1.049541e+00 5.891354e-01 
1.057085e+00 5.892108e-01 
1.064626e+00 5.892820e-01 
1.072163e+00 5.893489e-01 
1.079695e+00 5.894116e-01 
1.087224e+00 5.894697e-01 
1.094748e+00 5.895239e-01 
1.102269e+00 5.895744e-01 
1.109787e+00 5.896215e-01 
1.117302e+00 5.896654e-01 
1.124814e+00 5.897065e-01 
1.132323e+00 5.897448e-01 
1.139830e+00 5.897806e-01 
1.147334e+00 5.898138e-01 
1.154835e+00 5.898448e-01 
7.728968e-01 5.858747e-01 
7.808809e-01 5.864961e-01 
7.888287e-01 5.870741e-01 
7.967421e-01 5.876120e-01 
8.046214e-01 5.881117e-01 
8.124724e-01 5.885773e-01 
8.202956e-01 5.890108e-01 
8.280949e-01 5.894152e-01 
8.358731e-01 5.897930e-01 
8.436346e-01 5.901471e-01 
8.513801e-01 5.904794e-01 
8.591108e-01 5.907917e-01 
8.668279e-01 5.910857e-01 
8.745324e-01 5.913627e-01 
8.822255e-01 5.916245e-01 
8.899077e-01 5.918719e-01 
8.975800e-01 5.921061e-01 
9.052426e-01 5.923272e-01 
9.128965e-01 5.925368e-01 
9.205423e-01 5.927356e-01 
9.281805e-01 5.929246e-01 
9.358111e-01 5.931037e-01 
9.434346e-01 5.932740e-01 
9.510512e-01 5.934354e-01 
9.586610e-01 5.935882e-01 
9.662640e-01 5.937320e-01 
9.738606e-01 5.938680e-01 
9.814512e-01 5.939967e-01 
9.890363e-01 5.941188e-01 
9.966161e-01 5.942343e-01 
1.004191e+00 5.943442e-01 
1.011761e+00 5.944484e-01 
1.019326e+00 5.945474e-01 
1.026887e+00 5.946409e-01 
1.034443e+00 5.947295e-01 
1.041995e+00 5.948135e-01 
1.049544e+00 5.948932e-01 
1.057088e+00 5.949683e-01 
1.064628e+00 5.950393e-01 
1.072164e+00 5.951059e-01 
1.079696e+00 5.951684e-01 
1.087224e+00 5.952264e-01 
1.094748e+00 5.952804e-01 
1.102269e+00 5.953307e-01 
1.109787e+00 5.953778e-01 
1.117301e+00 5.954216e-01 
1.124813e+00 5.954625e-01 
1.132322e+00 5.955008e-01 
1.139828e+00 5.955365e-01 
1.147332e+00 5.955697e-01 
1.154834e+00 5.956006e-01 
7.729802e-01 5.917051e-01 
7.809575e-01 5.923200e-01 
7.888991e-01 5.928922e-01 
7.968070e-01 5.934247e-01 
8.046812e-01 5.939196e-01 
8.125277e-01 5.943808e-01 
8.203469e-01 5.948103e-01 
8.281425e-01 5.952111e-01 
8.359173e-01 5.955857e-01 
8.436757e-01 5.959368e-01 
8.514183e-01 5.962663e-01 
8.591464e-01 5.965761e-01 
8.668609e-01 5.968678e-01 
8.745632e-01 5.971427e-01 
8.822541e-01 5.974026e-01 
8.899343e-01 5.976482e-01 
8.976047e-01 5.978808e-01 
9.052655e-01 5.981003e-01 
9.129178e-01 5.983085e-01 
9.205620e-01 5.985060e-01 
9.281987e-01 5.986939e-01 
9.358279e-01 5.988719e-01 
9.434502e-01 5.990411e-01 
9.510656e-01 5.992016e-01 
9.586742e-01 5.993535e-01 
9.662761e-01 5.994965e-01 
9.738716e-01 5.996318e-01 
9.814613e-01 5.997598e-01 
9.890455e-01 5.998812e-01 
9.966244e-01 5.999962e-01 
1.004198e+00 6.001055e-01 
1.011768e+00 6.002093e-01 
1.019332e+00 6.003078e-01 
1.026892e+00 6.004009e-01 
1.034448e+00 6.004891e-01 
1.042000e+00 6.005727e-01 
1.049547e+00 6.006521e-01 
1.057091e+00 6.007269e-01 
1.064630e+00 6.007976e-01 
1.072166e+00 6.008640e-01 
1.079698e+00 6.009262e-01 
1.087225e+00 6.009840e-01 
1.094749e+00 6.010378e-01 
1.102270e+00 6.010880e-01 
1.109787e+00 6.011349e-01 
1.117301e+00 6.011785e-01 
1.124812e+00 6.012194e-01 
1.132321e+00 6.012575e-01 
1.139827e+00 6.012932e-01 
1.147331e+00 6.013262e-01 
1.154832e+00 6.013571e-01 
7.730672e-01 5.975403e-01 
7.810376e-01 5.981486e-01 
7.889729e-01 5.987147e-01 
7.968751e-01 5.992418e-01 
8.047443e-01 5.997316e-01 
8.125861e-01 6.001883e-01 
8.204011e-01 6.006137e-01 
8.281930e-01 6.010107e-01 
8.359643e-01 6.013818e-01 
8.437195e-01 6.017298e-01 
8.514591e-01 6.020565e-01 
8.591844e-01 6.023636e-01 
8.668964e-01 6.026529e-01 
8.745962e-01 6.029256e-01 
8.822849e-01 6.031834e-01 
8.899630e-01 6.034272e-01 
8.976314e-01 6.036579e-01 
9.052904e-01 6.038759e-01 
9.129410e-01 6.040826e-01 
9.205835e-01 6.042787e-01 
9.282187e-01 6.044653e-01 
9.358464e-01 6.046421e-01 
9.434673e-01 6.048103e-01 
9.510814e-01 6.049696e-01 
9.586888e-01 6.051206e-01 
9.662895e-01 6.052628e-01 
9.738840e-01 6.053972e-01 
9.814726e-01 6.055245e-01 
9.890559e-01 6.056453e-01 
9.966339e-01 6.057596e-01 
1.004207e+00 6.058683e-01 
1.011775e+00 6.059715e-01 
1.019339e+00 6.060695e-01 
1.026899e+00 6.061621e-01 
1.034454e+00 6.062499e-01 
1.042005e+00 6.063331e-01 
1.049552e+00 6.064120e-01 
1.057094e+00 6.064865e-01 
1.064633e+00 6.065569e-01 
1.072169e+00 6.066230e-01 
1.079700e+00 6.066850e-01 
1.087227e+00 6.067425e-01 
1.094751e+00 6.067961e-01 
1.102271e+00 6.068461e-01 
1.109788e+00 6.068928e-01 
1.117301e+00 6.069362e-01 
1.124813e+00 6.069770e-01 
1.132321e+00 6.070150e-01 
1.139827e+00 6.070505e-01 
1.147330e+00 6.070835e-01 
1.154831e+00 6.071142e-01 
7.731578e-01 6.033804e-01 
7.811212e-01 6.039819e-01 
7.890501e-01 6.045417e-01 
7.969465e-01 6.050631e-01 
8.048105e-01 6.055478e-01 
8.126476e-01 6.059997e-01 
8.204583e-01 6.064208e-01 
8.282462e-01 6.068139e-01 
8.360139e-01 6.071815e-01 
8.437659e-01 6.075262e-01 
8.515024e-01 6.078498e-01 
8.592248e-01 6.081542e-01 
8.669341e-01 6.084410e-01 
8.746315e-01 6.087113e-01 
8.823178e-01 6.089670e-01 
8.899937e-01 6.092087e-01 
8.976601e-01 6.094376e-01 
9.053171e-01 6.096538e-01 
9.129659e-01 6.098590e-01 
9.206067e-01 6.100536e-01 
9.282403e-01 6.102388e-01 
9.358665e-01 6.104144e-01 
9.434860e-01 6.105813e-01 
9.510987e-01 6.107396e-01 
9.587048e-01 6.108895e-01 
9.663043e-01 6.110307e-01 
9.738976e-01 6.111643e-01 
9.814852e-01 6.112907e-01 
9.890675e-01 6.114108e-01 
9.966445e-01 6.115244e-01 
1.004217e+00 6.116325e-01 
1.011784e+00 6.117350e-01 
1.019347e+00 6.118325e-01 
1.026906e+00 6.119245e-01 
1.034460e+00 6.120119e-01 
1.042010e+00 6.120946e-01 
1.049557e+00 6.121731e-01 
1.057099e+00 6.122472e-01 
1.064637e+00 6.123171e-01 
1.072172e+00 6.123829e-01 
1.079703e+00 6.124446e-01 
1.087230e+00 6.125018e-01 
1.094753e+00 6.125552e-01 
1.102272e+00 6.126049e-01 
1.109789e+00 6.126514e-01 
1.117302e+00 6.126947e-01 
1.124813e+00 6.127353e-01 
1.132321e+00 6.127731e-01 
1.139827e+00 6.128085e-01 
1.147330e+00 6.128414e-01 
1.154831e+00 6.128720e-01 
7.732517e-01 6.092250e-01 
7.812079e-01 6.098194e-01 
7.891303e-01 6.103729e-01 
7.970209e-01 6.108884e-01 
8.048795e-01 6.113678e-01 
8.127118e-01 6.118148e-01 
8.205181e-01 6.122315e-01 
8.283021e-01 6.126206e-01 
8.360661e-01 6.129844e-01 
8.438146e-01 6.133257e-01 
8.515480e-01 6.136462e-01 
8.592675e-01 6.139477e-01 
8.669740e-01 6.142318e-01 
8.746688e-01 6.144997e-01 
8.823527e-01 6.147531e-01 
8.900263e-01 6.149927e-01 
8.976905e-01 6.152197e-01 
9.053456e-01 6.154341e-01 
9.129925e-01 6.156375e-01 
9.206316e-01 6.158306e-01 
9.282634e-01 6.160143e-01 
9.358881e-01 6.161885e-01 
9.435060e-01 6.163542e-01 
9.511173e-01 6.165112e-01 
9.587221e-01 6.166601e-01 
9.663203e-01 6.168003e-01 
9.739124e-01 6.169329e-01 
9.814989e-01 6.170585e-01 
9.890801e-01 6.171777e-01 
9.966561e-01 6.172905e-01 
1.004227e+00 6.173979e-01 
1.011794e+00 6.174998e-01 
1.019356e+00 6.175966e-01 
1.026914e+00 6.176881e-01 
1.034467e+00 6.177749e-01 
1.042017e+00 6.178571e-01 
1.049563e+00 6.179351e-01 
1.057104e+00 6.180088e-01 
1.064642e+00 6.180784e-01 
1.072176e+00 6.181438e-01 
1.079706e+00 6.182051e-01 
1.087233e+00 6.182620e-01 
1.094755e+00 6.183151e-01 
1.102275e+00 6.183646e-01 
1.109791e+00 6.184108e-01 
1.117304e+00 6.184539e-01 
1.124814e+00 6.184943e-01 
1.132322e+00 6.185319e-01 
1.139827e+00 6.185672e-01 
1.147330e+00 6.185999e-01 
1.154831e+00 6.186304e-01 
7.733488e-01 6.150741e-01 
7.812977e-01 6.156613e-01 
7.892136e-01 6.162082e-01 
7.970982e-01 6.167177e-01 
8.049515e-01 6.171916e-01 
8.127788e-01 6.176337e-01 
8.205806e-01 6.180458e-01 
8.283605e-01 6.184307e-01 
8.361208e-01 6.187906e-01 
8.438658e-01 6.191284e-01 
8.515959e-01 6.194456e-01 
8.593123e-01 6.197441e-01 
8.670160e-01 6.200255e-01 
8.747082e-01 6.202908e-01 
8.823896e-01 6.205418e-01 
8.900609e-01 6.207792e-01 
8.977229e-01 6.210041e-01 
9.053759e-01 6.212166e-01 
9.130208e-01 6.214182e-01 
9.206580e-01 6.216097e-01 
9.282881e-01 6.217918e-01 
9.359111e-01 6.219646e-01 
9.435275e-01 6.221289e-01 
9.511373e-01 6.222847e-01 
9.587407e-01 6.224323e-01 
9.663375e-01 6.225714e-01 
9.739284e-01 6.227031e-01 
9.815137e-01 6.228277e-01 
9.890938e-01 6.229460e-01 
9.966687e-01 6.230580e-01 
1.004239e+00 6.231646e-01 
1.011805e+00 6.232658e-01 
1.019366e+00 6.233620e-01 
1.026923e+00 6.234528e-01 
1.034476e+00 6.235390e-01 
1.042024e+00 6.236207e-01 
1.049569e+00 6.236982e-01 
1.057110e+00 6.237713e-01 
1.064647e+00 6.238405e-01 
1.072181e+00 6.239055e-01 
1.079710e+00 6.239664e-01 
1.087236e+00 6.240230e-01 
1.094758e+00 6.240758e-01 
1.102277e+00 6.241249e-01 
1.109793e+00 6.241709e-01 
1.117306e+00 6.242138e-01 
1.124816e+00 6.242539e-01 
1.132323e+00 6.242914e-01 
1.139828e+00 6.243265e-01 
1.147331e+00 6.243590e-01 
1.154831e+00 6.243894e-01 
7.734489e-01 6.209274e-01 
7.813905e-01 6.215073e-01 
7.892998e-01 6.220474e-01 
7.971783e-01 6.225509e-01 
8.050261e-01 6.230192e-01 
8.128484e-01 6.234561e-01 
8.206457e-01 6.238635e-01 
8.284214e-01 6.242440e-01 
8.361779e-01 6.246000e-01 
8.439193e-01 6.249341e-01 
8.516460e-01 6.252480e-01 
8.593594e-01 6.255433e-01 
8.670601e-01 6.258218e-01 
8.747495e-01 6.260845e-01 
8.824284e-01 6.263330e-01 
8.900973e-01 6.265680e-01 
8.977570e-01 6.267908e-01 
9.054079e-01 6.270013e-01 
9.130508e-01 6.272011e-01 
9.206861e-01 6.273908e-01 
9.283143e-01 6.275713e-01 
9.359356e-01 6.277425e-01 
9.435503e-01 6.279053e-01 
9.511586e-01 6.280598e-01 
9.587605e-01 6.282062e-01 
9.663560e-01 6.283442e-01 
9.739456e-01 6.284747e-01 
9.815296e-01 6.285983e-01 
9.891085e-01 6.287157e-01 
9.966824e-01 6.288268e-01 
1.004252e+00 6.289326e-01 
1.011816e+00 6.290330e-01 
1.019377e+00 6.291284e-01 
1.026933e+00 6.292186e-01 
1.034485e+00 6.293041e-01 
1.042032e+00 6.293852e-01 
1.049577e+00 6.294622e-01 
1.057117e+00 6.295348e-01 
1.064653e+00 6.296035e-01 
1.072186e+00 6.296680e-01 
1.079715e+00 6.297285e-01 
1.087240e+00 6.297847e-01 
1.094762e+00 6.298372e-01 
1.102280e+00 6.298860e-01 
1.109796e+00 6.299317e-01 
1.117308e+00 6.299743e-01 
1.124818e+00 6.300142e-01 
1.132325e+00 6.300515e-01 
1.139829e+00 6.300863e-01 
1.147331e+00 6.301187e-01 
1.154832e+00 6.301489e-01 
7.735519e-01 6.267849e-01 
7.814862e-01 6.273573e-01 
7.893887e-01 6.278906e-01 
7.972611e-01 6.283878e-01 
8.051034e-01 6.288503e-01 
8.129206e-01 6.292820e-01 
8.207133e-01 6.296846e-01 
8.284847e-01 6.300606e-01 
8.362373e-01 6.304125e-01 
8.439750e-01 6.307428e-01 
8.516983e-01 6.310532e-01 
8.594085e-01 6.313454e-01 
8.671063e-01 6.316209e-01 
8.747929e-01 6.318807e-01 
8.824691e-01 6.321266e-01 
8.901355e-01 6.323593e-01 
8.977929e-01 6.325798e-01 
9.054415e-01 6.327882e-01 
9.130823e-01 6.329860e-01 
9.207156e-01 6.331738e-01 
9.283420e-01 6.333526e-01 
9.359615e-01 6.335222e-01 
9.435746e-01 6.336836e-01 
9.511812e-01 6.338366e-01 
9.587816e-01 6.339817e-01 
9.663757e-01 6.341184e-01 
9.739639e-01 6.342478e-01 
9.815467e-01 6.343703e-01 
9.891244e-01 6.344867e-01 
9.966970e-01 6.345969e-01 
1.004265e+00 6.347018e-01 
1.011829e+00 6.348014e-01 
1.019388e+00 6.348960e-01 
1.026943e+00 6.349854e-01 
1.034494e+00 6.350703e-01 
1.042041e+00 6.351508e-01 
1.049585e+00 6.352271e-01 
1.057124e+00 6.352992e-01 
1.064660e+00 6.353673e-01 
1.072192e+00 6.354314e-01 
1.079721e+00 6.354914e-01 
1.087245e+00 6.355472e-01 
1.094766e+00 6.355993e-01 
1.102284e+00 6.356478e-01 
1.109799e+00 6.356932e-01 
1.117311e+00 6.357355e-01 
1.124820e+00 6.357751e-01 
1.132327e+00 6.358121e-01 
1.139831e+00 6.358467e-01 
1.147333e+00 6.358789e-01 
1.154833e+00 6.359090e-01 
7.736576e-01 6.326463e-01 
7.815845e-01 6.332111e-01 
7.894802e-01 6.337374e-01 
7.973465e-01 6.342282e-01 
8.051831e-01 6.346849e-01 
8.129952e-01 6.351112e-01 
8.207832e-01 6.355088e-01 
8.285503e-01 6.358803e-01 
8.362988e-01 6.362280e-01 
8.440329e-01 6.365544e-01 
8.517527e-01 6.368612e-01 
8.594596e-01 6.371500e-01 
8.671543e-01 6.374224e-01 
8.748380e-01 6.376794e-01 
8.825115e-01 6.379226e-01 
8.901754e-01 6.381528e-01 
8.978304e-01 6.383709e-01 
9.054768e-01 6.385771e-01 
9.131154e-01 6.387729e-01 
9.207467e-01 6.389588e-01 
9.283711e-01 6.391358e-01 
9.359888e-01 6.393037e-01 
9.436001e-01 6.394634e-01 
9.512050e-01 6.396150e-01 
9.588039e-01 6.397587e-01 
9.663965e-01 6.398941e-01 
9.739833e-01 6.400223e-01 
9.815647e-01 6.401437e-01 
9.891412e-01 6.402590e-01 
9.967126e-01 6.403682e-01 
1.004280e+00 6.404721e-01 
1.011842e+00 6.405708e-01 
1.019401e+00 6.406646e-01 
1.026955e+00 6.407533e-01 
1.034505e+00 6.408374e-01 
1.042051e+00 6.409172e-01 
1.049593e+00 6.409929e-01 
1.057132e+00 6.410644e-01 
1.064667e+00 6.411319e-01 
1.072199e+00 6.411955e-01 
1.079726e+00 6.412551e-01 
1.087250e+00 6.413104e-01 
1.094771e+00 6.413621e-01 
1.102288e+00 6.414102e-01 
1.109803e+00 6.414553e-01 
1.117314e+00 6.414972e-01 
1.124823e+00 6.415366e-01 
1.132329e+00 6.415733e-01 
1.139833e+00 6.416077e-01 
1.147335e+00 6.416396e-01 
1.154834e+00 6.416695e-01 
7.737659e-01 6.385115e-01 
7.816854e-01 6.390686e-01 
7.895743e-01 6.395879e-01 
7.974343e-01 6.400721e-01 
8.052653e-01 6.405229e-01 
8.130722e-01 6.409436e-01 
8.208553e-01 6.413362e-01 
8.286181e-01 6.417030e-01 
8.363626e-01 6.420464e-01 
8.440928e-01 6.423688e-01 
8.518091e-01 6.426719e-01 
8.595126e-01 6.429573e-01 
8.672043e-01 6.432265e-01 
8.748850e-01 6.434805e-01 
8.825557e-01 6.437209e-01 
8.902170e-01 6.439484e-01 
8.978695e-01 6.441641e-01 
9.055136e-01 6.443681e-01 
9.131500e-01 6.445617e-01 
9.207792e-01 6.447456e-01 
9.284016e-01 6.449207e-01 
9.360173e-01 6.450869e-01 
9.436268e-01 6.452449e-01 
9.512301e-01 6.453949e-01 
9.588273e-01 6.455371e-01 
9.664184e-01 6.456712e-01 
9.740038e-01 6.457981e-01 
9.815838e-01 6.459183e-01 
9.891589e-01 6.460325e-01 
9.967292e-01 6.461406e-01 
1.004295e+00 6.462436e-01 
1.011856e+00 6.463414e-01 
1.019414e+00 6.464343e-01 
1.026967e+00 6.465221e-01 
1.034516e+00 6.466055e-01 
1.042061e+00 6.466845e-01 
1.049603e+00 6.467596e-01 
1.057141e+00 6.468304e-01 
1.064675e+00 6.468973e-01 
1.072206e+00 6.469603e-01 
1.079733e+00 6.470194e-01 
1.087256e+00 6.470743e-01 
1.094776e+00 6.471255e-01 
1.102293e+00 6.471732e-01 
1.109807e+00 6.472179e-01 
1.117318e+00 6.472595e-01 
1.124826e+00 6.472986e-01 
1.132332e+00 6.473350e-01 
1.139835e+00 6.473692e-01 
1.147337e+00 6.474008e-01 
1.154836e+00 6.474305e-01 
7.738767e-01 6.443804e-01 
7.817887e-01 6.449297e-01 
7.896707e-01 6.454418e-01 
7.975244e-01 6.459194e-01 
8.053496e-01 6.463640e-01 
8.131513e-01 6.467791e-01 
8.209296e-01 6.471665e-01 
8.286879e-01 6.475285e-01 
8.364283e-01 6.478675e-01 
8.441547e-01 6.481858e-01 
8.518673e-01 6.484852e-01 
8.595675e-01 6.487670e-01 
8.672559e-01 6.490329e-01 
8.749337e-01 6.492838e-01 
8.826016e-01 6.495214e-01 
8.902602e-01 6.497462e-01 
8.979102e-01 6.499594e-01 
9.055518e-01 6.501610e-01 
9.131860e-01 6.503524e-01 
9.208130e-01 6.505342e-01 
9.284334e-01 6.507074e-01 
9.360472e-01 6.508717e-01 
9.436548e-01 6.510280e-01 
9.512564e-01 6.511764e-01 
9.588519e-01 6.513170e-01 
9.664414e-01 6.514497e-01 
9.740253e-01 6.515752e-01 
9.816039e-01 6.516942e-01 
9.891777e-01 6.518072e-01 
9.967466e-01 6.519142e-01 
1.004311e+00 6.520161e-01 
1.011872e+00 6.521129e-01 
1.019428e+00 6.522049e-01 
1.026980e+00 6.522919e-01 
1.034528e+00 6.523744e-01 
1.042072e+00 6.524527e-01 
1.049613e+00 6.525270e-01 
1.057150e+00 6.525971e-01 
1.064684e+00 6.526635e-01 
1.072213e+00 6.527259e-01 
1.079740e+00 6.527844e-01 
1.087263e+00 6.528388e-01 
1.094782e+00 6.528895e-01 
1.102298e+00 6.529368e-01 
1.109811e+00 6.529811e-01 
1.117322e+00 6.530224e-01 
1.124830e+00 6.530611e-01 
1.132335e+00 6.530972e-01 
1.139838e+00 6.531311e-01 
1.147339e+00 6.531625e-01 
1.154838e+00 6.531919e-01 
7.739898e-01 6.502529e-01 
7.818942e-01 6.507942e-01 
7.897694e-01 6.512989e-01 
7.976167e-01 6.517698e-01 
8.054362e-01 6.522082e-01 
8.132325e-01 6.526176e-01 
8.210060e-01 6.529997e-01 
8.287597e-01 6.533569e-01 
8.364960e-01 6.536913e-01 
8.442184e-01 6.540054e-01 
8.519274e-01 6.543009e-01 
8.596242e-01 6.545791e-01 
8.673093e-01 6.548416e-01 
8.749841e-01 6.550893e-01 
8.826491e-01 6.553239e-01 
8.903050e-01 6.555460e-01 
8.979523e-01 6.557566e-01 
9.055916e-01 6.559557e-01 
9.132234e-01 6.561449e-01 
9.208482e-01 6.563246e-01 
9.284665e-01 6.564957e-01 
9.360783e-01 6.566580e-01 
9.436840e-01 6.568126e-01 
9.512837e-01 6.569592e-01 
9.588776e-01 6.570983e-01 
9.664654e-01 6.572294e-01 
9.740478e-01 6.573536e-01 
9.816249e-01 6.574712e-01 
9.891973e-01 6.575830e-01 
9.967649e-01 6.576889e-01 
1.004328e+00 6.577897e-01 
1.011887e+00 6.578854e-01 
1.019442e+00 6.579765e-01 
1.026993e+00 6.580625e-01 
1.034540e+00 6.581442e-01 
1.042084e+00 6.582217e-01 
1.049624e+00 6.582952e-01 
1.057160e+00 6.583646e-01 
1.064693e+00 6.584303e-01 
1.072222e+00 6.584921e-01 
1.079747e+00 6.585500e-01 
1.087269e+00 6.586038e-01 
1.094788e+00 6.586541e-01 
1.102304e+00 6.587010e-01 
1.109816e+00 6.587448e-01 
1.117326e+00 6.587857e-01 
1.124834e+00 6.588240e-01 
1.132339e+00 6.588599e-01 
1.139841e+00 6.588934e-01 
1.147342e+00 6.589246e-01 
1.154840e+00 6.589537e-01 
7.741050e-01 6.561286e-01 
7.820019e-01 6.566619e-01 
7.898701e-01 6.571592e-01 
7.977110e-01 6.576232e-01 
8.055247e-01 6.580553e-01 
8.133156e-01 6.584589e-01 
8.210841e-01 6.588355e-01 
8.288334e-01 6.591877e-01 
8.365654e-01 6.595175e-01 
8.442839e-01 6.598274e-01 
8.519892e-01 6.601189e-01 
8.596824e-01 6.603934e-01 
8.673643e-01 6.606524e-01 
8.750359e-01 6.608969e-01 
8.826980e-01 6.611285e-01 
8.903511e-01 6.613477e-01 
8.979959e-01 6.615556e-01 
9.056326e-01 6.617523e-01 
9.132621e-01 6.619390e-01 
9.208846e-01 6.621165e-01 
9.285008e-01 6.622855e-01 
9.361105e-01 6.624459e-01 
9.437143e-01 6.625985e-01 
9.513121e-01 6.627434e-01 
9.589042e-01 6.628808e-01 
9.664904e-01 6.630104e-01 
9.740711e-01 6.631331e-01 
9.816468e-01 6.632494e-01 
9.892177e-01 6.633598e-01 
9.967840e-01 6.634645e-01 
1.004346e+00 6.635642e-01 
1.011904e+00 6.636589e-01 
1.019458e+00 6.637489e-01 
1.027008e+00 6.638340e-01 
1.034554e+00 6.639147e-01 
1.042096e+00 6.639914e-01 
1.049635e+00 6.640641e-01 
1.057170e+00 6.641328e-01 
1.064702e+00 6.641977e-01 
1.072230e+00 6.642589e-01 
1.079755e+00 6.643162e-01 
1.087277e+00 6.643695e-01 
1.094795e+00 6.644192e-01 
1.102310e+00 6.644656e-01 
1.109822e+00 6.645090e-01 
1.117331e+00 6.645495e-01 
1.124838e+00 6.645875e-01 
1.132343e+00 6.646229e-01 
1.139845e+00 6.646562e-01 
1.147345e+00 6.646870e-01 
1.154843e+00 6.647159e-01 
7.742224e-01 6.620077e-01 
7.821117e-01 6.625327e-01 
7.899728e-01 6.630225e-01 
7.978073e-01 6.634795e-01 
8.056151e-01 6.639052e-01 
8.134006e-01 6.643028e-01 
8.211642e-01 6.646740e-01 
8.289088e-01 6.650212e-01 
8.366366e-01 6.653463e-01 
8.443511e-01 6.656518e-01 
8.520526e-01 6.659392e-01 
8.597423e-01 6.662099e-01 
8.674209e-01 6.664654e-01 
8.750894e-01 6.667066e-01 
8.827485e-01 6.669350e-01 
8.903987e-01 6.671513e-01 
8.980408e-01 6.673565e-01 
9.056750e-01 6.675505e-01 
9.133020e-01 6.677348e-01 
9.209223e-01 6.679100e-01 
9.285362e-01 6.680768e-01 
9.361439e-01 6.682351e-01 
9.437457e-01 6.683858e-01 
9.513416e-01 6.685289e-01 
9.589319e-01 6.686646e-01 
9.665163e-01 6.687926e-01 
9.740955e-01 6.689138e-01 
9.816696e-01 6.690286e-01 
9.892390e-01 6.691377e-01 
9.968039e-01 6.692412e-01 
1.004365e+00 6.693396e-01 
1.011921e+00 6.694332e-01 
1.019474e+00 6.695221e-01 
1.027023e+00 6.696062e-01 
1.034567e+00 6.696860e-01 
1.042109e+00 6.697618e-01 
1.049647e+00 6.698337e-01 
1.057181e+00 6.699016e-01 
1.064712e+00 6.699658e-01 
1.072240e+00 6.700262e-01 
1.079764e+00 6.700829e-01 
1.087284e+00 6.701356e-01 
1.094802e+00 6.701848e-01 
1.102316e+00 6.702307e-01 
1.109828e+00 6.702736e-01 
1.117336e+00 6.703137e-01 
1.124843e+00 6.703513e-01 
1.132347e+00 6.703864e-01 
1.139849e+00 6.704193e-01 
1.147348e+00 6.704498e-01 
1.154846e+00 6.704784e-01 
7.743417e-01 6.678899e-01 
7.822233e-01 6.684066e-01 
7.900775e-01 6.688887e-01 
7.979055e-01 6.693386e-01 
8.057074e-01 6.697578e-01 
8.134874e-01 6.701494e-01 
8.212460e-01 6.705151e-01 
8.289860e-01 6.708571e-01 
8.367095e-01 6.711774e-01 
8.444199e-01 6.714784e-01 
8.521176e-01 6.717617e-01 
8.598038e-01 6.720285e-01 
8.674790e-01 6.722804e-01 
8.751442e-01 6.725182e-01 
8.828003e-01 6.727434e-01 
8.904477e-01 6.729567e-01 
8.980871e-01 6.731590e-01 
9.057187e-01 6.733504e-01 
9.133432e-01 6.735322e-01 
9.209611e-01 6.737050e-01 
9.285729e-01 6.738696e-01 
9.361784e-01 6.740258e-01 
9.437781e-01 6.741745e-01 
9.513721e-01 6.743157e-01 
9.589605e-01 6.744496e-01 
9.665432e-01 6.745759e-01 
9.741207e-01 6.746955e-01 
9.816932e-01 6.748089e-01 
9.892612e-01 6.749166e-01 
9.968246e-01 6.750187e-01 
1.004384e+00 6.751159e-01 
1.011939e+00 6.752083e-01 
1.019491e+00 6.752961e-01 
1.027038e+00 6.753792e-01 
1.034582e+00 6.754580e-01 
1.042122e+00 6.755328e-01 
1.049659e+00 6.756039e-01 
1.057193e+00 6.756710e-01 
1.064723e+00 6.757344e-01 
1.072249e+00 6.757941e-01 
1.079773e+00 6.758501e-01 
1.087292e+00 6.759022e-01 
1.094809e+00 6.759508e-01 
1.102323e+00 6.759962e-01 
1.109834e+00 6.760387e-01 
1.117342e+00 6.760783e-01 
1.124848e+00 6.761154e-01 
1.132351e+00 6.761502e-01 
1.139853e+00 6.761827e-01 
1.147352e+00 6.762129e-01 
1.154849e+00 6.762412e-01 
7.744629e-01 6.737751e-01 
7.823369e-01 6.742834e-01 
7.901840e-01 6.747577e-01 
7.980055e-01 6.752006e-01 
8.058015e-01 6.756131e-01 
8.135761e-01 6.759987e-01 
8.213296e-01 6.763586e-01 
8.290649e-01 6.766954e-01 
8.367840e-01 6.770108e-01 
8.444904e-01 6.773073e-01 
8.521843e-01 6.775863e-01 
8.598668e-01 6.778492e-01 
8.675385e-01 6.780974e-01 
8.752006e-01 6.783317e-01 
8.828536e-01 6.785536e-01 
8.904981e-01 6.787639e-01 
8.981346e-01 6.789633e-01 
9.057636e-01 6.791519e-01 
9.133857e-01 6.793312e-01 
9.210012e-01 6.795015e-01 
9.286106e-01 6.796637e-01 
9.362139e-01 6.798178e-01 
9.438116e-01 6.799644e-01 
9.514036e-01 6.801036e-01 
9.589901e-01 6.802357e-01 
9.665710e-01 6.803603e-01 
9.741468e-01 6.804783e-01 
9.817177e-01 6.805901e-01 
9.892841e-01 6.806964e-01 
9.968461e-01 6.807971e-01 
1.004404e+00 6.808931e-01 
1.011958e+00 6.809842e-01 
1.019508e+00 6.810709e-01 
1.027054e+00 6.811529e-01 
1.034597e+00 6.812307e-01 
1.042136e+00 6.813045e-01 
1.049672e+00 6.813747e-01 
1.057205e+00 6.814409e-01 
1.064734e+00 6.815036e-01 
1.072259e+00 6.815625e-01 
1.079782e+00 6.816178e-01 
1.087301e+00 6.816693e-01 
1.094817e+00 6.817173e-01 
1.102330e+00 6.817621e-01 
1.109840e+00 6.818041e-01 
1.117348e+00 6.818432e-01 
1.124853e+00 6.818799e-01 
1.132356e+00 6.819143e-01 
1.139857e+00 6.819464e-01 
1.147356e+00 6.819763e-01 
1.154853e+00 6.820043e-01 
7.745859e-01 6.796631e-01 
7.824522e-01 6.801630e-01 
7.902922e-01 6.806295e-01 
7.981073e-01 6.810651e-01 
8.058972e-01 6.814710e-01 
8.136663e-01 6.818503e-01 
8.214148e-01 6.822046e-01 
8.291454e-01 6.825360e-01 
8.368602e-01 6.828465e-01 
8.445624e-01 6.831384e-01 
8.522524e-01 6.834130e-01 
8.599312e-01 6.836719e-01 
8.675995e-01 6.839162e-01 
8.752583e-01 6.841470e-01 
8.829082e-01 6.843656e-01 
8.905497e-01 6.845727e-01 
8.981835e-01 6.847691e-01 
9.058098e-01 6.849549e-01 
9.134293e-01 6.851315e-01 
9.210423e-01 6.852994e-01 
9.286494e-01 6.854592e-01 
9.362505e-01 6.856110e-01 
9.438461e-01 6.857555e-01 
9.514361e-01 6.858927e-01 
9.590207e-01 6.860229e-01 
9.665997e-01 6.861457e-01 
9.741738e-01 6.862620e-01 
9.817430e-01 6.863723e-01 
9.893078e-01 6.864771e-01 
9.968683e-01 6.865764e-01 
1.004425e+00 6.866710e-01 
1.011977e+00 6.867609e-01 
1.019526e+00 6.868464e-01 
1.027071e+00 6.869272e-01 
1.034613e+00 6.870040e-01 
1.042151e+00 6.870768e-01 
1.049686e+00 6.871460e-01 
1.057217e+00 6.872114e-01 
1.064745e+00 6.872732e-01 
1.072270e+00 6.873314e-01 
1.079792e+00 6.873860e-01 
1.087310e+00 6.874367e-01 
1.094825e+00 6.874841e-01 
1.102338e+00 6.875284e-01 
1.109847e+00 6.875698e-01 
1.117354e+00 6.876085e-01 
1.124859e+00 6.876447e-01 
1.132362e+00 6.876787e-01 
1.139862e+00 6.877104e-01 
1.147360e+00 6.877400e-01 
1.154857e+00 6.877676e-01 
7.747105e-01 6.855540e-01 
7.825692e-01 6.860453e-01 
7.904022e-01 6.865039e-01 
7.982107e-01 6.869322e-01 
8.059947e-01 6.873313e-01 
8.137583e-01 6.877044e-01 
8.215016e-01 6.880528e-01 
8.292275e-01 6.883788e-01 
8.369379e-01 6.886843e-01 
8.446359e-01 6.889715e-01 
8.523220e-01 6.892418e-01 
8.599971e-01 6.894965e-01 
8.676619e-01 6.897370e-01 
8.753174e-01 6.899641e-01 
8.829641e-01 6.901793e-01 
8.906026e-01 6.903831e-01 
8.982335e-01 6.905765e-01 
9.058571e-01 6.907595e-01 
9.134740e-01 6.909333e-01 
9.210846e-01 6.910986e-01 
9.286894e-01 6.912560e-01 
9.362882e-01 6.914055e-01 
9.438816e-01 6.915478e-01 
9.514695e-01 6.916829e-01 
9.590521e-01 6.918111e-01 
9.666293e-01 6.919321e-01 
9.742016e-01 6.920467e-01 
9.817691e-01 6.921553e-01 
9.893323e-01 6.922586e-01 
9.968912e-01 6.923564e-01 
1.004446e+00 6.924496e-01 
1.011997e+00 6.925382e-01 
1.019545e+00 6.926225e-01 
1.027089e+00 6.927022e-01 
1.034629e+00 6.927779e-01 
1.042166e+00 6.928497e-01 
1.049700e+00 6.929179e-01 
1.057230e+00 6.929823e-01 
1.064757e+00 6.930432e-01 
1.072281e+00 6.931006e-01 
1.079802e+00 6.931545e-01 
1.087319e+00 6.932045e-01 
1.094834e+00 6.932513e-01 
1.102346e+00 6.932950e-01 
1.109855e+00 6.933359e-01 
1.117361e+00 6.933740e-01 
1.124865e+00 6.934098e-01 
1.132367e+00 6.934433e-01 
1.139867e+00 6.934746e-01 
1.147365e+00 6.935038e-01 
1.154861e+00 6.935311e-01 
7.748368e-01 6.914475e-01 
7.826878e-01 6.919303e-01 
7.905137e-01 6.923809e-01 
7.983157e-01 6.928018e-01 
8.060937e-01 6.931941e-01 
8.138517e-01 6.935608e-01 
8.215900e-01 6.939033e-01 
8.293111e-01 6.942238e-01 
8.370170e-01 6.945242e-01 
8.447109e-01 6.948066e-01 
8.523930e-01 6.950724e-01 
8.600644e-01 6.953229e-01 
8.677257e-01 6.955595e-01 
8.753777e-01 6.957829e-01 
8.830213e-01 6.959946e-01 
8.906568e-01 6.961951e-01 
8.982848e-01 6.963854e-01 
9.059056e-01 6.965654e-01 
9.135199e-01 6.967365e-01 
9.211280e-01 6.968991e-01 
9.287303e-01 6.970540e-01 
9.363268e-01 6.972011e-01 
9.439180e-01 6.973412e-01 
9.515038e-01 6.974742e-01 
9.590844e-01 6.976004e-01 
9.666597e-01 6.977194e-01 
9.742302e-01 6.978322e-01 
9.817960e-01 6.979392e-01 
9.893575e-01 6.980408e-01 
9.969149e-01 6.981372e-01 
1.004468e+00 6.982290e-01 
1.012018e+00 6.983162e-01 
1.019564e+00 6.983992e-01 
1.027107e+00 6.984777e-01 
1.034646e+00 6.985522e-01 
1.042182e+00 6.986230e-01 
1.049714e+00 6.986902e-01 
1.057243e+00 6.987536e-01 
1.064770e+00 6.988137e-01 
1.072293e+00 6.988702e-01 
1.079813e+00 6.989233e-01 
1.087329e+00 6.989727e-01 
1.094843e+00 6.990188e-01 
1.102354e+00 6.990618e-01 
1.109862e+00 6.991021e-01 
1.117368e+00 6.991398e-01 
1.124871e+00 6.991750e-01 
1.132373e+00 6.992081e-01 
1.139872e+00 6.992390e-01 
1.147370e+00 6.992678e-01 
1.154865e+00 6.992948e-01 
7.749646e-01 6.973437e-01 
7.828080e-01 6.978177e-01 
7.906268e-01 6.982604e-01 
7.984223e-01 6.986738e-01 
8.061943e-01 6.990591e-01 
8.139467e-01 6.994194e-01 
8.216798e-01 6.997559e-01 
8.293962e-01 7.000709e-01 
8.370976e-01 7.003660e-01 
8.447873e-01 7.006436e-01 
8.524654e-01 7.009049e-01 
8.601330e-01 7.011511e-01 
8.677907e-01 7.013836e-01 
8.754394e-01 7.016033e-01 
8.830797e-01 7.018114e-01 
8.907121e-01 7.020086e-01 
8.983372e-01 7.021956e-01 
9.059552e-01 7.023726e-01 
9.135668e-01 7.025409e-01 
9.211723e-01 7.027008e-01 
9.287722e-01 7.028531e-01 
9.363664e-01 7.029978e-01 
9.439554e-01 7.031355e-01 
9.515390e-01 7.032664e-01 
9.591176e-01 7.033905e-01 
9.666910e-01 7.035076e-01 
9.742596e-01 7.036186e-01 
9.818236e-01 7.037238e-01 
9.893835e-01 7.038238e-01 
9.969392e-01 7.039186e-01 
1.004491e+00 7.040090e-01 
1.012039e+00 7.040948e-01 
1.019584e+00 7.041765e-01 
1.027125e+00 7.042537e-01 
1.034663e+00 7.043271e-01 
1.042198e+00 7.043967e-01 
1.049729e+00 7.044629e-01 
1.057257e+00 7.045254e-01 
1.064783e+00 7.045845e-01 
1.072305e+00 7.046402e-01 
1.079824e+00 7.046925e-01 
1.087339e+00 7.047411e-01 
1.094852e+00 7.047865e-01 
1.102362e+00 7.048289e-01 
1.109870e+00 7.048686e-01 
1.117375e+00 7.049057e-01 
1.124878e+00 7.049405e-01 
1.132379e+00 7.049730e-01 
1.139878e+00 7.050036e-01 
1.147375e+00 7.050320e-01 
1.154870e+00 7.050585e-01 
7.750938e-01 7.032423e-01 
7.829296e-01 7.037076e-01 
7.907413e-01 7.041421e-01 
7.985302e-01 7.045479e-01 
8.062962e-01 7.049263e-01 
8.140431e-01 7.052801e-01 
8.217710e-01 7.056105e-01 
8.294826e-01 7.059198e-01 
8.371795e-01 7.062097e-01 
8.448649e-01 7.064824e-01 
8.525390e-01 7.067390e-01 
8.602028e-01 7.069809e-01 
8.678569e-01 7.072094e-01 
8.755022e-01 7.074252e-01 
8.831392e-01 7.076296e-01 
8.907686e-01 7.078234e-01 
8.983907e-01 7.080071e-01 
9.060059e-01 7.081811e-01 
9.136148e-01 7.083464e-01 
9.212177e-01 7.085036e-01 
9.288151e-01 7.086533e-01 
9.364069e-01 7.087955e-01 
9.439936e-01 7.089308e-01 
9.515751e-01 7.090594e-01 
9.591516e-01 7.091814e-01 
9.667230e-01 7.092965e-01 
9.742897e-01 7.094056e-01 
9.818519e-01 7.095091e-01 
9.894101e-01 7.096074e-01 
9.969642e-01 7.097007e-01 
1.004515e+00 7.097895e-01 
1.012061e+00 7.098739e-01 
1.019605e+00 7.099542e-01 
1.027145e+00 7.100302e-01 
1.034681e+00 7.101024e-01 
1.042214e+00 7.101709e-01 
1.049745e+00 7.102359e-01 
1.057272e+00 7.102974e-01 
1.064796e+00 7.103556e-01 
1.072317e+00 7.104104e-01 
1.079835e+00 7.104618e-01 
1.087350e+00 7.105097e-01 
1.094862e+00 7.105544e-01 
1.102371e+00 7.105961e-01 
1.109878e+00 7.106353e-01 
1.117383e+00 7.106718e-01 
1.124885e+00 7.107060e-01 
1.132385e+00 7.107381e-01 
1.139884e+00 7.107682e-01 
1.147380e+00 7.107962e-01 
1.154875e+00 7.108224e-01 
7.752244e-01 7.091433e-01 
7.830525e-01 7.095997e-01 
7.908572e-01 7.100260e-01 
7.986396e-01 7.104243e-01 
8.063996e-01 7.107955e-01 
8.141409e-01 7.111427e-01 
8.218636e-01 7.114671e-01 
8.295704e-01 7.117707e-01 
8.372628e-01 7.120552e-01 
8.449439e-01 7.123228e-01 
8.526140e-01 7.125748e-01 
8.602739e-01 7.128123e-01 
8.679244e-01 7.130366e-01 
8.755662e-01 7.132484e-01 
8.831999e-01 7.134492e-01 
8.908261e-01 7.136394e-01 
8.984452e-01 7.138199e-01 
9.060575e-01 7.139907e-01 
9.136637e-01 7.141530e-01 
9.212640e-01 7.143074e-01 
9.288589e-01 7.144544e-01 
9.364483e-01 7.145940e-01 
9.440326e-01 7.147270e-01 
9.516119e-01 7.148533e-01 
9.591863e-01 7.149731e-01 
9.667557e-01 7.150862e-01 
9.743205e-01 7.151934e-01 
9.818809e-01 7.152950e-01 
9.894373e-01 7.153916e-01 
9.969898e-01 7.154832e-01 
1.004539e+00 7.155705e-01 
1.012084e+00 7.156534e-01 
1.019626e+00 7.157324e-01 
1.027164e+00 7.158070e-01 
1.034699e+00 7.158780e-01 
1.042231e+00 7.159453e-01 
1.049761e+00 7.160093e-01 
1.057287e+00 7.160697e-01 
1.064810e+00 7.161269e-01 
1.072330e+00 7.161808e-01 
1.079847e+00 7.162314e-01 
1.087361e+00 7.162785e-01 
1.094872e+00 7.163224e-01 
1.102381e+00 7.163635e-01 
1.109887e+00 7.164020e-01 
1.117391e+00 7.164379e-01 
1.124892e+00 7.164717e-01 
1.132392e+00 7.165032e-01 
1.139890e+00 7.165328e-01 
1.147386e+00 7.165604e-01 
1.154880e+00 7.165862e-01 
7.753564e-01 7.150465e-01 
7.831768e-01 7.154940e-01 
7.909745e-01 7.159121e-01 
7.987503e-01 7.163026e-01 
8.065043e-01 7.166667e-01 
8.142399e-01 7.170073e-01 
8.219575e-01 7.173254e-01 
8.296594e-01 7.176232e-01 
8.373472e-01 7.179023e-01 
8.450241e-01 7.181649e-01 
8.526901e-01 7.184121e-01 
8.603462e-01 7.186451e-01 
8.679929e-01 7.188651e-01 
8.756312e-01 7.190730e-01 
8.832617e-01 7.192700e-01 
8.908847e-01 7.194566e-01 
8.985007e-01 7.196337e-01 
9.061102e-01 7.198013e-01 
9.137135e-01 7.199607e-01 
9.213112e-01 7.201121e-01 
9.289035e-01 7.202564e-01 
9.364905e-01 7.203934e-01 
9.440725e-01 7.205239e-01 
9.516496e-01 7.206478e-01 
9.592218e-01 7.207654e-01 
9.667892e-01 7.208765e-01 
9.743520e-01 7.209817e-01 
9.819106e-01 7.210814e-01 
9.894653e-01 7.211763e-01 
9.970160e-01 7.212662e-01 
1.004563e+00 7.213519e-01 
1.012107e+00 7.214334e-01 
1.019647e+00 7.215109e-01 
1.027184e+00 7.215842e-01 
1.034718e+00 7.216539e-01 
1.042249e+00 7.217200e-01 
1.049777e+00 7.217829e-01 
1.057302e+00 7.218422e-01 
1.064824e+00 7.218984e-01 
1.072343e+00 7.219514e-01 
1.079859e+00 7.220011e-01 
1.087372e+00 7.220473e-01 
1.094883e+00 7.220906e-01 
1.102390e+00 7.221309e-01 
1.109896e+00 7.221688e-01 
1.117399e+00 7.222041e-01 
1.124900e+00 7.222373e-01 
1.132399e+00 7.222684e-01 
1.139896e+00 7.222975e-01 
1.147391e+00 7.223246e-01 
1.154885e+00 7.223500e-01 
7.754896e-01 7.209519e-01 
7.833024e-01 7.213905e-01 
7.910930e-01 7.218001e-01 
7.988623e-01 7.221829e-01 
8.066102e-01 7.225398e-01 
8.143403e-01 7.228736e-01 
8.220526e-01 7.231855e-01 
8.297496e-01 7.234774e-01 
8.374330e-01 7.237510e-01 
8.451054e-01 7.240084e-01 
8.527673e-01 7.242508e-01 
8.604195e-01 7.244792e-01 
8.680626e-01 7.246950e-01 
8.756974e-01 7.248988e-01 
8.833245e-01 7.250920e-01 
8.909442e-01 7.252750e-01 
8.985573e-01 7.254486e-01 
9.061637e-01 7.256130e-01 
9.137643e-01 7.257692e-01 
9.213593e-01 7.259177e-01 
9.289490e-01 7.260592e-01 
9.365335e-01 7.261935e-01 
9.441132e-01 7.263215e-01 
9.516880e-01 7.264430e-01 
9.592581e-01 7.265584e-01 
9.668234e-01 7.266673e-01 
9.743842e-01 7.267705e-01 
9.819409e-01 7.268683e-01 
9.894938e-01 7.269614e-01 
9.970428e-01 7.270496e-01 
1.004588e+00 7.271337e-01 
1.012131e+00 7.272136e-01 
1.019670e+00 7.272896e-01 
1.027205e+00 7.273616e-01 
1.034738e+00 7.274300e-01 
1.042267e+00 7.274949e-01 
1.049794e+00 7.275566e-01 
1.057317e+00 7.276149e-01 
1.064838e+00 7.276700e-01 
1.072356e+00 7.277220e-01 
1.079871e+00 7.277708e-01 
1.087384e+00 7.278163e-01 
1.094893e+00 7.278587e-01 
1.102400e+00 7.278984e-01 
1.109905e+00 7.279356e-01 
1.117407e+00 7.279703e-01 
1.124908e+00 7.280029e-01 
1.132406e+00 7.280334e-01 
1.139903e+00 7.280621e-01 
1.147397e+00 7.280887e-01 
1.154891e+00 7.281138e-01 
7.756239e-01 7.268593e-01 
7.834292e-01 7.272888e-01 
7.912127e-01 7.276901e-01 
7.989755e-01 7.280651e-01 
8.067174e-01 7.284147e-01 
8.144418e-01 7.287416e-01 
8.221489e-01 7.290471e-01 
8.298411e-01 7.293331e-01 
8.375198e-01 7.296012e-01 
8.451879e-01 7.298534e-01 
8.528457e-01 7.300908e-01 
8.604940e-01 7.303146e-01 
8.681333e-01 7.305260e-01 
8.757646e-01 7.307257e-01 
8.833882e-01 7.309149e-01 
8.910048e-01 7.310942e-01 
8.986147e-01 7.312644e-01 
9.062182e-01 7.314254e-01 
9.138160e-01 7.315785e-01 
9.214082e-01 7.317240e-01 
9.289953e-01 7.318626e-01 
9.365773e-01 7.319943e-01 
9.441546e-01 7.321197e-01 
9.517271e-01 7.322388e-01 
9.592950e-01 7.323518e-01 
9.668582e-01 7.324585e-01 
9.744171e-01 7.325597e-01 
9.819719e-01 7.326556e-01 
9.895229e-01 7.327468e-01 
9.970702e-01 7.328333e-01 
1.004614e+00 7.329157e-01 
1.012155e+00 7.329941e-01 
1.019692e+00 7.330686e-01 
1.027226e+00 7.331392e-01 
1.034757e+00 7.332062e-01 
1.042286e+00 7.332699e-01 
1.049811e+00 7.333304e-01 
1.057333e+00 7.333876e-01 
1.064853e+00 7.334417e-01 
1.072370e+00 7.334927e-01 
1.079884e+00 7.335406e-01 
1.087396e+00 7.335851e-01 
1.094904e+00 7.336268e-01 
1.102410e+00 7.336658e-01 
1.109914e+00 7.337023e-01 
1.117416e+00 7.337364e-01 
1.124916e+00 7.337684e-01 
1.132414e+00 7.337984e-01 
1.139909e+00 7.338265e-01 
1.147404e+00 7.338527e-01 
1.154896e+00 7.338773e-01 
7.757595e-01 7.327687e-01 
7.835572e-01 7.331891e-01 
7.913337e-01 7.335819e-01 
7.990899e-01 7.339489e-01 
8.068257e-01 7.342911e-01 
8.145445e-01 7.346112e-01 
8.222464e-01 7.349103e-01 
8.299336e-01 7.351902e-01 
8.376077e-01 7.354526e-01 
8.452715e-01 7.356995e-01 
8.529251e-01 7.359320e-01 
8.605695e-01 7.361511e-01 
8.682051e-01 7.363580e-01 
8.758327e-01 7.365536e-01 
8.834530e-01 7.367388e-01 
8.910662e-01 7.369144e-01 
8.986730e-01 7.370809e-01 
9.062736e-01 7.372386e-01 
9.138684e-01 7.373884e-01 
9.214579e-01 7.375309e-01 
9.290424e-01 7.376666e-01 
9.366219e-01 7.377956e-01 
9.441967e-01 7.379183e-01 
9.517669e-01 7.380350e-01 
9.593326e-01 7.381456e-01 
9.668937e-01 7.382501e-01 
9.744506e-01 7.383492e-01 
9.820034e-01 7.384431e-01 
9.895526e-01 7.385325e-01 
9.970981e-01 7.386172e-01 
1.004640e+00 7.386979e-01 
1.012179e+00 7.387747e-01 
1.019715e+00 7.388477e-01 
1.027248e+00 7.389169e-01 
1.034778e+00 7.389826e-01 
1.042304e+00 7.390449e-01 
1.049829e+00 7.391042e-01 
1.057350e+00 7.391602e-01 
1.064868e+00 7.392133e-01 
1.072384e+00 7.392633e-01 
1.079897e+00 7.393102e-01 
1.087408e+00 7.393539e-01 
1.094916e+00 7.393948e-01 
1.102421e+00 7.394330e-01 
1.109924e+00 7.394688e-01 
1.117425e+00 7.395023e-01 
1.124924e+00 7.395337e-01 
1.132421e+00 7.395631e-01 
1.139917e+00 7.395908e-01 
1.147410e+00 7.396165e-01 
1.154902e+00 7.396407e-01 
BC
-1
-1
-1
-1
-1
-1
-1
-1
-1
-1
-1
-1
-1
-1
-1
-1
-1
-1
-1
-1
-1
-1
-1
-1
-1
-1
-1
-1
-1
-1
-1
-1
-1
-1
-1
-1
-1
-1
-1
-1
-1
-1
-1
-1
-1
-1
-1
-1
-1
-1
-1
-1
-1
-1
-1
-1
-1
-1
-1
-1
-1
-1
-1
-1
-1
-1
-1
-1
-1
-1
-1
-1
-1
-1
-1
-1
-1
-1
-1
-1
-1
-1
-1
-1
-1
-1
-1
-1
-1
-1
-1
-1
-1
-1
-1
-1
-1
-1
-1
-1
-1
-1
-1
-1
-1
-1
-1
-1
-1
-1
-1
-1
-1
-1
-1
-1
-1
-1
-1
-1
-1
-1
-1
-1
-1
-1
-1
-1
-1
-1
-1
-1
-1
-1
-1
-1
-1
-1
-1
-1
-1
-1
-1
-1
-1
-1
-1
-1
-1
-1
-1
-1
-1
-1
-1
-1
-1
-1
-1
-1
-1
-1
-1
-1
-1
-1
-1
-1
-1
-1
-1
-1
-1
-1
-1
-1
-1
-1
-1
-1
-1
-1
-1
-1
-1
-1
-1
-1
-1
-1
-1
-1
-1
-1
