npart: 8 3 
ipart: 0 2 
ngrid: 51 46 
0.000000e+00 6.762590e-01 
9.877942e-03 6.762839e-01 
1.940228e-02 6.762300e-01 
2.870328e-02 6.761276e-01 
3.788137e-02 6.759965e-01 
4.697283e-02 6.758470e-01 
5.601836e-02 6.756858e-01 
6.503637e-02 6.755187e-01 
7.403897e-02 6.753495e-01 
8.302969e-02 6.751828e-01 
9.201270e-02 6.750203e-01 
1.009898e-01 6.748645e-01 
1.099614e-01 6.747171e-01 
1.189278e-01 6.745806e-01 
1.278875e-01 6.744567e-01 
1.368399e-01 6.743473e-01 
1.457837e-01 6.742544e-01 
1.547187e-01 6.741799e-01 
1.636427e-01 6.741253e-01 
1.725544e-01 6.740923e-01 
1.814521e-01 6.740822e-01 
1.903346e-01 6.740965e-01 
1.992001e-01 6.741368e-01 
2.080470e-01 6.742041e-01 
2.168735e-01 6.743000e-01 
2.256784e-01 6.744253e-01 
2.344594e-01 6.745816e-01 
2.432147e-01 6.747699e-01 
2.519425e-01 6.749914e-01 
2.606417e-01 6.752465e-01 
2.693097e-01 6.755363e-01 
2.779456e-01 6.758611e-01 
2.865480e-01 6.762216e-01 
2.951168e-01 6.766175e-01 
3.036476e-01 6.770507e-01 
3.106009e-01 6.774360e-01 
3.175267e-01 6.778519e-01 
3.244257e-01 6.782978e-01 
3.312982e-01 6.787734e-01 
3.381451e-01 6.792782e-01 
3.449678e-01 6.798118e-01 
3.517678e-01 6.803735e-01 
3.585471e-01 6.809631e-01 
3.653072e-01 6.815802e-01 
3.720500e-01 6.822245e-01 
3.787772e-01 6.828954e-01 
3.854904e-01 6.835928e-01 
3.921915e-01 6.843161e-01 
3.988820e-01 6.850651e-01 
4.055636e-01 6.858397e-01 
4.122381e-01 6.866399e-01 
0.000000e+00 6.834532e-01 
9.856334e-03 6.834784e-01 
1.936593e-02 6.834258e-01 
2.865647e-02 6.833253e-01 
3.782642e-02 6.831964e-01 
4.691140e-02 6.830493e-01 
5.595134e-02 6.828906e-01 
6.496433e-02 6.827261e-01 
7.396223e-02 6.825594e-01 
8.294851e-02 6.823951e-01 
9.192728e-02 6.822350e-01 
1.009004e-01 6.820813e-01 
1.098680e-01 6.819358e-01 
1.188307e-01 6.818011e-01 
1.277868e-01 6.816785e-01 
1.367359e-01 6.815702e-01 
1.456766e-01 6.814779e-01 
1.546087e-01 6.814036e-01 
1.635302e-01 6.813488e-01 
1.724398e-01 6.813150e-01 
1.813356e-01 6.813037e-01 
1.902167e-01 6.813162e-01 
1.990812e-01 6.813540e-01 
2.079276e-01 6.814184e-01 
2.167541e-01 6.815105e-01 
2.255595e-01 6.816315e-01 
2.343415e-01 6.817828e-01 
2.430986e-01 6.819653e-01 
2.518287e-01 6.821803e-01 
2.605310e-01 6.824282e-01 
2.692028e-01 6.827101e-01 
2.778433e-01 6.830262e-01 
2.864509e-01 6.833772e-01 
2.950259e-01 6.837629e-01 
3.035636e-01 6.841851e-01 
3.105233e-01 6.845609e-01 
3.174560e-01 6.849666e-01 
3.243625e-01 6.854016e-01 
3.312431e-01 6.858658e-01 
3.380986e-01 6.863586e-01 
3.449304e-01 6.868796e-01 
3.517400e-01 6.874282e-01 
3.585293e-01 6.880042e-01 
3.652998e-01 6.886071e-01 
3.720534e-01 6.892367e-01 
3.787917e-01 6.898925e-01 
3.855163e-01 6.905741e-01 
3.922290e-01 6.912813e-01 
3.989314e-01 6.920137e-01 
4.056251e-01 6.927711e-01 
4.123118e-01 6.935537e-01 
0.000000e+00 6.906475e-01 
9.834651e-03 6.906728e-01 
1.932949e-02 6.906216e-01 
2.860965e-02 6.905230e-01 
3.777156e-02 6.903963e-01 
4.685017e-02 6.902516e-01 
5.588466e-02 6.900954e-01 
6.489274e-02 6.899334e-01 
7.388607e-02 6.897693e-01 
8.286805e-02 6.896075e-01 
9.184271e-02 6.894496e-01 
1.008118e-01 6.892981e-01 
1.097757e-01 6.891546e-01 
1.187348e-01 6.890215e-01 
1.276875e-01 6.889004e-01 
1.366334e-01 6.887931e-01 
1.455711e-01 6.887015e-01 
1.545005e-01 6.886275e-01 
1.634196e-01 6.885724e-01 
1.723270e-01 6.885379e-01 
1.812212e-01 6.885254e-01 
1.901009e-01 6.885361e-01 
1.989645e-01 6.885715e-01 
2.078104e-01 6.886328e-01 
2.166370e-01 6.887214e-01 
2.254430e-01 6.888380e-01 
2.342262e-01 6.889843e-01 
2.429850e-01 6.891612e-01 
2.517176e-01 6.893697e-01 
2.604229e-01 6.896104e-01 
2.690985e-01 6.898844e-01 
2.777436e-01 6.901919e-01 
2.863566e-01 6.905335e-01 
2.949376e-01 6.909091e-01 
3.034823e-01 6.913204e-01 
3.104483e-01 6.916866e-01 
3.173879e-01 6.920821e-01 
3.243019e-01 6.925064e-01 
3.311905e-01 6.929592e-01 
3.380547e-01 6.934401e-01 
3.448955e-01 6.939487e-01 
3.517147e-01 6.944842e-01 
3.585139e-01 6.950466e-01 
3.652949e-01 6.956354e-01 
3.720592e-01 6.962504e-01 
3.788085e-01 6.968910e-01 
3.855445e-01 6.975570e-01 
3.922688e-01 6.982480e-01 
3.989829e-01 6.989638e-01 
4.056886e-01 6.997041e-01 
4.123875e-01 7.004692e-01 
0.000000e+00 6.978417e-01 
9.812888e-03 6.978673e-01 
1.929300e-02 6.978173e-01 
2.856282e-02 6.977206e-01 
3.771677e-02 6.975962e-01 
4.678912e-02 6.974539e-01 
5.581826e-02 6.973002e-01 
6.482156e-02 6.971408e-01 
7.381045e-02 6.969792e-01 
8.278826e-02 6.968198e-01 
9.175893e-02 6.966643e-01 
1.007242e-01 6.965150e-01 
1.096844e-01 6.963734e-01 
1.186400e-01 6.962421e-01 
1.275894e-01 6.961223e-01 
1.365322e-01 6.960162e-01 
1.454670e-01 6.959252e-01 
1.543939e-01 6.958515e-01 
1.633107e-01 6.957963e-01 
1.722161e-01 6.957611e-01 
1.811086e-01 6.957473e-01 
1.899871e-01 6.957562e-01 
1.988498e-01 6.957893e-01 
2.076954e-01 6.958477e-01 
2.165221e-01 6.959326e-01 
2.253287e-01 6.960450e-01 
2.341131e-01 6.961863e-01 
2.428737e-01 6.963575e-01 
2.516088e-01 6.965597e-01 
2.603172e-01 6.967932e-01 
2.689967e-01 6.970594e-01 
2.776463e-01 6.973582e-01 
2.862646e-01 6.976906e-01 
2.948518e-01 6.980561e-01 
3.034034e-01 6.984565e-01 
3.103757e-01 6.988132e-01 
3.173223e-01 6.991987e-01 
3.242437e-01 6.996122e-01 
3.311404e-01 7.000537e-01 
3.380130e-01 7.005227e-01 
3.448630e-01 7.010188e-01 
3.516917e-01 7.015414e-01 
3.585008e-01 7.020902e-01 
3.652921e-01 7.026650e-01 
3.720671e-01 7.032654e-01 
3.788274e-01 7.038909e-01 
3.855747e-01 7.045413e-01 
3.923105e-01 7.052162e-01 
3.990365e-01 7.059154e-01 
4.057541e-01 7.066387e-01 
4.124650e-01 7.073863e-01 
0.000000e+00 7.050360e-01 
9.791040e-03 7.050618e-01 
1.925640e-02 7.050131e-01 
2.851594e-02 7.049183e-01 
3.766201e-02 7.047960e-01 
4.672821e-02 7.046561e-01 
5.575211e-02 7.045049e-01 
6.475074e-02 7.043480e-01 
7.373530e-02 7.041890e-01 
8.270904e-02 7.040321e-01 
9.167585e-02 7.038790e-01 
1.006374e-01 7.037318e-01 
1.095941e-01 7.035923e-01 
1.185463e-01 7.034626e-01 
1.274925e-01 7.033443e-01 
1.364323e-01 7.032393e-01 
1.453644e-01 7.031491e-01 
1.542887e-01 7.030756e-01 
1.632032e-01 7.030202e-01 
1.721068e-01 7.029844e-01 
1.809977e-01 7.029694e-01 
1.898750e-01 7.029766e-01 
1.987370e-01 7.030073e-01 
2.075823e-01 7.030628e-01 
2.164091e-01 7.031441e-01 
2.252165e-01 7.032522e-01 
2.340021e-01 7.033886e-01 
2.427646e-01 7.035542e-01 
2.515021e-01 7.037500e-01 
2.602138e-01 7.039765e-01 
2.688970e-01 7.042348e-01 
2.775513e-01 7.045252e-01 
2.861749e-01 7.048482e-01 
2.947682e-01 7.052037e-01 
3.033267e-01 7.055933e-01 
3.103054e-01 7.059406e-01 
3.172588e-01 7.063160e-01 
3.241877e-01 7.067188e-01 
3.310924e-01 7.071491e-01 
3.379736e-01 7.076063e-01 
3.448325e-01 7.080900e-01 
3.516707e-01 7.085996e-01 
3.584898e-01 7.091349e-01 
3.652914e-01 7.096957e-01 
3.720770e-01 7.102815e-01 
3.788483e-01 7.108920e-01 
3.856068e-01 7.115268e-01 
3.923541e-01 7.121857e-01 
3.990918e-01 7.128684e-01 
4.058213e-01 7.135748e-01 
4.125443e-01 7.143049e-01 
0.000000e+00 7.122302e-01 
9.769102e-03 7.122563e-01 
1.921972e-02 7.122088e-01 
2.846902e-02 7.121159e-01 
3.760728e-02 7.119958e-01 
4.666740e-02 7.118582e-01 
5.568617e-02 7.117095e-01 
6.468023e-02 7.115553e-01 
7.366057e-02 7.113988e-01 
8.263036e-02 7.112444e-01 
9.159340e-02 7.110936e-01 
1.005514e-01 7.109487e-01 
1.095046e-01 7.108111e-01 
1.184535e-01 7.106832e-01 
1.273966e-01 7.105664e-01 
1.363335e-01 7.104624e-01 
1.452629e-01 7.103730e-01 
1.541848e-01 7.102998e-01 
1.630972e-01 7.102443e-01 
1.719989e-01 7.102078e-01 
1.808884e-01 7.101917e-01 
1.897646e-01 7.101971e-01 
1.986259e-01 7.102256e-01 
2.074709e-01 7.102781e-01 
2.162979e-01 7.103559e-01 
2.251061e-01 7.104598e-01 
2.338930e-01 7.105913e-01 
2.426574e-01 7.107512e-01 
2.513974e-01 7.109408e-01 
2.601122e-01 7.111602e-01 
2.687994e-01 7.114107e-01 
2.774582e-01 7.116926e-01 
2.860872e-01 7.120063e-01 
2.946866e-01 7.123518e-01 
3.032521e-01 7.127307e-01 
3.102371e-01 7.130686e-01 
3.171974e-01 7.134339e-01 
3.241337e-01 7.138262e-01 
3.310464e-01 7.142453e-01 
3.379361e-01 7.146906e-01 
3.448040e-01 7.151620e-01 
3.516517e-01 7.156587e-01 
3.584806e-01 7.161806e-01 
3.652925e-01 7.167273e-01 
3.720888e-01 7.172987e-01 
3.788710e-01 7.178941e-01 
3.856407e-01 7.185135e-01 
3.923995e-01 7.191564e-01 
3.991488e-01 7.198226e-01 
4.058901e-01 7.205121e-01 
4.126251e-01 7.212248e-01 
0.000000e+00 7.194245e-01 
9.747067e-03 7.194507e-01 
1.918292e-02 7.194044e-01 
2.842202e-02 7.193134e-01 
3.755253e-02 7.191955e-01 
4.660668e-02 7.190603e-01 
5.562039e-02 7.189142e-01 
6.460999e-02 7.187625e-01 
7.358621e-02 7.186086e-01 
8.255213e-02 7.184567e-01 
9.151151e-02 7.183082e-01 
1.004660e-01 7.181655e-01 
1.094158e-01 7.180300e-01 
1.183615e-01 7.179038e-01 
1.273016e-01 7.177885e-01 
1.362357e-01 7.176856e-01 
1.451625e-01 7.175969e-01 
1.540821e-01 7.175241e-01 
1.629924e-01 7.174685e-01 
1.718924e-01 7.174314e-01 
1.807804e-01 7.174141e-01 
1.896556e-01 7.174178e-01 
1.985162e-01 7.174440e-01 
2.073610e-01 7.174936e-01 
2.161884e-01 7.175679e-01 
2.249973e-01 7.176676e-01 
2.337856e-01 7.177942e-01 
2.425519e-01 7.179486e-01 
2.512945e-01 7.181318e-01 
2.600125e-01 7.183442e-01 
2.687036e-01 7.185870e-01 
2.773671e-01 7.188604e-01 
2.860014e-01 7.191649e-01 
2.946069e-01 7.195004e-01 
3.031793e-01 7.198687e-01 
3.101706e-01 7.201971e-01 
3.171378e-01 7.205525e-01 
3.240815e-01 7.209342e-01 
3.310021e-01 7.213421e-01 
3.379003e-01 7.217757e-01 
3.447772e-01 7.222347e-01 
3.516343e-01 7.227185e-01 
3.584732e-01 7.232270e-01 
3.652952e-01 7.237598e-01 
3.721021e-01 7.243167e-01 
3.788952e-01 7.248972e-01 
3.856761e-01 7.255011e-01 
3.924463e-01 7.261280e-01 
3.992072e-01 7.267779e-01 
4.059604e-01 7.274504e-01 
4.127073e-01 7.281458e-01 
0.000000e+00 7.266187e-01 
9.724937e-03 7.266450e-01 
1.914602e-02 7.266000e-01 
2.837495e-02 7.265109e-01 
3.749778e-02 7.263951e-01 
4.654601e-02 7.262623e-01 
5.555477e-02 7.261187e-01 
6.453999e-02 7.259696e-01 
7.351217e-02 7.258183e-01 
8.247432e-02 7.256689e-01 
9.143012e-02 7.255228e-01 
1.003812e-01 7.253823e-01 
1.093278e-01 7.252488e-01 
1.182703e-01 7.251245e-01 
1.272075e-01 7.250106e-01 
1.361388e-01 7.249089e-01 
1.450632e-01 7.248210e-01 
1.539804e-01 7.247485e-01 
1.628888e-01 7.246927e-01 
1.717870e-01 7.246550e-01 
1.806737e-01 7.246366e-01 
1.895479e-01 7.246387e-01 
1.984080e-01 7.246626e-01 
2.072526e-01 7.247093e-01 
2.160803e-01 7.247801e-01 
2.248901e-01 7.248756e-01 
2.336798e-01 7.249973e-01 
2.424480e-01 7.251462e-01 
2.511932e-01 7.253231e-01 
2.599145e-01 7.255286e-01 
2.686094e-01 7.257637e-01 
2.772775e-01 7.260285e-01 
2.859172e-01 7.263239e-01 
2.945288e-01 7.266495e-01 
3.031082e-01 7.270071e-01 
3.101057e-01 7.273262e-01 
3.170798e-01 7.276716e-01 
3.240310e-01 7.280427e-01 
3.309595e-01 7.284394e-01 
3.378662e-01 7.288613e-01 
3.447521e-01 7.293081e-01 
3.516186e-01 7.297790e-01 
3.584673e-01 7.302741e-01 
3.652995e-01 7.307930e-01 
3.721170e-01 7.313355e-01 
3.789209e-01 7.319010e-01 
3.857130e-01 7.324895e-01 
3.924945e-01 7.331006e-01 
3.992671e-01 7.337340e-01 
4.060320e-01 7.343897e-01 
4.127907e-01 7.350678e-01 
0.000000e+00 7.338129e-01 
9.702710e-03 7.338394e-01 
1.910900e-02 7.337956e-01 
2.832779e-02 7.337082e-01 
3.744299e-02 7.335947e-01 
4.648538e-02 7.334643e-01 
5.548925e-02 7.333232e-01 
6.447017e-02 7.331767e-01 
7.343839e-02 7.330280e-01 
8.239685e-02 7.328810e-01 
9.134914e-02 7.327374e-01 
1.002969e-01 7.325991e-01 
1.092402e-01 7.324677e-01 
1.181798e-01 7.323451e-01 
1.271141e-01 7.322327e-01 
1.360427e-01 7.321322e-01 
1.449646e-01 7.320451e-01 
1.538797e-01 7.319729e-01 
1.627861e-01 7.319171e-01 
1.716827e-01 7.318788e-01 
1.805681e-01 7.318592e-01 
1.894414e-01 7.318597e-01 
1.983009e-01 7.318813e-01 
2.071455e-01 7.319252e-01 
2.159735e-01 7.319924e-01 
2.247841e-01 7.320838e-01 
2.335753e-01 7.322007e-01 
2.423455e-01 7.323440e-01 
2.510933e-01 7.325147e-01 
2.598178e-01 7.327132e-01 
2.685167e-01 7.329406e-01 
2.771894e-01 7.331970e-01 
2.858345e-01 7.334832e-01 
2.944522e-01 7.337989e-01 
3.030385e-01 7.341458e-01 
3.100423e-01 7.344556e-01 
3.170233e-01 7.347910e-01 
3.239819e-01 7.351516e-01 
3.309184e-01 7.355372e-01 
3.378335e-01 7.359474e-01 
3.447283e-01 7.363819e-01 
3.516042e-01 7.368401e-01 
3.584627e-01 7.373219e-01 
3.653052e-01 7.378269e-01 
3.721332e-01 7.383549e-01 
3.789479e-01 7.389056e-01 
3.857511e-01 7.394787e-01 
3.925440e-01 7.400739e-01 
3.993281e-01 7.406910e-01 
4.061047e-01 7.413299e-01 
4.128753e-01 7.419907e-01 
0.000000e+00 7.410072e-01 
9.680400e-03 7.410337e-01 
1.907188e-02 7.409911e-01 
2.828054e-02 7.409055e-01 
3.738816e-02 7.407941e-01 
4.642476e-02 7.406661e-01 
5.542381e-02 7.405276e-01 
6.440049e-02 7.403837e-01 
7.336482e-02 7.402376e-01 
8.231966e-02 7.400932e-01 
9.126852e-02 7.399520e-01 
1.002130e-01 7.398159e-01 
1.091532e-01 7.396865e-01 
1.180898e-01 7.395658e-01 
1.270212e-01 7.394549e-01 
1.359473e-01 7.393556e-01 
1.448668e-01 7.392692e-01 
1.537797e-01 7.391975e-01 
1.626842e-01 7.391415e-01 
1.715793e-01 7.391026e-01 
1.804634e-01 7.390820e-01 
1.893358e-01 7.390808e-01 
1.981949e-01 7.391002e-01 
2.070393e-01 7.391412e-01 
2.158678e-01 7.392050e-01 
2.246794e-01 7.392923e-01 
2.334719e-01 7.394043e-01 
2.422442e-01 7.395421e-01 
2.509946e-01 7.397066e-01 
2.597224e-01 7.398982e-01 
2.684252e-01 7.401178e-01 
2.771026e-01 7.403659e-01 
2.857531e-01 7.406429e-01 
2.943769e-01 7.409487e-01 
3.029701e-01 7.412850e-01 
3.099802e-01 7.415854e-01 
3.169680e-01 7.419109e-01 
3.239340e-01 7.422610e-01 
3.308784e-01 7.426355e-01 
3.378020e-01 7.430340e-01 
3.447058e-01 7.434563e-01 
3.515911e-01 7.439017e-01 
3.584594e-01 7.443701e-01 
3.653120e-01 7.448613e-01 
3.721505e-01 7.453750e-01 
3.789761e-01 7.459108e-01 
3.857903e-01 7.464685e-01 
3.925946e-01 7.470479e-01 
3.993901e-01 7.476487e-01 
4.061784e-01 7.482709e-01 
4.129609e-01 7.489145e-01 
0.000000e+00 7.482014e-01 
9.658031e-03 7.482279e-01 
1.903467e-02 7.481865e-01 
2.823322e-02 7.481028e-01 
3.733327e-02 7.479935e-01 
4.636414e-02 7.478679e-01 
5.535841e-02 7.477319e-01 
6.433091e-02 7.475906e-01 
7.329141e-02 7.474472e-01 
8.224268e-02 7.473053e-01 
9.118817e-02 7.471665e-01 
1.001294e-01 7.470328e-01 
1.090666e-01 7.469054e-01 
1.180002e-01 7.467865e-01 
1.269289e-01 7.466771e-01 
1.358524e-01 7.465790e-01 
1.447696e-01 7.464935e-01 
1.536804e-01 7.464221e-01 
1.625831e-01 7.463661e-01 
1.714766e-01 7.463267e-01 
1.803596e-01 7.463050e-01 
1.892311e-01 7.463021e-01 
1.980897e-01 7.463193e-01 
2.069341e-01 7.463575e-01 
2.157631e-01 7.464178e-01 
2.245755e-01 7.465010e-01 
2.333696e-01 7.466082e-01 
2.421439e-01 7.467405e-01 
2.508970e-01 7.468988e-01 
2.596280e-01 7.470834e-01 
2.683348e-01 7.472954e-01 
2.770168e-01 7.475350e-01 
2.856727e-01 7.478029e-01 
2.943026e-01 7.480989e-01 
3.029028e-01 7.484245e-01 
3.099192e-01 7.487156e-01 
3.169139e-01 7.490312e-01 
3.238873e-01 7.493707e-01 
3.308396e-01 7.497341e-01 
3.377716e-01 7.501210e-01 
3.446843e-01 7.505311e-01 
3.515790e-01 7.509637e-01 
3.584571e-01 7.514188e-01 
3.653199e-01 7.518962e-01 
3.721688e-01 7.523955e-01 
3.790052e-01 7.529165e-01 
3.858305e-01 7.534589e-01 
3.926460e-01 7.540225e-01 
3.994531e-01 7.546071e-01 
4.062531e-01 7.552125e-01 
4.130473e-01 7.558390e-01 
0.000000e+00 7.553957e-01 
9.635609e-03 7.554221e-01 
1.899739e-02 7.553818e-01 
2.818583e-02 7.552999e-01 
3.727834e-02 7.551928e-01 
4.630349e-02 7.550696e-01 
5.529303e-02 7.549362e-01 
6.426139e-02 7.547975e-01 
7.321810e-02 7.546567e-01 
8.216586e-02 7.545174e-01 
9.110802e-02 7.543811e-01 
1.000461e-01 7.542496e-01 
1.089802e-01 7.541244e-01 
1.179110e-01 7.540073e-01 
1.268370e-01 7.538995e-01 
1.357580e-01 7.538026e-01 
1.446729e-01 7.537179e-01 
1.535816e-01 7.536470e-01 
1.624825e-01 7.535909e-01 
1.713745e-01 7.535510e-01 
1.802563e-01 7.535282e-01 
1.891270e-01 7.535238e-01 
1.979852e-01 7.535388e-01 
2.068297e-01 7.535742e-01 
2.156591e-01 7.536310e-01 
2.244725e-01 7.537100e-01 
2.332680e-01 7.538125e-01 
2.420444e-01 7.539393e-01 
2.508001e-01 7.540914e-01 
2.595345e-01 7.542691e-01 
2.682453e-01 7.544734e-01 
2.769319e-01 7.547047e-01 
2.855932e-01 7.549634e-01 
2.942292e-01 7.552495e-01 
3.028364e-01 7.555645e-01 
3.098591e-01 7.558463e-01 
3.168606e-01 7.561519e-01 
3.238414e-01 7.564809e-01 
3.308017e-01 7.568333e-01 
3.377421e-01 7.572085e-01 
3.446637e-01 7.576063e-01 
3.515678e-01 7.580262e-01 
3.584556e-01 7.584681e-01 
3.653286e-01 7.589317e-01 
3.721880e-01 7.594167e-01 
3.790352e-01 7.599229e-01 
3.858715e-01 7.604500e-01 
3.926983e-01 7.609978e-01 
3.995169e-01 7.615662e-01 
4.063285e-01 7.621549e-01 
4.131344e-01 7.627643e-01 
0.000000e+00 7.625899e-01 
9.613130e-03 7.626163e-01 
1.896002e-02 7.625770e-01 
2.813834e-02 7.624970e-01 
3.722332e-02 7.623921e-01 
4.624278e-02 7.622713e-01 
5.522762e-02 7.621405e-01 
6.419188e-02 7.620044e-01 
7.314484e-02 7.618663e-01 
8.208912e-02 7.617296e-01 
9.102799e-02 7.615957e-01 
9.996290e-02 7.614666e-01 
1.088941e-01 7.613435e-01 
1.178220e-01 7.612283e-01 
1.267454e-01 7.611221e-01 
1.356639e-01 7.610264e-01 
1.445765e-01 7.609426e-01 
1.534832e-01 7.608721e-01 
1.623823e-01 7.608161e-01 
1.712729e-01 7.607756e-01 
1.801535e-01 7.607518e-01 
1.890234e-01 7.607458e-01 
1.978812e-01 7.607586e-01 
2.067257e-01 7.607912e-01 
2.155556e-01 7.608446e-01 
2.243700e-01 7.609196e-01 
2.331670e-01 7.610173e-01 
2.419455e-01 7.611387e-01 
2.507039e-01 7.612845e-01 
2.594415e-01 7.614553e-01 
2.681563e-01 7.616520e-01 
2.768477e-01 7.618748e-01 
2.855143e-01 7.621244e-01 
2.941565e-01 7.624006e-01 
3.027706e-01 7.627050e-01 
3.097996e-01 7.629774e-01 
3.168080e-01 7.632732e-01 
3.237962e-01 7.635917e-01 
3.307644e-01 7.639329e-01 
3.377133e-01 7.642965e-01 
3.446438e-01 7.646821e-01 
3.515572e-01 7.650893e-01 
3.584548e-01 7.655179e-01 
3.653379e-01 7.659677e-01 
3.722078e-01 7.664384e-01 
3.790658e-01 7.669298e-01 
3.859132e-01 7.674417e-01 
3.927513e-01 7.679738e-01 
3.995813e-01 7.685259e-01 
4.064045e-01 7.690981e-01 
4.132222e-01 7.696903e-01 
0.000000e+00 7.697842e-01 
9.590588e-03 7.698104e-01 
1.892256e-02 7.697722e-01 
2.809075e-02 7.696939e-01 
3.716820e-02 7.695912e-01 
4.618199e-02 7.694729e-01 
5.516215e-02 7.693447e-01 
6.412232e-02 7.692114e-01 
7.307156e-02 7.690760e-01 
8.201239e-02 7.689419e-01 
9.094800e-02 7.688105e-01 
9.987981e-02 7.686838e-01 
1.088080e-01 7.685628e-01 
1.177331e-01 7.684495e-01 
1.266539e-01 7.683449e-01 
1.355699e-01 7.682505e-01 
1.444803e-01 7.681676e-01 
1.533850e-01 7.680976e-01 
1.622824e-01 7.680416e-01 
1.711715e-01 7.680007e-01 
1.800510e-01 7.679759e-01 
1.889201e-01 7.679683e-01 
1.977775e-01 7.679789e-01 
2.066221e-01 7.680088e-01 
2.154525e-01 7.680589e-01 
2.242679e-01 7.681297e-01 
2.330664e-01 7.682227e-01 
2.418470e-01 7.683386e-01 
2.506081e-01 7.684783e-01 
2.593490e-01 7.686422e-01 
2.680678e-01 7.688312e-01 
2.767638e-01 7.690457e-01 
2.854359e-01 7.692861e-01 
2.940842e-01 7.695524e-01 
3.027053e-01 7.698461e-01 
3.097406e-01 7.701092e-01 
3.167559e-01 7.703950e-01 
3.237515e-01 7.707030e-01 
3.307276e-01 7.710331e-01 
3.376849e-01 7.713851e-01 
3.446244e-01 7.717585e-01 
3.515472e-01 7.721529e-01 
3.584545e-01 7.725683e-01 
3.653478e-01 7.730043e-01 
3.722282e-01 7.734608e-01 
3.790969e-01 7.739374e-01 
3.859553e-01 7.744340e-01 
3.928047e-01 7.749504e-01 
3.996461e-01 7.754864e-01 
4.064810e-01 7.760419e-01 
4.133104e-01 7.766171e-01 
0.000000e+00 7.769784e-01 
9.567977e-03 7.770044e-01 
1.888499e-02 7.769673e-01 
2.804303e-02 7.768909e-01 
3.711295e-02 7.767904e-01 
4.612107e-02 7.766745e-01 
5.509656e-02 7.765490e-01 
6.405267e-02 7.764184e-01 
7.299820e-02 7.762857e-01 
8.193560e-02 7.761543e-01 
9.086798e-02 7.760255e-01 
9.979670e-02 7.759011e-01 
1.087220e-01 7.757824e-01 
1.176443e-01 7.756710e-01 
1.265624e-01 7.755681e-01 
1.354760e-01 7.754751e-01 
1.443842e-01 7.753931e-01 
1.532869e-01 7.753236e-01 
1.621825e-01 7.752677e-01 
1.710702e-01 7.752263e-01 
1.799486e-01 7.752005e-01 
1.888170e-01 7.751914e-01 
1.976740e-01 7.752000e-01 
2.065186e-01 7.752271e-01 
2.153495e-01 7.752738e-01 
2.241659e-01 7.753407e-01 
2.329660e-01 7.754289e-01 
2.417486e-01 7.755394e-01 
2.505124e-01 7.756730e-01 
2.592567e-01 7.758299e-01 
2.679795e-01 7.760113e-01 
2.766802e-01 7.762174e-01 
2.853577e-01 7.764487e-01 
2.940122e-01 7.767051e-01 
3.026402e-01 7.769880e-01 
3.096819e-01 7.772417e-01 
3.167040e-01 7.775175e-01 
3.237070e-01 7.778150e-01 
3.306911e-01 7.781340e-01 
3.376569e-01 7.784743e-01 
3.446052e-01 7.788355e-01 
3.515374e-01 7.792172e-01 
3.584546e-01 7.796193e-01 
3.653580e-01 7.800416e-01 
3.722489e-01 7.804838e-01 
3.791284e-01 7.809457e-01 
3.859978e-01 7.814271e-01 
3.928584e-01 7.819278e-01 
3.997114e-01 7.824476e-01 
4.065578e-01 7.829866e-01 
4.133990e-01 7.835447e-01 
0.000000e+00 7.841727e-01 
9.545292e-03 7.841984e-01 
1.884730e-02 7.841623e-01 
2.799517e-02 7.840877e-01 
3.705755e-02 7.839895e-01 
4.606000e-02 7.838762e-01 
5.503082e-02 7.837533e-01 
6.398288e-02 7.836255e-01 
7.292471e-02 7.834956e-01 
8.185868e-02 7.833669e-01 
9.078783e-02 7.832408e-01 
9.971347e-02 7.831189e-01 
1.086358e-01 7.830024e-01 
1.175553e-01 7.828930e-01 
1.264708e-01 7.827918e-01 
1.353821e-01 7.827002e-01 
1.442880e-01 7.826192e-01 
1.531887e-01 7.825503e-01 
1.620826e-01 7.824944e-01 
1.709688e-01 7.824527e-01 
1.798462e-01 7.824260e-01 
1.887138e-01 7.824154e-01 
1.975705e-01 7.824219e-01 
2.064151e-01 7.824464e-01 
2.152465e-01 7.824898e-01 
2.240639e-01 7.825526e-01 
2.328655e-01 7.826362e-01 
2.416502e-01 7.827413e-01 
2.504167e-01 7.828687e-01 
2.591643e-01 7.830188e-01 
2.678911e-01 7.831926e-01 
2.765965e-01 7.833902e-01 
2.852795e-01 7.836124e-01 
2.939401e-01 7.838588e-01 
3.025751e-01 7.841310e-01 
3.096231e-01 7.843753e-01 
3.166521e-01 7.846411e-01 
3.236626e-01 7.849279e-01 
3.306546e-01 7.852358e-01 
3.376289e-01 7.855644e-01 
3.445862e-01 7.859134e-01 
3.515277e-01 7.862824e-01 
3.584547e-01 7.866712e-01 
3.653683e-01 7.870797e-01 
3.722697e-01 7.875077e-01 
3.791600e-01 7.879549e-01 
3.860405e-01 7.884211e-01 
3.929124e-01 7.889061e-01 
3.997768e-01 7.894098e-01 
4.066349e-01 7.899322e-01 
4.134878e-01 7.904733e-01 
0.000000e+00 7.913669e-01 
9.522528e-03 7.913923e-01 
1.880948e-02 7.913573e-01 
2.794715e-02 7.912845e-01 
3.700197e-02 7.911886e-01 
4.599873e-02 7.910778e-01 
5.496488e-02 7.909577e-01 
6.391288e-02 7.908328e-01 
7.285101e-02 7.907058e-01 
8.178155e-02 7.905799e-01 
9.070747e-02 7.904564e-01 
9.963003e-02 7.903370e-01 
1.085495e-01 7.902229e-01 
1.174662e-01 7.901156e-01 
1.263791e-01 7.900162e-01 
1.352879e-01 7.899260e-01 
1.441916e-01 7.898461e-01 
1.530903e-01 7.897778e-01 
1.619825e-01 7.897221e-01 
1.708673e-01 7.896800e-01 
1.797435e-01 7.896525e-01 
1.886104e-01 7.896405e-01 
1.974666e-01 7.896450e-01 
2.063113e-01 7.896668e-01 
2.151433e-01 7.897069e-01 
2.239616e-01 7.897659e-01 
2.327647e-01 7.898448e-01 
2.415516e-01 7.899445e-01 
2.503208e-01 7.900659e-01 
2.590717e-01 7.902091e-01 
2.678024e-01 7.903752e-01 
2.765126e-01 7.905645e-01 
2.852010e-01 7.907774e-01 
2.938678e-01 7.910139e-01 
3.025098e-01 7.912753e-01 
3.095642e-01 7.915101e-01 
3.166001e-01 7.917658e-01 
3.236180e-01 7.920421e-01 
3.306180e-01 7.923389e-01 
3.376007e-01 7.926557e-01 
3.445670e-01 7.929925e-01 
3.515180e-01 7.933487e-01 
3.584548e-01 7.937243e-01 
3.653786e-01 7.941191e-01 
3.722905e-01 7.945328e-01 
3.791916e-01 7.949652e-01 
3.860832e-01 7.954162e-01 
3.929664e-01 7.958855e-01 
3.998423e-01 7.963731e-01 
4.067120e-01 7.968789e-01 
4.135767e-01 7.974030e-01 
0.000000e+00 7.985612e-01 
9.499680e-03 7.985862e-01 
1.877152e-02 7.985522e-01 
2.789895e-02 7.984813e-01 
3.694618e-02 7.983877e-01 
4.593724e-02 7.982796e-01 
5.489870e-02 7.981623e-01 
6.384262e-02 7.980403e-01 
7.277703e-02 7.979162e-01 
8.170414e-02 7.977932e-01 
9.062682e-02 7.976725e-01 
9.954630e-02 7.975557e-01 
1.084628e-01 7.974440e-01 
1.173767e-01 7.973389e-01 
1.262870e-01 7.972413e-01 
1.351933e-01 7.971526e-01 
1.440949e-01 7.970739e-01 
1.529916e-01 7.970063e-01 
1.618820e-01 7.969509e-01 
1.707654e-01 7.969085e-01 
1.796404e-01 7.968802e-01 
1.885065e-01 7.968669e-01 
1.973624e-01 7.968694e-01 
2.062072e-01 7.968887e-01 
2.150396e-01 7.969256e-01 
2.238589e-01 7.969806e-01 
2.326635e-01 7.970550e-01 
2.414524e-01 7.971494e-01 
2.502243e-01 7.972646e-01 
2.589785e-01 7.974011e-01 
2.677133e-01 7.975596e-01 
2.764281e-01 7.977405e-01 
2.851220e-01 7.979442e-01 
2.937950e-01 7.981707e-01 
3.024440e-01 7.984213e-01 
3.095047e-01 7.986466e-01 
3.165476e-01 7.988923e-01 
3.235729e-01 7.991579e-01 
3.305810e-01 7.994435e-01 
3.375722e-01 7.997487e-01 
3.445475e-01 8.000732e-01 
3.515079e-01 8.004166e-01 
3.584546e-01 8.007790e-01 
3.653886e-01 8.011599e-01 
3.723110e-01 8.015594e-01 
3.792230e-01 8.019770e-01 
3.861257e-01 8.024128e-01 
3.930202e-01 8.028665e-01 
3.999077e-01 8.033379e-01 
4.067891e-01 8.038271e-01 
4.136656e-01 8.043342e-01 
0.000000e+00 8.057554e-01 
9.476744e-03 8.057800e-01 
1.873340e-02 8.057471e-01 
2.785054e-02 8.056780e-01 
3.689014e-02 8.055868e-01 
4.587548e-02 8.054814e-01 
5.483222e-02 8.053671e-01 
6.377203e-02 8.052481e-01 
7.270271e-02 8.051271e-01 
8.162637e-02 8.050070e-01 
9.054579e-02 8.048892e-01 
9.946217e-02 8.047751e-01 
1.083757e-01 8.046659e-01 
1.172868e-01 8.045630e-01 
1.261945e-01 8.044674e-01 
1.350984e-01 8.043803e-01 
1.439977e-01 8.043028e-01 
1.528924e-01 8.042360e-01 
1.617810e-01 8.041809e-01 
1.706629e-01 8.041384e-01 
1.795368e-01 8.041094e-01 
1.884021e-01 8.040948e-01 
1.972576e-01 8.040954e-01 
2.061024e-01 8.041122e-01 
2.149352e-01 8.041460e-01 
2.237555e-01 8.041972e-01 
2.325617e-01 8.042670e-01 
2.413526e-01 8.043562e-01 
2.501272e-01 8.044655e-01 
2.588847e-01 8.045951e-01 
2.676235e-01 8.047461e-01 
2.763430e-01 8.049186e-01 
2.850423e-01 8.051132e-01 
2.937214e-01 8.053297e-01 
3.023775e-01 8.055695e-01 
3.094446e-01 8.057853e-01 
3.164944e-01 8.060209e-01 
3.235273e-01 8.062759e-01 
3.305433e-01 8.065502e-01 
3.375431e-01 8.068436e-01 
3.445274e-01 8.071559e-01 
3.514973e-01 8.074866e-01 
3.584539e-01 8.078356e-01 
3.653981e-01 8.082027e-01 
3.723312e-01 8.085879e-01 
3.792541e-01 8.089908e-01 
3.861679e-01 8.094113e-01 
3.930738e-01 8.098493e-01 
3.999728e-01 8.103046e-01 
4.068660e-01 8.107772e-01 
4.137543e-01 8.112671e-01 
0.000000e+00 8.129496e-01 
9.453716e-03 8.129737e-01 
1.869512e-02 8.129419e-01 
2.780191e-02 8.128748e-01 
3.683384e-02 8.127861e-01 
4.581340e-02 8.126835e-01 
5.476539e-02 8.125722e-01 
6.370108e-02 8.124563e-01 
7.262799e-02 8.123384e-01 
8.154816e-02 8.122214e-01 
9.046429e-02 8.121066e-01 
9.937754e-02 8.119953e-01 
1.082881e-01 8.118887e-01 
1.171964e-01 8.117882e-01 
1.261014e-01 8.116947e-01 
1.350028e-01 8.116093e-01 
1.438998e-01 8.115331e-01 
1.527925e-01 8.114672e-01 
1.616793e-01 8.114125e-01 
1.705597e-01 8.113700e-01 
1.794324e-01 8.113404e-01 
1.882969e-01 8.113246e-01 
1.971520e-01 8.113235e-01 
2.059967e-01 8.113379e-01 
2.148300e-01 8.113685e-01 
2.236513e-01 8.114160e-01 
2.324589e-01 8.114815e-01 
2.412519e-01 8.115654e-01 
2.500290e-01 8.116688e-01 
2.587899e-01 8.117917e-01 
2.675326e-01 8.119352e-01 
2.762569e-01 8.120993e-01 
2.849616e-01 8.122848e-01 
2.936469e-01 8.124913e-01 
3.023100e-01 8.127203e-01 
3.093836e-01 8.129266e-01 
3.164403e-01 8.131521e-01 
3.234807e-01 8.133964e-01 
3.305048e-01 8.136595e-01 
3.375132e-01 8.139412e-01 
3.445066e-01 8.142411e-01 
3.514860e-01 8.145590e-01 
3.584525e-01 8.148946e-01 
3.654071e-01 8.152480e-01 
3.723508e-01 8.156188e-01 
3.792846e-01 8.160069e-01 
3.862097e-01 8.164122e-01 
3.931270e-01 8.168344e-01 
4.000376e-01 8.172734e-01 
4.069425e-01 8.177293e-01 
4.138428e-01 8.182021e-01 
0.000000e+00 8.201439e-01 
9.430597e-03 8.201675e-01 
1.865668e-02 8.201366e-01 
2.775305e-02 8.200716e-01 
3.677725e-02 8.199854e-01 
4.575099e-02 8.198857e-01 
5.469818e-02 8.197776e-01 
6.362968e-02 8.196649e-01 
7.255278e-02 8.195504e-01 
8.146944e-02 8.194366e-01 
9.038225e-02 8.193248e-01 
9.929233e-02 8.192165e-01 
1.081999e-01 8.191126e-01 
1.171053e-01 8.190146e-01 
1.260076e-01 8.189233e-01 
1.349065e-01 8.188397e-01 
1.438012e-01 8.187650e-01 
1.526918e-01 8.187002e-01 
1.615768e-01 8.186460e-01 
1.704556e-01 8.186035e-01 
1.793272e-01 8.185734e-01 
1.881908e-01 8.185565e-01 
1.970454e-01 8.185538e-01 
2.058901e-01 8.185659e-01 
2.147238e-01 8.185936e-01 
2.235459e-01 8.186375e-01 
2.323550e-01 8.186985e-01 
2.411500e-01 8.187774e-01 
2.499298e-01 8.188749e-01 
2.586939e-01 8.189912e-01 
2.674406e-01 8.191272e-01 
2.761695e-01 8.192831e-01 
2.848796e-01 8.194594e-01 
2.935712e-01 8.196561e-01 
3.022413e-01 8.198742e-01 
3.093213e-01 8.200710e-01 
3.163850e-01 8.202864e-01 
3.234330e-01 8.205200e-01 
3.304652e-01 8.207719e-01 
3.374822e-01 8.210418e-01 
3.444847e-01 8.213294e-01 
3.514737e-01 8.216344e-01 
3.584502e-01 8.219567e-01 
3.654152e-01 8.222962e-01 
3.723696e-01 8.226527e-01 
3.793144e-01 8.230259e-01 
3.862507e-01 8.234158e-01 
3.931796e-01 8.238222e-01 
4.001019e-01 8.242450e-01 
4.070186e-01 8.246841e-01 
4.139309e-01 8.251397e-01 
0.000000e+00 8.273381e-01 
9.407380e-03 8.273611e-01 
1.861805e-02 8.273314e-01 
2.770394e-02 8.272685e-01 
3.672034e-02 8.271850e-01 
4.568820e-02 8.270883e-01 
5.463053e-02 8.269834e-01 
6.355780e-02 8.268741e-01 
7.247704e-02 8.267630e-01 
8.139012e-02 8.266526e-01 
9.029956e-02 8.265440e-01 
9.920644e-02 8.264388e-01 
1.081110e-01 8.263378e-01 
1.170134e-01 8.262424e-01 
1.259130e-01 8.261534e-01 
1.348093e-01 8.260719e-01 
1.437017e-01 8.259988e-01 
1.525901e-01 8.259351e-01 
1.614733e-01 8.258816e-01 
1.703506e-01 8.258393e-01 
1.792208e-01 8.258088e-01 
1.880836e-01 8.257910e-01 
1.969376e-01 8.257867e-01 
2.057822e-01 8.257967e-01 
2.146163e-01 8.258216e-01 
2.234393e-01 8.258619e-01 
2.322497e-01 8.259187e-01 
2.410467e-01 8.259926e-01 
2.498291e-01 8.260843e-01 
2.585964e-01 8.261941e-01 
2.673471e-01 8.263227e-01 
2.760806e-01 8.264704e-01 
2.847962e-01 8.266377e-01 
2.934940e-01 8.268244e-01 
3.021712e-01 8.270318e-01 
3.092576e-01 8.272191e-01 
3.163283e-01 8.274244e-01 
3.233839e-01 8.276474e-01 
3.304242e-01 8.278880e-01 
3.374499e-01 8.281460e-01 
3.444616e-01 8.284213e-01 
3.514603e-01 8.287134e-01 
3.584468e-01 8.290224e-01 
3.654222e-01 8.293479e-01 
3.723874e-01 8.296900e-01 
3.793433e-01 8.300483e-01 
3.862910e-01 8.304228e-01 
3.932314e-01 8.308133e-01 
4.001655e-01 8.312197e-01 
4.070942e-01 8.316420e-01 
4.140185e-01 8.320801e-01 
0.000000e+00 8.345324e-01 
9.384069e-03 8.345548e-01 
1.857924e-02 8.345262e-01 
2.765456e-02 8.344654e-01 
3.666309e-02 8.343847e-01 
4.562500e-02 8.342912e-01 
5.456240e-02 8.341897e-01 
6.348538e-02 8.340840e-01 
7.240069e-02 8.339764e-01 
8.131014e-02 8.338695e-01 
9.021616e-02 8.337644e-01 
9.911977e-02 8.336624e-01 
1.080212e-01 8.335645e-01 
1.169207e-01 8.334719e-01 
1.258174e-01 8.333854e-01 
1.347112e-01 8.333060e-01 
1.436012e-01 8.332346e-01 
1.524874e-01 8.331722e-01 
1.613687e-01 8.331196e-01 
1.702443e-01 8.330776e-01 
1.791133e-01 8.330469e-01 
1.879750e-01 8.330283e-01 
1.968285e-01 8.330227e-01 
2.056730e-01 8.330306e-01 
2.145074e-01 8.330528e-01 
2.233312e-01 8.330897e-01 
2.321429e-01 8.331424e-01 
2.409418e-01 8.332115e-01 
2.497268e-01 8.332975e-01 
2.584973e-01 8.334008e-01 
2.672518e-01 8.335221e-01 
2.759900e-01 8.336617e-01 
2.847110e-01 8.338200e-01 
2.934150e-01 8.339969e-01 
3.020992e-01 8.341936e-01 
3.091921e-01 8.343714e-01 
3.162699e-01 8.345666e-01 
3.233331e-01 8.347789e-01 
3.303816e-01 8.350083e-01 
3.374161e-01 8.352545e-01 
3.444370e-01 8.355174e-01 
3.514454e-01 8.357966e-01 
3.584421e-01 8.360921e-01 
3.654280e-01 8.364037e-01 
3.724040e-01 8.367313e-01 
3.793711e-01 8.370746e-01 
3.863303e-01 8.374336e-01 
3.932823e-01 8.378081e-01 
4.002283e-01 8.381980e-01 
4.071690e-01 8.386033e-01 
4.141055e-01 8.390239e-01 
0.000000e+00 8.417266e-01 
9.360655e-03 8.417484e-01 
1.854023e-02 8.417210e-01 
2.760489e-02 8.416625e-01 
3.660547e-02 8.415847e-01 
4.556134e-02 8.414945e-01 
5.449375e-02 8.413966e-01 
6.341236e-02 8.412946e-01 
7.232367e-02 8.411908e-01 
8.122942e-02 8.410876e-01 
9.013194e-02 8.409861e-01 
9.903222e-02 8.408875e-01 
1.079304e-01 8.407928e-01 
1.168269e-01 8.407032e-01 
1.257208e-01 8.406193e-01 
1.346119e-01 8.405423e-01 
1.434994e-01 8.404728e-01 
1.523834e-01 8.404119e-01 
1.612627e-01 8.403603e-01 
1.701366e-01 8.403188e-01 
1.790042e-01 8.402881e-01 
1.878650e-01 8.402689e-01 
1.967178e-01 8.402620e-01 
2.055621e-01 8.402680e-01 
2.143967e-01 8.402876e-01 
2.232213e-01 8.403214e-01 
2.320343e-01 8.403701e-01 
2.408351e-01 8.404344e-01 
2.496225e-01 8.405149e-01 
2.583962e-01 8.406118e-01 
2.671546e-01 8.407260e-01 
2.758974e-01 8.408576e-01 
2.846237e-01 8.410069e-01 
2.933339e-01 8.411741e-01 
3.020252e-01 8.413600e-01 
3.091246e-01 8.415284e-01 
3.162096e-01 8.417135e-01 
3.232804e-01 8.419151e-01 
3.303373e-01 8.421332e-01 
3.373805e-01 8.423676e-01 
3.444108e-01 8.426180e-01 
3.514289e-01 8.428843e-01 
3.584358e-01 8.431663e-01 
3.654323e-01 8.434639e-01 
3.724194e-01 8.437769e-01 
3.793978e-01 8.441052e-01 
3.863684e-01 8.444486e-01 
3.933323e-01 8.448069e-01 
4.002902e-01 8.451802e-01 
4.072431e-01 8.455683e-01 
4.141919e-01 8.459713e-01 
0.000000e+00 8.489209e-01 
9.337143e-03 8.489420e-01 
1.850102e-02 8.489158e-01 
2.755492e-02 8.488596e-01 
3.654745e-02 8.487849e-01 
4.549720e-02 8.486982e-01 
5.442452e-02 8.486041e-01 
6.333867e-02 8.485060e-01 
7.224590e-02 8.484061e-01 
8.114788e-02 8.483068e-01 
9.004684e-02 8.482091e-01 
9.894372e-02 8.481141e-01 
1.078387e-01 8.480228e-01 
1.167321e-01 8.479364e-01 
1.256230e-01 8.478554e-01 
1.345114e-01 8.477808e-01 
1.433964e-01 8.477135e-01 
1.522781e-01 8.476542e-01 
1.611553e-01 8.476038e-01 
1.700275e-01 8.475630e-01 
1.788937e-01 8.475324e-01 
1.877533e-01 8.475127e-01 
1.966055e-01 8.475048e-01 
2.054495e-01 8.475091e-01 
2.142843e-01 8.475263e-01 
2.231095e-01 8.475570e-01 
2.319238e-01 8.476019e-01 
2.407264e-01 8.476616e-01 
2.495162e-01 8.477367e-01 
2.582930e-01 8.478275e-01 
2.670551e-01 8.479345e-01 
2.758025e-01 8.480582e-01 
2.845342e-01 8.481987e-01 
2.932505e-01 8.483562e-01 
3.019488e-01 8.485315e-01 
3.090548e-01 8.486905e-01 
3.161469e-01 8.488656e-01 
3.232256e-01 8.490566e-01 
3.302907e-01 8.492634e-01 
3.373429e-01 8.494859e-01 
3.443825e-01 8.497239e-01 
3.514106e-01 8.499772e-01 
3.584278e-01 8.502456e-01 
3.654351e-01 8.505291e-01 
3.724332e-01 8.508275e-01 
3.794229e-01 8.511405e-01 
3.864053e-01 8.514682e-01 
3.933811e-01 8.518103e-01 
4.003511e-01 8.521668e-01 
4.073163e-01 8.525376e-01 
4.142775e-01 8.529228e-01 
0.000000e+00 8.561151e-01 
9.313526e-03 8.561355e-01 
1.846160e-02 8.561105e-01 
2.750463e-02 8.560569e-01 
3.648900e-02 8.559853e-01 
4.543253e-02 8.559024e-01 
5.435466e-02 8.558122e-01 
6.326427e-02 8.557182e-01 
7.216732e-02 8.556225e-01 
8.106545e-02 8.555273e-01 
8.996076e-02 8.554335e-01 
9.885417e-02 8.553424e-01 
1.077459e-01 8.552547e-01 
1.166361e-01 8.551716e-01 
1.255240e-01 8.550937e-01 
1.344096e-01 8.550218e-01 
1.432920e-01 8.549568e-01 
1.521713e-01 8.548994e-01 
1.610464e-01 8.548503e-01 
1.699168e-01 8.548104e-01 
1.787814e-01 8.547801e-01 
1.876399e-01 8.547602e-01 
1.964913e-01 8.547513e-01 
2.053350e-01 8.547541e-01 
2.141699e-01 8.547691e-01 
2.229957e-01 8.547969e-01 
2.318112e-01 8.548381e-01 
2.406155e-01 8.548934e-01 
2.494077e-01 8.549632e-01 
2.581874e-01 8.550479e-01 
2.669533e-01 8.551481e-01 
2.757052e-01 8.552639e-01 
2.844421e-01 8.553958e-01 
2.931645e-01 8.555437e-01 
3.018699e-01 8.557085e-01 
3.089825e-01 8.558581e-01 
3.160818e-01 8.560233e-01 
3.231683e-01 8.562036e-01 
3.302418e-01 8.563992e-01 
3.373030e-01 8.566098e-01 
3.443522e-01 8.568353e-01 
3.513902e-01 8.570755e-01 
3.584179e-01 8.573304e-01 
3.654359e-01 8.575996e-01 
3.724452e-01 8.578833e-01 
3.794466e-01 8.581810e-01 
3.864407e-01 8.584928e-01 
3.934286e-01 8.588185e-01 
4.004109e-01 8.591580e-01 
4.073885e-01 8.595113e-01 
4.143623e-01 8.598784e-01 
0.000000e+00 8.633094e-01 
9.289813e-03 8.633289e-01 
1.842197e-02 8.633053e-01 
2.745401e-02 8.632543e-01 
3.643011e-02 8.631861e-01 
4.536731e-02 8.631069e-01 
5.428414e-02 8.630209e-01 
6.318909e-02 8.629312e-01 
7.208788e-02 8.628399e-01 
8.098207e-02 8.627490e-01 
8.987367e-02 8.626594e-01 
9.876354e-02 8.625723e-01 
1.076518e-01 8.624885e-01 
1.165388e-01 8.624089e-01 
1.254237e-01 8.623342e-01 
1.343064e-01 8.622652e-01 
1.431862e-01 8.622027e-01 
1.520630e-01 8.621474e-01 
1.609360e-01 8.620999e-01 
1.698044e-01 8.620610e-01 
1.786675e-01 8.620312e-01 
1.875247e-01 8.620112e-01 
1.963753e-01 8.620016e-01 
2.052185e-01 8.620031e-01 
2.140535e-01 8.620161e-01 
2.228798e-01 8.620411e-01 
2.316963e-01 8.620788e-01 
2.405023e-01 8.621298e-01 
2.492967e-01 8.621946e-01 
2.580794e-01 8.622734e-01 
2.668489e-01 8.623667e-01 
2.756052e-01 8.624749e-01 
2.843474e-01 8.625982e-01 
2.930758e-01 8.627366e-01 
3.017881e-01 8.628911e-01 
3.089073e-01 8.630316e-01 
3.160139e-01 8.631868e-01 
3.231082e-01 8.633566e-01 
3.301903e-01 8.635409e-01 
3.372605e-01 8.637396e-01 
3.443194e-01 8.639527e-01 
3.513675e-01 8.641798e-01 
3.584058e-01 8.644209e-01 
3.654348e-01 8.646759e-01 
3.724555e-01 8.649446e-01 
3.794684e-01 8.652269e-01 
3.864746e-01 8.655227e-01 
3.934746e-01 8.658318e-01 
4.004694e-01 8.661541e-01 
4.074596e-01 8.664897e-01 
4.144462e-01 8.668384e-01 
0.000000e+00 8.705036e-01 
9.265996e-03 8.705223e-01 
1.838212e-02 8.705000e-01 
2.740304e-02 8.704517e-01 
3.637075e-02 8.703870e-01 
4.530149e-02 8.703120e-01 
5.421291e-02 8.702304e-01 
6.311310e-02 8.701452e-01 
7.200753e-02 8.700585e-01 
8.089769e-02 8.699720e-01 
8.978548e-02 8.698869e-01 
9.867173e-02 8.698040e-01 
1.075566e-01 8.697242e-01 
1.164402e-01 8.696484e-01 
1.253220e-01 8.695772e-01 
1.342018e-01 8.695113e-01 
1.430788e-01 8.694514e-01 
1.519532e-01 8.693984e-01 
1.608238e-01 8.693527e-01 
1.696902e-01 8.693150e-01 
1.785517e-01 8.692859e-01 
1.874076e-01 8.692660e-01 
1.962572e-01 8.692560e-01 
2.050999e-01 8.692562e-01 
2.139349e-01 8.692674e-01 
2.227617e-01 8.692898e-01 
2.315791e-01 8.693242e-01 
2.403866e-01 8.693711e-01 
2.491832e-01 8.694310e-01 
2.579687e-01 8.695039e-01 
2.667418e-01 8.695907e-01 
2.755023e-01 8.696913e-01 
2.842496e-01 8.698062e-01 
2.929839e-01 8.699353e-01 
3.017032e-01 8.700795e-01 
3.088291e-01 8.702108e-01 
3.159431e-01 8.703562e-01 
3.230454e-01 8.705154e-01 
3.301361e-01 8.706885e-01 
3.372156e-01 8.708754e-01 
3.442841e-01 8.710759e-01 
3.513426e-01 8.712899e-01 
3.583915e-01 8.715172e-01 
3.654317e-01 8.717578e-01 
3.724638e-01 8.720116e-01 
3.794886e-01 8.722783e-01 
3.865068e-01 8.725578e-01 
3.935193e-01 8.728501e-01 
4.005266e-01 8.731551e-01 
4.075297e-01 8.734726e-01 
4.145291e-01 8.738028e-01 
0.000000e+00 8.776978e-01 
9.242092e-03 8.777155e-01 
1.834206e-02 8.776946e-01 
2.735173e-02 8.776492e-01 
3.631090e-02 8.775883e-01 
4.523506e-02 8.775175e-01 
5.414095e-02 8.774405e-01 
6.303627e-02 8.773600e-01 
7.192623e-02 8.772781e-01 
8.081227e-02 8.771964e-01 
8.969619e-02 8.771159e-01 
9.857874e-02 8.770374e-01 
1.074601e-01 8.769619e-01 
1.163404e-01 8.768900e-01 
1.252190e-01 8.768224e-01 
1.340957e-01 8.767598e-01 
1.429700e-01 8.767029e-01 
1.518417e-01 8.766523e-01 
1.607100e-01 8.766085e-01 
1.695744e-01 8.765723e-01 
1.784340e-01 8.765441e-01 
1.872886e-01 8.765245e-01 
1.961372e-01 8.765141e-01 
2.049793e-01 8.765133e-01 
2.138142e-01 8.765228e-01 
2.226413e-01 8.765429e-01 
2.314596e-01 8.765741e-01 
2.402686e-01 8.766171e-01 
2.490672e-01 8.766721e-01 
2.578554e-01 8.767395e-01 
2.666319e-01 8.768198e-01 
2.753966e-01 8.769130e-01 
2.841488e-01 8.770196e-01 
2.928890e-01 8.771396e-01 
3.016150e-01 8.772737e-01 
3.087476e-01 8.773960e-01 
3.158691e-01 8.775316e-01 
3.229795e-01 8.776804e-01 
3.300790e-01 8.778423e-01 
3.371678e-01 8.780173e-01 
3.442463e-01 8.782053e-01 
3.513151e-01 8.784060e-01 
3.583749e-01 8.786195e-01 
3.654263e-01 8.788456e-01 
3.724701e-01 8.790842e-01 
3.795069e-01 8.793352e-01 
3.865374e-01 8.795983e-01 
3.935624e-01 8.798736e-01 
4.005826e-01 8.801609e-01 
4.075986e-01 8.804602e-01 
4.146112e-01 8.807715e-01 
0.000000e+00 8.848921e-01 
9.218110e-03 8.849086e-01 
1.830179e-02 8.848892e-01 
2.730007e-02 8.848468e-01 
3.625057e-02 8.847898e-01 
4.516801e-02 8.847235e-01 
5.406824e-02 8.846512e-01 
6.295858e-02 8.845758e-01 
7.184397e-02 8.844989e-01 
8.072581e-02 8.844221e-01 
8.960576e-02 8.843464e-01 
9.848456e-02 8.842726e-01 
1.073623e-01 8.842015e-01 
1.162392e-01 8.841337e-01 
1.251145e-01 8.840700e-01 
1.339882e-01 8.840109e-01 
1.428595e-01 8.839570e-01 
1.517286e-01 8.839090e-01 
1.605945e-01 8.838674e-01 
1.694567e-01 8.838328e-01 
1.783146e-01 8.838057e-01 
1.871677e-01 8.837866e-01 
1.960152e-01 8.837760e-01 
2.048567e-01 8.837744e-01 
2.136913e-01 8.837824e-01 
2.225187e-01 8.838002e-01 
2.313378e-01 8.838285e-01 
2.401480e-01 8.838676e-01 
2.489486e-01 8.839181e-01 
2.577393e-01 8.839800e-01 
2.665191e-01 8.840539e-01 
2.752878e-01 8.841399e-01 
2.840448e-01 8.842384e-01 
2.927906e-01 8.843494e-01 
3.015232e-01 8.844735e-01 
3.086629e-01 8.845869e-01 
3.157918e-01 8.847128e-01 
3.229106e-01 8.848511e-01 
3.300189e-01 8.850019e-01 
3.371172e-01 8.851650e-01 
3.442058e-01 8.853404e-01 
3.512852e-01 8.855280e-01 
3.583560e-01 8.857275e-01 
3.654188e-01 8.859390e-01 
3.724744e-01 8.861624e-01 
3.795234e-01 8.863974e-01 
3.865663e-01 8.866440e-01 
3.936041e-01 8.869020e-01 
4.006372e-01 8.871714e-01 
4.076664e-01 8.874522e-01 
4.146924e-01 8.877442e-01 
0.000000e+00 8.920863e-01 
9.194053e-03 8.921018e-01 
1.826132e-02 8.920838e-01 
2.724805e-02 8.920446e-01 
3.618973e-02 8.919917e-01 
4.510032e-02 8.919300e-01 
5.399477e-02 8.918628e-01 
6.288003e-02 8.917925e-01 
7.176076e-02 8.917208e-01 
8.063831e-02 8.916491e-01 
8.951424e-02 8.915784e-01 
9.838920e-02 8.915095e-01 
1.072633e-01 8.914429e-01 
1.161367e-01 8.913795e-01 
1.250087e-01 8.913198e-01 
1.338792e-01 8.912643e-01 
1.427477e-01 8.912137e-01 
1.516140e-01 8.911685e-01 
1.604774e-01 8.911293e-01 
1.693374e-01 8.910964e-01 
1.781934e-01 8.910705e-01 
1.870450e-01 8.910520e-01 
1.958914e-01 8.910415e-01 
2.047321e-01 8.910392e-01 
2.135664e-01 8.910458e-01 
2.223939e-01 8.910616e-01 
2.312137e-01 8.910870e-01 
2.400252e-01 8.911225e-01 
2.488275e-01 8.911685e-01 
2.576206e-01 8.912251e-01 
2.664035e-01 8.912928e-01 
2.751759e-01 8.913717e-01 
2.839376e-01 8.914622e-01 
2.926889e-01 8.915643e-01 
3.014278e-01 8.916786e-01 
3.085745e-01 8.917832e-01 
3.157113e-01 8.918995e-01 
3.228384e-01 8.920274e-01 
3.299559e-01 8.921671e-01 
3.370638e-01 8.923184e-01 
3.441626e-01 8.924812e-01 
3.512527e-01 8.926554e-01 
3.583347e-01 8.928410e-01 
3.654092e-01 8.930378e-01 
3.724767e-01 8.932458e-01 
3.795380e-01 8.934647e-01 
3.865936e-01 8.936945e-01 
3.936442e-01 8.939351e-01 
4.006905e-01 8.941864e-01 
4.077331e-01 8.944483e-01 
4.147726e-01 8.947209e-01 
0.000000e+00 8.992806e-01 
9.169908e-03 8.992949e-01 
1.822061e-02 8.992786e-01 
2.719565e-02 8.992427e-01 
3.612837e-02 8.991939e-01 
4.503199e-02 8.991371e-01 
5.392055e-02 8.990751e-01 
6.280062e-02 8.990102e-01 
7.167660e-02 8.989439e-01 
8.054980e-02 8.988775e-01 
8.942162e-02 8.988120e-01 
9.829270e-02 8.987480e-01 
1.071631e-01 8.986863e-01 
1.160329e-01 8.986273e-01 
1.249016e-01 8.985718e-01 
1.337689e-01 8.985202e-01 
1.426344e-01 8.984730e-01 
1.514979e-01 8.984307e-01 
1.603588e-01 8.983939e-01 
1.692165e-01 8.983630e-01 
1.780706e-01 8.983385e-01 
1.869205e-01 8.983208e-01 
1.957657e-01 8.983104e-01 
2.046055e-01 8.983077e-01 
2.134395e-01 8.983130e-01 
2.222671e-01 8.983268e-01 
2.310874e-01 8.983496e-01 
2.398999e-01 8.983816e-01 
2.487040e-01 8.984232e-01 
2.574993e-01 8.984747e-01 
2.662849e-01 8.985363e-01 
2.750609e-01 8.986083e-01 
2.838269e-01 8.986909e-01 
2.925834e-01 8.987841e-01 
3.013285e-01 8.988887e-01 
3.084826e-01 8.989844e-01 
3.156274e-01 8.990911e-01 
3.227632e-01 8.992088e-01 
3.298899e-01 8.993373e-01 
3.370078e-01 8.994768e-01 
3.441169e-01 8.996270e-01 
3.512180e-01 8.997880e-01 
3.583113e-01 8.999595e-01 
3.653975e-01 9.001416e-01 
3.724772e-01 9.003340e-01 
3.795509e-01 9.005368e-01 
3.866193e-01 9.007497e-01 
3.936830e-01 9.009726e-01 
4.007427e-01 9.012055e-01 
4.077988e-01 9.014484e-01 
4.148521e-01 9.017011e-01 
0.000000e+00 9.064748e-01 
9.145672e-03 9.064881e-01 
1.817967e-02 9.064735e-01 
2.714286e-02 9.064409e-01 
3.606647e-02 9.063966e-01 
4.496300e-02 9.063448e-01 
5.384558e-02 9.062882e-01 
6.272040e-02 9.062288e-01 
7.159158e-02 9.061681e-01 
8.046035e-02 9.061072e-01 
8.932803e-02 9.060471e-01 
9.819517e-02 9.059883e-01 
1.070618e-01 9.059314e-01 
1.159280e-01 9.058772e-01 
1.247933e-01 9.058260e-01 
1.336574e-01 9.057783e-01 
1.425198e-01 9.057347e-01 
1.513805e-01 9.056955e-01 
1.602388e-01 9.056613e-01 
1.690942e-01 9.056326e-01 
1.779462e-01 9.056096e-01 
1.867944e-01 9.055928e-01 
1.956383e-01 9.055827e-01 
2.044773e-01 9.055795e-01 
2.133108e-01 9.055838e-01 
2.221383e-01 9.055958e-01 
2.309591e-01 9.056160e-01 
2.397726e-01 9.056446e-01 
2.485781e-01 9.056821e-01 
2.573755e-01 9.057285e-01 
2.661637e-01 9.057842e-01 
2.749430e-01 9.058494e-01 
2.837129e-01 9.059242e-01 
2.924742e-01 9.060087e-01 
3.012250e-01 9.061035e-01 
3.083868e-01 9.061905e-01 
3.155399e-01 9.062877e-01 
3.226846e-01 9.063950e-01 
3.298209e-01 9.065126e-01 
3.369489e-01 9.066402e-01 
3.440686e-01 9.067780e-01 
3.511807e-01 9.069256e-01 
3.582856e-01 9.070831e-01 
3.653837e-01 9.072503e-01 
3.724756e-01 9.074272e-01 
3.795620e-01 9.076136e-01 
3.866433e-01 9.078095e-01 
3.937203e-01 9.080146e-01 
4.007935e-01 9.082289e-01 
4.078634e-01 9.084525e-01 
4.149307e-01 9.086852e-01 
0.000000e+00 9.136691e-01 
9.121331e-03 9.136813e-01 
1.813847e-02 9.136685e-01 
2.708965e-02 9.136395e-01 
3.600403e-02 9.135998e-01 
4.489337e-02 9.135532e-01 
5.376991e-02 9.135022e-01 
6.263943e-02 9.134485e-01 
7.150576e-02 9.133936e-01 
8.037009e-02 9.133384e-01 
8.923358e-02 9.132837e-01 
9.809674e-02 9.132302e-01 
1.069596e-01 9.131785e-01 
1.158221e-01 9.131290e-01 
1.246839e-01 9.130822e-01 
1.335448e-01 9.130387e-01 
1.424041e-01 9.129987e-01 
1.512619e-01 9.129629e-01 
1.601175e-01 9.129314e-01 
1.689705e-01 9.129049e-01 
1.778205e-01 9.128836e-01 
1.866670e-01 9.128678e-01 
1.955095e-01 9.128581e-01 
2.043475e-01 9.128547e-01 
2.131805e-01 9.128581e-01 
2.220080e-01 9.128684e-01 
2.308291e-01 9.128861e-01 
2.396434e-01 9.129115e-01 
2.484503e-01 9.129449e-01 
2.572494e-01 9.129864e-01 
2.660400e-01 9.130363e-01 
2.748221e-01 9.130948e-01 
2.835956e-01 9.131619e-01 
2.923612e-01 9.132378e-01 
3.011170e-01 9.133230e-01 
3.082871e-01 9.134012e-01 
3.154488e-01 9.134889e-01 
3.226028e-01 9.135860e-01 
3.297489e-01 9.136926e-01 
3.368873e-01 9.138085e-01 
3.440178e-01 9.139337e-01 
3.511412e-01 9.140681e-01 
3.582576e-01 9.142116e-01 
3.653678e-01 9.143640e-01 
3.724721e-01 9.145253e-01 
3.795712e-01 9.146953e-01 
3.866656e-01 9.148740e-01 
3.937560e-01 9.150612e-01 
4.008429e-01 9.152568e-01 
4.079269e-01 9.154609e-01 
4.150083e-01 9.156734e-01 
0.000000e+00 9.208633e-01 
9.096876e-03 9.208745e-01 
1.809699e-02 9.208636e-01 
2.703600e-02 9.208384e-01 
3.594103e-02 9.208034e-01 
4.482311e-02 9.207623e-01 
5.369357e-02 9.207170e-01 
6.255778e-02 9.206693e-01 
7.141926e-02 9.206203e-01 
8.027914e-02 9.205708e-01 
8.913844e-02 9.205218e-01 
9.799760e-02 9.204738e-01 
1.068566e-01 9.204272e-01 
1.157155e-01 9.203827e-01 
1.245738e-01 9.203405e-01 
1.334313e-01 9.203012e-01 
1.422876e-01 9.202651e-01 
1.511424e-01 9.202326e-01 
1.599953e-01 9.202040e-01 
1.688459e-01 9.201798e-01 
1.776938e-01 9.201603e-01 
1.865385e-01 9.201457e-01 
1.953796e-01 9.201365e-01 
2.042166e-01 9.201330e-01 
2.130490e-01 9.201355e-01 
2.218763e-01 9.201442e-01 
2.306977e-01 9.201596e-01 
2.395128e-01 9.201819e-01 
2.483208e-01 9.202114e-01 
2.571215e-01 9.202481e-01 
2.659141e-01 9.202923e-01 
2.746986e-01 9.203442e-01 
2.834751e-01 9.204038e-01 
2.922443e-01 9.204710e-01 
3.010041e-01 9.205466e-01 
3.081832e-01 9.206161e-01 
3.153541e-01 9.206943e-01 
3.225178e-01 9.207813e-01 
3.296741e-01 9.208770e-01 
3.368230e-01 9.209813e-01 
3.439646e-01 9.210941e-01 
3.510993e-01 9.212153e-01 
3.582275e-01 9.213448e-01 
3.653497e-01 9.214825e-01 
3.724665e-01 9.216282e-01 
3.795785e-01 9.217818e-01 
3.866862e-01 9.219433e-01 
3.937901e-01 9.221125e-01 
4.008909e-01 9.222894e-01 
4.079890e-01 9.224739e-01 
4.150849e-01 9.226660e-01 
0.000000e+00 9.280576e-01 
9.072286e-03 9.280677e-01 
1.805518e-02 9.280588e-01 
2.698188e-02 9.280375e-01 
3.587745e-02 9.280075e-01 
4.475224e-02 9.279720e-01 
5.361661e-02 9.279327e-01 
6.247553e-02 9.278911e-01 
7.133220e-02 9.278481e-01 
8.018766e-02 9.278046e-01 
8.904279e-02 9.277613e-01 
9.789797e-02 9.277188e-01 
1.067532e-01 9.276776e-01 
1.156084e-01 9.276381e-01 
1.244632e-01 9.276006e-01 
1.333173e-01 9.275656e-01 
1.421704e-01 9.275334e-01 
1.510223e-01 9.275043e-01 
1.598725e-01 9.274788e-01 
1.687206e-01 9.274570e-01 
1.775663e-01 9.274394e-01 
1.864092e-01 9.274261e-01 
1.952489e-01 9.274175e-01 
2.040848e-01 9.274140e-01 
2.129166e-01 9.274157e-01 
2.217437e-01 9.274230e-01 
2.305654e-01 9.274361e-01 
2.393811e-01 9.274554e-01 
2.481901e-01 9.274811e-01 
2.569922e-01 9.275131e-01 
2.657864e-01 9.275518e-01 
2.745729e-01 9.275972e-01 
2.833517e-01 9.276493e-01 
2.921236e-01 9.277080e-01 
3.008862e-01 9.277741e-01 
3.080753e-01 9.278350e-01 
3.152561e-01 9.279038e-01 
3.224300e-01 9.279807e-01 
3.295968e-01 9.280656e-01 
3.367566e-01 9.281584e-01 
3.439093e-01 9.282589e-01 
3.510555e-01 9.283671e-01 
3.581955e-01 9.284827e-01 
3.653299e-01 9.286057e-01 
3.724592e-01 9.287359e-01 
3.795840e-01 9.288732e-01 
3.867050e-01 9.290175e-01 
3.938225e-01 9.291687e-01 
4.009373e-01 9.293268e-01 
4.080497e-01 9.294917e-01 
4.151603e-01 9.296634e-01 
0.000000e+00 9.352518e-01 
9.047545e-03 9.352610e-01 
1.801301e-02 9.352542e-01 
2.692723e-02 9.352369e-01 
3.581326e-02 9.352121e-01 
4.468076e-02 9.351823e-01 
5.353912e-02 9.351491e-01 
6.239284e-02 9.351136e-01 
7.124479e-02 9.350767e-01 
8.009591e-02 9.350391e-01 
8.894694e-02 9.350017e-01 
9.779819e-02 9.349648e-01 
1.066496e-01 9.349289e-01 
1.155012e-01 9.348944e-01 
1.243525e-01 9.348617e-01 
1.332032e-01 9.348311e-01 
1.420531e-01 9.348029e-01 
1.509020e-01 9.347773e-01 
1.597494e-01 9.347548e-01 
1.685951e-01 9.347355e-01 
1.774386e-01 9.347198e-01 
1.862796e-01 9.347079e-01 
1.951178e-01 9.347001e-01 
2.039527e-01 9.346965e-01 
2.127838e-01 9.346976e-01 
2.216106e-01 9.347035e-01 
2.304326e-01 9.347145e-01 
2.392489e-01 9.347309e-01 
2.480590e-01 9.347528e-01 
2.568623e-01 9.347803e-01 
2.656578e-01 9.348136e-01 
2.744457e-01 9.348526e-01 
2.832258e-01 9.348974e-01 
2.919993e-01 9.349477e-01 
3.007627e-01 9.350043e-01 
3.079633e-01 9.350566e-01 
3.151550e-01 9.351161e-01 
3.223396e-01 9.351830e-01 
3.295174e-01 9.352573e-01 
3.366883e-01 9.353387e-01 
3.438522e-01 9.354272e-01 
3.510099e-01 9.355224e-01 
3.581617e-01 9.356243e-01 
3.653081e-01 9.357327e-01 
3.724499e-01 9.358475e-01 
3.795876e-01 9.359685e-01 
3.867218e-01 9.360957e-01 
3.938530e-01 9.362290e-01 
4.009819e-01 9.363683e-01 
4.081087e-01 9.365136e-01 
4.152341e-01 9.366648e-01 
0.000000e+00 9.424460e-01 
9.022614e-03 9.424542e-01 
1.797041e-02 9.424496e-01 
2.687200e-02 9.424365e-01 
3.574847e-02 9.424169e-01 
4.460876e-02 9.423929e-01 
5.346124e-02 9.423658e-01 
6.230994e-02 9.423364e-01 
7.115734e-02 9.423056e-01 
8.000427e-02 9.422739e-01 
8.885130e-02 9.422422e-01 
9.769872e-02 9.422108e-01 
1.065464e-01 9.421803e-01 
1.153944e-01 9.421509e-01 
1.242421e-01 9.421229e-01 
1.330896e-01 9.420966e-01 
1.419363e-01 9.420724e-01 
1.507822e-01 9.420504e-01 
1.596268e-01 9.420309e-01 
1.684699e-01 9.420142e-01 
1.773112e-01 9.420005e-01 
1.861504e-01 9.419899e-01 
1.949871e-01 9.419828e-01 
2.038208e-01 9.419793e-01 
2.126513e-01 9.419797e-01 
2.214780e-01 9.419843e-01 
2.303002e-01 9.419933e-01 
2.391172e-01 9.420068e-01 
2.479282e-01 9.420251e-01 
2.567326e-01 9.420482e-01 
2.655291e-01 9.420762e-01 
2.743179e-01 9.421090e-01 
2.830985e-01 9.421465e-01 
2.918719e-01 9.421886e-01 
3.006335e-01 9.422360e-01 
3.078478e-01 9.422799e-01 
3.150514e-01 9.423302e-01 
3.222476e-01 9.423873e-01 
3.294366e-01 9.424511e-01 
3.366188e-01 9.425215e-01 
3.437940e-01 9.425980e-01 
3.509631e-01 9.426805e-01 
3.581264e-01 9.427688e-01 
3.652848e-01 9.428628e-01 
3.724389e-01 9.429623e-01 
3.795893e-01 9.430673e-01 
3.867367e-01 9.431775e-01 
3.938815e-01 9.432929e-01 
4.010243e-01 9.434135e-01 
4.081656e-01 9.435393e-01 
4.153059e-01 9.436702e-01 
0.000000e+00 9.496403e-01 
8.997421e-03 9.496474e-01 
1.792729e-02 9.496451e-01 
2.681614e-02 9.496362e-01 
3.568309e-02 9.496219e-01 
4.453635e-02 9.496037e-01 
5.338320e-02 9.495825e-01 
6.222714e-02 9.495591e-01 
7.107024e-02 9.495343e-01 
7.991317e-02 9.495084e-01 
8.875641e-02 9.494823e-01 
9.760013e-02 9.494564e-01 
1.064442e-01 9.494311e-01 
1.152886e-01 9.494066e-01 
1.241330e-01 9.493833e-01 
1.329771e-01 9.493613e-01 
1.418206e-01 9.493410e-01 
1.506635e-01 9.493225e-01 
1.595054e-01 9.493061e-01 
1.683460e-01 9.492919e-01 
1.771850e-01 9.492801e-01 
1.860223e-01 9.492709e-01 
1.948575e-01 9.492645e-01 
2.036902e-01 9.492611e-01 
2.125201e-01 9.492609e-01 
2.213466e-01 9.492642e-01 
2.301692e-01 9.492711e-01 
2.389869e-01 9.492819e-01 
2.477989e-01 9.492967e-01 
2.566043e-01 9.493155e-01 
2.654018e-01 9.493383e-01 
2.741910e-01 9.493650e-01 
2.829711e-01 9.493956e-01 
2.917427e-01 9.494296e-01 
3.004988e-01 9.494680e-01 
3.077297e-01 9.495035e-01 
3.149467e-01 9.495448e-01 
3.221550e-01 9.495924e-01 
3.293556e-01 9.496461e-01 
3.365490e-01 9.497056e-01 
3.437353e-01 9.497705e-01 
3.509155e-01 9.498405e-01 
3.580901e-01 9.499155e-01 
3.652601e-01 9.499953e-01 
3.724262e-01 9.500798e-01 
3.795891e-01 9.501688e-01 
3.867493e-01 9.502623e-01 
3.939075e-01 9.503601e-01 
4.010643e-01 9.504622e-01 
4.082200e-01 9.505686e-01 
4.153751e-01 9.506793e-01 
0.000000e+00 9.568345e-01 
8.971884e-03 9.568407e-01 
1.788360e-02 9.568407e-01 
2.675974e-02 9.568360e-01 
3.561738e-02 9.568268e-01 
4.446391e-02 9.568143e-01 
5.330548e-02 9.567990e-01 
6.214500e-02 9.567814e-01 
7.098413e-02 9.567623e-01 
7.982338e-02 9.567420e-01 
8.866306e-02 9.567214e-01 
9.750329e-02 9.567007e-01 
1.063439e-01 9.566804e-01 
1.151849e-01 9.566606e-01 
1.240259e-01 9.566418e-01 
1.328668e-01 9.566240e-01 
1.417073e-01 9.566075e-01 
1.505472e-01 9.565923e-01 
1.593863e-01 9.565788e-01 
1.682244e-01 9.565670e-01 
1.770613e-01 9.565571e-01 
1.858967e-01 9.565492e-01 
1.947304e-01 9.565436e-01 
2.035621e-01 9.565402e-01 
2.123914e-01 9.565393e-01 
2.212178e-01 9.565413e-01 
2.300408e-01 9.565462e-01 
2.388594e-01 9.565543e-01 
2.476726e-01 9.565656e-01 
2.564793e-01 9.565801e-01 
2.652777e-01 9.565979e-01 
2.740674e-01 9.566187e-01 
2.828463e-01 9.566424e-01 
2.916141e-01 9.566684e-01 
3.003591e-01 9.566982e-01 
3.076112e-01 9.567257e-01 
3.148432e-01 9.567583e-01 
3.220640e-01 9.567967e-01 
3.292760e-01 9.568406e-01 
3.364803e-01 9.568896e-01 
3.436772e-01 9.569432e-01 
3.508680e-01 9.570012e-01 
3.580535e-01 9.570632e-01 
3.652346e-01 9.571292e-01 
3.724123e-01 9.571990e-01 
3.795872e-01 9.572725e-01 
3.867600e-01 9.573496e-01 
3.939312e-01 9.574302e-01 
4.011015e-01 9.575142e-01 
4.082713e-01 9.576015e-01 
4.154411e-01 9.576923e-01 
0.000000e+00 9.640288e-01 
8.945955e-03 9.640342e-01 
1.783941e-02 9.640364e-01 
2.670316e-02 9.640357e-01 
3.555197e-02 9.640315e-01 
4.439227e-02 9.640243e-01 
5.322904e-02 9.640146e-01 
6.206460e-02 9.640025e-01 
7.090018e-02 9.639887e-01 
7.973608e-02 9.639736e-01 
8.857249e-02 9.639581e-01 
9.740948e-02 9.639423e-01 
1.062469e-01 9.639268e-01 
1.150846e-01 9.639116e-01 
1.239225e-01 9.638969e-01 
1.327602e-01 9.638830e-01 
1.415976e-01 9.638701e-01 
1.504347e-01 9.638581e-01 
1.592711e-01 9.638473e-01 
1.681068e-01 9.638377e-01 
1.769415e-01 9.638296e-01 
1.857751e-01 9.638229e-01 
1.946074e-01 9.638178e-01 
2.034381e-01 9.638143e-01 
2.122669e-01 9.638127e-01 
2.210934e-01 9.638133e-01 
2.299169e-01 9.638162e-01 
2.387366e-01 9.638216e-01 
2.475512e-01 9.638295e-01 
2.563596e-01 9.638398e-01 
2.651596e-01 9.638526e-01 
2.739502e-01 9.638675e-01 
2.827278e-01 9.638844e-01 
2.914896e-01 9.639026e-01 
3.002165e-01 9.639233e-01 
3.074957e-01 9.639422e-01 
3.147447e-01 9.639661e-01 
3.219779e-01 9.639956e-01 
3.292005e-01 9.640300e-01 
3.364147e-01 9.640689e-01 
3.436213e-01 9.641117e-01 
3.508218e-01 9.641581e-01 
3.580173e-01 9.642077e-01 
3.652090e-01 9.642605e-01 
3.723976e-01 9.643162e-01 
3.795840e-01 9.643748e-01 
3.867688e-01 9.644362e-01 
3.939525e-01 9.645002e-01 
4.011358e-01 9.645667e-01 
4.083191e-01 9.646358e-01 
4.155029e-01 9.647074e-01 
0.000000e+00 9.712230e-01 
8.919608e-03 9.712279e-01 
1.779499e-02 9.712321e-01 
2.664696e-02 9.712350e-01 
3.548773e-02 9.712352e-01 
4.432258e-02 9.712330e-01 
5.315519e-02 9.712284e-01 
6.198736e-02 9.712213e-01 
7.081983e-02 9.712125e-01 
7.965277e-02 9.712022e-01 
8.848625e-02 9.711914e-01 
9.732025e-02 9.711803e-01 
1.061546e-01 9.711691e-01 
1.149894e-01 9.711581e-01 
1.238242e-01 9.711475e-01 
1.326590e-01 9.711372e-01 
1.414935e-01 9.711276e-01 
1.503278e-01 9.711185e-01 
1.591617e-01 9.711103e-01 
1.679950e-01 9.711028e-01 
1.768277e-01 9.710963e-01 
1.856595e-01 9.710906e-01 
1.944905e-01 9.710860e-01 
2.033202e-01 9.710825e-01 
2.121486e-01 9.710802e-01 
2.209751e-01 9.710794e-01 
2.297993e-01 9.710804e-01 
2.386202e-01 9.710832e-01 
2.474368e-01 9.710878e-01 
2.562475e-01 9.710941e-01 
2.650502e-01 9.711021e-01 
2.738432e-01 9.711113e-01 
2.826205e-01 9.711216e-01 
2.913751e-01 9.711320e-01 
3.000746e-01 9.711439e-01 
3.073890e-01 9.711543e-01 
3.146562e-01 9.711695e-01 
3.219006e-01 9.711904e-01 
3.291317e-01 9.712158e-01 
3.363539e-01 9.712452e-01 
3.435687e-01 9.712778e-01 
3.507777e-01 9.713132e-01 
3.579822e-01 9.713511e-01 
3.651834e-01 9.713914e-01 
3.723821e-01 9.714339e-01 
3.795793e-01 9.714784e-01 
3.867753e-01 9.715249e-01 
3.939708e-01 9.715733e-01 
4.011662e-01 9.716233e-01 
4.083621e-01 9.716751e-01 
4.155588e-01 9.717284e-01 
0.000000e+00 9.784173e-01 
8.893080e-03 9.784216e-01 
1.775109e-02 9.784276e-01 
2.659255e-02 9.784331e-01 
3.542667e-02 9.784368e-01 
4.425716e-02 9.784384e-01 
5.308655e-02 9.784378e-01 
6.191597e-02 9.784350e-01 
7.074589e-02 9.784303e-01 
7.957630e-02 9.784241e-01 
8.840718e-02 9.784174e-01 
9.723850e-02 9.784103e-01 
1.060701e-01 9.784031e-01 
1.149021e-01 9.783958e-01 
1.237341e-01 9.783887e-01 
1.325661e-01 9.783818e-01 
1.413979e-01 9.783751e-01 
1.502296e-01 9.783688e-01 
1.590611e-01 9.783628e-01 
1.678922e-01 9.783573e-01 
1.767228e-01 9.783523e-01 
1.855530e-01 9.783477e-01 
1.943826e-01 9.783437e-01 
2.032114e-01 9.783402e-01 
2.120392e-01 9.783373e-01 
2.208659e-01 9.783354e-01 
2.296908e-01 9.783348e-01 
2.385132e-01 9.783353e-01 
2.473321e-01 9.783370e-01 
2.561460e-01 9.783398e-01 
2.649529e-01 9.783436e-01 
2.737500e-01 9.783479e-01 
2.825300e-01 9.783523e-01 
2.912778e-01 9.783560e-01 
2.999389e-01 9.783601e-01 
3.072986e-01 9.783622e-01 
3.145833e-01 9.783699e-01 
3.218353e-01 9.783829e-01 
3.290722e-01 9.784002e-01 
3.362996e-01 9.784206e-01 
3.435204e-01 9.784437e-01 
3.507361e-01 9.784689e-01 
3.579482e-01 9.784959e-01 
3.651577e-01 9.785245e-01 
3.723655e-01 9.785546e-01 
3.795723e-01 9.785861e-01 
3.867784e-01 9.786188e-01 
3.939842e-01 9.786526e-01 
4.011905e-01 9.786874e-01 
4.083974e-01 9.787231e-01 
4.156054e-01 9.787597e-01 
0.000000e+00 9.856115e-01 
8.866635e-03 9.856154e-01 
1.770894e-02 9.856220e-01 
2.654195e-02 9.856288e-01 
3.537122e-02 9.856343e-01 
4.419884e-02 9.856381e-01 
5.302609e-02 9.856402e-01 
6.185361e-02 9.856403e-01 
7.068157e-02 9.856388e-01 
7.950991e-02 9.856358e-01 
8.833860e-02 9.856324e-01 
9.716758e-02 9.856287e-01 
1.059968e-01 9.856248e-01 
1.148262e-01 9.856208e-01 
1.236556e-01 9.856168e-01 
1.324851e-01 9.856128e-01 
1.413145e-01 9.856088e-01 
1.501438e-01 9.856049e-01 
1.589729e-01 9.856012e-01 
1.678019e-01 9.855975e-01 
1.766307e-01 9.855941e-01 
1.854592e-01 9.855907e-01 
1.942874e-01 9.855875e-01 
2.031152e-01 9.855844e-01 
2.119425e-01 9.855814e-01 
2.207691e-01 9.855791e-01 
2.295947e-01 9.855774e-01 
2.384186e-01 9.855764e-01 
2.472401e-01 9.855761e-01 
2.560579e-01 9.855764e-01 
2.648701e-01 9.855771e-01 
2.736742e-01 9.855778e-01 
2.824623e-01 9.855781e-01 
2.912124e-01 9.855770e-01 
2.998328e-01 9.855754e-01 
3.072387e-01 9.855711e-01 
3.145322e-01 9.855729e-01 
3.217850e-01 9.855798e-01 
3.290229e-01 9.855901e-01 
3.362529e-01 9.856028e-01 
3.434771e-01 9.856172e-01 
3.506975e-01 9.856331e-01 
3.579154e-01 9.856500e-01 
3.651316e-01 9.856679e-01 
3.723469e-01 9.856867e-01 
3.795617e-01 9.857063e-01 
3.867762e-01 9.857264e-01 
3.939907e-01 9.857471e-01 
4.012058e-01 9.857681e-01 
4.084216e-01 9.857895e-01 
4.156385e-01 9.858111e-01 
0.000000e+00 9.928058e-01 
8.841723e-03 9.928085e-01 
1.767204e-02 9.928138e-01 
2.649940e-02 9.928195e-01 
3.532588e-02 9.928245e-01 
4.415194e-02 9.928286e-01 
5.297800e-02 9.928317e-01 
6.180428e-02 9.928334e-01 
7.063078e-02 9.928340e-01 
7.945749e-02 9.928335e-01 
8.828436e-02 9.928329e-01 
9.711137e-02 9.928320e-01 
1.059385e-01 9.928309e-01 
1.147657e-01 9.928296e-01 
1.235929e-01 9.928283e-01 
1.324201e-01 9.928269e-01 
1.412473e-01 9.928254e-01 
1.500745e-01 9.928238e-01 
1.589016e-01 9.928223e-01 
1.677287e-01 9.928206e-01 
1.765558e-01 9.928189e-01 
1.853827e-01 9.928172e-01 
1.942095e-01 9.928154e-01 
2.030362e-01 9.928134e-01 
2.118628e-01 9.928113e-01 
2.206890e-01 9.928095e-01 
2.295149e-01 9.928079e-01 
2.383400e-01 9.928066e-01 
2.471638e-01 9.928056e-01 
2.559858e-01 9.928047e-01 
2.648045e-01 9.928038e-01 
2.736193e-01 9.928027e-01 
2.824255e-01 9.928010e-01 
2.912019e-01 9.927975e-01 
2.998198e-01 9.927930e-01 
3.072381e-01 9.927852e-01 
3.145130e-01 9.927832e-01 
3.217532e-01 9.927854e-01 
3.289853e-01 9.927898e-01 
3.362137e-01 9.927957e-01 
3.434389e-01 9.928026e-01 
3.506622e-01 9.928101e-01 
3.578841e-01 9.928182e-01 
3.651053e-01 9.928267e-01 
3.723262e-01 9.928356e-01 
3.795472e-01 9.928448e-01 
3.867680e-01 9.928541e-01 
3.939889e-01 9.928635e-01 
4.012104e-01 9.928729e-01 
4.084323e-01 9.928823e-01 
4.156550e-01 9.928915e-01 
0.000000e+00 1.000000e+00 
8.825397e-03 1.000000e+00 
1.765079e-02 1.000000e+00 
2.647619e-02 1.000000e+00 
3.530159e-02 1.000000e+00 
4.412699e-02 1.000000e+00 
5.295238e-02 1.000000e+00 
6.177778e-02 1.000000e+00 
7.060318e-02 1.000000e+00 
7.942858e-02 1.000000e+00 
8.825397e-02 1.000000e+00 
9.707937e-02 1.000000e+00 
1.059048e-01 1.000000e+00 
1.147302e-01 1.000000e+00 
1.235556e-01 1.000000e+00 
1.323810e-01 1.000000e+00 
1.412064e-01 1.000000e+00 
1.500318e-01 1.000000e+00 
1.588572e-01 1.000000e+00 
1.676825e-01 1.000000e+00 
1.765079e-01 1.000000e+00 
1.853333e-01 1.000000e+00 
1.941587e-01 1.000000e+00 
2.029841e-01 1.000000e+00 
2.118095e-01 1.000000e+00 
2.206349e-01 1.000000e+00 
2.294603e-01 1.000000e+00 
2.382857e-01 1.000000e+00 
2.471111e-01 1.000000e+00 
2.559365e-01 1.000000e+00 
2.647619e-01 1.000000e+00 
2.735873e-01 1.000000e+00 
2.824127e-01 1.000000e+00 
2.912381e-01 1.000000e+00 
3.000635e-01 1.000000e+00 
3.072873e-01 1.000000e+00 
3.145110e-01 1.000000e+00 
3.217348e-01 1.000000e+00 
3.289585e-01 1.000000e+00 
3.361823e-01 1.000000e+00 
3.434060e-01 1.000000e+00 
3.506298e-01 1.000000e+00 
3.578535e-01 1.000000e+00 
3.650773e-01 1.000000e+00 
3.723010e-01 1.000000e+00 
3.795248e-01 1.000000e+00 
3.867485e-01 1.000000e+00 
3.939723e-01 1.000000e+00 
4.011960e-01 1.000000e+00 
4.084198e-01 1.000000e+00 
4.156435e-01 1.000000e+00 
BC
-1
-1
-1
-1
-1
-1
-1
-1
-1
-1
-1
-1
-1
-1
-1
-1
-1
-1
-1
-1
-1
-1
-1
-1
-1
-1
-1
-1
-1
-1
-1
-1
-1
-1
-1
-1
-1
-1
-1
-1
-1
-1
-1
-1
-1
-1
-1
-1
-1
-1
-1
-1
-1
-1
-1
-1
-1
-1
-1
-1
-1
-1
-1
-1
-1
-1
-1
-1
-1
-1
-1
-1
-1
-1
-1
-1
-1
-1
-1
-1
-1
-1
-1
-1
-1
-1
-1
-1
-1
-1
-1
-1
-1
-1
-1
4
4
4
4
4
4
4
4
4
4
4
4
4
4
4
4
4
4
4
4
4
4
4
4
4
4
4
4
4
4
4
4
4
4
4
4
4
4
4
4
4
4
4
4
4
4
4
4
4
4
1
1
1
1
1
1
1
1
1
1
1
1
1
1
1
1
1
1
1
1
1
1
1
1
1
1
1
1
1
1
1
1
1
1
1
1
1
1
1
1
1
1
1
1
1
