npart: 8 3 
ipart: 2 2 
ngrid: 51 46 
7.757595e-01 7.327687e-01 
7.835572e-01 7.331891e-01 
7.913337e-01 7.335819e-01 
7.990899e-01 7.339489e-01 
8.068257e-01 7.342911e-01 
8.145445e-01 7.346112e-01 
8.222464e-01 7.349103e-01 
8.299336e-01 7.351902e-01 
8.376077e-01 7.354526e-01 
8.452715e-01 7.356995e-01 
8.529251e-01 7.359320e-01 
8.605695e-01 7.361511e-01 
8.682051e-01 7.363580e-01 
8.758327e-01 7.365536e-01 
8.834530e-01 7.367388e-01 
8.910662e-01 7.369144e-01 
8.986730e-01 7.370809e-01 
9.062736e-01 7.372386e-01 
9.138684e-01 7.373884e-01 
9.214579e-01 7.375309e-01 
9.290424e-01 7.376666e-01 
9.366219e-01 7.377956e-01 
9.441967e-01 7.379183e-01 
9.517669e-01 7.380350e-01 
9.593326e-01 7.381456e-01 
9.668937e-01 7.382501e-01 
9.744506e-01 7.383492e-01 
9.820034e-01 7.384431e-01 
9.895526e-01 7.385325e-01 
9.970981e-01 7.386172e-01 
1.004640e+00 7.386979e-01 
1.012179e+00 7.387747e-01 
1.019715e+00 7.388477e-01 
1.027248e+00 7.389169e-01 
1.034778e+00 7.389826e-01 
1.042304e+00 7.390449e-01 
1.049829e+00 7.391042e-01 
1.057350e+00 7.391602e-01 
1.064868e+00 7.392133e-01 
1.072384e+00 7.392633e-01 
1.079897e+00 7.393102e-01 
1.087408e+00 7.393539e-01 
1.094916e+00 7.393948e-01 
1.102421e+00 7.394330e-01 
1.109924e+00 7.394688e-01 
1.117425e+00 7.395023e-01 
1.124924e+00 7.395337e-01 
1.132421e+00 7.395631e-01 
1.139917e+00 7.395908e-01 
1.147410e+00 7.396165e-01 
1.154902e+00 7.396407e-01 
7.758961e-01 7.386799e-01 
7.836862e-01 7.390911e-01 
7.914557e-01 7.394753e-01 
7.992054e-01 7.398343e-01 
8.069351e-01 7.401691e-01 
8.146483e-01 7.404822e-01 
8.223449e-01 7.407748e-01 
8.300272e-01 7.410486e-01 
8.376967e-01 7.413053e-01 
8.453561e-01 7.415468e-01 
8.530055e-01 7.417742e-01 
8.606459e-01 7.419886e-01 
8.682777e-01 7.421910e-01 
8.759018e-01 7.423823e-01 
8.835186e-01 7.425635e-01 
8.911286e-01 7.427353e-01 
8.987322e-01 7.428982e-01 
9.063297e-01 7.430524e-01 
9.139217e-01 7.431990e-01 
9.215084e-01 7.433384e-01 
9.290903e-01 7.434712e-01 
9.366672e-01 7.435973e-01 
9.442396e-01 7.437174e-01 
9.518074e-01 7.438315e-01 
9.593709e-01 7.439398e-01 
9.669298e-01 7.440420e-01 
9.744846e-01 7.441390e-01 
9.820355e-01 7.442309e-01 
9.895828e-01 7.443183e-01 
9.971265e-01 7.444012e-01 
1.004667e+00 7.444802e-01 
1.012204e+00 7.445554e-01 
1.019739e+00 7.446269e-01 
1.027270e+00 7.446945e-01 
1.034798e+00 7.447589e-01 
1.042324e+00 7.448199e-01 
1.049847e+00 7.448780e-01 
1.057367e+00 7.449329e-01 
1.064884e+00 7.449848e-01 
1.072399e+00 7.450338e-01 
1.079911e+00 7.450798e-01 
1.087420e+00 7.451226e-01 
1.094927e+00 7.451626e-01 
1.102432e+00 7.452001e-01 
1.109934e+00 7.452352e-01 
1.117434e+00 7.452680e-01 
1.124933e+00 7.452988e-01 
1.132429e+00 7.453277e-01 
1.139924e+00 7.453548e-01 
1.147417e+00 7.453800e-01 
1.154908e+00 7.454037e-01 
7.760338e-01 7.445929e-01 
7.838164e-01 7.449948e-01 
7.915788e-01 7.453704e-01 
7.993219e-01 7.457213e-01 
8.070456e-01 7.460485e-01 
8.147531e-01 7.463545e-01 
8.224444e-01 7.466405e-01 
8.301218e-01 7.469082e-01 
8.377867e-01 7.471591e-01 
8.454417e-01 7.473952e-01 
8.530869e-01 7.476174e-01 
8.607233e-01 7.478270e-01 
8.683513e-01 7.480248e-01 
8.759717e-01 7.482118e-01 
8.835851e-01 7.483889e-01 
8.911917e-01 7.485568e-01 
8.987922e-01 7.487160e-01 
9.063867e-01 7.488668e-01 
9.139757e-01 7.490101e-01 
9.215596e-01 7.491463e-01 
9.291388e-01 7.492761e-01 
9.367131e-01 7.493994e-01 
9.442830e-01 7.495168e-01 
9.518485e-01 7.496283e-01 
9.594097e-01 7.497342e-01 
9.669665e-01 7.498341e-01 
9.745192e-01 7.499289e-01 
9.820681e-01 7.500188e-01 
9.896135e-01 7.501042e-01 
9.971555e-01 7.501853e-01 
1.004694e+00 7.502626e-01 
1.012230e+00 7.503361e-01 
1.019763e+00 7.504060e-01 
1.027292e+00 7.504722e-01 
1.034819e+00 7.505351e-01 
1.042343e+00 7.505948e-01 
1.049865e+00 7.506516e-01 
1.057384e+00 7.507053e-01 
1.064900e+00 7.507562e-01 
1.072414e+00 7.508041e-01 
1.079925e+00 7.508491e-01 
1.087433e+00 7.508910e-01 
1.094939e+00 7.509302e-01 
1.102443e+00 7.509669e-01 
1.109944e+00 7.510013e-01 
1.117444e+00 7.510334e-01 
1.124941e+00 7.510636e-01 
1.132437e+00 7.510919e-01 
1.139931e+00 7.511185e-01 
1.147424e+00 7.511433e-01 
1.154915e+00 7.511665e-01 
7.761725e-01 7.505075e-01 
7.839475e-01 7.509001e-01 
7.917029e-01 7.512668e-01 
7.994395e-01 7.516096e-01 
8.071571e-01 7.519292e-01 
8.148589e-01 7.522281e-01 
8.225450e-01 7.525074e-01 
8.302174e-01 7.527688e-01 
8.378776e-01 7.530138e-01 
8.455281e-01 7.532444e-01 
8.531692e-01 7.534615e-01 
8.608016e-01 7.536661e-01 
8.684258e-01 7.538594e-01 
8.760425e-01 7.540420e-01 
8.836524e-01 7.542150e-01 
8.912557e-01 7.543789e-01 
8.988529e-01 7.545344e-01 
9.064443e-01 7.546816e-01 
9.140305e-01 7.548216e-01 
9.216115e-01 7.549546e-01 
9.291880e-01 7.550813e-01 
9.367597e-01 7.552017e-01 
9.443271e-01 7.553164e-01 
9.518902e-01 7.554253e-01 
9.594491e-01 7.555287e-01 
9.670037e-01 7.556263e-01 
9.745543e-01 7.557189e-01 
9.821012e-01 7.558067e-01 
9.896447e-01 7.558902e-01 
9.971848e-01 7.559694e-01 
1.004722e+00 7.560449e-01 
1.012256e+00 7.561167e-01 
1.019787e+00 7.561850e-01 
1.027315e+00 7.562497e-01 
1.034841e+00 7.563112e-01 
1.042363e+00 7.563696e-01 
1.049884e+00 7.564251e-01 
1.057401e+00 7.564776e-01 
1.064916e+00 7.565273e-01 
1.072429e+00 7.565741e-01 
1.079939e+00 7.566182e-01 
1.087446e+00 7.566592e-01 
1.094951e+00 7.566975e-01 
1.102454e+00 7.567334e-01 
1.109955e+00 7.567670e-01 
1.117453e+00 7.567985e-01 
1.124950e+00 7.568281e-01 
1.132445e+00 7.568558e-01 
1.139939e+00 7.568818e-01 
1.147431e+00 7.569061e-01 
1.154921e+00 7.569289e-01 
7.763122e-01 7.564237e-01 
7.840797e-01 7.568068e-01 
7.918280e-01 7.571647e-01 
7.995580e-01 7.574992e-01 
8.072696e-01 7.578110e-01 
8.149657e-01 7.581027e-01 
8.226465e-01 7.583753e-01 
8.303140e-01 7.586304e-01 
8.379695e-01 7.588695e-01 
8.456156e-01 7.590945e-01 
8.532524e-01 7.593063e-01 
8.608807e-01 7.595060e-01 
8.685011e-01 7.596945e-01 
8.761141e-01 7.598727e-01 
8.837204e-01 7.600415e-01 
8.913204e-01 7.602014e-01 
8.989144e-01 7.603531e-01 
9.065027e-01 7.604968e-01 
9.140859e-01 7.606333e-01 
9.216641e-01 7.607631e-01 
9.292378e-01 7.608868e-01 
9.368069e-01 7.610043e-01 
9.443718e-01 7.611161e-01 
9.519325e-01 7.612224e-01 
9.594890e-01 7.613233e-01 
9.670414e-01 7.614186e-01 
9.745899e-01 7.615089e-01 
9.821348e-01 7.615946e-01 
9.896764e-01 7.616761e-01 
9.972147e-01 7.617534e-01 
1.004750e+00 7.618271e-01 
1.012282e+00 7.618972e-01 
1.019812e+00 7.619639e-01 
1.027338e+00 7.620270e-01 
1.034862e+00 7.620871e-01 
1.042384e+00 7.621441e-01 
1.049903e+00 7.621983e-01 
1.057419e+00 7.622496e-01 
1.064933e+00 7.622981e-01 
1.072444e+00 7.623439e-01 
1.079953e+00 7.623869e-01 
1.087460e+00 7.624270e-01 
1.094964e+00 7.624645e-01 
1.102465e+00 7.624995e-01 
1.109965e+00 7.625325e-01 
1.117463e+00 7.625632e-01 
1.124959e+00 7.625921e-01 
1.132454e+00 7.626193e-01 
1.139947e+00 7.626448e-01 
1.147438e+00 7.626685e-01 
1.154928e+00 7.626908e-01 
7.764528e-01 7.623414e-01 
7.842128e-01 7.627149e-01 
7.919541e-01 7.630639e-01 
7.996775e-01 7.633900e-01 
8.073830e-01 7.636941e-01 
8.150734e-01 7.639785e-01 
8.227489e-01 7.642442e-01 
8.304114e-01 7.644929e-01 
8.380623e-01 7.647260e-01 
8.457039e-01 7.649453e-01 
8.533364e-01 7.651518e-01 
8.609607e-01 7.653464e-01 
8.685772e-01 7.655303e-01 
8.761865e-01 7.657039e-01 
8.837893e-01 7.658685e-01 
8.913859e-01 7.660244e-01 
8.989766e-01 7.661723e-01 
9.065618e-01 7.663123e-01 
9.141420e-01 7.664454e-01 
9.217173e-01 7.665719e-01 
9.292883e-01 7.666924e-01 
9.368547e-01 7.668069e-01 
9.444171e-01 7.669160e-01 
9.519753e-01 7.670196e-01 
9.595295e-01 7.671179e-01 
9.670797e-01 7.672108e-01 
9.746261e-01 7.672989e-01 
9.821689e-01 7.673824e-01 
9.897086e-01 7.674619e-01 
9.972450e-01 7.675373e-01 
1.004778e+00 7.676091e-01 
1.012309e+00 7.676775e-01 
1.019837e+00 7.677426e-01 
1.027362e+00 7.678042e-01 
1.034884e+00 7.678627e-01 
1.042404e+00 7.679183e-01 
1.049922e+00 7.679712e-01 
1.057437e+00 7.680213e-01 
1.064950e+00 7.680686e-01 
1.072460e+00 7.681133e-01 
1.079968e+00 7.681553e-01 
1.087473e+00 7.681944e-01 
1.094976e+00 7.682310e-01 
1.102477e+00 7.682653e-01 
1.109976e+00 7.682974e-01 
1.117473e+00 7.683275e-01 
1.124969e+00 7.683558e-01 
1.132463e+00 7.683823e-01 
1.139955e+00 7.684072e-01 
1.147446e+00 7.684305e-01 
1.154935e+00 7.684523e-01 
7.765944e-01 7.682606e-01 
7.843469e-01 7.686244e-01 
7.920811e-01 7.689644e-01 
7.997980e-01 7.692820e-01 
8.074974e-01 7.695782e-01 
8.151821e-01 7.698552e-01 
8.228523e-01 7.701140e-01 
8.305098e-01 7.703562e-01 
8.381560e-01 7.705832e-01 
8.457931e-01 7.707968e-01 
8.534213e-01 7.709979e-01 
8.610415e-01 7.711875e-01 
8.686541e-01 7.713665e-01 
8.762598e-01 7.715356e-01 
8.838590e-01 7.716958e-01 
8.914521e-01 7.718476e-01 
8.990396e-01 7.719916e-01 
9.066216e-01 7.721280e-01 
9.141988e-01 7.722576e-01 
9.217712e-01 7.723808e-01 
9.293394e-01 7.724981e-01 
9.369031e-01 7.726096e-01 
9.444629e-01 7.727158e-01 
9.520187e-01 7.728167e-01 
9.595705e-01 7.729125e-01 
9.671184e-01 7.730029e-01 
9.746627e-01 7.730887e-01 
9.822035e-01 7.731701e-01 
9.897412e-01 7.732475e-01 
9.972757e-01 7.733209e-01 
1.004807e+00 7.733909e-01 
1.012336e+00 7.734575e-01 
1.019862e+00 7.735209e-01 
1.027386e+00 7.735810e-01 
1.034907e+00 7.736380e-01 
1.042425e+00 7.736922e-01 
1.049941e+00 7.737438e-01 
1.057455e+00 7.737926e-01 
1.064967e+00 7.738388e-01 
1.072476e+00 7.738823e-01 
1.079983e+00 7.739233e-01 
1.087487e+00 7.739614e-01 
1.094989e+00 7.739972e-01 
1.102489e+00 7.740306e-01 
1.109987e+00 7.740620e-01 
1.117484e+00 7.740913e-01 
1.124978e+00 7.741189e-01 
1.132471e+00 7.741448e-01 
1.139963e+00 7.741692e-01 
1.147453e+00 7.741919e-01 
1.154942e+00 7.742132e-01 
7.767370e-01 7.741811e-01 
7.844819e-01 7.745352e-01 
7.922091e-01 7.748660e-01 
7.999195e-01 7.751751e-01 
8.076128e-01 7.754633e-01 
8.152918e-01 7.757328e-01 
8.229566e-01 7.759846e-01 
8.306091e-01 7.762202e-01 
8.382506e-01 7.764411e-01 
8.458831e-01 7.766489e-01 
8.535071e-01 7.768445e-01 
8.611232e-01 7.770290e-01 
8.687319e-01 7.772031e-01 
8.763337e-01 7.773676e-01 
8.839293e-01 7.775235e-01 
8.915190e-01 7.776711e-01 
8.991032e-01 7.778112e-01 
9.066821e-01 7.779438e-01 
9.142562e-01 7.780699e-01 
9.218257e-01 7.781897e-01 
9.293910e-01 7.783039e-01 
9.369521e-01 7.784123e-01 
9.445093e-01 7.785156e-01 
9.520626e-01 7.786137e-01 
9.596121e-01 7.787069e-01 
9.671577e-01 7.787949e-01 
9.746998e-01 7.788784e-01 
9.822385e-01 7.789575e-01 
9.897742e-01 7.790329e-01 
9.973068e-01 7.791043e-01 
1.004837e+00 7.791725e-01 
1.012364e+00 7.792373e-01 
1.019888e+00 7.792990e-01 
1.027410e+00 7.793574e-01 
1.034930e+00 7.794130e-01 
1.042447e+00 7.794657e-01 
1.049961e+00 7.795159e-01 
1.057474e+00 7.795634e-01 
1.064984e+00 7.796084e-01 
1.072492e+00 7.796508e-01 
1.079998e+00 7.796907e-01 
1.087501e+00 7.797279e-01 
1.095002e+00 7.797628e-01 
1.102501e+00 7.797953e-01 
1.109999e+00 7.798259e-01 
1.117494e+00 7.798546e-01 
1.124988e+00 7.798815e-01 
1.132481e+00 7.799068e-01 
1.139971e+00 7.799306e-01 
1.147461e+00 7.799528e-01 
1.154949e+00 7.799736e-01 
7.768804e-01 7.801028e-01 
7.846179e-01 7.804471e-01 
7.923381e-01 7.807687e-01 
8.000419e-01 7.810691e-01 
8.077291e-01 7.813492e-01 
8.154024e-01 7.816112e-01 
8.230619e-01 7.818559e-01 
8.307094e-01 7.820849e-01 
8.383460e-01 7.822995e-01 
8.459741e-01 7.825015e-01 
8.535937e-01 7.826916e-01 
8.612057e-01 7.828708e-01 
8.688104e-01 7.830400e-01 
8.764085e-01 7.831998e-01 
8.840005e-01 7.833512e-01 
8.915867e-01 7.834947e-01 
8.991676e-01 7.836308e-01 
9.067432e-01 7.837597e-01 
9.143143e-01 7.838821e-01 
9.218809e-01 7.839986e-01 
9.294433e-01 7.841095e-01 
9.370017e-01 7.842149e-01 
9.445563e-01 7.843152e-01 
9.521070e-01 7.844106e-01 
9.596541e-01 7.845011e-01 
9.671974e-01 7.845866e-01 
9.747373e-01 7.846677e-01 
9.822740e-01 7.847446e-01 
9.898076e-01 7.848179e-01 
9.973383e-01 7.848873e-01 
1.004866e+00 7.849536e-01 
1.012392e+00 7.850166e-01 
1.019915e+00 7.850766e-01 
1.027435e+00 7.851334e-01 
1.034953e+00 7.851874e-01 
1.042468e+00 7.852387e-01 
1.049982e+00 7.852875e-01 
1.057493e+00 7.853337e-01 
1.065002e+00 7.853775e-01 
1.072508e+00 7.854188e-01 
1.080013e+00 7.854576e-01 
1.087515e+00 7.854938e-01 
1.095015e+00 7.855277e-01 
1.102514e+00 7.855595e-01 
1.110010e+00 7.855893e-01 
1.117505e+00 7.856172e-01 
1.124998e+00 7.856434e-01 
1.132490e+00 7.856681e-01 
1.139980e+00 7.856913e-01 
1.147469e+00 7.857129e-01 
1.154956e+00 7.857333e-01 
7.770248e-01 7.860256e-01 
7.847548e-01 7.863600e-01 
7.924680e-01 7.866722e-01 
8.001652e-01 7.869640e-01 
8.078464e-01 7.872359e-01 
8.155139e-01 7.874902e-01 
8.231681e-01 7.877277e-01 
8.308105e-01 7.879500e-01 
8.384424e-01 7.881583e-01 
8.460659e-01 7.883543e-01 
8.536812e-01 7.885388e-01 
8.612890e-01 7.887128e-01 
8.688897e-01 7.888770e-01 
8.764840e-01 7.890321e-01 
8.840724e-01 7.891790e-01 
8.916551e-01 7.893183e-01 
8.992326e-01 7.894503e-01 
9.068050e-01 7.895754e-01 
9.143730e-01 7.896942e-01 
9.219366e-01 7.898072e-01 
9.294962e-01 7.899148e-01 
9.370518e-01 7.900171e-01 
9.446037e-01 7.901145e-01 
9.521520e-01 7.902070e-01 
9.596966e-01 7.902949e-01 
9.672377e-01 7.903779e-01 
9.747753e-01 7.904566e-01 
9.823099e-01 7.905313e-01 
9.898415e-01 7.906024e-01 
9.973702e-01 7.906698e-01 
1.004896e+00 7.907341e-01 
1.012420e+00 7.907953e-01 
1.019941e+00 7.908536e-01 
1.027460e+00 7.909087e-01 
1.034976e+00 7.909612e-01 
1.042490e+00 7.910111e-01 
1.050002e+00 7.910585e-01 
1.057512e+00 7.911034e-01 
1.065020e+00 7.911459e-01 
1.072525e+00 7.911861e-01 
1.080029e+00 7.912238e-01 
1.087530e+00 7.912590e-01 
1.095029e+00 7.912920e-01 
1.102526e+00 7.913229e-01 
1.110022e+00 7.913519e-01 
1.117516e+00 7.913791e-01 
1.125008e+00 7.914046e-01 
1.132499e+00 7.914286e-01 
1.139989e+00 7.914512e-01 
1.147477e+00 7.914723e-01 
1.154964e+00 7.914922e-01 
7.771701e-01 7.919494e-01 
7.848926e-01 7.922737e-01 
7.925988e-01 7.925766e-01 
8.002895e-01 7.928594e-01 
8.079645e-01 7.931231e-01 
8.156263e-01 7.933697e-01 
8.232751e-01 7.935999e-01 
8.309125e-01 7.938154e-01 
8.385396e-01 7.940173e-01 
8.461585e-01 7.942073e-01 
8.537694e-01 7.943862e-01 
8.613731e-01 7.945547e-01 
8.689698e-01 7.947139e-01 
8.765603e-01 7.948642e-01 
8.841449e-01 7.950067e-01 
8.917241e-01 7.951416e-01 
8.992982e-01 7.952696e-01 
9.068674e-01 7.953908e-01 
9.144323e-01 7.955060e-01 
9.219929e-01 7.956155e-01 
9.295496e-01 7.957198e-01 
9.371025e-01 7.958189e-01 
9.446517e-01 7.959133e-01 
9.521974e-01 7.960030e-01 
9.597396e-01 7.960882e-01 
9.672783e-01 7.961686e-01 
9.748138e-01 7.962449e-01 
9.823462e-01 7.963173e-01 
9.898757e-01 7.963863e-01 
9.974025e-01 7.964517e-01 
1.004927e+00 7.965140e-01 
1.012449e+00 7.965734e-01 
1.019968e+00 7.966299e-01 
1.027485e+00 7.966834e-01 
1.035000e+00 7.967343e-01 
1.042512e+00 7.967827e-01 
1.050023e+00 7.968287e-01 
1.057531e+00 7.968723e-01 
1.065038e+00 7.969136e-01 
1.072542e+00 7.969525e-01 
1.080044e+00 7.969892e-01 
1.087545e+00 7.970234e-01 
1.095043e+00 7.970554e-01 
1.102539e+00 7.970854e-01 
1.110034e+00 7.971136e-01 
1.117527e+00 7.971400e-01 
1.125019e+00 7.971649e-01 
1.132509e+00 7.971883e-01 
1.139998e+00 7.972103e-01 
1.147485e+00 7.972308e-01 
1.154972e+00 7.972501e-01 
7.773162e-01 7.978739e-01 
7.850313e-01 7.981880e-01 
7.927305e-01 7.984814e-01 
8.004146e-01 7.987553e-01 
8.080836e-01 7.990106e-01 
8.157396e-01 7.992493e-01 
8.233830e-01 7.994722e-01 
8.310153e-01 7.996808e-01 
8.386376e-01 7.998763e-01 
8.462519e-01 8.000602e-01 
8.538584e-01 8.002333e-01 
8.614578e-01 8.003965e-01 
8.690506e-01 8.005505e-01 
8.766372e-01 8.006961e-01 
8.842181e-01 8.008339e-01 
8.917938e-01 8.009645e-01 
8.993645e-01 8.010884e-01 
9.069304e-01 8.012057e-01 
9.144921e-01 8.013172e-01 
9.220497e-01 8.014231e-01 
9.296035e-01 8.015241e-01 
9.371536e-01 8.016200e-01 
9.447002e-01 8.017114e-01 
9.522433e-01 8.017982e-01 
9.597830e-01 8.018807e-01 
9.673194e-01 8.019586e-01 
9.748526e-01 8.020325e-01 
9.823828e-01 8.021026e-01 
9.899103e-01 8.021693e-01 
9.974352e-01 8.022327e-01 
1.004958e+00 8.022930e-01 
1.012478e+00 8.023505e-01 
1.019995e+00 8.024053e-01 
1.027511e+00 8.024571e-01 
1.035024e+00 8.025064e-01 
1.042535e+00 8.025533e-01 
1.050044e+00 8.025979e-01 
1.057551e+00 8.026402e-01 
1.065056e+00 8.026802e-01 
1.072559e+00 8.027180e-01 
1.080060e+00 8.027535e-01 
1.087559e+00 8.027867e-01 
1.095057e+00 8.028178e-01 
1.102552e+00 8.028469e-01 
1.110046e+00 8.028743e-01 
1.117538e+00 8.029000e-01 
1.125029e+00 8.029242e-01 
1.132518e+00 8.029469e-01 
1.140007e+00 8.029683e-01 
1.147494e+00 8.029883e-01 
1.154979e+00 8.030071e-01 
7.774632e-01 8.037990e-01 
7.851708e-01 8.041028e-01 
7.928631e-01 8.043864e-01 
8.005407e-01 8.046513e-01 
8.082034e-01 8.048982e-01 
8.158538e-01 8.051290e-01 
8.234917e-01 8.053445e-01 
8.311189e-01 8.055461e-01 
8.387364e-01 8.057350e-01 
8.463461e-01 8.059128e-01 
8.539482e-01 8.060801e-01 
8.615434e-01 8.062378e-01 
8.691320e-01 8.063867e-01 
8.767147e-01 8.065273e-01 
8.842920e-01 8.066606e-01 
8.918640e-01 8.067868e-01 
8.994313e-01 8.069065e-01 
9.069940e-01 8.070199e-01 
9.145525e-01 8.071276e-01 
9.221070e-01 8.072300e-01 
9.296579e-01 8.073276e-01 
9.372052e-01 8.074204e-01 
9.447491e-01 8.075087e-01 
9.522896e-01 8.075926e-01 
9.598269e-01 8.076723e-01 
9.673608e-01 8.077476e-01 
9.748918e-01 8.078191e-01 
9.824198e-01 8.078868e-01 
9.899453e-01 8.079514e-01 
9.974681e-01 8.080126e-01 
1.004989e+00 8.080711e-01 
1.012507e+00 8.081266e-01 
1.020023e+00 8.081796e-01 
1.027536e+00 8.082298e-01 
1.035048e+00 8.082775e-01 
1.042558e+00 8.083229e-01 
1.050065e+00 8.083661e-01 
1.057571e+00 8.084069e-01 
1.065075e+00 8.084457e-01 
1.072577e+00 8.084823e-01 
1.080077e+00 8.085167e-01 
1.087575e+00 8.085489e-01 
1.095071e+00 8.085790e-01 
1.102565e+00 8.086073e-01 
1.110058e+00 8.086339e-01 
1.117550e+00 8.086588e-01 
1.125040e+00 8.086822e-01 
1.132528e+00 8.087043e-01 
1.140016e+00 8.087251e-01 
1.147502e+00 8.087445e-01 
1.154987e+00 8.087628e-01 
7.776111e-01 8.097244e-01 
7.853112e-01 8.100177e-01 
7.929965e-01 8.102915e-01 
8.006675e-01 8.105473e-01 
8.083241e-01 8.107855e-01 
8.159687e-01 8.110083e-01 
8.236012e-01 8.112163e-01 
8.312233e-01 8.114109e-01 
8.388359e-01 8.115932e-01 
8.464409e-01 8.117647e-01 
8.540386e-01 8.119262e-01 
8.616295e-01 8.120784e-01 
8.692141e-01 8.122221e-01 
8.767929e-01 8.123578e-01 
8.843664e-01 8.124864e-01 
8.919349e-01 8.126082e-01 
8.994987e-01 8.127237e-01 
9.070580e-01 8.128331e-01 
9.146134e-01 8.129371e-01 
9.221648e-01 8.130359e-01 
9.297128e-01 8.131301e-01 
9.372572e-01 8.132196e-01 
9.447984e-01 8.133049e-01 
9.523363e-01 8.133859e-01 
9.598711e-01 8.134628e-01 
9.674027e-01 8.135355e-01 
9.749313e-01 8.136045e-01 
9.824572e-01 8.136699e-01 
9.899806e-01 8.137322e-01 
9.975014e-01 8.137914e-01 
1.005020e+00 8.138478e-01 
1.012536e+00 8.139015e-01 
1.020051e+00 8.139527e-01 
1.027563e+00 8.140012e-01 
1.035073e+00 8.140473e-01 
1.042581e+00 8.140911e-01 
1.050087e+00 8.141329e-01 
1.057591e+00 8.141724e-01 
1.065094e+00 8.142099e-01 
1.072594e+00 8.142453e-01 
1.080093e+00 8.142786e-01 
1.087590e+00 8.143097e-01 
1.095085e+00 8.143389e-01 
1.102579e+00 8.143663e-01 
1.110071e+00 8.143920e-01 
1.117561e+00 8.144162e-01 
1.125050e+00 8.144389e-01 
1.132538e+00 8.144603e-01 
1.140025e+00 8.144805e-01 
1.147511e+00 8.144994e-01 
1.154995e+00 8.145172e-01 
7.777597e-01 8.156497e-01 
7.854524e-01 8.159324e-01 
7.931307e-01 8.161963e-01 
8.007951e-01 8.164427e-01 
8.084456e-01 8.166723e-01 
8.160844e-01 8.168870e-01 
8.237115e-01 8.170873e-01 
8.313284e-01 8.172748e-01 
8.389361e-01 8.174505e-01 
8.465365e-01 8.176158e-01 
8.541297e-01 8.177713e-01 
8.617163e-01 8.179180e-01 
8.692968e-01 8.180564e-01 
8.768717e-01 8.181872e-01 
8.844414e-01 8.183110e-01 
8.920063e-01 8.184284e-01 
8.995666e-01 8.185397e-01 
9.071226e-01 8.186451e-01 
9.146747e-01 8.187453e-01 
9.222231e-01 8.188405e-01 
9.297681e-01 8.189313e-01 
9.373097e-01 8.190175e-01 
9.448481e-01 8.190997e-01 
9.523834e-01 8.191777e-01 
9.599157e-01 8.192519e-01 
9.674448e-01 8.193220e-01 
9.749712e-01 8.193884e-01 
9.824949e-01 8.194516e-01 
9.900161e-01 8.195116e-01 
9.975350e-01 8.195687e-01 
1.005052e+00 8.196231e-01 
1.012566e+00 8.196749e-01 
1.020079e+00 8.197243e-01 
1.027589e+00 8.197710e-01 
1.035097e+00 8.198155e-01 
1.042604e+00 8.198579e-01 
1.050109e+00 8.198982e-01 
1.057611e+00 8.199363e-01 
1.065113e+00 8.199725e-01 
1.072612e+00 8.200067e-01 
1.080110e+00 8.200389e-01 
1.087605e+00 8.200690e-01 
1.095099e+00 8.200972e-01 
1.102592e+00 8.201237e-01 
1.110083e+00 8.201486e-01 
1.117573e+00 8.201720e-01 
1.125061e+00 8.201940e-01 
1.132548e+00 8.202148e-01 
1.140035e+00 8.202344e-01 
1.147519e+00 8.202527e-01 
1.155003e+00 8.202699e-01 
7.779090e-01 8.215746e-01 
7.855943e-01 8.218465e-01 
7.932656e-01 8.221003e-01 
8.009234e-01 8.223374e-01 
8.085678e-01 8.225581e-01 
8.162007e-01 8.227646e-01 
8.238224e-01 8.229573e-01 
8.314342e-01 8.231376e-01 
8.390370e-01 8.233065e-01 
8.466327e-01 8.234655e-01 
8.542214e-01 8.236151e-01 
8.618037e-01 8.237561e-01 
8.693801e-01 8.238892e-01 
8.769510e-01 8.240150e-01 
8.845169e-01 8.241342e-01 
8.920781e-01 8.242470e-01 
8.996350e-01 8.243541e-01 
9.071876e-01 8.244555e-01 
9.147365e-01 8.245518e-01 
9.222818e-01 8.246435e-01 
9.298238e-01 8.247308e-01 
9.373625e-01 8.248137e-01 
9.448981e-01 8.248928e-01 
9.524308e-01 8.249679e-01 
9.599605e-01 8.250392e-01 
9.674873e-01 8.251067e-01 
9.750113e-01 8.251707e-01 
9.825328e-01 8.252314e-01 
9.900520e-01 8.252893e-01 
9.975688e-01 8.253442e-01 
1.005083e+00 8.253966e-01 
1.012596e+00 8.254465e-01 
1.020107e+00 8.254940e-01 
1.027615e+00 8.255391e-01 
1.035122e+00 8.255820e-01 
1.042627e+00 8.256227e-01 
1.050130e+00 8.256616e-01 
1.057632e+00 8.256984e-01 
1.065132e+00 8.257333e-01 
1.072630e+00 8.257663e-01 
1.080126e+00 8.257974e-01 
1.087621e+00 8.258264e-01 
1.095114e+00 8.258537e-01 
1.102606e+00 8.258792e-01 
1.110096e+00 8.259033e-01 
1.117585e+00 8.259260e-01 
1.125072e+00 8.259473e-01 
1.132559e+00 8.259674e-01 
1.140044e+00 8.259863e-01 
1.147528e+00 8.260041e-01 
1.155012e+00 8.260208e-01 
7.780591e-01 8.274986e-01 
7.857369e-01 8.277596e-01 
7.934012e-01 8.280032e-01 
8.010524e-01 8.282306e-01 
8.086906e-01 8.284425e-01 
8.163177e-01 8.286406e-01 
8.239339e-01 8.288256e-01 
8.315405e-01 8.289987e-01 
8.391384e-01 8.291608e-01 
8.467294e-01 8.293134e-01 
8.543136e-01 8.294570e-01 
8.618916e-01 8.295924e-01 
8.694638e-01 8.297202e-01 
8.770307e-01 8.298410e-01 
8.845928e-01 8.299553e-01 
8.921504e-01 8.300637e-01 
8.997037e-01 8.301665e-01 
9.072529e-01 8.302639e-01 
9.147986e-01 8.303564e-01 
9.223407e-01 8.304444e-01 
9.298797e-01 8.305282e-01 
9.374156e-01 8.306079e-01 
9.449485e-01 8.306838e-01 
9.524785e-01 8.307559e-01 
9.600057e-01 8.308245e-01 
9.675300e-01 8.308893e-01 
9.750517e-01 8.309508e-01 
9.825710e-01 8.310092e-01 
9.900880e-01 8.310648e-01 
9.976028e-01 8.311176e-01 
1.005116e+00 8.311679e-01 
1.012626e+00 8.312159e-01 
1.020135e+00 8.312616e-01 
1.027642e+00 8.313050e-01 
1.035147e+00 8.313462e-01 
1.042651e+00 8.313855e-01 
1.050153e+00 8.314229e-01 
1.057653e+00 8.314583e-01 
1.065151e+00 8.314919e-01 
1.072648e+00 8.315237e-01 
1.080143e+00 8.315537e-01 
1.087637e+00 8.315817e-01 
1.095129e+00 8.316080e-01 
1.102619e+00 8.316327e-01 
1.110109e+00 8.316559e-01 
1.117597e+00 8.316778e-01 
1.125083e+00 8.316984e-01 
1.132569e+00 8.317179e-01 
1.140054e+00 8.317362e-01 
1.147537e+00 8.317534e-01 
1.155020e+00 8.317696e-01 
7.782098e-01 8.334213e-01 
7.858801e-01 8.336711e-01 
7.935373e-01 8.339043e-01 
8.011820e-01 8.341221e-01 
8.088139e-01 8.343249e-01 
8.164352e-01 8.345146e-01 
8.240459e-01 8.346918e-01 
8.316473e-01 8.348575e-01 
8.392403e-01 8.350128e-01 
8.468265e-01 8.351590e-01 
8.544061e-01 8.352966e-01 
8.619798e-01 8.354263e-01 
8.695478e-01 8.355488e-01 
8.771108e-01 8.356645e-01 
8.846691e-01 8.357741e-01 
8.922229e-01 8.358779e-01 
8.997727e-01 8.359765e-01 
9.073186e-01 8.360698e-01 
9.148609e-01 8.361585e-01 
9.224000e-01 8.362428e-01 
9.299360e-01 8.363232e-01 
9.374689e-01 8.363996e-01 
9.449990e-01 8.364723e-01 
9.525263e-01 8.365415e-01 
9.600510e-01 8.366072e-01 
9.675729e-01 8.366694e-01 
9.750923e-01 8.367284e-01 
9.826093e-01 8.367844e-01 
9.901242e-01 8.368377e-01 
9.976369e-01 8.368884e-01 
1.005148e+00 8.369368e-01 
1.012657e+00 8.369828e-01 
1.020164e+00 8.370267e-01 
1.027669e+00 8.370684e-01 
1.035173e+00 8.371080e-01 
1.042674e+00 8.371457e-01 
1.050175e+00 8.371816e-01 
1.057673e+00 8.372157e-01 
1.065170e+00 8.372480e-01 
1.072666e+00 8.372786e-01 
1.080160e+00 8.373075e-01 
1.087653e+00 8.373344e-01 
1.095144e+00 8.373598e-01 
1.102633e+00 8.373836e-01 
1.110121e+00 8.374060e-01 
1.117609e+00 8.374271e-01 
1.125095e+00 8.374471e-01 
1.132579e+00 8.374659e-01 
1.140063e+00 8.374836e-01 
1.147546e+00 8.375003e-01 
1.155028e+00 8.375160e-01 
7.783610e-01 8.393420e-01 
7.860238e-01 8.395804e-01 
7.936740e-01 8.398030e-01 
8.013119e-01 8.400109e-01 
8.089377e-01 8.402047e-01 
8.165531e-01 8.403859e-01 
8.241583e-01 8.405551e-01 
8.317544e-01 8.407135e-01 
8.393425e-01 8.408620e-01 
8.469239e-01 8.410017e-01 
8.544990e-01 8.411332e-01 
8.620683e-01 8.412573e-01 
8.696322e-01 8.413744e-01 
8.771911e-01 8.414850e-01 
8.847455e-01 8.415899e-01 
8.922957e-01 8.416892e-01 
8.998419e-01 8.417834e-01 
9.073844e-01 8.418727e-01 
9.149235e-01 8.419576e-01 
9.224594e-01 8.420382e-01 
9.299923e-01 8.421151e-01 
9.375224e-01 8.421882e-01 
9.450497e-01 8.422579e-01 
9.525744e-01 8.423241e-01 
9.600965e-01 8.423870e-01 
9.676159e-01 8.424465e-01 
9.751330e-01 8.425030e-01 
9.826478e-01 8.425566e-01 
9.901605e-01 8.426078e-01 
9.976712e-01 8.426563e-01 
1.005180e+00 8.427027e-01 
1.012687e+00 8.427468e-01 
1.020192e+00 8.427889e-01 
1.027696e+00 8.428288e-01 
1.035198e+00 8.428668e-01 
1.042698e+00 8.429030e-01 
1.050197e+00 8.429375e-01 
1.057694e+00 8.429702e-01 
1.065190e+00 8.430013e-01 
1.072684e+00 8.430306e-01 
1.080177e+00 8.430584e-01 
1.087668e+00 8.430843e-01 
1.095158e+00 8.431087e-01 
1.102647e+00 8.431316e-01 
1.110134e+00 8.431533e-01 
1.117621e+00 8.431736e-01 
1.125106e+00 8.431929e-01 
1.132590e+00 8.432110e-01 
1.140073e+00 8.432282e-01 
1.147555e+00 8.432443e-01 
1.155037e+00 8.432595e-01 
7.785127e-01 8.452601e-01 
7.861680e-01 8.454868e-01 
7.938110e-01 8.456987e-01 
8.014422e-01 8.458966e-01 
8.090617e-01 8.460811e-01 
8.166712e-01 8.462537e-01 
8.242708e-01 8.464150e-01 
8.318617e-01 8.465660e-01 
8.394448e-01 8.467075e-01 
8.470215e-01 8.468408e-01 
8.545920e-01 8.469663e-01 
8.621569e-01 8.470846e-01 
8.697166e-01 8.471964e-01 
8.772715e-01 8.473020e-01 
8.848220e-01 8.474020e-01 
8.923685e-01 8.474968e-01 
8.999112e-01 8.475868e-01 
9.074503e-01 8.476720e-01 
9.149861e-01 8.477530e-01 
9.225188e-01 8.478301e-01 
9.300488e-01 8.479035e-01 
9.375759e-01 8.479733e-01 
9.451004e-01 8.480398e-01 
9.526224e-01 8.481031e-01 
9.601420e-01 8.481632e-01 
9.676590e-01 8.482201e-01 
9.751737e-01 8.482741e-01 
9.826863e-01 8.483254e-01 
9.901969e-01 8.483742e-01 
9.977055e-01 8.484207e-01 
1.005212e+00 8.484650e-01 
1.012718e+00 8.485073e-01 
1.020221e+00 8.485476e-01 
1.027723e+00 8.485858e-01 
1.035223e+00 8.486222e-01 
1.042722e+00 8.486569e-01 
1.050219e+00 8.486899e-01 
1.057715e+00 8.487213e-01 
1.065210e+00 8.487511e-01 
1.072703e+00 8.487792e-01 
1.080194e+00 8.488059e-01 
1.087684e+00 8.488308e-01 
1.095173e+00 8.488543e-01 
1.102661e+00 8.488763e-01 
1.110147e+00 8.488972e-01 
1.117633e+00 8.489168e-01 
1.125117e+00 8.489353e-01 
1.132600e+00 8.489529e-01 
1.140083e+00 8.489694e-01 
1.147565e+00 8.489850e-01 
1.155045e+00 8.489998e-01 
7.786646e-01 8.511747e-01 
7.863123e-01 8.513896e-01 
7.939482e-01 8.515904e-01 
8.015727e-01 8.517783e-01 
8.091859e-01 8.519534e-01 
8.167894e-01 8.521175e-01 
8.243834e-01 8.522707e-01 
8.319691e-01 8.524143e-01 
8.395471e-01 8.525489e-01 
8.471190e-01 8.526757e-01 
8.546849e-01 8.527951e-01 
8.622454e-01 8.529078e-01 
8.698009e-01 8.530142e-01 
8.773518e-01 8.531147e-01 
8.848985e-01 8.532100e-01 
8.924413e-01 8.533003e-01 
8.999804e-01 8.533860e-01 
9.075161e-01 8.534672e-01 
9.150486e-01 8.535444e-01 
9.225782e-01 8.536179e-01 
9.301051e-01 8.536879e-01 
9.376293e-01 8.537544e-01 
9.451511e-01 8.538178e-01 
9.526704e-01 8.538781e-01 
9.601874e-01 8.539355e-01 
9.677020e-01 8.539897e-01 
9.752144e-01 8.540412e-01 
9.827247e-01 8.540902e-01 
9.902332e-01 8.541368e-01 
9.977398e-01 8.541812e-01 
1.005245e+00 8.542235e-01 
1.012748e+00 8.542639e-01 
1.020250e+00 8.543024e-01 
1.027750e+00 8.543389e-01 
1.035248e+00 8.543738e-01 
1.042746e+00 8.544069e-01 
1.050241e+00 8.544386e-01 
1.057736e+00 8.544686e-01 
1.065229e+00 8.544971e-01 
1.072721e+00 8.545241e-01 
1.080211e+00 8.545497e-01 
1.087700e+00 8.545736e-01 
1.095188e+00 8.545961e-01 
1.102675e+00 8.546174e-01 
1.110160e+00 8.546374e-01 
1.117645e+00 8.546563e-01 
1.125128e+00 8.546742e-01 
1.132611e+00 8.546911e-01 
1.140093e+00 8.547071e-01 
1.147574e+00 8.547222e-01 
1.155054e+00 8.547365e-01 
7.788168e-01 8.570849e-01 
7.864568e-01 8.572878e-01 
7.940854e-01 8.574776e-01 
8.017031e-01 8.576552e-01 
8.093100e-01 8.578210e-01 
8.169075e-01 8.579763e-01 
8.244959e-01 8.581216e-01 
8.320763e-01 8.582577e-01 
8.396493e-01 8.583854e-01 
8.472163e-01 8.585057e-01 
8.547777e-01 8.586191e-01 
8.623338e-01 8.587261e-01 
8.698851e-01 8.588271e-01 
8.774319e-01 8.589227e-01 
8.849748e-01 8.590132e-01 
8.925138e-01 8.590991e-01 
9.000494e-01 8.591805e-01 
9.075817e-01 8.592577e-01 
9.151110e-01 8.593311e-01 
9.226374e-01 8.594010e-01 
9.301613e-01 8.594676e-01 
9.376826e-01 8.595309e-01 
9.452016e-01 8.595912e-01 
9.527183e-01 8.596486e-01 
9.602327e-01 8.597032e-01 
9.677448e-01 8.597548e-01 
9.752549e-01 8.598039e-01 
9.827630e-01 8.598505e-01 
9.902694e-01 8.598950e-01 
9.977739e-01 8.599373e-01 
1.005277e+00 8.599777e-01 
1.012778e+00 8.600162e-01 
1.020278e+00 8.600529e-01 
1.027777e+00 8.600878e-01 
1.035274e+00 8.601210e-01 
1.042769e+00 8.601527e-01 
1.050264e+00 8.601829e-01 
1.057757e+00 8.602117e-01 
1.065249e+00 8.602390e-01 
1.072739e+00 8.602649e-01 
1.080228e+00 8.602893e-01 
1.087716e+00 8.603123e-01 
1.095203e+00 8.603339e-01 
1.102689e+00 8.603543e-01 
1.110173e+00 8.603736e-01 
1.117657e+00 8.603918e-01 
1.125140e+00 8.604090e-01 
1.132622e+00 8.604253e-01 
1.140103e+00 8.604408e-01 
1.147583e+00 8.604554e-01 
1.155062e+00 8.604692e-01 
7.789689e-01 8.629899e-01 
7.866011e-01 8.631805e-01 
7.942225e-01 8.633591e-01 
8.018334e-01 8.635265e-01 
8.094338e-01 8.636829e-01 
8.170253e-01 8.638295e-01 
8.246081e-01 8.639667e-01 
8.321831e-01 8.640955e-01 
8.397511e-01 8.642163e-01 
8.473133e-01 8.643301e-01 
8.548700e-01 8.644375e-01 
8.624217e-01 8.645388e-01 
8.699688e-01 8.646346e-01 
8.775116e-01 8.647251e-01 
8.850506e-01 8.648110e-01 
8.925860e-01 8.648924e-01 
9.001181e-01 8.649697e-01 
9.076469e-01 8.650429e-01 
9.151730e-01 8.651126e-01 
9.226963e-01 8.651789e-01 
9.302172e-01 8.652421e-01 
9.377356e-01 8.653022e-01 
9.452519e-01 8.653595e-01 
9.527659e-01 8.654140e-01 
9.602777e-01 8.654659e-01 
9.677875e-01 8.655149e-01 
9.752952e-01 8.655616e-01 
9.828011e-01 8.656059e-01 
9.903053e-01 8.656482e-01 
9.978079e-01 8.656885e-01 
1.005309e+00 8.657269e-01 
1.012809e+00 8.657636e-01 
1.020307e+00 8.657986e-01 
1.027803e+00 8.658318e-01 
1.035299e+00 8.658636e-01 
1.042793e+00 8.658938e-01 
1.050286e+00 8.659227e-01 
1.057777e+00 8.659501e-01 
1.065268e+00 8.659762e-01 
1.072757e+00 8.660010e-01 
1.080245e+00 8.660244e-01 
1.087732e+00 8.660464e-01 
1.095218e+00 8.660672e-01 
1.102702e+00 8.660867e-01 
1.110186e+00 8.661053e-01 
1.117669e+00 8.661228e-01 
1.125151e+00 8.661394e-01 
1.132632e+00 8.661552e-01 
1.140112e+00 8.661701e-01 
1.147592e+00 8.661842e-01 
1.155071e+00 8.661976e-01 
7.791208e-01 8.688884e-01 
7.867453e-01 8.690668e-01 
7.943592e-01 8.692342e-01 
8.019632e-01 8.693912e-01 
8.095572e-01 8.695381e-01 
8.171426e-01 8.696761e-01 
8.247197e-01 8.698053e-01 
8.322893e-01 8.699266e-01 
8.398523e-01 8.700406e-01 
8.474096e-01 8.701480e-01 
8.549617e-01 8.702494e-01 
8.625091e-01 8.703451e-01 
8.700519e-01 8.704356e-01 
8.775908e-01 8.705213e-01 
8.851259e-01 8.706025e-01 
8.926576e-01 8.706795e-01 
9.001862e-01 8.707527e-01 
9.077117e-01 8.708220e-01 
9.152345e-01 8.708880e-01 
9.227547e-01 8.709507e-01 
9.302726e-01 8.710106e-01 
9.377882e-01 8.710676e-01 
9.453017e-01 8.711219e-01 
9.528130e-01 8.711736e-01 
9.603224e-01 8.712227e-01 
9.678297e-01 8.712693e-01 
9.753352e-01 8.713136e-01 
9.828389e-01 8.713557e-01 
9.903410e-01 8.713959e-01 
9.978415e-01 8.714341e-01 
1.005341e+00 8.714706e-01 
1.012838e+00 8.715055e-01 
1.020335e+00 8.715388e-01 
1.027830e+00 8.715705e-01 
1.035324e+00 8.716007e-01 
1.042816e+00 8.716295e-01 
1.050308e+00 8.716571e-01 
1.057798e+00 8.716832e-01 
1.065287e+00 8.717082e-01 
1.072775e+00 8.717319e-01 
1.080262e+00 8.717543e-01 
1.087748e+00 8.717754e-01 
1.095232e+00 8.717953e-01 
1.102716e+00 8.718141e-01 
1.110199e+00 8.718319e-01 
1.117681e+00 8.718488e-01 
1.125162e+00 8.718648e-01 
1.132642e+00 8.718800e-01 
1.140122e+00 8.718944e-01 
1.147601e+00 8.719081e-01 
1.155079e+00 8.719211e-01 
7.792724e-01 8.747796e-01 
7.868889e-01 8.749457e-01 
7.944954e-01 8.751018e-01 
8.020924e-01 8.752486e-01 
8.096799e-01 8.753860e-01 
8.172592e-01 8.755153e-01 
8.248305e-01 8.756366e-01 
8.323948e-01 8.757506e-01 
8.399527e-01 8.758577e-01 
8.475052e-01 8.759588e-01 
8.550527e-01 8.760543e-01 
8.625956e-01 8.761445e-01 
8.701343e-01 8.762298e-01 
8.776692e-01 8.763106e-01 
8.852005e-01 8.763872e-01 
8.927286e-01 8.764599e-01 
9.002536e-01 8.765290e-01 
9.077758e-01 8.765945e-01 
9.152954e-01 8.766568e-01 
9.228125e-01 8.767162e-01 
9.303275e-01 8.767728e-01 
9.378402e-01 8.768266e-01 
9.453510e-01 8.768780e-01 
9.528597e-01 8.769269e-01 
9.603666e-01 8.769735e-01 
9.678715e-01 8.770176e-01 
9.753747e-01 8.770595e-01 
9.828762e-01 8.770994e-01 
9.903763e-01 8.771375e-01 
9.978748e-01 8.771738e-01 
1.005372e+00 8.772085e-01 
1.012868e+00 8.772416e-01 
1.020363e+00 8.772733e-01 
1.027856e+00 8.773034e-01 
1.035348e+00 8.773321e-01 
1.042839e+00 8.773596e-01 
1.050329e+00 8.773858e-01 
1.057818e+00 8.774108e-01 
1.065306e+00 8.774346e-01 
1.072793e+00 8.774572e-01 
1.080279e+00 8.774787e-01 
1.087763e+00 8.774989e-01 
1.095247e+00 8.775180e-01 
1.102730e+00 8.775360e-01 
1.110212e+00 8.775532e-01 
1.117693e+00 8.775694e-01 
1.125173e+00 8.775849e-01 
1.132653e+00 8.775996e-01 
1.140132e+00 8.776136e-01 
1.147610e+00 8.776268e-01 
1.155087e+00 8.776395e-01 
7.794234e-01 8.806623e-01 
7.870319e-01 8.808161e-01 
7.946309e-01 8.809610e-01 
8.022209e-01 8.810975e-01 
8.098017e-01 8.812256e-01 
8.173749e-01 8.813463e-01 
8.249404e-01 8.814597e-01 
8.324993e-01 8.815664e-01 
8.400521e-01 8.816668e-01 
8.475997e-01 8.817616e-01 
8.551426e-01 8.818513e-01 
8.626812e-01 8.819360e-01 
8.702157e-01 8.820162e-01 
8.777466e-01 8.820922e-01 
8.852742e-01 8.821644e-01 
8.927986e-01 8.822329e-01 
9.003202e-01 8.822979e-01 
9.078391e-01 8.823597e-01 
9.153555e-01 8.824184e-01 
9.228696e-01 8.824744e-01 
9.303816e-01 8.825278e-01 
9.378915e-01 8.825786e-01 
9.453996e-01 8.826271e-01 
9.529058e-01 8.826733e-01 
9.604102e-01 8.827173e-01 
9.679128e-01 8.827590e-01 
9.754137e-01 8.827987e-01 
9.829131e-01 8.828365e-01 
9.904111e-01 8.828725e-01 
9.979077e-01 8.829069e-01 
1.005403e+00 8.829398e-01 
1.012897e+00 8.829712e-01 
1.020390e+00 8.830013e-01 
1.027882e+00 8.830299e-01 
1.035372e+00 8.830572e-01 
1.042862e+00 8.830834e-01 
1.050351e+00 8.831084e-01 
1.057838e+00 8.831322e-01 
1.065325e+00 8.831549e-01 
1.072810e+00 8.831765e-01 
1.080295e+00 8.831971e-01 
1.087779e+00 8.832164e-01 
1.095261e+00 8.832347e-01 
1.102743e+00 8.832521e-01 
1.110224e+00 8.832686e-01 
1.117704e+00 8.832842e-01 
1.125184e+00 8.832992e-01 
1.132663e+00 8.833134e-01 
1.140141e+00 8.833269e-01 
1.147619e+00 8.833398e-01 
1.155096e+00 8.833521e-01 
7.795737e-01 8.865356e-01 
7.871741e-01 8.866772e-01 
7.947655e-01 8.868110e-01 
8.023483e-01 8.869373e-01 
8.099225e-01 8.870562e-01 
8.174894e-01 8.871684e-01 
8.250492e-01 8.872739e-01 
8.326026e-01 8.873734e-01 
8.401502e-01 8.874672e-01 
8.476931e-01 8.875559e-01 
8.552314e-01 8.876398e-01 
8.627656e-01 8.877192e-01 
8.702960e-01 8.877944e-01 
8.778229e-01 8.878657e-01 
8.853467e-01 8.879335e-01 
8.928676e-01 8.879978e-01 
9.003858e-01 8.880590e-01 
9.079014e-01 8.881170e-01 
9.154147e-01 8.881723e-01 
9.229258e-01 8.882250e-01 
9.304349e-01 8.882753e-01 
9.379421e-01 8.883232e-01 
9.454474e-01 8.883689e-01 
9.529511e-01 8.884125e-01 
9.604531e-01 8.884540e-01 
9.679533e-01 8.884933e-01 
9.754520e-01 8.885308e-01 
9.829493e-01 8.885665e-01 
9.904453e-01 8.886006e-01 
9.979399e-01 8.886331e-01 
1.005433e+00 8.886643e-01 
1.012926e+00 8.886940e-01 
1.020417e+00 8.887226e-01 
1.027907e+00 8.887497e-01 
1.035396e+00 8.887757e-01 
1.042884e+00 8.888006e-01 
1.050372e+00 8.888244e-01 
1.057858e+00 8.888471e-01 
1.065343e+00 8.888688e-01 
1.072828e+00 8.888894e-01 
1.080311e+00 8.889091e-01 
1.087794e+00 8.889276e-01 
1.095275e+00 8.889452e-01 
1.102756e+00 8.889619e-01 
1.110236e+00 8.889778e-01 
1.117716e+00 8.889929e-01 
1.125195e+00 8.890074e-01 
1.132673e+00 8.890211e-01 
1.140150e+00 8.890343e-01 
1.147627e+00 8.890468e-01 
1.155104e+00 8.890588e-01 
7.797231e-01 8.923984e-01 
7.873153e-01 8.925280e-01 
7.948990e-01 8.926508e-01 
8.024745e-01 8.927671e-01 
8.100420e-01 8.928768e-01 
8.176026e-01 8.929805e-01 
8.251565e-01 8.930784e-01 
8.327045e-01 8.931708e-01 
8.402470e-01 8.932581e-01 
8.477850e-01 8.933408e-01 
8.553187e-01 8.934190e-01 
8.628486e-01 8.934932e-01 
8.703749e-01 8.935635e-01 
8.778980e-01 8.936303e-01 
8.854181e-01 8.936937e-01 
8.929354e-01 8.937540e-01 
9.004503e-01 8.938114e-01 
9.079626e-01 8.938659e-01 
9.154728e-01 8.939178e-01 
9.229809e-01 8.939673e-01 
9.304872e-01 8.940145e-01 
9.379916e-01 8.940595e-01 
9.454944e-01 8.941026e-01 
9.529956e-01 8.941436e-01 
9.604952e-01 8.941826e-01 
9.679931e-01 8.942197e-01 
9.754897e-01 8.942551e-01 
9.829849e-01 8.942888e-01 
9.904788e-01 8.943210e-01 
9.979716e-01 8.943517e-01 
1.005463e+00 8.943812e-01 
1.012954e+00 8.944094e-01 
1.020444e+00 8.944364e-01 
1.027932e+00 8.944622e-01 
1.035420e+00 8.944869e-01 
1.042906e+00 8.945106e-01 
1.050392e+00 8.945332e-01 
1.057877e+00 8.945549e-01 
1.065361e+00 8.945756e-01 
1.072845e+00 8.945954e-01 
1.080327e+00 8.946142e-01 
1.087808e+00 8.946320e-01 
1.095289e+00 8.946489e-01 
1.102769e+00 8.946650e-01 
1.110248e+00 8.946803e-01 
1.117727e+00 8.946949e-01 
1.125205e+00 8.947089e-01 
1.132683e+00 8.947223e-01 
1.140159e+00 8.947351e-01 
1.147636e+00 8.947474e-01 
1.155112e+00 8.947591e-01 
7.798716e-01 8.982503e-01 
7.874553e-01 8.983681e-01 
7.950312e-01 8.984801e-01 
8.025994e-01 8.985865e-01 
8.101601e-01 8.986872e-01 
8.177144e-01 8.987827e-01 
8.252624e-01 8.988730e-01 
8.328048e-01 8.989585e-01 
8.403423e-01 8.990394e-01 
8.478754e-01 8.991161e-01 
8.554046e-01 8.991889e-01 
8.629301e-01 8.992579e-01 
8.704524e-01 8.993235e-01 
8.779716e-01 8.993858e-01 
8.854880e-01 8.994451e-01 
8.930019e-01 8.995015e-01 
9.005134e-01 8.995552e-01 
9.080226e-01 8.996062e-01 
9.155297e-01 8.996548e-01 
9.230349e-01 8.997012e-01 
9.305384e-01 8.997455e-01 
9.380402e-01 8.997878e-01 
9.455404e-01 8.998282e-01 
9.530391e-01 8.998667e-01 
9.605363e-01 8.999035e-01 
9.680321e-01 8.999384e-01 
9.755265e-01 8.999716e-01 
9.830196e-01 9.000034e-01 
9.905117e-01 9.000338e-01 
9.980026e-01 9.000629e-01 
1.005492e+00 9.000907e-01 
1.012981e+00 9.001174e-01 
1.020469e+00 9.001431e-01 
1.027956e+00 9.001675e-01 
1.035443e+00 9.001910e-01 
1.042928e+00 9.002135e-01 
1.050412e+00 9.002351e-01 
1.057896e+00 9.002557e-01 
1.065379e+00 9.002755e-01 
1.072861e+00 9.002944e-01 
1.080342e+00 9.003125e-01 
1.087823e+00 9.003296e-01 
1.095303e+00 9.003459e-01 
1.102782e+00 9.003614e-01 
1.110260e+00 9.003762e-01 
1.117738e+00 9.003904e-01 
1.125215e+00 9.004040e-01 
1.132692e+00 9.004170e-01 
1.140168e+00 9.004295e-01 
1.147644e+00 9.004415e-01 
1.155119e+00 9.004530e-01 
7.800188e-01 9.040907e-01 
7.875941e-01 9.041968e-01 
7.951620e-01 9.042982e-01 
8.027228e-01 9.043950e-01 
8.102767e-01 9.044869e-01 
8.178245e-01 9.045743e-01 
8.253665e-01 9.046572e-01 
8.329035e-01 9.047359e-01 
8.404358e-01 9.048107e-01 
8.479641e-01 9.048816e-01 
8.554887e-01 9.049490e-01 
8.630100e-01 9.050131e-01 
8.705282e-01 9.050741e-01 
8.780436e-01 9.051320e-01 
8.855565e-01 9.051873e-01 
8.930669e-01 9.052399e-01 
9.005751e-01 9.052900e-01 
9.080812e-01 9.053376e-01 
9.155853e-01 9.053831e-01 
9.230877e-01 9.054265e-01 
9.305884e-01 9.054680e-01 
9.380876e-01 9.055076e-01 
9.455853e-01 9.055454e-01 
9.530816e-01 9.055816e-01 
9.605765e-01 9.056161e-01 
9.680701e-01 9.056489e-01 
9.755624e-01 9.056802e-01 
9.830535e-01 9.057102e-01 
9.905437e-01 9.057389e-01 
9.980328e-01 9.057663e-01 
1.005521e+00 9.057926e-01 
1.013008e+00 9.058179e-01 
1.020495e+00 9.058422e-01 
1.027980e+00 9.058654e-01 
1.035465e+00 9.058877e-01 
1.042949e+00 9.059091e-01 
1.050432e+00 9.059297e-01 
1.057914e+00 9.059494e-01 
1.065396e+00 9.059683e-01 
1.072877e+00 9.059865e-01 
1.080357e+00 9.060038e-01 
1.087837e+00 9.060202e-01 
1.095316e+00 9.060360e-01 
1.102794e+00 9.060510e-01 
1.110272e+00 9.060653e-01 
1.117749e+00 9.060791e-01 
1.125225e+00 9.060923e-01 
1.132701e+00 9.061051e-01 
1.140177e+00 9.061173e-01 
1.147652e+00 9.061291e-01 
1.155127e+00 9.061404e-01 
7.801648e-01 9.099191e-01 
7.877313e-01 9.100141e-01 
7.952912e-01 9.101052e-01 
8.028445e-01 9.101925e-01 
8.103914e-01 9.102759e-01 
8.179328e-01 9.103554e-01 
8.254688e-01 9.104312e-01 
8.330003e-01 9.105033e-01 
8.405274e-01 9.105720e-01 
8.480509e-01 9.106373e-01 
8.555711e-01 9.106995e-01 
8.630881e-01 9.107588e-01 
8.706024e-01 9.108153e-01 
8.781140e-01 9.108691e-01 
8.856233e-01 9.109204e-01 
8.931303e-01 9.109693e-01 
9.006353e-01 9.110160e-01 
9.081383e-01 9.110604e-01 
9.156395e-01 9.111028e-01 
9.231391e-01 9.111433e-01 
9.306372e-01 9.111821e-01 
9.381337e-01 9.112191e-01 
9.456290e-01 9.112546e-01 
9.531229e-01 9.112885e-01 
9.606156e-01 9.113208e-01 
9.681070e-01 9.113517e-01 
9.755973e-01 9.113811e-01 
9.830865e-01 9.114093e-01 
9.905748e-01 9.114363e-01 
9.980621e-01 9.114622e-01 
1.005549e+00 9.114871e-01 
1.013034e+00 9.115110e-01 
1.020519e+00 9.115340e-01 
1.028003e+00 9.115561e-01 
1.035486e+00 9.115773e-01 
1.042969e+00 9.115977e-01 
1.050451e+00 9.116173e-01 
1.057932e+00 9.116362e-01 
1.065413e+00 9.116543e-01 
1.072893e+00 9.116717e-01 
1.080372e+00 9.116884e-01 
1.087851e+00 9.117042e-01 
1.095329e+00 9.117194e-01 
1.102806e+00 9.117340e-01 
1.110283e+00 9.117480e-01 
1.117759e+00 9.117614e-01 
1.125235e+00 9.117743e-01 
1.132710e+00 9.117868e-01 
1.140185e+00 9.117988e-01 
1.147660e+00 9.118104e-01 
1.155134e+00 9.118216e-01 
7.803093e-01 9.157352e-01 
7.878670e-01 9.158194e-01 
7.954185e-01 9.159006e-01 
8.029643e-01 9.159788e-01 
8.105042e-01 9.160539e-01 
8.180391e-01 9.161258e-01 
8.255692e-01 9.161946e-01 
8.330950e-01 9.162603e-01 
8.406171e-01 9.163232e-01 
8.481358e-01 9.163831e-01 
8.556515e-01 9.164403e-01 
8.631644e-01 9.164950e-01 
8.706747e-01 9.165471e-01 
8.781826e-01 9.165969e-01 
8.856884e-01 9.166444e-01 
8.931921e-01 9.166898e-01 
9.006940e-01 9.167331e-01 
9.081939e-01 9.167744e-01 
9.156923e-01 9.168139e-01 
9.231891e-01 9.168516e-01 
9.306846e-01 9.168878e-01 
9.381786e-01 9.169224e-01 
9.456715e-01 9.169555e-01 
9.531631e-01 9.169872e-01 
9.606536e-01 9.170176e-01 
9.681429e-01 9.170465e-01 
9.756312e-01 9.170742e-01 
9.831186e-01 9.171007e-01 
9.906050e-01 9.171261e-01 
9.980906e-01 9.171506e-01 
1.005575e+00 9.171741e-01 
1.013060e+00 9.171967e-01 
1.020543e+00 9.172185e-01 
1.028025e+00 9.172395e-01 
1.035507e+00 9.172597e-01 
1.042989e+00 9.172791e-01 
1.050469e+00 9.172979e-01 
1.057950e+00 9.173160e-01 
1.065429e+00 9.173334e-01 
1.072908e+00 9.173501e-01 
1.080386e+00 9.173662e-01 
1.087864e+00 9.173815e-01 
1.095341e+00 9.173962e-01 
1.102817e+00 9.174104e-01 
1.110294e+00 9.174240e-01 
1.117769e+00 9.174371e-01 
1.125244e+00 9.174498e-01 
1.132719e+00 9.174621e-01 
1.140194e+00 9.174740e-01 
1.147668e+00 9.174854e-01 
1.155141e+00 9.174966e-01 
7.804522e-01 9.215397e-01 
7.880007e-01 9.216135e-01 
7.955439e-01 9.216853e-01 
8.030820e-01 9.217548e-01 
8.106149e-01 9.218219e-01 
8.181432e-01 9.218865e-01 
8.256674e-01 9.219485e-01 
8.331877e-01 9.220081e-01 
8.407048e-01 9.220653e-01 
8.482187e-01 9.221200e-01 
8.557300e-01 9.221724e-01 
8.632387e-01 9.222226e-01 
8.707452e-01 9.222706e-01 
8.782494e-01 9.223165e-01 
8.857517e-01 9.223603e-01 
8.932522e-01 9.224023e-01 
9.007509e-01 9.224424e-01 
9.082480e-01 9.224807e-01 
9.157435e-01 9.225174e-01 
9.232376e-01 9.225525e-01 
9.307305e-01 9.225862e-01 
9.382221e-01 9.226184e-01 
9.457127e-01 9.226494e-01 
9.532021e-01 9.226790e-01 
9.606904e-01 9.227074e-01 
9.681777e-01 9.227345e-01 
9.756641e-01 9.227605e-01 
9.831496e-01 9.227854e-01 
9.906343e-01 9.228094e-01 
9.981182e-01 9.228325e-01 
1.005601e+00 9.228547e-01 
1.013084e+00 9.228761e-01 
1.020566e+00 9.228969e-01 
1.028047e+00 9.229168e-01 
1.035528e+00 9.229360e-01 
1.043008e+00 9.229546e-01 
1.050487e+00 9.229726e-01 
1.057966e+00 9.229899e-01 
1.065445e+00 9.230066e-01 
1.072923e+00 9.230227e-01 
1.080400e+00 9.230383e-01 
1.087877e+00 9.230532e-01 
1.095353e+00 9.230675e-01 
1.102829e+00 9.230813e-01 
1.110304e+00 9.230946e-01 
1.117779e+00 9.231075e-01 
1.125253e+00 9.231200e-01 
1.132728e+00 9.231321e-01 
1.140201e+00 9.231438e-01 
1.147675e+00 9.231552e-01 
1.155148e+00 9.231663e-01 
7.805932e-01 9.273330e-01 
7.881322e-01 9.273970e-01 
7.956670e-01 9.274597e-01 
8.031973e-01 9.275209e-01 
8.107232e-01 9.275806e-01 
8.182451e-01 9.276381e-01 
8.257633e-01 9.276937e-01 
8.332782e-01 9.277474e-01 
8.407903e-01 9.277992e-01 
8.482996e-01 9.278489e-01 
8.558064e-01 9.278967e-01 
8.633111e-01 9.279425e-01 
8.708137e-01 9.279866e-01 
8.783144e-01 9.280287e-01 
8.858133e-01 9.280691e-01 
8.933105e-01 9.281077e-01 
9.008062e-01 9.281448e-01 
9.083004e-01 9.281802e-01 
9.157931e-01 9.282142e-01 
9.232847e-01 9.282468e-01 
9.307751e-01 9.282781e-01 
9.382643e-01 9.283081e-01 
9.457525e-01 9.283369e-01 
9.532398e-01 9.283646e-01 
9.607261e-01 9.283911e-01 
9.682114e-01 9.284165e-01 
9.756959e-01 9.284409e-01 
9.831796e-01 9.284643e-01 
9.906626e-01 9.284869e-01 
9.981449e-01 9.285087e-01 
1.005627e+00 9.285298e-01 
1.013108e+00 9.285501e-01 
1.020588e+00 9.285698e-01 
1.028068e+00 9.285887e-01 
1.035547e+00 9.286071e-01 
1.043026e+00 9.286248e-01 
1.050505e+00 9.286421e-01 
1.057982e+00 9.286587e-01 
1.065460e+00 9.286749e-01 
1.072937e+00 9.286904e-01 
1.080413e+00 9.287055e-01 
1.087889e+00 9.287200e-01 
1.095364e+00 9.287339e-01 
1.102839e+00 9.287474e-01 
1.110314e+00 9.287605e-01 
1.117788e+00 9.287732e-01 
1.125262e+00 9.287855e-01 
1.132736e+00 9.287975e-01 
1.140209e+00 9.288092e-01 
1.147682e+00 9.288205e-01 
1.155155e+00 9.288316e-01 
7.807317e-01 9.331166e-01 
7.882611e-01 9.331716e-01 
7.957873e-01 9.332259e-01 
8.033099e-01 9.332793e-01 
8.108290e-01 9.333319e-01 
8.183445e-01 9.333828e-01 
8.258569e-01 9.334324e-01 
8.333664e-01 9.334805e-01 
8.408736e-01 9.335271e-01 
8.483782e-01 9.335720e-01 
8.558808e-01 9.336153e-01 
8.633815e-01 9.336571e-01 
8.708803e-01 9.336972e-01 
8.783775e-01 9.337357e-01 
8.858730e-01 9.337728e-01 
8.933671e-01 9.338083e-01 
9.008598e-01 9.338424e-01 
9.083511e-01 9.338751e-01 
9.158412e-01 9.339065e-01 
9.233302e-01 9.339366e-01 
9.308181e-01 9.339657e-01 
9.383051e-01 9.339935e-01 
9.457911e-01 9.340203e-01 
9.532762e-01 9.340461e-01 
9.607605e-01 9.340709e-01 
9.682439e-01 9.340947e-01 
9.757266e-01 9.341176e-01 
9.832086e-01 9.341396e-01 
9.906899e-01 9.341609e-01 
9.981706e-01 9.341815e-01 
1.005651e+00 9.342014e-01 
1.013130e+00 9.342207e-01 
1.020610e+00 9.342394e-01 
1.028088e+00 9.342574e-01 
1.035566e+00 9.342750e-01 
1.043044e+00 9.342920e-01 
1.050521e+00 9.343086e-01 
1.057998e+00 9.343246e-01 
1.065474e+00 9.343402e-01 
1.072950e+00 9.343553e-01 
1.080426e+00 9.343699e-01 
1.087901e+00 9.343840e-01 
1.095375e+00 9.343977e-01 
1.102850e+00 9.344109e-01 
1.110324e+00 9.344238e-01 
1.117797e+00 9.344363e-01 
1.125270e+00 9.344485e-01 
1.132744e+00 9.344605e-01 
1.140216e+00 9.344721e-01 
1.147689e+00 9.344835e-01 
1.155161e+00 9.344946e-01 
7.808675e-01 9.388928e-01 
7.883869e-01 9.389394e-01 
7.959045e-01 9.389860e-01 
8.034196e-01 9.390322e-01 
8.109319e-01 9.390783e-01 
8.184411e-01 9.391229e-01 
8.259479e-01 9.391668e-01 
8.334522e-01 9.392097e-01 
8.409546e-01 9.392514e-01 
8.484548e-01 9.392918e-01 
8.559532e-01 9.393309e-01 
8.634499e-01 9.393686e-01 
8.709450e-01 9.394051e-01 
8.784387e-01 9.394401e-01 
8.859310e-01 9.394739e-01 
8.934220e-01 9.395065e-01 
9.009118e-01 9.395378e-01 
9.084003e-01 9.395678e-01 
9.158878e-01 9.395967e-01 
9.233742e-01 9.396245e-01 
9.308598e-01 9.396513e-01 
9.383445e-01 9.396771e-01 
9.458283e-01 9.397021e-01 
9.533114e-01 9.397261e-01 
9.607937e-01 9.397492e-01 
9.682753e-01 9.397714e-01 
9.757562e-01 9.397929e-01 
9.832365e-01 9.398136e-01 
9.907163e-01 9.398337e-01 
9.981955e-01 9.398531e-01 
1.005674e+00 9.398719e-01 
1.013152e+00 9.398902e-01 
1.020630e+00 9.399080e-01 
1.028108e+00 9.399253e-01 
1.035584e+00 9.399421e-01 
1.043061e+00 9.399584e-01 
1.050537e+00 9.399743e-01 
1.058013e+00 9.399898e-01 
1.065488e+00 9.400049e-01 
1.072963e+00 9.400195e-01 
1.080438e+00 9.400338e-01 
1.087912e+00 9.400476e-01 
1.095386e+00 9.400610e-01 
1.102860e+00 9.400740e-01 
1.110333e+00 9.400867e-01 
1.117806e+00 9.400991e-01 
1.125279e+00 9.401112e-01 
1.132751e+00 9.401231e-01 
1.140223e+00 9.401348e-01 
1.147695e+00 9.401462e-01 
1.155167e+00 9.401573e-01 
7.810005e-01 9.446663e-01 
7.885095e-01 9.447054e-01 
7.960186e-01 9.447451e-01 
8.035261e-01 9.447846e-01 
8.110319e-01 9.448245e-01 
8.185351e-01 9.448634e-01 
8.260364e-01 9.449020e-01 
8.335357e-01 9.449398e-01 
8.410333e-01 9.449769e-01 
8.485291e-01 9.450129e-01 
8.560234e-01 9.450480e-01 
8.635163e-01 9.450819e-01 
8.710078e-01 9.451148e-01 
8.784981e-01 9.451465e-01 
8.859872e-01 9.451772e-01 
8.934751e-01 9.452068e-01 
9.009620e-01 9.452354e-01 
9.084479e-01 9.452629e-01 
9.159328e-01 9.452894e-01 
9.234168e-01 9.453150e-01 
9.309001e-01 9.453397e-01 
9.383825e-01 9.453635e-01 
9.458643e-01 9.453866e-01 
9.533454e-01 9.454089e-01 
9.608258e-01 9.454304e-01 
9.683056e-01 9.454512e-01 
9.757848e-01 9.454712e-01 
9.832635e-01 9.454907e-01 
9.907417e-01 9.455096e-01 
9.982194e-01 9.455279e-01 
1.005697e+00 9.455457e-01 
1.013174e+00 9.455631e-01 
1.020650e+00 9.455800e-01 
1.028126e+00 9.455965e-01 
1.035602e+00 9.456126e-01 
1.043077e+00 9.456283e-01 
1.050553e+00 9.456436e-01 
1.058027e+00 9.456585e-01 
1.065502e+00 9.456731e-01 
1.072976e+00 9.456874e-01 
1.080450e+00 9.457012e-01 
1.087923e+00 9.457147e-01 
1.095396e+00 9.457279e-01 
1.102869e+00 9.457407e-01 
1.110342e+00 9.457533e-01 
1.117814e+00 9.457656e-01 
1.125286e+00 9.457777e-01 
1.132758e+00 9.457895e-01 
1.140230e+00 9.458012e-01 
1.147702e+00 9.458126e-01 
1.155173e+00 9.458239e-01 
7.811298e-01 9.504431e-01 
7.886282e-01 9.504756e-01 
7.961290e-01 9.505091e-01 
8.036293e-01 9.505425e-01 
8.111288e-01 9.505767e-01 
8.186262e-01 9.506103e-01 
8.261223e-01 9.506439e-01 
8.336166e-01 9.506770e-01 
8.411097e-01 9.507097e-01 
8.486013e-01 9.507416e-01 
8.560916e-01 9.507727e-01 
8.635807e-01 9.508030e-01 
8.710687e-01 9.508325e-01 
8.785556e-01 9.508610e-01 
8.860415e-01 9.508887e-01 
8.935266e-01 9.509154e-01 
9.010107e-01 9.509413e-01 
9.084939e-01 9.509663e-01 
9.159763e-01 9.509905e-01 
9.234579e-01 9.510139e-01 
9.309389e-01 9.510366e-01 
9.384192e-01 9.510585e-01 
9.458990e-01 9.510798e-01 
9.533781e-01 9.511004e-01 
9.608567e-01 9.511204e-01 
9.683348e-01 9.511397e-01 
9.758123e-01 9.511584e-01 
9.832895e-01 9.511767e-01 
9.907662e-01 9.511944e-01 
9.982425e-01 9.512117e-01 
1.005718e+00 9.512285e-01 
1.013194e+00 9.512450e-01 
1.020669e+00 9.512611e-01 
1.028144e+00 9.512768e-01 
1.035619e+00 9.512921e-01 
1.043093e+00 9.513072e-01 
1.050567e+00 9.513219e-01 
1.058041e+00 9.513363e-01 
1.065515e+00 9.513505e-01 
1.072988e+00 9.513643e-01 
1.080461e+00 9.513778e-01 
1.087934e+00 9.513910e-01 
1.095406e+00 9.514039e-01 
1.102878e+00 9.514166e-01 
1.110350e+00 9.514290e-01 
1.117822e+00 9.514412e-01 
1.125294e+00 9.514532e-01 
1.132765e+00 9.514650e-01 
1.140236e+00 9.514766e-01 
1.147708e+00 9.514881e-01 
1.155178e+00 9.514994e-01 
7.812538e-01 9.562339e-01 
7.887417e-01 9.562611e-01 
7.962349e-01 9.562892e-01 
8.037286e-01 9.563171e-01 
8.112224e-01 9.563461e-01 
8.187144e-01 9.563747e-01 
8.262054e-01 9.564035e-01 
8.336950e-01 9.564322e-01 
8.411837e-01 9.564607e-01 
8.486711e-01 9.564885e-01 
8.561575e-01 9.565159e-01 
8.636429e-01 9.565427e-01 
8.711275e-01 9.565688e-01 
8.786112e-01 9.565942e-01 
8.860941e-01 9.566190e-01 
8.935762e-01 9.566430e-01 
9.010576e-01 9.566663e-01 
9.085382e-01 9.566888e-01 
9.160182e-01 9.567107e-01 
9.234975e-01 9.567320e-01 
9.309764e-01 9.567526e-01 
9.384546e-01 9.567727e-01 
9.459324e-01 9.567922e-01 
9.534096e-01 9.568111e-01 
9.608865e-01 9.568295e-01 
9.683628e-01 9.568474e-01 
9.758388e-01 9.568649e-01 
9.833144e-01 9.568819e-01 
9.907897e-01 9.568985e-01 
9.982646e-01 9.569147e-01 
1.005739e+00 9.569305e-01 
1.013214e+00 9.569461e-01 
1.020688e+00 9.569613e-01 
1.028162e+00 9.569762e-01 
1.035635e+00 9.569909e-01 
1.043109e+00 9.570053e-01 
1.050582e+00 9.570194e-01 
1.058055e+00 9.570333e-01 
1.065527e+00 9.570469e-01 
1.073000e+00 9.570603e-01 
1.080472e+00 9.570734e-01 
1.087944e+00 9.570863e-01 
1.095416e+00 9.570989e-01 
1.102887e+00 9.571114e-01 
1.110359e+00 9.571236e-01 
1.117830e+00 9.571356e-01 
1.125301e+00 9.571475e-01 
1.132772e+00 9.571592e-01 
1.140243e+00 9.571709e-01 
1.147713e+00 9.571823e-01 
1.155184e+00 9.571937e-01 
7.813686e-01 9.620514e-01 
7.888470e-01 9.620748e-01 
7.963342e-01 9.620989e-01 
8.038226e-01 9.621223e-01 
8.113115e-01 9.621466e-01 
8.187986e-01 9.621706e-01 
8.262850e-01 9.621951e-01 
8.337702e-01 9.622194e-01 
8.412547e-01 9.622439e-01 
8.487381e-01 9.622680e-01 
8.562208e-01 9.622917e-01 
8.637026e-01 9.623151e-01 
8.711839e-01 9.623380e-01 
8.786644e-01 9.623603e-01 
8.861444e-01 9.623821e-01 
8.936237e-01 9.624034e-01 
9.011025e-01 9.624241e-01 
9.085807e-01 9.624443e-01 
9.160583e-01 9.624639e-01 
9.235354e-01 9.624830e-01 
9.310121e-01 9.625017e-01 
9.384884e-01 9.625198e-01 
9.459643e-01 9.625375e-01 
9.534397e-01 9.625548e-01 
9.609149e-01 9.625717e-01 
9.683897e-01 9.625882e-01 
9.758641e-01 9.626043e-01 
9.833383e-01 9.626200e-01 
9.908122e-01 9.626354e-01 
9.982858e-01 9.626505e-01 
1.005759e+00 9.626654e-01 
1.013232e+00 9.626800e-01 
1.020705e+00 9.626943e-01 
1.028178e+00 9.627084e-01 
1.035651e+00 9.627223e-01 
1.043123e+00 9.627360e-01 
1.050595e+00 9.627494e-01 
1.058067e+00 9.627627e-01 
1.065539e+00 9.627758e-01 
1.073011e+00 9.627887e-01 
1.080482e+00 9.628013e-01 
1.087953e+00 9.628138e-01 
1.095425e+00 9.628261e-01 
1.102896e+00 9.628382e-01 
1.110366e+00 9.628502e-01 
1.117837e+00 9.628620e-01 
1.125308e+00 9.628737e-01 
1.132778e+00 9.628853e-01 
1.140248e+00 9.628968e-01 
1.147719e+00 9.629081e-01 
1.155189e+00 9.629194e-01 
7.814695e-01 9.679149e-01 
7.889404e-01 9.679373e-01 
7.964241e-01 9.679589e-01 
8.039092e-01 9.679788e-01 
8.113943e-01 9.679992e-01 
8.188775e-01 9.680190e-01 
8.263597e-01 9.680394e-01 
8.338409e-01 9.680598e-01 
8.413214e-01 9.680804e-01 
8.488011e-01 9.681008e-01 
8.562803e-01 9.681211e-01 
8.637589e-01 9.681411e-01 
8.712370e-01 9.681608e-01 
8.787146e-01 9.681802e-01 
8.861917e-01 9.681992e-01 
8.936684e-01 9.682177e-01 
9.011447e-01 9.682359e-01 
9.086205e-01 9.682536e-01 
9.160960e-01 9.682710e-01 
9.235710e-01 9.682879e-01 
9.310457e-01 9.683045e-01 
9.385201e-01 9.683208e-01 
9.459942e-01 9.683367e-01 
9.534680e-01 9.683523e-01 
9.609415e-01 9.683676e-01 
9.684148e-01 9.683825e-01 
9.758878e-01 9.683972e-01 
9.833606e-01 9.684116e-01 
9.908332e-01 9.684258e-01 
9.983056e-01 9.684397e-01 
1.005778e+00 9.684535e-01 
1.013250e+00 9.684670e-01 
1.020722e+00 9.684804e-01 
1.028193e+00 9.684936e-01 
1.035665e+00 9.685066e-01 
1.043137e+00 9.685194e-01 
1.050608e+00 9.685321e-01 
1.058079e+00 9.685447e-01 
1.065550e+00 9.685571e-01 
1.073021e+00 9.685693e-01 
1.080492e+00 9.685814e-01 
1.087962e+00 9.685934e-01 
1.095433e+00 9.686052e-01 
1.102903e+00 9.686169e-01 
1.110374e+00 9.686285e-01 
1.117844e+00 9.686399e-01 
1.125314e+00 9.686513e-01 
1.132784e+00 9.686626e-01 
1.140254e+00 9.686738e-01 
1.147724e+00 9.686849e-01 
1.155194e+00 9.686960e-01 
7.815513e-01 9.738569e-01 
7.890185e-01 9.738804e-01 
7.965021e-01 9.739014e-01 
8.039860e-01 9.739189e-01 
8.114690e-01 9.739361e-01 
8.189491e-01 9.739524e-01 
8.264279e-01 9.739690e-01 
8.339055e-01 9.739857e-01 
8.413826e-01 9.740027e-01 
8.488589e-01 9.740196e-01 
8.563349e-01 9.740365e-01 
8.638104e-01 9.740532e-01 
8.712857e-01 9.740698e-01 
8.787606e-01 9.740861e-01 
8.862351e-01 9.741022e-01 
8.937094e-01 9.741180e-01 
9.011834e-01 9.741336e-01 
9.086570e-01 9.741489e-01 
9.161304e-01 9.741639e-01 
9.236035e-01 9.741786e-01 
9.310764e-01 9.741931e-01 
9.385491e-01 9.742073e-01 
9.460215e-01 9.742213e-01 
9.534937e-01 9.742350e-01 
9.609658e-01 9.742486e-01 
9.684377e-01 9.742619e-01 
9.759094e-01 9.742750e-01 
9.833809e-01 9.742879e-01 
9.908523e-01 9.743007e-01 
9.983236e-01 9.743133e-01 
1.005795e+00 9.743258e-01 
1.013266e+00 9.743381e-01 
1.020737e+00 9.743503e-01 
1.028207e+00 9.743624e-01 
1.035678e+00 9.743744e-01 
1.043149e+00 9.743862e-01 
1.050619e+00 9.743979e-01 
1.058090e+00 9.744096e-01 
1.065560e+00 9.744211e-01 
1.073030e+00 9.744325e-01 
1.080500e+00 9.744438e-01 
1.087971e+00 9.744550e-01 
1.095440e+00 9.744662e-01 
1.102910e+00 9.744772e-01 
1.110380e+00 9.744881e-01 
1.117850e+00 9.744990e-01 
1.125320e+00 9.745098e-01 
1.132789e+00 9.745205e-01 
1.140259e+00 9.745312e-01 
1.147728e+00 9.745419e-01 
1.155198e+00 9.745524e-01 
7.816148e-01 9.799229e-01 
7.890826e-01 9.799487e-01 
7.965677e-01 9.799685e-01 
8.040523e-01 9.799842e-01 
8.115336e-01 9.799982e-01 
8.190115e-01 9.800113e-01 
8.264873e-01 9.800243e-01 
8.339620e-01 9.800375e-01 
8.414360e-01 9.800510e-01 
8.489095e-01 9.800644e-01 
8.563826e-01 9.800778e-01 
8.638556e-01 9.800912e-01 
8.713283e-01 9.801046e-01 
8.788008e-01 9.801178e-01 
8.862731e-01 9.801309e-01 
8.937452e-01 9.801439e-01 
9.012171e-01 9.801567e-01 
9.086889e-01 9.801693e-01 
9.161605e-01 9.801817e-01 
9.236319e-01 9.801940e-01 
9.311032e-01 9.802061e-01 
9.385743e-01 9.802181e-01 
9.460453e-01 9.802299e-01 
9.535161e-01 9.802416e-01 
9.609869e-01 9.802531e-01 
9.684576e-01 9.802645e-01 
9.759281e-01 9.802758e-01 
9.833985e-01 9.802869e-01 
9.908689e-01 9.802980e-01 
9.983392e-01 9.803090e-01 
1.005809e+00 9.803198e-01 
1.013280e+00 9.803306e-01 
1.020750e+00 9.803413e-01 
1.028220e+00 9.803519e-01 
1.035690e+00 9.803624e-01 
1.043159e+00 9.803729e-01 
1.050629e+00 9.803833e-01 
1.058099e+00 9.803936e-01 
1.065569e+00 9.804039e-01 
1.073038e+00 9.804141e-01 
1.080508e+00 9.804243e-01 
1.087977e+00 9.804343e-01 
1.095447e+00 9.804443e-01 
1.102916e+00 9.804543e-01 
1.110386e+00 9.804642e-01 
1.117855e+00 9.804741e-01 
1.125324e+00 9.804839e-01 
1.132794e+00 9.804937e-01 
1.140263e+00 9.805034e-01 
1.147732e+00 9.805131e-01 
1.155201e+00 9.805228e-01 
7.816604e-01 9.861996e-01 
7.891347e-01 9.862241e-01 
7.966231e-01 9.862415e-01 
8.041074e-01 9.862539e-01 
8.115872e-01 9.862646e-01 
8.190627e-01 9.862742e-01 
8.265360e-01 9.862837e-01 
8.340081e-01 9.862932e-01 
8.414796e-01 9.863030e-01 
8.489507e-01 9.863127e-01 
8.564216e-01 9.863226e-01 
8.638923e-01 9.863324e-01 
8.713630e-01 9.863423e-01 
8.788335e-01 9.863521e-01 
8.863040e-01 9.863618e-01 
8.937743e-01 9.863715e-01 
9.012446e-01 9.863811e-01 
9.087148e-01 9.863907e-01 
9.161849e-01 9.864001e-01 
9.236549e-01 9.864095e-01 
9.311248e-01 9.864188e-01 
9.385947e-01 9.864280e-01 
9.460645e-01 9.864371e-01 
9.535343e-01 9.864461e-01 
9.610040e-01 9.864551e-01 
9.684736e-01 9.864641e-01 
9.759432e-01 9.864729e-01 
9.834128e-01 9.864817e-01 
9.908823e-01 9.864905e-01 
9.983517e-01 9.864992e-01 
1.005821e+00 9.865078e-01 
1.013291e+00 9.865164e-01 
1.020760e+00 9.865250e-01 
1.028229e+00 9.865335e-01 
1.035699e+00 9.865420e-01 
1.043168e+00 9.865504e-01 
1.050637e+00 9.865588e-01 
1.058106e+00 9.865672e-01 
1.065576e+00 9.865755e-01 
1.073045e+00 9.865838e-01 
1.080514e+00 9.865921e-01 
1.087983e+00 9.866004e-01 
1.095452e+00 9.866086e-01 
1.102921e+00 9.866167e-01 
1.110390e+00 9.866249e-01 
1.117859e+00 9.866330e-01 
1.125328e+00 9.866411e-01 
1.132797e+00 9.866492e-01 
1.140266e+00 9.866573e-01 
1.147735e+00 9.866653e-01 
1.155204e+00 9.866734e-01 
7.816869e-01 9.928306e-01 
7.891761e-01 9.928503e-01 
7.966665e-01 9.928629e-01 
8.041488e-01 9.928709e-01 
8.116259e-01 9.928774e-01 
8.190987e-01 9.928830e-01 
8.265698e-01 9.928884e-01 
8.340399e-01 9.928938e-01 
8.415096e-01 9.928993e-01 
8.489790e-01 9.929048e-01 
8.564483e-01 9.929103e-01 
8.639175e-01 9.929159e-01 
8.713867e-01 9.929215e-01 
8.788559e-01 9.929272e-01 
8.863251e-01 9.929328e-01 
8.937942e-01 9.929384e-01 
9.012633e-01 9.929439e-01 
9.087324e-01 9.929495e-01 
9.162014e-01 9.929550e-01 
9.236705e-01 9.929605e-01 
9.311395e-01 9.929660e-01 
9.386085e-01 9.929715e-01 
9.460775e-01 9.929770e-01 
9.535465e-01 9.929824e-01 
9.610154e-01 9.929878e-01 
9.684844e-01 9.929932e-01 
9.759534e-01 9.929986e-01 
9.834223e-01 9.930039e-01 
9.908912e-01 9.930092e-01 
9.983601e-01 9.930146e-01 
1.005829e+00 9.930199e-01 
1.013298e+00 9.930252e-01 
1.020767e+00 9.930304e-01 
1.028236e+00 9.930357e-01 
1.035705e+00 9.930409e-01 
1.043174e+00 9.930462e-01 
1.050642e+00 9.930514e-01 
1.058111e+00 9.930566e-01 
1.065580e+00 9.930618e-01 
1.073049e+00 9.930670e-01 
1.080518e+00 9.930722e-01 
1.087987e+00 9.930773e-01 
1.095456e+00 9.930825e-01 
1.102924e+00 9.930876e-01 
1.110393e+00 9.930928e-01 
1.117862e+00 9.930979e-01 
1.125331e+00 9.931030e-01 
1.132800e+00 9.931082e-01 
1.140269e+00 9.931133e-01 
1.147737e+00 9.931184e-01 
1.155206e+00 9.931235e-01 
7.817666e-01 1.000000e+00 
7.892354e-01 1.000000e+00 
7.967042e-01 1.000000e+00 
8.041730e-01 1.000000e+00 
8.116418e-01 1.000000e+00 
8.191106e-01 1.000000e+00 
8.265794e-01 1.000000e+00 
8.340482e-01 1.000000e+00 
8.415170e-01 1.000000e+00 
8.489858e-01 1.000000e+00 
8.564546e-01 1.000000e+00 
8.639234e-01 1.000000e+00 
8.713922e-01 1.000000e+00 
8.788610e-01 1.000000e+00 
8.863298e-01 1.000000e+00 
8.937986e-01 1.000000e+00 
9.012674e-01 1.000000e+00 
9.087362e-01 1.000000e+00 
9.162049e-01 1.000000e+00 
9.236737e-01 1.000000e+00 
9.311425e-01 1.000000e+00 
9.386113e-01 1.000000e+00 
9.460801e-01 1.000000e+00 
9.535489e-01 1.000000e+00 
9.610177e-01 1.000000e+00 
9.684865e-01 1.000000e+00 
9.759553e-01 1.000000e+00 
9.834241e-01 1.000000e+00 
9.908929e-01 1.000000e+00 
9.983617e-01 1.000000e+00 
1.005831e+00 1.000000e+00 
1.013299e+00 1.000000e+00 
1.020768e+00 1.000000e+00 
1.028237e+00 1.000000e+00 
1.035706e+00 1.000000e+00 
1.043175e+00 1.000000e+00 
1.050643e+00 1.000000e+00 
1.058112e+00 1.000000e+00 
1.065581e+00 1.000000e+00 
1.073050e+00 1.000000e+00 
1.080519e+00 1.000000e+00 
1.087987e+00 1.000000e+00 
1.095456e+00 1.000000e+00 
1.102925e+00 1.000000e+00 
1.110394e+00 1.000000e+00 
1.117863e+00 1.000000e+00 
1.125331e+00 1.000000e+00 
1.132800e+00 1.000000e+00 
1.140269e+00 1.000000e+00 
1.147738e+00 1.000000e+00 
1.155207e+00 1.000000e+00 
BC
-1
-1
-1
-1
-1
-1
-1
-1
-1
-1
-1
-1
-1
-1
-1
-1
-1
-1
-1
-1
-1
-1
-1
-1
-1
-1
-1
-1
-1
-1
-1
-1
-1
-1
-1
-1
-1
-1
-1
-1
-1
-1
-1
-1
-1
-1
-1
-1
-1
-1
-1
-1
-1
-1
-1
-1
-1
-1
-1
-1
-1
-1
-1
-1
-1
-1
-1
-1
-1
-1
-1
-1
-1
-1
-1
-1
-1
-1
-1
-1
-1
-1
-1
-1
-1
-1
-1
-1
-1
-1
-1
-1
-1
-1
-1
4
4
4
4
4
4
4
4
4
4
4
4
4
4
4
4
4
4
4
4
4
4
4
4
4
4
4
4
4
4
4
4
4
4
4
4
4
4
4
4
4
4
4
4
4
4
4
4
4
4
-1
-1
-1
-1
-1
-1
-1
-1
-1
-1
-1
-1
-1
-1
-1
-1
-1
-1
-1
-1
-1
-1
-1
-1
-1
-1
-1
-1
-1
-1
-1
-1
-1
-1
-1
-1
-1
-1
-1
-1
-1
-1
-1
-1
-1
