npartb: 4 2 
ipartb: 3 1 
ngrid: 73 25 
5.412079e-01 2.288003e-01 
5.454884e-01 2.293206e-01 
5.497688e-01 2.298408e-01 
5.540492e-01 2.303610e-01 
5.583297e-01 2.308813e-01 
5.626101e-01 2.314015e-01 
5.668906e-01 2.319217e-01 
5.711710e-01 2.324419e-01 
5.754515e-01 2.329622e-01 
5.797319e-01 2.334824e-01 
5.840124e-01 2.340026e-01 
5.882928e-01 2.345229e-01 
5.925733e-01 2.350431e-01 
5.968537e-01 2.355633e-01 
6.011341e-01 2.360835e-01 
6.054146e-01 2.366038e-01 
6.096950e-01 2.371240e-01 
6.139755e-01 2.376442e-01 
6.182559e-01 2.381645e-01 
6.225364e-01 2.386847e-01 
6.268168e-01 2.392049e-01 
6.310973e-01 2.397251e-01 
6.353777e-01 2.402454e-01 
6.396582e-01 2.407656e-01 
6.439386e-01 2.412858e-01 
6.482191e-01 2.418061e-01 
6.524995e-01 2.423263e-01 
6.567799e-01 2.428465e-01 
6.610604e-01 2.433667e-01 
6.653408e-01 2.438870e-01 
6.696213e-01 2.444072e-01 
6.739017e-01 2.449274e-01 
6.781822e-01 2.454477e-01 
6.824626e-01 2.459679e-01 
6.867431e-01 2.464881e-01 
6.910235e-01 2.470083e-01 
6.953040e-01 2.475286e-01 
6.995844e-01 2.480488e-01 
7.038648e-01 2.485690e-01 
7.081453e-01 2.490893e-01 
7.124257e-01 2.496095e-01 
7.167062e-01 2.501297e-01 
7.209866e-01 2.506499e-01 
7.252671e-01 2.511702e-01 
7.295475e-01 2.516904e-01 
7.338280e-01 2.522106e-01 
7.381084e-01 2.527309e-01 
7.423889e-01 2.532511e-01 
7.466693e-01 2.537713e-01 
7.509497e-01 2.542915e-01 
7.552302e-01 2.548118e-01 
7.595106e-01 2.553320e-01 
7.637911e-01 2.558522e-01 
7.680715e-01 2.563725e-01 
7.723520e-01 2.568927e-01 
7.766324e-01 2.574129e-01 
7.809129e-01 2.579331e-01 
7.851933e-01 2.584534e-01 
7.894738e-01 2.589736e-01 
7.937542e-01 2.594938e-01 
7.980347e-01 2.600141e-01 
8.023151e-01 2.605343e-01 
8.065955e-01 2.610545e-01 
8.108760e-01 2.615747e-01 
8.151564e-01 2.620950e-01 
8.194369e-01 2.626152e-01 
8.237173e-01 2.631354e-01 
8.279978e-01 2.636557e-01 
8.322782e-01 2.641759e-01 
8.365587e-01 2.646961e-01 
8.408391e-01 2.652163e-01 
8.451196e-01 2.657366e-01 
8.494000e-01 2.662568e-01 
5.405552e-01 2.318478e-01 
5.448448e-01 2.323464e-01 
5.491343e-01 2.328449e-01 
5.534238e-01 2.333435e-01 
5.577133e-01 2.338420e-01 
5.620028e-01 2.343406e-01 
5.662923e-01 2.348391e-01 
5.705818e-01 2.353377e-01 
5.748713e-01 2.358362e-01 
5.791608e-01 2.363348e-01 
5.834504e-01 2.368334e-01 
5.877399e-01 2.373319e-01 
5.920294e-01 2.378305e-01 
5.963189e-01 2.383290e-01 
6.006084e-01 2.388276e-01 
6.048979e-01 2.393261e-01 
6.091874e-01 2.398247e-01 
6.134769e-01 2.403232e-01 
6.177664e-01 2.408218e-01 
6.220559e-01 2.413203e-01 
6.263455e-01 2.418189e-01 
6.306350e-01 2.423174e-01 
6.349245e-01 2.428160e-01 
6.392140e-01 2.433145e-01 
6.435035e-01 2.438131e-01 
6.477930e-01 2.443116e-01 
6.520825e-01 2.448102e-01 
6.563720e-01 2.453087e-01 
6.606615e-01 2.458073e-01 
6.649510e-01 2.463058e-01 
6.692406e-01 2.468044e-01 
6.735301e-01 2.473030e-01 
6.778196e-01 2.478015e-01 
6.821091e-01 2.483001e-01 
6.863986e-01 2.487986e-01 
6.906881e-01 2.492972e-01 
6.949776e-01 2.497957e-01 
6.992671e-01 2.502943e-01 
7.035566e-01 2.507928e-01 
7.078462e-01 2.512914e-01 
7.121357e-01 2.517899e-01 
7.164252e-01 2.522885e-01 
7.207147e-01 2.527870e-01 
7.250042e-01 2.532856e-01 
7.292937e-01 2.537841e-01 
7.335832e-01 2.542827e-01 
7.378727e-01 2.547812e-01 
7.421622e-01 2.552798e-01 
7.464517e-01 2.557783e-01 
7.507413e-01 2.562769e-01 
7.550308e-01 2.567754e-01 
7.593203e-01 2.572740e-01 
7.636098e-01 2.577726e-01 
7.678993e-01 2.582711e-01 
7.721888e-01 2.587697e-01 
7.764783e-01 2.592682e-01 
7.807678e-01 2.597668e-01 
7.850573e-01 2.602653e-01 
7.893469e-01 2.607639e-01 
7.936364e-01 2.612624e-01 
7.979259e-01 2.617610e-01 
8.022154e-01 2.622595e-01 
8.065049e-01 2.627581e-01 
8.107944e-01 2.632566e-01 
8.150839e-01 2.637552e-01 
8.193734e-01 2.642537e-01 
8.236629e-01 2.647523e-01 
8.279524e-01 2.652508e-01 
8.322420e-01 2.657494e-01 
8.365315e-01 2.662479e-01 
8.408210e-01 2.667465e-01 
8.451105e-01 2.672450e-01 
8.494000e-01 2.677436e-01 
5.399026e-01 2.348953e-01 
5.442012e-01 2.353722e-01 
5.484997e-01 2.358491e-01 
5.527983e-01 2.363259e-01 
5.570969e-01 2.368028e-01 
5.613955e-01 2.372797e-01 
5.656940e-01 2.377566e-01 
5.699926e-01 2.382334e-01 
5.742912e-01 2.387103e-01 
5.785898e-01 2.391872e-01 
5.828883e-01 2.396641e-01 
5.871869e-01 2.401410e-01 
5.914855e-01 2.406178e-01 
5.957841e-01 2.410947e-01 
6.000826e-01 2.415716e-01 
6.043812e-01 2.420485e-01 
6.086798e-01 2.425253e-01 
6.129784e-01 2.430022e-01 
6.172769e-01 2.434791e-01 
6.215755e-01 2.439560e-01 
6.258741e-01 2.444328e-01 
6.301727e-01 2.449097e-01 
6.344712e-01 2.453866e-01 
6.387698e-01 2.458635e-01 
6.430684e-01 2.463403e-01 
6.473670e-01 2.468172e-01 
6.516655e-01 2.472941e-01 
6.559641e-01 2.477710e-01 
6.602627e-01 2.482478e-01 
6.645613e-01 2.487247e-01 
6.688598e-01 2.492016e-01 
6.731584e-01 2.496785e-01 
6.774570e-01 2.501554e-01 
6.817556e-01 2.506322e-01 
6.860541e-01 2.511091e-01 
6.903527e-01 2.515860e-01 
6.946513e-01 2.520629e-01 
6.989499e-01 2.525397e-01 
7.032484e-01 2.530166e-01 
7.075470e-01 2.534935e-01 
7.118456e-01 2.539704e-01 
7.161442e-01 2.544472e-01 
7.204427e-01 2.549241e-01 
7.247413e-01 2.554010e-01 
7.290399e-01 2.558779e-01 
7.333385e-01 2.563547e-01 
7.376370e-01 2.568316e-01 
7.419356e-01 2.573085e-01 
7.462342e-01 2.577854e-01 
7.505328e-01 2.582622e-01 
7.548313e-01 2.587391e-01 
7.591299e-01 2.592160e-01 
7.634285e-01 2.596929e-01 
7.677271e-01 2.601698e-01 
7.720256e-01 2.606466e-01 
7.763242e-01 2.611235e-01 
7.806228e-01 2.616004e-01 
7.849214e-01 2.620773e-01 
7.892199e-01 2.625541e-01 
7.935185e-01 2.630310e-01 
7.978171e-01 2.635079e-01 
8.021157e-01 2.639848e-01 
8.064142e-01 2.644616e-01 
8.107128e-01 2.649385e-01 
8.150114e-01 2.654154e-01 
8.193100e-01 2.658923e-01 
8.236085e-01 2.663691e-01 
8.279071e-01 2.668460e-01 
8.322057e-01 2.673229e-01 
8.365043e-01 2.677998e-01 
8.408028e-01 2.682766e-01 
8.451014e-01 2.687535e-01 
8.494000e-01 2.692304e-01 
5.392499e-01 2.379428e-01 
5.435576e-01 2.383980e-01 
5.478652e-01 2.388532e-01 
5.521728e-01 2.393084e-01 
5.564805e-01 2.397636e-01 
5.607881e-01 2.402188e-01 
5.650958e-01 2.406740e-01 
5.694034e-01 2.411292e-01 
5.737110e-01 2.415844e-01 
5.780187e-01 2.420396e-01 
5.823263e-01 2.424948e-01 
5.866340e-01 2.429500e-01 
5.909416e-01 2.434052e-01 
5.952492e-01 2.438604e-01 
5.995569e-01 2.443156e-01 
6.038645e-01 2.447708e-01 
6.081722e-01 2.452260e-01 
6.124798e-01 2.456812e-01 
6.167874e-01 2.461364e-01 
6.210951e-01 2.465916e-01 
6.254027e-01 2.470468e-01 
6.297104e-01 2.475020e-01 
6.340180e-01 2.479572e-01 
6.383256e-01 2.484124e-01 
6.426333e-01 2.488676e-01 
6.469409e-01 2.493228e-01 
6.512486e-01 2.497780e-01 
6.555562e-01 2.502332e-01 
6.598638e-01 2.506884e-01 
6.641715e-01 2.511436e-01 
6.684791e-01 2.515988e-01 
6.727868e-01 2.520540e-01 
6.770944e-01 2.525092e-01 
6.814020e-01 2.529644e-01 
6.857097e-01 2.534196e-01 
6.900173e-01 2.538748e-01 
6.943250e-01 2.543300e-01 
6.986326e-01 2.547852e-01 
7.029402e-01 2.552404e-01 
7.072479e-01 2.556956e-01 
7.115555e-01 2.561508e-01 
7.158632e-01 2.566060e-01 
7.201708e-01 2.570612e-01 
7.244784e-01 2.575164e-01 
7.287861e-01 2.579716e-01 
7.330937e-01 2.584268e-01 
7.374014e-01 2.588820e-01 
7.417090e-01 2.593372e-01 
7.460166e-01 2.597924e-01 
7.503243e-01 2.602476e-01 
7.546319e-01 2.607028e-01 
7.589396e-01 2.611580e-01 
7.632472e-01 2.616132e-01 
7.675548e-01 2.620684e-01 
7.718625e-01 2.625236e-01 
7.761701e-01 2.629788e-01 
7.804778e-01 2.634340e-01 
7.847854e-01 2.638892e-01 
7.890930e-01 2.643444e-01 
7.934007e-01 2.647996e-01 
7.977083e-01 2.652548e-01 
8.020160e-01 2.657100e-01 
8.063236e-01 2.661652e-01 
8.106312e-01 2.666204e-01 
8.149389e-01 2.670756e-01 
8.192465e-01 2.675308e-01 
8.235542e-01 2.679860e-01 
8.278618e-01 2.684412e-01 
8.321694e-01 2.688964e-01 
8.364771e-01 2.693516e-01 
8.407847e-01 2.698068e-01 
8.450924e-01 2.702620e-01 
8.494000e-01 2.707172e-01 
5.385973e-01 2.409903e-01 
5.429140e-01 2.414238e-01 
5.472307e-01 2.418573e-01 
5.515474e-01 2.422909e-01 
5.558641e-01 2.427244e-01 
5.601808e-01 2.431579e-01 
5.644975e-01 2.435914e-01 
5.688142e-01 2.440250e-01 
5.731309e-01 2.444585e-01 
5.774476e-01 2.448920e-01 
5.817643e-01 2.453255e-01 
5.860810e-01 2.457590e-01 
5.903977e-01 2.461926e-01 
5.947144e-01 2.466261e-01 
5.990311e-01 2.470596e-01 
6.033478e-01 2.474931e-01 
6.076645e-01 2.479267e-01 
6.119812e-01 2.483602e-01 
6.162979e-01 2.487937e-01 
6.206146e-01 2.492272e-01 
6.249314e-01 2.496608e-01 
6.292481e-01 2.500943e-01 
6.335648e-01 2.505278e-01 
6.378815e-01 2.509613e-01 
6.421982e-01 2.513949e-01 
6.465149e-01 2.518284e-01 
6.508316e-01 2.522619e-01 
6.551483e-01 2.526954e-01 
6.594650e-01 2.531290e-01 
6.637817e-01 2.535625e-01 
6.680984e-01 2.539960e-01 
6.724151e-01 2.544295e-01 
6.767318e-01 2.548630e-01 
6.810485e-01 2.552966e-01 
6.853652e-01 2.557301e-01 
6.896819e-01 2.561636e-01 
6.939986e-01 2.565971e-01 
6.983153e-01 2.570307e-01 
7.026320e-01 2.574642e-01 
7.069487e-01 2.578977e-01 
7.112654e-01 2.583312e-01 
7.155822e-01 2.587648e-01 
7.198989e-01 2.591983e-01 
7.242156e-01 2.596318e-01 
7.285323e-01 2.600653e-01 
7.328490e-01 2.604989e-01 
7.371657e-01 2.609324e-01 
7.414824e-01 2.613659e-01 
7.457991e-01 2.617994e-01 
7.501158e-01 2.622330e-01 
7.544325e-01 2.626665e-01 
7.587492e-01 2.631000e-01 
7.630659e-01 2.635335e-01 
7.673826e-01 2.639670e-01 
7.716993e-01 2.644006e-01 
7.760160e-01 2.648341e-01 
7.803327e-01 2.652676e-01 
7.846494e-01 2.657011e-01 
7.889661e-01 2.661347e-01 
7.932828e-01 2.665682e-01 
7.975995e-01 2.670017e-01 
8.019162e-01 2.674352e-01 
8.062330e-01 2.678688e-01 
8.105497e-01 2.683023e-01 
8.148664e-01 2.687358e-01 
8.191831e-01 2.691693e-01 
8.234998e-01 2.696029e-01 
8.278165e-01 2.700364e-01 
8.321332e-01 2.704699e-01 
8.364499e-01 2.709034e-01 
8.407666e-01 2.713370e-01 
8.450833e-01 2.717705e-01 
8.494000e-01 2.722040e-01 
5.379446e-01 2.440378e-01 
5.422704e-01 2.444496e-01 
5.465961e-01 2.448615e-01 
5.509219e-01 2.452733e-01 
5.552477e-01 2.456852e-01 
5.595734e-01 2.460970e-01 
5.638992e-01 2.465089e-01 
5.682250e-01 2.469207e-01 
5.725508e-01 2.473326e-01 
5.768765e-01 2.477444e-01 
5.812023e-01 2.481562e-01 
5.855281e-01 2.485681e-01 
5.898538e-01 2.489799e-01 
5.941796e-01 2.493918e-01 
5.985054e-01 2.498036e-01 
6.028311e-01 2.502155e-01 
6.071569e-01 2.506273e-01 
6.114827e-01 2.510392e-01 
6.158084e-01 2.514510e-01 
6.201342e-01 2.518629e-01 
6.244600e-01 2.522747e-01 
6.287858e-01 2.526866e-01 
6.331115e-01 2.530984e-01 
6.374373e-01 2.535103e-01 
6.417631e-01 2.539221e-01 
6.460888e-01 2.543340e-01 
6.504146e-01 2.547458e-01 
6.547404e-01 2.551577e-01 
6.590661e-01 2.555695e-01 
6.633919e-01 2.559814e-01 
6.677177e-01 2.563932e-01 
6.720434e-01 2.568050e-01 
6.763692e-01 2.572169e-01 
6.806950e-01 2.576287e-01 
6.850208e-01 2.580406e-01 
6.893465e-01 2.584524e-01 
6.936723e-01 2.588643e-01 
6.979981e-01 2.592761e-01 
7.023238e-01 2.596880e-01 
7.066496e-01 2.600998e-01 
7.109754e-01 2.605117e-01 
7.153011e-01 2.609235e-01 
7.196269e-01 2.613354e-01 
7.239527e-01 2.617472e-01 
7.282785e-01 2.621591e-01 
7.326042e-01 2.625709e-01 
7.369300e-01 2.629828e-01 
7.412558e-01 2.633946e-01 
7.455815e-01 2.638065e-01 
7.499073e-01 2.642183e-01 
7.542331e-01 2.646302e-01 
7.585588e-01 2.650420e-01 
7.628846e-01 2.654538e-01 
7.672104e-01 2.658657e-01 
7.715361e-01 2.662775e-01 
7.758619e-01 2.666894e-01 
7.801877e-01 2.671012e-01 
7.845135e-01 2.675131e-01 
7.888392e-01 2.679249e-01 
7.931650e-01 2.683368e-01 
7.974908e-01 2.687486e-01 
8.018165e-01 2.691605e-01 
8.061423e-01 2.695723e-01 
8.104681e-01 2.699842e-01 
8.147938e-01 2.703960e-01 
8.191196e-01 2.708079e-01 
8.234454e-01 2.712197e-01 
8.277712e-01 2.716316e-01 
8.320969e-01 2.720434e-01 
8.364227e-01 2.724553e-01 
8.407485e-01 2.728671e-01 
8.450742e-01 2.732790e-01 
8.494000e-01 2.736908e-01 
5.372919e-01 2.470853e-01 
5.416268e-01 2.474754e-01 
5.459616e-01 2.478656e-01 
5.502964e-01 2.482558e-01 
5.546313e-01 2.486459e-01 
5.589661e-01 2.490361e-01 
5.633009e-01 2.494263e-01 
5.676358e-01 2.498165e-01 
5.719706e-01 2.502066e-01 
5.763054e-01 2.505968e-01 
5.806403e-01 2.509870e-01 
5.849751e-01 2.513771e-01 
5.893099e-01 2.517673e-01 
5.936448e-01 2.521575e-01 
5.979796e-01 2.525477e-01 
6.023144e-01 2.529378e-01 
6.066493e-01 2.533280e-01 
6.109841e-01 2.537182e-01 
6.153189e-01 2.541083e-01 
6.196538e-01 2.544985e-01 
6.239886e-01 2.548887e-01 
6.283235e-01 2.552789e-01 
6.326583e-01 2.556690e-01 
6.369931e-01 2.560592e-01 
6.413280e-01 2.564494e-01 
6.456628e-01 2.568395e-01 
6.499976e-01 2.572297e-01 
6.543325e-01 2.576199e-01 
6.586673e-01 2.580101e-01 
6.630021e-01 2.584002e-01 
6.673370e-01 2.587904e-01 
6.716718e-01 2.591806e-01 
6.760066e-01 2.595707e-01 
6.803415e-01 2.599609e-01 
6.846763e-01 2.603511e-01 
6.890111e-01 2.607413e-01 
6.933460e-01 2.611314e-01 
6.976808e-01 2.615216e-01 
7.020156e-01 2.619118e-01 
7.063505e-01 2.623019e-01 
7.106853e-01 2.626921e-01 
7.150201e-01 2.630823e-01 
7.193550e-01 2.634725e-01 
7.236898e-01 2.638626e-01 
7.280246e-01 2.642528e-01 
7.323595e-01 2.646430e-01 
7.366943e-01 2.650331e-01 
7.410291e-01 2.654233e-01 
7.453640e-01 2.658135e-01 
7.496988e-01 2.662037e-01 
7.540336e-01 2.665938e-01 
7.583685e-01 2.669840e-01 
7.627033e-01 2.673742e-01 
7.670381e-01 2.677643e-01 
7.713730e-01 2.681545e-01 
7.757078e-01 2.685447e-01 
7.800427e-01 2.689349e-01 
7.843775e-01 2.693250e-01 
7.887123e-01 2.697152e-01 
7.930472e-01 2.701054e-01 
7.973820e-01 2.704955e-01 
8.017168e-01 2.708857e-01 
8.060517e-01 2.712759e-01 
8.103865e-01 2.716661e-01 
8.147213e-01 2.720562e-01 
8.190562e-01 2.724464e-01 
8.233910e-01 2.728366e-01 
8.277258e-01 2.732267e-01 
8.320607e-01 2.736169e-01 
8.363955e-01 2.740071e-01 
8.407303e-01 2.743973e-01 
8.450652e-01 2.747874e-01 
8.494000e-01 2.751776e-01 
5.366393e-01 2.501327e-01 
5.409832e-01 2.505012e-01 
5.453271e-01 2.508697e-01 
5.496710e-01 2.512382e-01 
5.540149e-01 2.516067e-01 
5.583588e-01 2.519752e-01 
5.627027e-01 2.523437e-01 
5.670466e-01 2.527122e-01 
5.713905e-01 2.530807e-01 
5.757344e-01 2.534492e-01 
5.800783e-01 2.538177e-01 
5.844222e-01 2.541862e-01 
5.887661e-01 2.545547e-01 
5.931100e-01 2.549232e-01 
5.974539e-01 2.552917e-01 
6.017978e-01 2.556602e-01 
6.061417e-01 2.560287e-01 
6.104856e-01 2.563972e-01 
6.148295e-01 2.567657e-01 
6.191734e-01 2.571342e-01 
6.235172e-01 2.575026e-01 
6.278611e-01 2.578711e-01 
6.322050e-01 2.582396e-01 
6.365489e-01 2.586081e-01 
6.408928e-01 2.589766e-01 
6.452367e-01 2.593451e-01 
6.495806e-01 2.597136e-01 
6.539245e-01 2.600821e-01 
6.582684e-01 2.604506e-01 
6.626123e-01 2.608191e-01 
6.669562e-01 2.611876e-01 
6.713001e-01 2.615561e-01 
6.756440e-01 2.619246e-01 
6.799879e-01 2.622931e-01 
6.843318e-01 2.626616e-01 
6.886757e-01 2.630301e-01 
6.930196e-01 2.633986e-01 
6.973635e-01 2.637671e-01 
7.017074e-01 2.641356e-01 
7.060513e-01 2.645041e-01 
7.103952e-01 2.648726e-01 
7.147391e-01 2.652410e-01 
7.190830e-01 2.656095e-01 
7.234269e-01 2.659780e-01 
7.277708e-01 2.663465e-01 
7.321147e-01 2.667150e-01 
7.364586e-01 2.670835e-01 
7.408025e-01 2.674520e-01 
7.451464e-01 2.678205e-01 
7.494903e-01 2.681890e-01 
7.538342e-01 2.685575e-01 
7.581781e-01 2.689260e-01 
7.625220e-01 2.692945e-01 
7.668659e-01 2.696630e-01 
7.712098e-01 2.700315e-01 
7.755537e-01 2.704000e-01 
7.798976e-01 2.707685e-01 
7.842415e-01 2.711370e-01 
7.885854e-01 2.715055e-01 
7.929293e-01 2.718740e-01 
7.972732e-01 2.722425e-01 
8.016171e-01 2.726110e-01 
8.059610e-01 2.729794e-01 
8.103049e-01 2.733479e-01 
8.146488e-01 2.737164e-01 
8.189927e-01 2.740849e-01 
8.233366e-01 2.744534e-01 
8.276805e-01 2.748219e-01 
8.320244e-01 2.751904e-01 
8.363683e-01 2.755589e-01 
8.407122e-01 2.759274e-01 
8.450561e-01 2.762959e-01 
8.494000e-01 2.766644e-01 
5.359866e-01 2.531802e-01 
5.403396e-01 2.535270e-01 
5.446925e-01 2.538739e-01 
5.490455e-01 2.542207e-01 
5.533985e-01 2.545675e-01 
5.577514e-01 2.549143e-01 
5.621044e-01 2.552611e-01 
5.664574e-01 2.556080e-01 
5.708103e-01 2.559548e-01 
5.751633e-01 2.563016e-01 
5.795162e-01 2.566484e-01 
5.838692e-01 2.569952e-01 
5.882222e-01 2.573421e-01 
5.925751e-01 2.576889e-01 
5.969281e-01 2.580357e-01 
6.012811e-01 2.583825e-01 
6.056340e-01 2.587293e-01 
6.099870e-01 2.590762e-01 
6.143400e-01 2.594230e-01 
6.186929e-01 2.597698e-01 
6.230459e-01 2.601166e-01 
6.273988e-01 2.604634e-01 
6.317518e-01 2.608102e-01 
6.361048e-01 2.611571e-01 
6.404577e-01 2.615039e-01 
6.448107e-01 2.618507e-01 
6.491637e-01 2.621975e-01 
6.535166e-01 2.625443e-01 
6.578696e-01 2.628912e-01 
6.622226e-01 2.632380e-01 
6.665755e-01 2.635848e-01 
6.709285e-01 2.639316e-01 
6.752814e-01 2.642784e-01 
6.796344e-01 2.646253e-01 
6.839874e-01 2.649721e-01 
6.883403e-01 2.653189e-01 
6.926933e-01 2.656657e-01 
6.970463e-01 2.660125e-01 
7.013992e-01 2.663594e-01 
7.057522e-01 2.667062e-01 
7.101052e-01 2.670530e-01 
7.144581e-01 2.673998e-01 
7.188111e-01 2.677466e-01 
7.231640e-01 2.680934e-01 
7.275170e-01 2.684403e-01 
7.318700e-01 2.687871e-01 
7.362229e-01 2.691339e-01 
7.405759e-01 2.694807e-01 
7.449289e-01 2.698275e-01 
7.492818e-01 2.701744e-01 
7.536348e-01 2.705212e-01 
7.579878e-01 2.708680e-01 
7.623407e-01 2.712148e-01 
7.666937e-01 2.715616e-01 
7.710467e-01 2.719085e-01 
7.753996e-01 2.722553e-01 
7.797526e-01 2.726021e-01 
7.841055e-01 2.729489e-01 
7.884585e-01 2.732957e-01 
7.928115e-01 2.736426e-01 
7.971644e-01 2.739894e-01 
8.015174e-01 2.743362e-01 
8.058704e-01 2.746830e-01 
8.102233e-01 2.750298e-01 
8.145763e-01 2.753766e-01 
8.189293e-01 2.757235e-01 
8.232822e-01 2.760703e-01 
8.276352e-01 2.764171e-01 
8.319881e-01 2.767639e-01 
8.363411e-01 2.771107e-01 
8.406941e-01 2.774576e-01 
8.450470e-01 2.778044e-01 
8.494000e-01 2.781512e-01 
5.353339e-01 2.562277e-01 
5.396960e-01 2.565529e-01 
5.440580e-01 2.568780e-01 
5.484200e-01 2.572031e-01 
5.527821e-01 2.575283e-01 
5.571441e-01 2.578534e-01 
5.615061e-01 2.581786e-01 
5.658681e-01 2.585037e-01 
5.702302e-01 2.588289e-01 
5.745922e-01 2.591540e-01 
5.789542e-01 2.594791e-01 
5.833163e-01 2.598043e-01 
5.876783e-01 2.601294e-01 
5.920403e-01 2.604546e-01 
5.964023e-01 2.607797e-01 
6.007644e-01 2.611049e-01 
6.051264e-01 2.614300e-01 
6.094884e-01 2.617551e-01 
6.138505e-01 2.620803e-01 
6.182125e-01 2.624054e-01 
6.225745e-01 2.627306e-01 
6.269365e-01 2.630557e-01 
6.312986e-01 2.633809e-01 
6.356606e-01 2.637060e-01 
6.400226e-01 2.640311e-01 
6.443847e-01 2.643563e-01 
6.487467e-01 2.646814e-01 
6.531087e-01 2.650066e-01 
6.574707e-01 2.653317e-01 
6.618328e-01 2.656569e-01 
6.661948e-01 2.659820e-01 
6.705568e-01 2.663071e-01 
6.749189e-01 2.666323e-01 
6.792809e-01 2.669574e-01 
6.836429e-01 2.672826e-01 
6.880049e-01 2.676077e-01 
6.923670e-01 2.679329e-01 
6.967290e-01 2.682580e-01 
7.010910e-01 2.685831e-01 
7.054531e-01 2.689083e-01 
7.098151e-01 2.692334e-01 
7.141771e-01 2.695586e-01 
7.185391e-01 2.698837e-01 
7.229012e-01 2.702089e-01 
7.272632e-01 2.705340e-01 
7.316252e-01 2.708591e-01 
7.359873e-01 2.711843e-01 
7.403493e-01 2.715094e-01 
7.447113e-01 2.718346e-01 
7.490733e-01 2.721597e-01 
7.534354e-01 2.724849e-01 
7.577974e-01 2.728100e-01 
7.621594e-01 2.731351e-01 
7.665215e-01 2.734603e-01 
7.708835e-01 2.737854e-01 
7.752455e-01 2.741106e-01 
7.796075e-01 2.744357e-01 
7.839696e-01 2.747609e-01 
7.883316e-01 2.750860e-01 
7.926936e-01 2.754111e-01 
7.970557e-01 2.757363e-01 
8.014177e-01 2.760614e-01 
8.057797e-01 2.763866e-01 
8.101417e-01 2.767117e-01 
8.145038e-01 2.770369e-01 
8.188658e-01 2.773620e-01 
8.232278e-01 2.776871e-01 
8.275899e-01 2.780123e-01 
8.319519e-01 2.783374e-01 
8.363139e-01 2.786626e-01 
8.406759e-01 2.789877e-01 
8.450380e-01 2.793129e-01 
8.494000e-01 2.796380e-01 
5.346813e-01 2.592752e-01 
5.390524e-01 2.595787e-01 
5.434235e-01 2.598821e-01 
5.477946e-01 2.601856e-01 
5.521657e-01 2.604891e-01 
5.565367e-01 2.607925e-01 
5.609078e-01 2.610960e-01 
5.652789e-01 2.613995e-01 
5.696500e-01 2.617029e-01 
5.740211e-01 2.620064e-01 
5.783922e-01 2.623099e-01 
5.827633e-01 2.626133e-01 
5.871344e-01 2.629168e-01 
5.915055e-01 2.632203e-01 
5.958766e-01 2.635237e-01 
6.002477e-01 2.638272e-01 
6.046188e-01 2.641307e-01 
6.089899e-01 2.644341e-01 
6.133610e-01 2.647376e-01 
6.177321e-01 2.650411e-01 
6.221031e-01 2.653445e-01 
6.264742e-01 2.656480e-01 
6.308453e-01 2.659515e-01 
6.352164e-01 2.662549e-01 
6.395875e-01 2.665584e-01 
6.439586e-01 2.668619e-01 
6.483297e-01 2.671653e-01 
6.527008e-01 2.674688e-01 
6.570719e-01 2.677723e-01 
6.614430e-01 2.680757e-01 
6.658141e-01 2.683792e-01 
6.701852e-01 2.686827e-01 
6.745563e-01 2.689861e-01 
6.789274e-01 2.692896e-01 
6.832985e-01 2.695931e-01 
6.876695e-01 2.698965e-01 
6.920406e-01 2.702000e-01 
6.964117e-01 2.705035e-01 
7.007828e-01 2.708069e-01 
7.051539e-01 2.711104e-01 
7.095250e-01 2.714139e-01 
7.138961e-01 2.717173e-01 
7.182672e-01 2.720208e-01 
7.226383e-01 2.723243e-01 
7.270094e-01 2.726277e-01 
7.313805e-01 2.729312e-01 
7.357516e-01 2.732347e-01 
7.401227e-01 2.735381e-01 
7.444938e-01 2.738416e-01 
7.488649e-01 2.741451e-01 
7.532359e-01 2.744485e-01 
7.576070e-01 2.747520e-01 
7.619781e-01 2.750555e-01 
7.663492e-01 2.753589e-01 
7.707203e-01 2.756624e-01 
7.750914e-01 2.759659e-01 
7.794625e-01 2.762693e-01 
7.838336e-01 2.765728e-01 
7.882047e-01 2.768763e-01 
7.925758e-01 2.771797e-01 
7.969469e-01 2.774832e-01 
8.013180e-01 2.777867e-01 
8.056891e-01 2.780901e-01 
8.100602e-01 2.783936e-01 
8.144313e-01 2.786971e-01 
8.188023e-01 2.790005e-01 
8.231734e-01 2.793040e-01 
8.275445e-01 2.796075e-01 
8.319156e-01 2.799109e-01 
8.362867e-01 2.802144e-01 
8.406578e-01 2.805179e-01 
8.450289e-01 2.808213e-01 
8.494000e-01 2.811248e-01 
5.340286e-01 2.623227e-01 
5.384088e-01 2.626045e-01 
5.427889e-01 2.628863e-01 
5.471691e-01 2.631681e-01 
5.515492e-01 2.634498e-01 
5.559294e-01 2.637316e-01 
5.603096e-01 2.640134e-01 
5.646897e-01 2.642952e-01 
5.690699e-01 2.645770e-01 
5.734500e-01 2.648588e-01 
5.778302e-01 2.651406e-01 
5.822104e-01 2.654224e-01 
5.865905e-01 2.657042e-01 
5.909707e-01 2.659860e-01 
5.953508e-01 2.662678e-01 
5.997310e-01 2.665495e-01 
6.041111e-01 2.668313e-01 
6.084913e-01 2.671131e-01 
6.128715e-01 2.673949e-01 
6.172516e-01 2.676767e-01 
6.216318e-01 2.679585e-01 
6.260119e-01 2.682403e-01 
6.303921e-01 2.685221e-01 
6.347723e-01 2.688039e-01 
6.391524e-01 2.690857e-01 
6.435326e-01 2.693674e-01 
6.479127e-01 2.696492e-01 
6.522929e-01 2.699310e-01 
6.566730e-01 2.702128e-01 
6.610532e-01 2.704946e-01 
6.654334e-01 2.707764e-01 
6.698135e-01 2.710582e-01 
6.741937e-01 2.713400e-01 
6.785738e-01 2.716218e-01 
6.829540e-01 2.719036e-01 
6.873342e-01 2.721854e-01 
6.917143e-01 2.724671e-01 
6.960945e-01 2.727489e-01 
7.004746e-01 2.730307e-01 
7.048548e-01 2.733125e-01 
7.092349e-01 2.735943e-01 
7.136151e-01 2.738761e-01 
7.179953e-01 2.741579e-01 
7.223754e-01 2.744397e-01 
7.267556e-01 2.747215e-01 
7.311357e-01 2.750033e-01 
7.355159e-01 2.752850e-01 
7.398960e-01 2.755668e-01 
7.442762e-01 2.758486e-01 
7.486564e-01 2.761304e-01 
7.530365e-01 2.764122e-01 
7.574167e-01 2.766940e-01 
7.617968e-01 2.769758e-01 
7.661770e-01 2.772576e-01 
7.705572e-01 2.775394e-01 
7.749373e-01 2.778212e-01 
7.793175e-01 2.781030e-01 
7.836976e-01 2.783847e-01 
7.880778e-01 2.786665e-01 
7.924579e-01 2.789483e-01 
7.968381e-01 2.792301e-01 
8.012183e-01 2.795119e-01 
8.055984e-01 2.797937e-01 
8.099786e-01 2.800755e-01 
8.143587e-01 2.803573e-01 
8.187389e-01 2.806391e-01 
8.231191e-01 2.809209e-01 
8.274992e-01 2.812026e-01 
8.318794e-01 2.814844e-01 
8.362595e-01 2.817662e-01 
8.406397e-01 2.820480e-01 
8.450198e-01 2.823298e-01 
8.494000e-01 2.826116e-01 
5.333760e-01 2.653702e-01 
5.377652e-01 2.656303e-01 
5.421544e-01 2.658904e-01 
5.465436e-01 2.661505e-01 
5.509328e-01 2.664106e-01 
5.553221e-01 2.666707e-01 
5.597113e-01 2.669309e-01 
5.641005e-01 2.671910e-01 
5.684897e-01 2.674511e-01 
5.728790e-01 2.677112e-01 
5.772682e-01 2.679713e-01 
5.816574e-01 2.682314e-01 
5.860466e-01 2.684915e-01 
5.904359e-01 2.687517e-01 
5.948251e-01 2.690118e-01 
5.992143e-01 2.692719e-01 
6.036035e-01 2.695320e-01 
6.079927e-01 2.697921e-01 
6.123820e-01 2.700522e-01 
6.167712e-01 2.703123e-01 
6.211604e-01 2.705725e-01 
6.255496e-01 2.708326e-01 
6.299389e-01 2.710927e-01 
6.343281e-01 2.713528e-01 
6.387173e-01 2.716129e-01 
6.431065e-01 2.718730e-01 
6.474957e-01 2.721331e-01 
6.518850e-01 2.723933e-01 
6.562742e-01 2.726534e-01 
6.606634e-01 2.729135e-01 
6.650526e-01 2.731736e-01 
6.694419e-01 2.734337e-01 
6.738311e-01 2.736938e-01 
6.782203e-01 2.739539e-01 
6.826095e-01 2.742141e-01 
6.869988e-01 2.744742e-01 
6.913880e-01 2.747343e-01 
6.957772e-01 2.749944e-01 
7.001664e-01 2.752545e-01 
7.045556e-01 2.755146e-01 
7.089449e-01 2.757747e-01 
7.133341e-01 2.760349e-01 
7.177233e-01 2.762950e-01 
7.221125e-01 2.765551e-01 
7.265018e-01 2.768152e-01 
7.308910e-01 2.770753e-01 
7.352802e-01 2.773354e-01 
7.396694e-01 2.775955e-01 
7.440587e-01 2.778557e-01 
7.484479e-01 2.781158e-01 
7.528371e-01 2.783759e-01 
7.572263e-01 2.786360e-01 
7.616155e-01 2.788961e-01 
7.660048e-01 2.791562e-01 
7.703940e-01 2.794163e-01 
7.747832e-01 2.796765e-01 
7.791724e-01 2.799366e-01 
7.835617e-01 2.801967e-01 
7.879509e-01 2.804568e-01 
7.923401e-01 2.807169e-01 
7.967293e-01 2.809770e-01 
8.011185e-01 2.812371e-01 
8.055078e-01 2.814973e-01 
8.098970e-01 2.817574e-01 
8.142862e-01 2.820175e-01 
8.186754e-01 2.822776e-01 
8.230647e-01 2.825377e-01 
8.274539e-01 2.827978e-01 
8.318431e-01 2.830579e-01 
8.362323e-01 2.833181e-01 
8.406216e-01 2.835782e-01 
8.450108e-01 2.838383e-01 
8.494000e-01 2.840984e-01 
5.327233e-01 2.684177e-01 
5.371216e-01 2.686561e-01 
5.415199e-01 2.688945e-01 
5.459182e-01 2.691330e-01 
5.503164e-01 2.693714e-01 
5.547147e-01 2.696098e-01 
5.591130e-01 2.698483e-01 
5.635113e-01 2.700867e-01 
5.679096e-01 2.703252e-01 
5.723079e-01 2.705636e-01 
5.767062e-01 2.708020e-01 
5.811045e-01 2.710405e-01 
5.855027e-01 2.712789e-01 
5.899010e-01 2.715174e-01 
5.942993e-01 2.717558e-01 
5.986976e-01 2.719942e-01 
6.030959e-01 2.722327e-01 
6.074942e-01 2.724711e-01 
6.118925e-01 2.727095e-01 
6.162908e-01 2.729480e-01 
6.206890e-01 2.731864e-01 
6.250873e-01 2.734249e-01 
6.294856e-01 2.736633e-01 
6.338839e-01 2.739017e-01 
6.382822e-01 2.741402e-01 
6.426805e-01 2.743786e-01 
6.470788e-01 2.746170e-01 
6.514771e-01 2.748555e-01 
6.558753e-01 2.750939e-01 
6.602736e-01 2.753324e-01 
6.646719e-01 2.755708e-01 
6.690702e-01 2.758092e-01 
6.734685e-01 2.760477e-01 
6.778668e-01 2.762861e-01 
6.822651e-01 2.765246e-01 
6.866634e-01 2.767630e-01 
6.910616e-01 2.770014e-01 
6.954599e-01 2.772399e-01 
6.998582e-01 2.774783e-01 
7.042565e-01 2.777167e-01 
7.086548e-01 2.779552e-01 
7.130531e-01 2.781936e-01 
7.174514e-01 2.784321e-01 
7.218497e-01 2.786705e-01 
7.262479e-01 2.789089e-01 
7.306462e-01 2.791474e-01 
7.350445e-01 2.793858e-01 
7.394428e-01 2.796242e-01 
7.438411e-01 2.798627e-01 
7.482394e-01 2.801011e-01 
7.526377e-01 2.803396e-01 
7.570360e-01 2.805780e-01 
7.614342e-01 2.808164e-01 
7.658325e-01 2.810549e-01 
7.702308e-01 2.812933e-01 
7.746291e-01 2.815318e-01 
7.790274e-01 2.817702e-01 
7.834257e-01 2.820086e-01 
7.878240e-01 2.822471e-01 
7.922223e-01 2.824855e-01 
7.966205e-01 2.827239e-01 
8.010188e-01 2.829624e-01 
8.054171e-01 2.832008e-01 
8.098154e-01 2.834393e-01 
8.142137e-01 2.836777e-01 
8.186120e-01 2.839161e-01 
8.230103e-01 2.841546e-01 
8.274086e-01 2.843930e-01 
8.318068e-01 2.846314e-01 
8.362051e-01 2.848699e-01 
8.406034e-01 2.851083e-01 
8.450017e-01 2.853468e-01 
8.494000e-01 2.855852e-01 
5.320706e-01 2.714651e-01 
5.364780e-01 2.716819e-01 
5.408853e-01 2.718987e-01 
5.452927e-01 2.721154e-01 
5.497000e-01 2.723322e-01 
5.541074e-01 2.725490e-01 
5.585147e-01 2.727657e-01 
5.629221e-01 2.729825e-01 
5.673294e-01 2.731992e-01 
5.717368e-01 2.734160e-01 
5.761442e-01 2.736328e-01 
5.805515e-01 2.738495e-01 
5.849589e-01 2.740663e-01 
5.893662e-01 2.742830e-01 
5.937736e-01 2.744998e-01 
5.981809e-01 2.747166e-01 
6.025883e-01 2.749333e-01 
6.069956e-01 2.751501e-01 
6.114030e-01 2.753669e-01 
6.158103e-01 2.755836e-01 
6.202177e-01 2.758004e-01 
6.246250e-01 2.760171e-01 
6.290324e-01 2.762339e-01 
6.334397e-01 2.764507e-01 
6.378471e-01 2.766674e-01 
6.422544e-01 2.768842e-01 
6.466618e-01 2.771010e-01 
6.510691e-01 2.773177e-01 
6.554765e-01 2.775345e-01 
6.598838e-01 2.777512e-01 
6.642912e-01 2.779680e-01 
6.686986e-01 2.781848e-01 
6.731059e-01 2.784015e-01 
6.775133e-01 2.786183e-01 
6.819206e-01 2.788350e-01 
6.863280e-01 2.790518e-01 
6.907353e-01 2.792686e-01 
6.951427e-01 2.794853e-01 
6.995500e-01 2.797021e-01 
7.039574e-01 2.799189e-01 
7.083647e-01 2.801356e-01 
7.127721e-01 2.803524e-01 
7.171794e-01 2.805691e-01 
7.215868e-01 2.807859e-01 
7.259941e-01 2.810027e-01 
7.304015e-01 2.812194e-01 
7.348088e-01 2.814362e-01 
7.392162e-01 2.816530e-01 
7.436235e-01 2.818697e-01 
7.480309e-01 2.820865e-01 
7.524382e-01 2.823032e-01 
7.568456e-01 2.825200e-01 
7.612530e-01 2.827368e-01 
7.656603e-01 2.829535e-01 
7.700677e-01 2.831703e-01 
7.744750e-01 2.833870e-01 
7.788824e-01 2.836038e-01 
7.832897e-01 2.838206e-01 
7.876971e-01 2.840373e-01 
7.921044e-01 2.842541e-01 
7.965118e-01 2.844709e-01 
8.009191e-01 2.846876e-01 
8.053265e-01 2.849044e-01 
8.097338e-01 2.851211e-01 
8.141412e-01 2.853379e-01 
8.185485e-01 2.855547e-01 
8.229559e-01 2.857714e-01 
8.273632e-01 2.859882e-01 
8.317706e-01 2.862050e-01 
8.361779e-01 2.864217e-01 
8.405853e-01 2.866385e-01 
8.449926e-01 2.868552e-01 
8.494000e-01 2.870720e-01 
5.314180e-01 2.745126e-01 
5.358344e-01 2.747077e-01 
5.402508e-01 2.749028e-01 
5.446672e-01 2.750979e-01 
5.490836e-01 2.752930e-01 
5.535001e-01 2.754881e-01 
5.579165e-01 2.756831e-01 
5.623329e-01 2.758782e-01 
5.667493e-01 2.760733e-01 
5.711657e-01 2.762684e-01 
5.755821e-01 2.764635e-01 
5.799986e-01 2.766586e-01 
5.844150e-01 2.768537e-01 
5.888314e-01 2.770487e-01 
5.932478e-01 2.772438e-01 
5.976642e-01 2.774389e-01 
6.020806e-01 2.776340e-01 
6.064971e-01 2.778291e-01 
6.109135e-01 2.780242e-01 
6.153299e-01 2.782193e-01 
6.197463e-01 2.784143e-01 
6.241627e-01 2.786094e-01 
6.285791e-01 2.788045e-01 
6.329956e-01 2.789996e-01 
6.374120e-01 2.791947e-01 
6.418284e-01 2.793898e-01 
6.462448e-01 2.795849e-01 
6.506612e-01 2.797799e-01 
6.550776e-01 2.799750e-01 
6.594941e-01 2.801701e-01 
6.639105e-01 2.803652e-01 
6.683269e-01 2.805603e-01 
6.727433e-01 2.807554e-01 
6.771597e-01 2.809505e-01 
6.815761e-01 2.811455e-01 
6.859926e-01 2.813406e-01 
6.904090e-01 2.815357e-01 
6.948254e-01 2.817308e-01 
6.992418e-01 2.819259e-01 
7.036582e-01 2.821210e-01 
7.080747e-01 2.823161e-01 
7.124911e-01 2.825111e-01 
7.169075e-01 2.827062e-01 
7.213239e-01 2.829013e-01 
7.257403e-01 2.830964e-01 
7.301567e-01 2.832915e-01 
7.345732e-01 2.834866e-01 
7.389896e-01 2.836817e-01 
7.434060e-01 2.838767e-01 
7.478224e-01 2.840718e-01 
7.522388e-01 2.842669e-01 
7.566552e-01 2.844620e-01 
7.610717e-01 2.846571e-01 
7.654881e-01 2.848522e-01 
7.699045e-01 2.850473e-01 
7.743209e-01 2.852423e-01 
7.787373e-01 2.854374e-01 
7.831537e-01 2.856325e-01 
7.875702e-01 2.858276e-01 
7.919866e-01 2.860227e-01 
7.964030e-01 2.862178e-01 
8.008194e-01 2.864129e-01 
8.052358e-01 2.866079e-01 
8.096522e-01 2.868030e-01 
8.140687e-01 2.869981e-01 
8.184851e-01 2.871932e-01 
8.229015e-01 2.873883e-01 
8.273179e-01 2.875834e-01 
8.317343e-01 2.877785e-01 
8.361507e-01 2.879735e-01 
8.405672e-01 2.881686e-01 
8.449836e-01 2.883637e-01 
8.494000e-01 2.885588e-01 
5.307653e-01 2.775601e-01 
5.351908e-01 2.777335e-01 
5.396163e-01 2.779069e-01 
5.440417e-01 2.780803e-01 
5.484672e-01 2.782538e-01 
5.528927e-01 2.784272e-01 
5.573182e-01 2.786006e-01 
5.617437e-01 2.787740e-01 
5.661692e-01 2.789474e-01 
5.705946e-01 2.791208e-01 
5.750201e-01 2.792942e-01 
5.794456e-01 2.794676e-01 
5.838711e-01 2.796410e-01 
5.882966e-01 2.798144e-01 
5.927220e-01 2.799878e-01 
5.971475e-01 2.801613e-01 
6.015730e-01 2.803347e-01 
6.059985e-01 2.805081e-01 
6.104240e-01 2.806815e-01 
6.148495e-01 2.808549e-01 
6.192749e-01 2.810283e-01 
6.237004e-01 2.812017e-01 
6.281259e-01 2.813751e-01 
6.325514e-01 2.815485e-01 
6.369769e-01 2.817219e-01 
6.414024e-01 2.818954e-01 
6.458278e-01 2.820688e-01 
6.502533e-01 2.822422e-01 
6.546788e-01 2.824156e-01 
6.591043e-01 2.825890e-01 
6.635298e-01 2.827624e-01 
6.679552e-01 2.829358e-01 
6.723807e-01 2.831092e-01 
6.768062e-01 2.832826e-01 
6.812317e-01 2.834560e-01 
6.856572e-01 2.836294e-01 
6.900827e-01 2.838029e-01 
6.945081e-01 2.839763e-01 
6.989336e-01 2.841497e-01 
7.033591e-01 2.843231e-01 
7.077846e-01 2.844965e-01 
7.122101e-01 2.846699e-01 
7.166355e-01 2.848433e-01 
7.210610e-01 2.850167e-01 
7.254865e-01 2.851901e-01 
7.299120e-01 2.853635e-01 
7.343375e-01 2.855370e-01 
7.387630e-01 2.857104e-01 
7.431884e-01 2.858838e-01 
7.476139e-01 2.860572e-01 
7.520394e-01 2.862306e-01 
7.564649e-01 2.864040e-01 
7.608904e-01 2.865774e-01 
7.653158e-01 2.867508e-01 
7.697413e-01 2.869242e-01 
7.741668e-01 2.870976e-01 
7.785923e-01 2.872710e-01 
7.830178e-01 2.874445e-01 
7.874433e-01 2.876179e-01 
7.918687e-01 2.877913e-01 
7.962942e-01 2.879647e-01 
8.007197e-01 2.881381e-01 
8.051452e-01 2.883115e-01 
8.095707e-01 2.884849e-01 
8.139961e-01 2.886583e-01 
8.184216e-01 2.888317e-01 
8.228471e-01 2.890051e-01 
8.272726e-01 2.891786e-01 
8.316981e-01 2.893520e-01 
8.361236e-01 2.895254e-01 
8.405490e-01 2.896988e-01 
8.449745e-01 2.898722e-01 
8.494000e-01 2.900456e-01 
5.301126e-01 2.806076e-01 
5.345472e-01 2.807593e-01 
5.389817e-01 2.809111e-01 
5.434163e-01 2.810628e-01 
5.478508e-01 2.812145e-01 
5.522854e-01 2.813663e-01 
5.567199e-01 2.815180e-01 
5.611545e-01 2.816697e-01 
5.655890e-01 2.818215e-01 
5.700236e-01 2.819732e-01 
5.744581e-01 2.821249e-01 
5.788927e-01 2.822767e-01 
5.833272e-01 2.824284e-01 
5.877617e-01 2.825801e-01 
5.921963e-01 2.827319e-01 
5.966308e-01 2.828836e-01 
6.010654e-01 2.830353e-01 
6.054999e-01 2.831871e-01 
6.099345e-01 2.833388e-01 
6.143690e-01 2.834905e-01 
6.188036e-01 2.836423e-01 
6.232381e-01 2.837940e-01 
6.276727e-01 2.839457e-01 
6.321072e-01 2.840975e-01 
6.365418e-01 2.842492e-01 
6.409763e-01 2.844009e-01 
6.454109e-01 2.845527e-01 
6.498454e-01 2.847044e-01 
6.542799e-01 2.848561e-01 
6.587145e-01 2.850079e-01 
6.631490e-01 2.851596e-01 
6.675836e-01 2.853113e-01 
6.720181e-01 2.854631e-01 
6.764527e-01 2.856148e-01 
6.808872e-01 2.857665e-01 
6.853218e-01 2.859183e-01 
6.897563e-01 2.860700e-01 
6.941909e-01 2.862217e-01 
6.986254e-01 2.863735e-01 
7.030600e-01 2.865252e-01 
7.074945e-01 2.866769e-01 
7.119291e-01 2.868287e-01 
7.163636e-01 2.869804e-01 
7.207981e-01 2.871321e-01 
7.252327e-01 2.872839e-01 
7.296672e-01 2.874356e-01 
7.341018e-01 2.875873e-01 
7.385363e-01 2.877391e-01 
7.429709e-01 2.878908e-01 
7.474054e-01 2.880425e-01 
7.518400e-01 2.881943e-01 
7.562745e-01 2.883460e-01 
7.607091e-01 2.884977e-01 
7.651436e-01 2.886495e-01 
7.695782e-01 2.888012e-01 
7.740127e-01 2.889529e-01 
7.784473e-01 2.891047e-01 
7.828818e-01 2.892564e-01 
7.873163e-01 2.894081e-01 
7.917509e-01 2.895599e-01 
7.961854e-01 2.897116e-01 
8.006200e-01 2.898633e-01 
8.050545e-01 2.900151e-01 
8.094891e-01 2.901668e-01 
8.139236e-01 2.903185e-01 
8.183582e-01 2.904703e-01 
8.227927e-01 2.906220e-01 
8.272273e-01 2.907737e-01 
8.316618e-01 2.909255e-01 
8.360964e-01 2.910772e-01 
8.405309e-01 2.912289e-01 
8.449655e-01 2.913807e-01 
8.494000e-01 2.915324e-01 
5.294600e-01 2.836551e-01 
5.339036e-01 2.837851e-01 
5.383472e-01 2.839152e-01 
5.427908e-01 2.840453e-01 
5.472344e-01 2.841753e-01 
5.516780e-01 2.843054e-01 
5.561216e-01 2.844354e-01 
5.605653e-01 2.845655e-01 
5.650089e-01 2.846955e-01 
5.694525e-01 2.848256e-01 
5.738961e-01 2.849557e-01 
5.783397e-01 2.850857e-01 
5.827833e-01 2.852158e-01 
5.872269e-01 2.853458e-01 
5.916705e-01 2.854759e-01 
5.961141e-01 2.856059e-01 
6.005578e-01 2.857360e-01 
6.050014e-01 2.858661e-01 
6.094450e-01 2.859961e-01 
6.138886e-01 2.861262e-01 
6.183322e-01 2.862562e-01 
6.227758e-01 2.863863e-01 
6.272194e-01 2.865163e-01 
6.316630e-01 2.866464e-01 
6.361067e-01 2.867765e-01 
6.405503e-01 2.869065e-01 
6.449939e-01 2.870366e-01 
6.494375e-01 2.871666e-01 
6.538811e-01 2.872967e-01 
6.583247e-01 2.874267e-01 
6.627683e-01 2.875568e-01 
6.672119e-01 2.876869e-01 
6.716555e-01 2.878169e-01 
6.760992e-01 2.879470e-01 
6.805428e-01 2.880770e-01 
6.849864e-01 2.882071e-01 
6.894300e-01 2.883371e-01 
6.938736e-01 2.884672e-01 
6.983172e-01 2.885973e-01 
7.027608e-01 2.887273e-01 
7.072044e-01 2.888574e-01 
7.116480e-01 2.889874e-01 
7.160917e-01 2.891175e-01 
7.205353e-01 2.892475e-01 
7.249789e-01 2.893776e-01 
7.294225e-01 2.895077e-01 
7.338661e-01 2.896377e-01 
7.383097e-01 2.897678e-01 
7.427533e-01 2.898978e-01 
7.471969e-01 2.900279e-01 
7.516405e-01 2.901579e-01 
7.560842e-01 2.902880e-01 
7.605278e-01 2.904181e-01 
7.649714e-01 2.905481e-01 
7.694150e-01 2.906782e-01 
7.738586e-01 2.908082e-01 
7.783022e-01 2.909383e-01 
7.827458e-01 2.910683e-01 
7.871894e-01 2.911984e-01 
7.916331e-01 2.913285e-01 
7.960767e-01 2.914585e-01 
8.005203e-01 2.915886e-01 
8.049639e-01 2.917186e-01 
8.094075e-01 2.918487e-01 
8.138511e-01 2.919787e-01 
8.182947e-01 2.921088e-01 
8.227383e-01 2.922389e-01 
8.271819e-01 2.923689e-01 
8.316256e-01 2.924990e-01 
8.360692e-01 2.926290e-01 
8.405128e-01 2.927591e-01 
8.449564e-01 2.928891e-01 
8.494000e-01 2.930192e-01 
5.288073e-01 2.867026e-01 
5.332600e-01 2.868110e-01 
5.377127e-01 2.869193e-01 
5.421653e-01 2.870277e-01 
5.466180e-01 2.871361e-01 
5.510707e-01 2.872445e-01 
5.555234e-01 2.873529e-01 
5.599760e-01 2.874612e-01 
5.644287e-01 2.875696e-01 
5.688814e-01 2.876780e-01 
5.733341e-01 2.877864e-01 
5.777868e-01 2.878948e-01 
5.822394e-01 2.880031e-01 
5.866921e-01 2.881115e-01 
5.911448e-01 2.882199e-01 
5.955975e-01 2.883283e-01 
6.000501e-01 2.884367e-01 
6.045028e-01 2.885450e-01 
6.089555e-01 2.886534e-01 
6.134082e-01 2.887618e-01 
6.178608e-01 2.888702e-01 
6.223135e-01 2.889786e-01 
6.267662e-01 2.890870e-01 
6.312189e-01 2.891953e-01 
6.356715e-01 2.893037e-01 
6.401242e-01 2.894121e-01 
6.445769e-01 2.895205e-01 
6.490296e-01 2.896289e-01 
6.534822e-01 2.897372e-01 
6.579349e-01 2.898456e-01 
6.623876e-01 2.899540e-01 
6.668403e-01 2.900624e-01 
6.712930e-01 2.901708e-01 
6.757456e-01 2.902791e-01 
6.801983e-01 2.903875e-01 
6.846510e-01 2.904959e-01 
6.891037e-01 2.906043e-01 
6.935563e-01 2.907127e-01 
6.980090e-01 2.908210e-01 
7.024617e-01 2.909294e-01 
7.069144e-01 2.910378e-01 
7.113670e-01 2.911462e-01 
7.158197e-01 2.912546e-01 
7.202724e-01 2.913630e-01 
7.247251e-01 2.914713e-01 
7.291777e-01 2.915797e-01 
7.336304e-01 2.916881e-01 
7.380831e-01 2.917965e-01 
7.425358e-01 2.919049e-01 
7.469884e-01 2.920132e-01 
7.514411e-01 2.921216e-01 
7.558938e-01 2.922300e-01 
7.603465e-01 2.923384e-01 
7.647992e-01 2.924468e-01 
7.692518e-01 2.925551e-01 
7.737045e-01 2.926635e-01 
7.781572e-01 2.927719e-01 
7.826099e-01 2.928803e-01 
7.870625e-01 2.929887e-01 
7.915152e-01 2.930970e-01 
7.959679e-01 2.932054e-01 
8.004206e-01 2.933138e-01 
8.048732e-01 2.934222e-01 
8.093259e-01 2.935306e-01 
8.137786e-01 2.936390e-01 
8.182313e-01 2.937473e-01 
8.226839e-01 2.938557e-01 
8.271366e-01 2.939641e-01 
8.315893e-01 2.940725e-01 
8.360420e-01 2.941809e-01 
8.404946e-01 2.942892e-01 
8.449473e-01 2.943976e-01 
8.494000e-01 2.945060e-01 
5.281547e-01 2.897501e-01 
5.326164e-01 2.898368e-01 
5.370781e-01 2.899235e-01 
5.415399e-01 2.900102e-01 
5.460016e-01 2.900969e-01 
5.504634e-01 2.901836e-01 
5.549251e-01 2.902703e-01 
5.593868e-01 2.903570e-01 
5.638486e-01 2.904437e-01 
5.683103e-01 2.905304e-01 
5.727721e-01 2.906171e-01 
5.772338e-01 2.907038e-01 
5.816955e-01 2.907905e-01 
5.861573e-01 2.908772e-01 
5.906190e-01 2.909639e-01 
5.950808e-01 2.910506e-01 
5.995425e-01 2.911373e-01 
6.040042e-01 2.912240e-01 
6.084660e-01 2.913107e-01 
6.129277e-01 2.913974e-01 
6.173895e-01 2.914842e-01 
6.218512e-01 2.915709e-01 
6.263130e-01 2.916576e-01 
6.307747e-01 2.917443e-01 
6.352364e-01 2.918310e-01 
6.396982e-01 2.919177e-01 
6.441599e-01 2.920044e-01 
6.486217e-01 2.920911e-01 
6.530834e-01 2.921778e-01 
6.575451e-01 2.922645e-01 
6.620069e-01 2.923512e-01 
6.664686e-01 2.924379e-01 
6.709304e-01 2.925246e-01 
6.753921e-01 2.926113e-01 
6.798538e-01 2.926980e-01 
6.843156e-01 2.927847e-01 
6.887773e-01 2.928714e-01 
6.932391e-01 2.929581e-01 
6.977008e-01 2.930448e-01 
7.021625e-01 2.931315e-01 
7.066243e-01 2.932182e-01 
7.110860e-01 2.933050e-01 
7.155478e-01 2.933917e-01 
7.200095e-01 2.934784e-01 
7.244713e-01 2.935651e-01 
7.289330e-01 2.936518e-01 
7.333947e-01 2.937385e-01 
7.378565e-01 2.938252e-01 
7.423182e-01 2.939119e-01 
7.467800e-01 2.939986e-01 
7.512417e-01 2.940853e-01 
7.557034e-01 2.941720e-01 
7.601652e-01 2.942587e-01 
7.646269e-01 2.943454e-01 
7.690887e-01 2.944321e-01 
7.735504e-01 2.945188e-01 
7.780121e-01 2.946055e-01 
7.824739e-01 2.946922e-01 
7.869356e-01 2.947789e-01 
7.913974e-01 2.948656e-01 
7.958591e-01 2.949523e-01 
8.003208e-01 2.950390e-01 
8.047826e-01 2.951258e-01 
8.092443e-01 2.952125e-01 
8.137061e-01 2.952992e-01 
8.181678e-01 2.953859e-01 
8.226296e-01 2.954726e-01 
8.270913e-01 2.955593e-01 
8.315530e-01 2.956460e-01 
8.360148e-01 2.957327e-01 
8.404765e-01 2.958194e-01 
8.449383e-01 2.959061e-01 
8.494000e-01 2.959928e-01 
5.275020e-01 2.927975e-01 
5.319728e-01 2.928626e-01 
5.364436e-01 2.929276e-01 
5.409144e-01 2.929926e-01 
5.453852e-01 2.930577e-01 
5.498560e-01 2.931227e-01 
5.543268e-01 2.931877e-01 
5.587976e-01 2.932527e-01 
5.632684e-01 2.933178e-01 
5.677392e-01 2.933828e-01 
5.722100e-01 2.934478e-01 
5.766809e-01 2.935129e-01 
5.811517e-01 2.935779e-01 
5.856225e-01 2.936429e-01 
5.900933e-01 2.937079e-01 
5.945641e-01 2.937730e-01 
5.990349e-01 2.938380e-01 
6.035057e-01 2.939030e-01 
6.079765e-01 2.939681e-01 
6.124473e-01 2.940331e-01 
6.169181e-01 2.940981e-01 
6.213889e-01 2.941631e-01 
6.258597e-01 2.942282e-01 
6.303305e-01 2.942932e-01 
6.348013e-01 2.943582e-01 
6.392721e-01 2.944233e-01 
6.437429e-01 2.944883e-01 
6.482137e-01 2.945533e-01 
6.526845e-01 2.946183e-01 
6.571554e-01 2.946834e-01 
6.616262e-01 2.947484e-01 
6.660970e-01 2.948134e-01 
6.705678e-01 2.948785e-01 
6.750386e-01 2.949435e-01 
6.795094e-01 2.950085e-01 
6.839802e-01 2.950735e-01 
6.884510e-01 2.951386e-01 
6.929218e-01 2.952036e-01 
6.973926e-01 2.952686e-01 
7.018634e-01 2.953337e-01 
7.063342e-01 2.953987e-01 
7.108050e-01 2.954637e-01 
7.152758e-01 2.955287e-01 
7.197466e-01 2.955938e-01 
7.242174e-01 2.956588e-01 
7.286882e-01 2.957238e-01 
7.331591e-01 2.957889e-01 
7.376299e-01 2.958539e-01 
7.421007e-01 2.959189e-01 
7.465715e-01 2.959839e-01 
7.510423e-01 2.960490e-01 
7.555131e-01 2.961140e-01 
7.599839e-01 2.961790e-01 
7.644547e-01 2.962441e-01 
7.689255e-01 2.963091e-01 
7.733963e-01 2.963741e-01 
7.778671e-01 2.964391e-01 
7.823379e-01 2.965042e-01 
7.868087e-01 2.965692e-01 
7.912795e-01 2.966342e-01 
7.957503e-01 2.966993e-01 
8.002211e-01 2.967643e-01 
8.046919e-01 2.968293e-01 
8.091627e-01 2.968943e-01 
8.136336e-01 2.969594e-01 
8.181044e-01 2.970244e-01 
8.225752e-01 2.970894e-01 
8.270460e-01 2.971545e-01 
8.315168e-01 2.972195e-01 
8.359876e-01 2.972845e-01 
8.404584e-01 2.973495e-01 
8.449292e-01 2.974146e-01 
8.494000e-01 2.974796e-01 
5.268493e-01 2.958450e-01 
5.313292e-01 2.958884e-01 
5.358091e-01 2.959317e-01 
5.402889e-01 2.959751e-01 
5.447688e-01 2.960184e-01 
5.492487e-01 2.960618e-01 
5.537285e-01 2.961051e-01 
5.582084e-01 2.961485e-01 
5.626883e-01 2.961918e-01 
5.671682e-01 2.962352e-01 
5.716480e-01 2.962786e-01 
5.761279e-01 2.963219e-01 
5.806078e-01 2.963653e-01 
5.850876e-01 2.964086e-01 
5.895675e-01 2.964520e-01 
5.940474e-01 2.964953e-01 
5.985273e-01 2.965387e-01 
6.030071e-01 2.965820e-01 
6.074870e-01 2.966254e-01 
6.119669e-01 2.966687e-01 
6.164467e-01 2.967121e-01 
6.209266e-01 2.967554e-01 
6.254065e-01 2.967988e-01 
6.298863e-01 2.968421e-01 
6.343662e-01 2.968855e-01 
6.388461e-01 2.969288e-01 
6.433260e-01 2.969722e-01 
6.478058e-01 2.970155e-01 
6.522857e-01 2.970589e-01 
6.567656e-01 2.971022e-01 
6.612454e-01 2.971456e-01 
6.657253e-01 2.971890e-01 
6.702052e-01 2.972323e-01 
6.746851e-01 2.972757e-01 
6.791649e-01 2.973190e-01 
6.836448e-01 2.973624e-01 
6.881247e-01 2.974057e-01 
6.926045e-01 2.974491e-01 
6.970844e-01 2.974924e-01 
7.015643e-01 2.975358e-01 
7.060441e-01 2.975791e-01 
7.105240e-01 2.976225e-01 
7.150039e-01 2.976658e-01 
7.194838e-01 2.977092e-01 
7.239636e-01 2.977525e-01 
7.284435e-01 2.977959e-01 
7.329234e-01 2.978392e-01 
7.374032e-01 2.978826e-01 
7.418831e-01 2.979259e-01 
7.463630e-01 2.979693e-01 
7.508428e-01 2.980126e-01 
7.553227e-01 2.980560e-01 
7.598026e-01 2.980994e-01 
7.642825e-01 2.981427e-01 
7.687623e-01 2.981861e-01 
7.732422e-01 2.982294e-01 
7.777221e-01 2.982728e-01 
7.822019e-01 2.983161e-01 
7.866818e-01 2.983595e-01 
7.911617e-01 2.984028e-01 
7.956416e-01 2.984462e-01 
8.001214e-01 2.984895e-01 
8.046013e-01 2.985329e-01 
8.090812e-01 2.985762e-01 
8.135610e-01 2.986196e-01 
8.180409e-01 2.986629e-01 
8.225208e-01 2.987063e-01 
8.270006e-01 2.987496e-01 
8.314805e-01 2.987930e-01 
8.359604e-01 2.988363e-01 
8.404403e-01 2.988797e-01 
8.449201e-01 2.989230e-01 
8.494000e-01 2.989664e-01 
5.261967e-01 2.988925e-01 
5.306856e-01 2.989142e-01 
5.351745e-01 2.989359e-01 
5.396635e-01 2.989575e-01 
5.441524e-01 2.989792e-01 
5.486413e-01 2.990009e-01 
5.531303e-01 2.990226e-01 
5.576192e-01 2.990442e-01 
5.621081e-01 2.990659e-01 
5.665971e-01 2.990876e-01 
5.710860e-01 2.991093e-01 
5.755750e-01 2.991310e-01 
5.800639e-01 2.991526e-01 
5.845528e-01 2.991743e-01 
5.890418e-01 2.991960e-01 
5.935307e-01 2.992177e-01 
5.980196e-01 2.992393e-01 
6.025086e-01 2.992610e-01 
6.069975e-01 2.992827e-01 
6.114864e-01 2.993044e-01 
6.159754e-01 2.993260e-01 
6.204643e-01 2.993477e-01 
6.249532e-01 2.993694e-01 
6.294422e-01 2.993911e-01 
6.339311e-01 2.994127e-01 
6.384200e-01 2.994344e-01 
6.429090e-01 2.994561e-01 
6.473979e-01 2.994778e-01 
6.518868e-01 2.994994e-01 
6.563758e-01 2.995211e-01 
6.608647e-01 2.995428e-01 
6.653537e-01 2.995645e-01 
6.698426e-01 2.995862e-01 
6.743315e-01 2.996078e-01 
6.788205e-01 2.996295e-01 
6.833094e-01 2.996512e-01 
6.877983e-01 2.996729e-01 
6.922873e-01 2.996945e-01 
6.967762e-01 2.997162e-01 
7.012651e-01 2.997379e-01 
7.057541e-01 2.997596e-01 
7.102430e-01 2.997812e-01 
7.147319e-01 2.998029e-01 
7.192209e-01 2.998246e-01 
7.237098e-01 2.998463e-01 
7.281987e-01 2.998679e-01 
7.326877e-01 2.998896e-01 
7.371766e-01 2.999113e-01 
7.416656e-01 2.999330e-01 
7.461545e-01 2.999546e-01 
7.506434e-01 2.999763e-01 
7.551324e-01 2.999980e-01 
7.596213e-01 3.000197e-01 
7.641102e-01 3.000414e-01 
7.685992e-01 3.000630e-01 
7.730881e-01 3.000847e-01 
7.775770e-01 3.001064e-01 
7.820660e-01 3.001281e-01 
7.865549e-01 3.001497e-01 
7.910438e-01 3.001714e-01 
7.955328e-01 3.001931e-01 
8.000217e-01 3.002148e-01 
8.045106e-01 3.002364e-01 
8.089996e-01 3.002581e-01 
8.134885e-01 3.002798e-01 
8.179775e-01 3.003015e-01 
8.224664e-01 3.003231e-01 
8.269553e-01 3.003448e-01 
8.314443e-01 3.003665e-01 
8.359332e-01 3.003882e-01 
8.404221e-01 3.004098e-01 
8.449111e-01 3.004315e-01 
8.494000e-01 3.004532e-01 
5.255440e-01 3.019400e-01 
5.300420e-01 3.019400e-01 
5.345400e-01 3.019400e-01 
5.390380e-01 3.019400e-01 
5.435360e-01 3.019400e-01 
5.480340e-01 3.019400e-01 
5.525320e-01 3.019400e-01 
5.570300e-01 3.019400e-01 
5.615280e-01 3.019400e-01 
5.660260e-01 3.019400e-01 
5.705240e-01 3.019400e-01 
5.750220e-01 3.019400e-01 
5.795200e-01 3.019400e-01 
5.840180e-01 3.019400e-01 
5.885160e-01 3.019400e-01 
5.930140e-01 3.019400e-01 
5.975120e-01 3.019400e-01 
6.020100e-01 3.019400e-01 
6.065080e-01 3.019400e-01 
6.110060e-01 3.019400e-01 
6.155040e-01 3.019400e-01 
6.200020e-01 3.019400e-01 
6.245000e-01 3.019400e-01 
6.289980e-01 3.019400e-01 
6.334960e-01 3.019400e-01 
6.379940e-01 3.019400e-01 
6.424920e-01 3.019400e-01 
6.469900e-01 3.019400e-01 
6.514880e-01 3.019400e-01 
6.559860e-01 3.019400e-01 
6.604840e-01 3.019400e-01 
6.649820e-01 3.019400e-01 
6.694800e-01 3.019400e-01 
6.739780e-01 3.019400e-01 
6.784760e-01 3.019400e-01 
6.829740e-01 3.019400e-01 
6.874720e-01 3.019400e-01 
6.919700e-01 3.019400e-01 
6.964680e-01 3.019400e-01 
7.009660e-01 3.019400e-01 
7.054640e-01 3.019400e-01 
7.099620e-01 3.019400e-01 
7.144600e-01 3.019400e-01 
7.189580e-01 3.019400e-01 
7.234560e-01 3.019400e-01 
7.279540e-01 3.019400e-01 
7.324520e-01 3.019400e-01 
7.369500e-01 3.019400e-01 
7.414480e-01 3.019400e-01 
7.459460e-01 3.019400e-01 
7.504440e-01 3.019400e-01 
7.549420e-01 3.019400e-01 
7.594400e-01 3.019400e-01 
7.639380e-01 3.019400e-01 
7.684360e-01 3.019400e-01 
7.729340e-01 3.019400e-01 
7.774320e-01 3.019400e-01 
7.819300e-01 3.019400e-01 
7.864280e-01 3.019400e-01 
7.909260e-01 3.019400e-01 
7.954240e-01 3.019400e-01 
7.999220e-01 3.019400e-01 
8.044200e-01 3.019400e-01 
8.089180e-01 3.019400e-01 
8.134160e-01 3.019400e-01 
8.179140e-01 3.019400e-01 
8.224120e-01 3.019400e-01 
8.269100e-01 3.019400e-01 
8.314080e-01 3.019400e-01 
8.359060e-01 3.019400e-01 
8.404040e-01 3.019400e-01 
8.449020e-01 3.019400e-01 
8.494000e-01 3.019400e-01 
BC
-1
-1
-1
-1
-1
-1
-1
-1
-1
-1
-1
-1
-1
-1
-1
-1
-1
-1
-1
-1
-1
-1
-1
-1
-1
-1
-1
-1
-1
-1
-1
-1
-1
-1
-1
-1
-1
-1
-1
-1
-1
-1
-1
-1
-1
-1
-1
-1
-1
-1
-1
-1
-1
-1
-1
-1
-1
-1
-1
-1
-1
-1
-1
-1
-1
-1
-1
-1
-1
-1
-1
-1
-1
-1
-1
-1
-1
-1
-1
-1
-1
-1
-1
-1
-1
-1
-1
-1
-1
-1
-1
-1
-1
-1
-1
-1
-1
-1
-1
-1
-1
-1
-1
-1
-1
-1
-1
-1
-1
-1
-1
-1
-1
-1
-1
-1
-1
-1
-1
-1
-1
-1
-1
-1
-1
-1
-1
-1
-1
-1
-1
-1
-1
-1
-1
-1
-1
-1
-1
-1
-1
-1
-1
-1
-1
-1
-1
-1
-1
-1
-1
-1
-1
-1
-1
-1
-1
-1
-1
-1
-1
-1
-1
-1
-1
-1
-1
-1
-1
-1
-1
-1
-1
-1
-1
-1
-1
-1
-1
-1
-1
-1
-1
-1
-1
-1
-1
-1
-1
-1
-1
-1
