npartb: 4 1 
ipartb: 0 0 
ngrid: 76 11 
5.000000e-02 2.700000e-02 
5.099971e-02 2.702420e-02 
5.199947e-02 2.704841e-02 
5.299945e-02 2.707262e-02 
5.399972e-02 2.709684e-02 
5.500036e-02 2.712106e-02 
5.600149e-02 2.714530e-02 
5.700319e-02 2.716955e-02 
5.800556e-02 2.719382e-02 
5.900870e-02 2.721811e-02 
6.001270e-02 2.724241e-02 
6.101766e-02 2.726674e-02 
6.202367e-02 2.729110e-02 
6.303084e-02 2.731548e-02 
6.403925e-02 2.733990e-02 
6.504901e-02 2.736434e-02 
6.606021e-02 2.738883e-02 
6.707295e-02 2.741335e-02 
6.808732e-02 2.743790e-02 
6.910343e-02 2.746250e-02 
7.012136e-02 2.748715e-02 
7.114122e-02 2.751184e-02 
7.216311e-02 2.753658e-02 
7.318712e-02 2.756137e-02 
7.421335e-02 2.758622e-02 
7.524190e-02 2.761112e-02 
7.627286e-02 2.763608e-02 
7.730634e-02 2.766110e-02 
7.834244e-02 2.768619e-02 
7.938125e-02 2.771134e-02 
8.042287e-02 2.773655e-02 
8.146741e-02 2.776184e-02 
8.251496e-02 2.778720e-02 
8.356563e-02 2.781264e-02 
8.461951e-02 2.783816e-02 
8.567670e-02 2.786375e-02 
8.673731e-02 2.788943e-02 
8.780144e-02 2.791519e-02 
8.886919e-02 2.794104e-02 
8.994067e-02 2.796698e-02 
9.101596e-02 2.799302e-02 
9.209519e-02 2.801915e-02 
9.317844e-02 2.804537e-02 
9.426584e-02 2.807170e-02 
9.535747e-02 2.809813e-02 
9.645344e-02 2.812466e-02 
9.755386e-02 2.815130e-02 
9.865884e-02 2.817806e-02 
9.976848e-02 2.820492e-02 
1.008829e-01 2.823190e-02 
1.020022e-01 2.825900e-02 
1.031264e-01 2.828622e-02 
1.042558e-01 2.831356e-02 
1.053903e-01 2.834103e-02 
1.065301e-01 2.836862e-02 
1.076754e-01 2.839635e-02 
1.088262e-01 2.842421e-02 
1.099826e-01 2.845221e-02 
1.111448e-01 2.848035e-02 
1.123128e-01 2.850862e-02 
1.134868e-01 2.853705e-02 
1.146668e-01 2.856562e-02 
1.158531e-01 2.859434e-02 
1.170456e-01 2.862321e-02 
1.182446e-01 2.865224e-02 
1.194501e-01 2.868142e-02 
1.206623e-01 2.871077e-02 
1.218812e-01 2.874028e-02 
1.231071e-01 2.876996e-02 
1.243399e-01 2.879981e-02 
1.255798e-01 2.882983e-02 
1.268270e-01 2.886002e-02 
1.280815e-01 2.889039e-02 
1.293435e-01 2.892095e-02 
1.306132e-01 2.895169e-02 
1.318905e-01 2.898261e-02 
5.000000e-02 2.732357e-02 
5.099937e-02 2.734638e-02 
5.199879e-02 2.737131e-02 
5.299845e-02 2.739664e-02 
5.399843e-02 2.742192e-02 
5.499884e-02 2.744706e-02 
5.599975e-02 2.747215e-02 
5.700126e-02 2.749716e-02 
5.800346e-02 2.752216e-02 
5.900645e-02 2.754714e-02 
6.001032e-02 2.757212e-02 
6.101517e-02 2.759711e-02 
6.202108e-02 2.762212e-02 
6.302815e-02 2.764715e-02 
6.403648e-02 2.767221e-02 
6.504617e-02 2.769729e-02 
6.605730e-02 2.772241e-02 
6.706998e-02 2.774757e-02 
6.808430e-02 2.777276e-02 
6.910036e-02 2.779800e-02 
7.011824e-02 2.782328e-02 
7.113807e-02 2.784862e-02 
7.215991e-02 2.787400e-02 
7.318389e-02 2.789943e-02 
7.421009e-02 2.792492e-02 
7.523860e-02 2.795047e-02 
7.626954e-02 2.797607e-02 
7.730300e-02 2.800174e-02 
7.833907e-02 2.802748e-02 
7.937786e-02 2.805328e-02 
8.041946e-02 2.807915e-02 
8.146397e-02 2.810509e-02 
8.251151e-02 2.813111e-02 
8.356215e-02 2.815721e-02 
8.461601e-02 2.818338e-02 
8.567319e-02 2.820964e-02 
8.673378e-02 2.823598e-02 
8.779789e-02 2.826241e-02 
8.886563e-02 2.828893e-02 
8.993708e-02 2.831555e-02 
9.101236e-02 2.834225e-02 
9.209157e-02 2.836906e-02 
9.317481e-02 2.839597e-02 
9.426219e-02 2.842297e-02 
9.535380e-02 2.845009e-02 
9.644976e-02 2.847731e-02 
9.755017e-02 2.850464e-02 
9.865513e-02 2.853209e-02 
9.976475e-02 2.855965e-02 
1.008791e-01 2.858733e-02 
1.019984e-01 2.861513e-02 
1.031226e-01 2.864305e-02 
1.042520e-01 2.867110e-02 
1.053865e-01 2.869928e-02 
1.065263e-01 2.872759e-02 
1.076716e-01 2.875604e-02 
1.088223e-01 2.878462e-02 
1.099787e-01 2.881334e-02 
1.111409e-01 2.884221e-02 
1.123089e-01 2.887122e-02 
1.134828e-01 2.890038e-02 
1.146629e-01 2.892969e-02 
1.158491e-01 2.895915e-02 
1.170417e-01 2.898877e-02 
1.182406e-01 2.901855e-02 
1.194461e-01 2.904849e-02 
1.206583e-01 2.907860e-02 
1.218772e-01 2.910888e-02 
1.231030e-01 2.913932e-02 
1.243358e-01 2.916994e-02 
1.255757e-01 2.920074e-02 
1.268229e-01 2.923172e-02 
1.280774e-01 2.926288e-02 
1.293394e-01 2.929422e-02 
1.306090e-01 2.932576e-02 
1.318863e-01 2.935748e-02 
5.000000e-02 2.764715e-02 
5.099935e-02 2.766927e-02 
5.199873e-02 2.769473e-02 
5.299836e-02 2.772103e-02 
5.399830e-02 2.774725e-02 
5.499867e-02 2.777324e-02 
5.599955e-02 2.779912e-02 
5.700103e-02 2.782487e-02 
5.800321e-02 2.785057e-02 
5.900617e-02 2.787623e-02 
6.001002e-02 2.790188e-02 
6.101484e-02 2.792752e-02 
6.202073e-02 2.795318e-02 
6.302778e-02 2.797885e-02 
6.403609e-02 2.800454e-02 
6.504576e-02 2.803027e-02 
6.605687e-02 2.805602e-02 
6.706953e-02 2.808182e-02 
6.808383e-02 2.810765e-02 
6.909987e-02 2.813353e-02 
7.011774e-02 2.815945e-02 
7.113755e-02 2.818542e-02 
7.215938e-02 2.821144e-02 
7.318333e-02 2.823752e-02 
7.420951e-02 2.826365e-02 
7.523802e-02 2.828984e-02 
7.626894e-02 2.831609e-02 
7.730237e-02 2.834241e-02 
7.833843e-02 2.836880e-02 
7.937720e-02 2.839525e-02 
8.041879e-02 2.842177e-02 
8.146329e-02 2.844837e-02 
8.251080e-02 2.847505e-02 
8.356143e-02 2.850180e-02 
8.461528e-02 2.852864e-02 
8.567244e-02 2.855556e-02 
8.673301e-02 2.858257e-02 
8.779711e-02 2.860966e-02 
8.886483e-02 2.863685e-02 
8.993627e-02 2.866414e-02 
9.101153e-02 2.869152e-02 
9.209072e-02 2.871900e-02 
9.317395e-02 2.874659e-02 
9.426131e-02 2.877428e-02 
9.535291e-02 2.880208e-02 
9.644885e-02 2.882998e-02 
9.754924e-02 2.885801e-02 
9.865419e-02 2.888614e-02 
9.976379e-02 2.891440e-02 
1.008782e-01 2.894278e-02 
1.019974e-01 2.897128e-02 
1.031216e-01 2.899991e-02 
1.042509e-01 2.902867e-02 
1.053855e-01 2.905756e-02 
1.065253e-01 2.908658e-02 
1.076705e-01 2.911575e-02 
1.088212e-01 2.914505e-02 
1.099776e-01 2.917450e-02 
1.111398e-01 2.920409e-02 
1.123077e-01 2.923384e-02 
1.134817e-01 2.926373e-02 
1.146617e-01 2.929378e-02 
1.158479e-01 2.932399e-02 
1.170405e-01 2.935436e-02 
1.182394e-01 2.938489e-02 
1.194449e-01 2.941559e-02 
1.206570e-01 2.944645e-02 
1.218759e-01 2.947749e-02 
1.231017e-01 2.950871e-02 
1.243345e-01 2.954010e-02 
1.255744e-01 2.957168e-02 
1.268216e-01 2.960344e-02 
1.280761e-01 2.963538e-02 
1.293381e-01 2.966752e-02 
1.306076e-01 2.969985e-02 
1.318849e-01 2.973238e-02 
5.000000e-02 2.797072e-02 
5.099945e-02 2.799266e-02 
5.199891e-02 2.801859e-02 
5.299860e-02 2.804574e-02 
5.399860e-02 2.807281e-02 
5.499901e-02 2.809958e-02 
5.599993e-02 2.812621e-02 
5.700144e-02 2.815265e-02 
5.800364e-02 2.817904e-02 
5.900663e-02 2.820536e-02 
6.001049e-02 2.823167e-02 
6.101532e-02 2.825796e-02 
6.202122e-02 2.828425e-02 
6.302828e-02 2.831056e-02 
6.403659e-02 2.833690e-02 
6.504626e-02 2.836326e-02 
6.605737e-02 2.838965e-02 
6.707003e-02 2.841608e-02 
6.808432e-02 2.844255e-02 
6.910035e-02 2.846907e-02 
7.011822e-02 2.849563e-02 
7.113801e-02 2.852224e-02 
7.215983e-02 2.854890e-02 
7.318378e-02 2.857562e-02 
7.420995e-02 2.860240e-02 
7.523844e-02 2.862923e-02 
7.626934e-02 2.865613e-02 
7.730277e-02 2.868310e-02 
7.833881e-02 2.871013e-02 
7.937757e-02 2.873724e-02 
8.041914e-02 2.876441e-02 
8.146363e-02 2.879167e-02 
8.251112e-02 2.881900e-02 
8.356174e-02 2.884641e-02 
8.461557e-02 2.887391e-02 
8.567271e-02 2.890149e-02 
8.673328e-02 2.892917e-02 
8.779736e-02 2.895693e-02 
8.886506e-02 2.898479e-02 
8.993648e-02 2.901275e-02 
9.101173e-02 2.904080e-02 
9.209091e-02 2.906896e-02 
9.317411e-02 2.909722e-02 
9.426146e-02 2.912560e-02 
9.535304e-02 2.915408e-02 
9.644897e-02 2.918267e-02 
9.754934e-02 2.921139e-02 
9.865427e-02 2.924022e-02 
9.976386e-02 2.926917e-02 
1.008782e-01 2.929825e-02 
1.019974e-01 2.932745e-02 
1.031217e-01 2.935678e-02 
1.042509e-01 2.938625e-02 
1.053854e-01 2.941585e-02 
1.065252e-01 2.944559e-02 
1.076704e-01 2.947547e-02 
1.088212e-01 2.950550e-02 
1.099775e-01 2.953567e-02 
1.111397e-01 2.956599e-02 
1.123076e-01 2.959647e-02 
1.134816e-01 2.962710e-02 
1.146616e-01 2.965789e-02 
1.158478e-01 2.968884e-02 
1.170403e-01 2.971996e-02 
1.182392e-01 2.975124e-02 
1.194447e-01 2.978270e-02 
1.206568e-01 2.981432e-02 
1.218757e-01 2.984613e-02 
1.231015e-01 2.987811e-02 
1.243342e-01 2.991028e-02 
1.255741e-01 2.994263e-02 
1.268213e-01 2.997517e-02 
1.280758e-01 3.000790e-02 
1.293377e-01 3.004083e-02 
1.306073e-01 3.007396e-02 
1.318846e-01 3.010729e-02 
5.000000e-02 2.829429e-02 
5.099960e-02 2.831643e-02 
5.199919e-02 2.834289e-02 
5.299898e-02 2.837078e-02 
5.399908e-02 2.839860e-02 
5.499957e-02 2.842609e-02 
5.600056e-02 2.845341e-02 
5.700213e-02 2.848052e-02 
5.800438e-02 2.850757e-02 
5.900741e-02 2.853454e-02 
6.001131e-02 2.856149e-02 
6.101617e-02 2.858842e-02 
6.202209e-02 2.861535e-02 
6.302916e-02 2.864230e-02 
6.403749e-02 2.866927e-02 
6.504717e-02 2.869626e-02 
6.605828e-02 2.872329e-02 
6.707094e-02 2.875036e-02 
6.808524e-02 2.877747e-02 
6.910127e-02 2.880462e-02 
7.011913e-02 2.883182e-02 
7.113892e-02 2.885907e-02 
7.216073e-02 2.888638e-02 
7.318467e-02 2.891374e-02 
7.421083e-02 2.894116e-02 
7.523931e-02 2.896864e-02 
7.627021e-02 2.899618e-02 
7.730362e-02 2.902380e-02 
7.833965e-02 2.905148e-02 
7.937839e-02 2.907923e-02 
8.041995e-02 2.910707e-02 
8.146442e-02 2.913497e-02 
8.251191e-02 2.916296e-02 
8.356251e-02 2.919103e-02 
8.461632e-02 2.921919e-02 
8.567345e-02 2.924744e-02 
8.673400e-02 2.927578e-02 
8.779806e-02 2.930421e-02 
8.886575e-02 2.933274e-02 
8.993716e-02 2.936137e-02 
9.101239e-02 2.939010e-02 
9.209155e-02 2.941893e-02 
9.317474e-02 2.944787e-02 
9.426207e-02 2.947693e-02 
9.535364e-02 2.950609e-02 
9.644955e-02 2.953538e-02 
9.754991e-02 2.956478e-02 
9.865482e-02 2.959430e-02 
9.976439e-02 2.962395e-02 
1.008787e-01 2.965373e-02 
1.019979e-01 2.968363e-02 
1.031221e-01 2.971367e-02 
1.042514e-01 2.974384e-02 
1.053859e-01 2.977416e-02 
1.065257e-01 2.980461e-02 
1.076709e-01 2.983521e-02 
1.088216e-01 2.986596e-02 
1.099779e-01 2.989686e-02 
1.111400e-01 2.992791e-02 
1.123080e-01 2.995912e-02 
1.134819e-01 2.999048e-02 
1.146619e-01 3.002201e-02 
1.158481e-01 3.005371e-02 
1.170406e-01 3.008557e-02 
1.182395e-01 3.011761e-02 
1.194449e-01 3.014982e-02 
1.206571e-01 3.018220e-02 
1.218759e-01 3.021477e-02 
1.231017e-01 3.024753e-02 
1.243344e-01 3.028046e-02 
1.255743e-01 3.031359e-02 
1.268214e-01 3.034692e-02 
1.280759e-01 3.038044e-02 
1.293378e-01 3.041416e-02 
1.306074e-01 3.044808e-02 
1.318847e-01 3.048221e-02 
5.000000e-02 2.861786e-02 
5.099975e-02 2.864041e-02 
5.199948e-02 2.866744e-02 
5.299940e-02 2.869602e-02 
5.399960e-02 2.872454e-02 
5.500018e-02 2.875269e-02 
5.600124e-02 2.878068e-02 
5.700288e-02 2.880844e-02 
5.800519e-02 2.883614e-02 
5.900826e-02 2.886374e-02 
6.001219e-02 2.889133e-02 
6.101708e-02 2.891889e-02 
6.202303e-02 2.894647e-02 
6.303012e-02 2.897404e-02 
6.403847e-02 2.900165e-02 
6.504815e-02 2.902928e-02 
6.605928e-02 2.905694e-02 
6.707194e-02 2.908465e-02 
6.808624e-02 2.911239e-02 
6.910227e-02 2.914018e-02 
7.012013e-02 2.916802e-02 
7.113991e-02 2.919591e-02 
7.216172e-02 2.922386e-02 
7.318565e-02 2.925186e-02 
7.421180e-02 2.927992e-02 
7.524027e-02 2.930805e-02 
7.627116e-02 2.933624e-02 
7.730456e-02 2.936450e-02 
7.834058e-02 2.939283e-02 
7.937931e-02 2.942124e-02 
8.042086e-02 2.944972e-02 
8.146531e-02 2.947829e-02 
8.251279e-02 2.950693e-02 
8.356337e-02 2.953566e-02 
8.461717e-02 2.956448e-02 
8.567429e-02 2.959339e-02 
8.673482e-02 2.962240e-02 
8.779887e-02 2.965149e-02 
8.886654e-02 2.968069e-02 
8.993793e-02 2.970999e-02 
9.101315e-02 2.973940e-02 
9.209229e-02 2.976891e-02 
9.317547e-02 2.979853e-02 
9.426278e-02 2.982827e-02 
9.535433e-02 2.985812e-02 
9.645022e-02 2.988809e-02 
9.755057e-02 2.991818e-02 
9.865546e-02 2.994839e-02 
9.976502e-02 2.997874e-02 
1.008793e-01 3.000921e-02 
1.019985e-01 3.003982e-02 
1.031227e-01 3.007056e-02 
1.042520e-01 3.010145e-02 
1.053864e-01 3.013247e-02 
1.065262e-01 3.016364e-02 
1.076714e-01 3.019496e-02 
1.088221e-01 3.022643e-02 
1.099784e-01 3.025805e-02 
1.111405e-01 3.028983e-02 
1.123084e-01 3.032177e-02 
1.134823e-01 3.035387e-02 
1.146623e-01 3.038614e-02 
1.158485e-01 3.041858e-02 
1.170410e-01 3.045119e-02 
1.182399e-01 3.048398e-02 
1.194453e-01 3.051694e-02 
1.206574e-01 3.055009e-02 
1.218762e-01 3.058342e-02 
1.231020e-01 3.061695e-02 
1.243347e-01 3.065066e-02 
1.255746e-01 3.068457e-02 
1.268217e-01 3.071867e-02 
1.280761e-01 3.075298e-02 
1.293381e-01 3.078749e-02 
1.306076e-01 3.082221e-02 
1.318849e-01 3.085713e-02 
5.000000e-02 2.894144e-02 
5.099990e-02 2.896464e-02 
5.199978e-02 2.899238e-02 
5.299982e-02 2.902157e-02 
5.400013e-02 2.905069e-02 
5.500081e-02 2.907945e-02 
5.600195e-02 2.910805e-02 
5.700365e-02 2.913644e-02 
5.800602e-02 2.916475e-02 
5.900913e-02 2.919299e-02 
6.001311e-02 2.922120e-02 
6.101803e-02 2.924939e-02 
6.202400e-02 2.927759e-02 
6.303112e-02 2.930580e-02 
6.403948e-02 2.933404e-02 
6.504918e-02 2.936230e-02 
6.606031e-02 2.939060e-02 
6.707298e-02 2.941894e-02 
6.808728e-02 2.944732e-02 
6.910331e-02 2.947575e-02 
7.012117e-02 2.950423e-02 
7.114095e-02 2.953276e-02 
7.216275e-02 2.956134e-02 
7.318667e-02 2.958999e-02 
7.421282e-02 2.961869e-02 
7.524128e-02 2.964747e-02 
7.627215e-02 2.967630e-02 
7.730555e-02 2.970521e-02 
7.834155e-02 2.973420e-02 
7.938027e-02 2.976325e-02 
8.042180e-02 2.979239e-02 
8.146625e-02 2.982161e-02 
8.251371e-02 2.985091e-02 
8.356428e-02 2.988030e-02 
8.461806e-02 2.990978e-02 
8.567516e-02 2.993935e-02 
8.673568e-02 2.996902e-02 
8.779971e-02 2.999879e-02 
8.886737e-02 3.002866e-02 
8.993874e-02 3.005863e-02 
9.101395e-02 3.008871e-02 
9.209308e-02 3.011889e-02 
9.317624e-02 3.014920e-02 
9.426353e-02 3.017961e-02 
9.535507e-02 3.021015e-02 
9.645094e-02 3.024080e-02 
9.755127e-02 3.027159e-02 
9.865615e-02 3.030250e-02 
9.976569e-02 3.033353e-02 
1.008800e-01 3.036471e-02 
1.019992e-01 3.039602e-02 
1.031233e-01 3.042746e-02 
1.042526e-01 3.045905e-02 
1.053870e-01 3.049079e-02 
1.065268e-01 3.052267e-02 
1.076719e-01 3.055471e-02 
1.088226e-01 3.058690e-02 
1.099789e-01 3.061925e-02 
1.111410e-01 3.065176e-02 
1.123089e-01 3.068443e-02 
1.134828e-01 3.071727e-02 
1.146628e-01 3.075028e-02 
1.158489e-01 3.078346e-02 
1.170414e-01 3.081682e-02 
1.182403e-01 3.085036e-02 
1.194457e-01 3.088408e-02 
1.206578e-01 3.091799e-02 
1.218766e-01 3.095208e-02 
1.231023e-01 3.098637e-02 
1.243351e-01 3.102086e-02 
1.255749e-01 3.105554e-02 
1.268220e-01 3.109043e-02 
1.280764e-01 3.112552e-02 
1.293383e-01 3.116083e-02 
1.306079e-01 3.119634e-02 
1.318851e-01 3.123207e-02 
5.000000e-02 2.926501e-02 
5.100005e-02 2.928911e-02 
5.200007e-02 2.931759e-02 
5.300024e-02 2.934734e-02 
5.400066e-02 2.937700e-02 
5.500142e-02 2.940633e-02 
5.600265e-02 2.943550e-02 
5.700441e-02 2.946449e-02 
5.800683e-02 2.949341e-02 
5.901000e-02 2.952226e-02 
6.001401e-02 2.955109e-02 
6.101897e-02 2.957991e-02 
6.202496e-02 2.960874e-02 
6.303210e-02 2.963758e-02 
6.404047e-02 2.966644e-02 
6.505018e-02 2.969534e-02 
6.606133e-02 2.972427e-02 
6.707400e-02 2.975324e-02 
6.808830e-02 2.978226e-02 
6.910433e-02 2.981132e-02 
7.012219e-02 2.984044e-02 
7.114196e-02 2.986961e-02 
7.216376e-02 2.989884e-02 
7.318768e-02 2.992812e-02 
7.421381e-02 2.995747e-02 
7.524226e-02 2.998689e-02 
7.627313e-02 3.001638e-02 
7.730651e-02 3.004593e-02 
7.834250e-02 3.007556e-02 
7.938121e-02 3.010527e-02 
8.042273e-02 3.013506e-02 
8.146716e-02 3.016494e-02 
8.251461e-02 3.019490e-02 
8.356516e-02 3.022495e-02 
8.461893e-02 3.025509e-02 
8.567602e-02 3.028532e-02 
8.673652e-02 3.031565e-02 
8.780054e-02 3.034609e-02 
8.886818e-02 3.037662e-02 
8.993954e-02 3.040727e-02 
9.101473e-02 3.043802e-02 
9.209384e-02 3.046889e-02 
9.317698e-02 3.049987e-02 
9.426426e-02 3.053096e-02 
9.535578e-02 3.056218e-02 
9.645164e-02 3.059353e-02 
9.755195e-02 3.062500e-02 
9.865682e-02 3.065660e-02 
9.976634e-02 3.068834e-02 
1.008806e-01 3.072021e-02 
1.019998e-01 3.075222e-02 
1.031239e-01 3.078437e-02 
1.042532e-01 3.081667e-02 
1.053876e-01 3.084912e-02 
1.065273e-01 3.088172e-02 
1.076725e-01 3.091447e-02 
1.088231e-01 3.094738e-02 
1.099794e-01 3.098045e-02 
1.111415e-01 3.101369e-02 
1.123094e-01 3.104710e-02 
1.134833e-01 3.108067e-02 
1.146632e-01 3.111442e-02 
1.158494e-01 3.114835e-02 
1.170418e-01 3.118245e-02 
1.182407e-01 3.121675e-02 
1.194461e-01 3.125122e-02 
1.206581e-01 3.128589e-02 
1.218770e-01 3.132075e-02 
1.231027e-01 3.135581e-02 
1.243354e-01 3.139107e-02 
1.255752e-01 3.142653e-02 
1.268223e-01 3.146220e-02 
1.280767e-01 3.149808e-02 
1.293386e-01 3.153417e-02 
1.306081e-01 3.157048e-02 
1.318853e-01 3.160701e-02 
5.000000e-02 2.958858e-02 
5.100014e-02 2.961404e-02 
5.200025e-02 2.964334e-02 
5.300049e-02 2.967351e-02 
5.400097e-02 2.970358e-02 
5.500179e-02 2.973340e-02 
5.600306e-02 2.976308e-02 
5.700486e-02 2.979263e-02 
5.800731e-02 2.982213e-02 
5.901050e-02 2.985157e-02 
6.001453e-02 2.988101e-02 
6.101950e-02 2.991045e-02 
6.202551e-02 2.993989e-02 
6.303265e-02 2.996936e-02 
6.404103e-02 2.999885e-02 
6.505074e-02 3.002838e-02 
6.606188e-02 3.005794e-02 
6.707455e-02 3.008755e-02 
6.808885e-02 3.011720e-02 
6.910487e-02 3.014690e-02 
7.012272e-02 3.017665e-02 
7.114248e-02 3.020646e-02 
7.216427e-02 3.023633e-02 
7.318818e-02 3.026626e-02 
7.421430e-02 3.029625e-02 
7.524274e-02 3.032632e-02 
7.627359e-02 3.035645e-02 
7.730696e-02 3.038665e-02 
7.834294e-02 3.041693e-02 
7.938163e-02 3.044729e-02 
8.042314e-02 3.047774e-02 
8.146755e-02 3.050827e-02 
8.251498e-02 3.053888e-02 
8.356552e-02 3.056959e-02 
8.461928e-02 3.060039e-02 
8.567635e-02 3.063129e-02 
8.673683e-02 3.066229e-02 
8.780083e-02 3.069339e-02 
8.886846e-02 3.072459e-02 
8.993980e-02 3.075591e-02 
9.101497e-02 3.078733e-02 
9.209407e-02 3.081888e-02 
9.317720e-02 3.085054e-02 
9.426446e-02 3.088232e-02 
9.535596e-02 3.091422e-02 
9.645180e-02 3.094625e-02 
9.755210e-02 3.097841e-02 
9.865695e-02 3.101071e-02 
9.976645e-02 3.104314e-02 
1.008807e-01 3.107571e-02 
1.019999e-01 3.110842e-02 
1.031240e-01 3.114128e-02 
1.042532e-01 3.117429e-02 
1.053876e-01 3.120744e-02 
1.065273e-01 3.124076e-02 
1.076725e-01 3.127423e-02 
1.088231e-01 3.130786e-02 
1.099794e-01 3.134166e-02 
1.111414e-01 3.137563e-02 
1.123093e-01 3.140976e-02 
1.134832e-01 3.144408e-02 
1.146631e-01 3.147856e-02 
1.158492e-01 3.151323e-02 
1.170417e-01 3.154809e-02 
1.182405e-01 3.158313e-02 
1.194459e-01 3.161836e-02 
1.206579e-01 3.165379e-02 
1.218767e-01 3.168942e-02 
1.231024e-01 3.172524e-02 
1.243351e-01 3.176128e-02 
1.255749e-01 3.179752e-02 
1.268220e-01 3.183397e-02 
1.280764e-01 3.187063e-02 
1.293383e-01 3.190752e-02 
1.306078e-01 3.194462e-02 
1.318850e-01 3.198196e-02 
5.000000e-02 2.991215e-02 
5.100006e-02 2.993963e-02 
5.200011e-02 2.996965e-02 
5.300031e-02 3.000009e-02 
5.400074e-02 3.003045e-02 
5.500152e-02 3.006066e-02 
5.600275e-02 3.009080e-02 
5.700451e-02 3.012086e-02 
5.800693e-02 3.015091e-02 
5.901008e-02 3.018093e-02 
6.001408e-02 3.021096e-02 
6.101902e-02 3.024100e-02 
6.202500e-02 3.027106e-02 
6.303211e-02 3.030114e-02 
6.404046e-02 3.033126e-02 
6.505015e-02 3.036141e-02 
6.606127e-02 3.039161e-02 
6.707391e-02 3.042185e-02 
6.808819e-02 3.045213e-02 
6.910419e-02 3.048247e-02 
7.012201e-02 3.051286e-02 
7.114176e-02 3.054331e-02 
7.216352e-02 3.057381e-02 
7.318741e-02 3.060439e-02 
7.421351e-02 3.063502e-02 
7.524193e-02 3.066573e-02 
7.627276e-02 3.069651e-02 
7.730611e-02 3.072736e-02 
7.834207e-02 3.075829e-02 
7.938074e-02 3.078930e-02 
8.042223e-02 3.082040e-02 
8.146662e-02 3.085158e-02 
8.251403e-02 3.088285e-02 
8.356455e-02 3.091422e-02 
8.461829e-02 3.094568e-02 
8.567534e-02 3.097724e-02 
8.673581e-02 3.100891e-02 
8.779979e-02 3.104067e-02 
8.886740e-02 3.107255e-02 
8.993872e-02 3.110454e-02 
9.101387e-02 3.113664e-02 
9.209295e-02 3.116886e-02 
9.317606e-02 3.120119e-02 
9.426330e-02 3.123366e-02 
9.535479e-02 3.126624e-02 
9.645061e-02 3.129896e-02 
9.755089e-02 3.133181e-02 
9.865572e-02 3.136480e-02 
9.976520e-02 3.139793e-02 
1.008795e-01 3.143120e-02 
1.019986e-01 3.146461e-02 
1.031227e-01 3.149817e-02 
1.042519e-01 3.153189e-02 
1.053863e-01 3.156576e-02 
1.065260e-01 3.159979e-02 
1.076711e-01 3.163398e-02 
1.088217e-01 3.166833e-02 
1.099780e-01 3.170285e-02 
1.111400e-01 3.173755e-02 
1.123079e-01 3.177242e-02 
1.134817e-01 3.180747e-02 
1.146616e-01 3.184269e-02 
1.158477e-01 3.187811e-02 
1.170401e-01 3.191371e-02 
1.182390e-01 3.194951e-02 
1.194443e-01 3.198549e-02 
1.206564e-01 3.202168e-02 
1.218751e-01 3.205807e-02 
1.231008e-01 3.209467e-02 
1.243335e-01 3.213147e-02 
1.255733e-01 3.216849e-02 
1.268203e-01 3.220572e-02 
1.280747e-01 3.224317e-02 
1.293366e-01 3.228085e-02 
1.306060e-01 3.231875e-02 
1.318832e-01 3.235689e-02 
5.000000e-02 3.023573e-02 
5.099954e-02 3.026620e-02 
5.199913e-02 3.029667e-02 
5.299894e-02 3.032715e-02 
5.399903e-02 3.035764e-02 
5.499951e-02 3.038814e-02 
5.600046e-02 3.041865e-02 
5.700199e-02 3.044918e-02 
5.800419e-02 3.047973e-02 
5.900716e-02 3.051031e-02 
6.001098e-02 3.054091e-02 
6.101577e-02 3.057154e-02 
6.202162e-02 3.060221e-02 
6.302861e-02 3.063290e-02 
6.403685e-02 3.066364e-02 
6.504644e-02 3.069442e-02 
6.605747e-02 3.072524e-02 
6.707004e-02 3.075611e-02 
6.808424e-02 3.078702e-02 
6.910017e-02 3.081799e-02 
7.011793e-02 3.084902e-02 
7.113762e-02 3.088011e-02 
7.215934e-02 3.091125e-02 
7.318318e-02 3.094246e-02 
7.420923e-02 3.097374e-02 
7.523761e-02 3.100509e-02 
7.626840e-02 3.103652e-02 
7.730171e-02 3.106802e-02 
7.833764e-02 3.109960e-02 
7.937628e-02 3.113126e-02 
8.041773e-02 3.116301e-02 
8.146210e-02 3.119485e-02 
8.250948e-02 3.122678e-02 
8.355997e-02 3.125880e-02 
8.461368e-02 3.129092e-02 
8.567070e-02 3.132315e-02 
8.673114e-02 3.135547e-02 
8.779510e-02 3.138791e-02 
8.886268e-02 3.142045e-02 
8.993398e-02 3.145311e-02 
9.100911e-02 3.148589e-02 
9.208816e-02 3.151878e-02 
9.317125e-02 3.155180e-02 
9.425847e-02 3.158494e-02 
9.534993e-02 3.161822e-02 
9.644573e-02 3.165162e-02 
9.754599e-02 3.168516e-02 
9.865079e-02 3.171884e-02 
9.976026e-02 3.175267e-02 
1.008745e-01 3.178663e-02 
1.019936e-01 3.182075e-02 
1.031177e-01 3.185502e-02 
1.042469e-01 3.188944e-02 
1.053812e-01 3.192402e-02 
1.065209e-01 3.195876e-02 
1.076660e-01 3.199367e-02 
1.088166e-01 3.202875e-02 
1.099728e-01 3.206400e-02 
1.111348e-01 3.209942e-02 
1.123027e-01 3.213502e-02 
1.134765e-01 3.217080e-02 
1.146564e-01 3.220677e-02 
1.158425e-01 3.224293e-02 
1.170349e-01 3.227928e-02 
1.182337e-01 3.231583e-02 
1.194390e-01 3.235257e-02 
1.206510e-01 3.238952e-02 
1.218698e-01 3.242667e-02 
1.230954e-01 3.246404e-02 
1.243281e-01 3.250161e-02 
1.255679e-01 3.253941e-02 
1.268149e-01 3.257742e-02 
1.280692e-01 3.261566e-02 
1.293311e-01 3.265413e-02 
1.306005e-01 3.269283e-02 
1.318777e-01 3.273176e-02 
BC
-1
-1
-1
-1
-1
-1
-1
-1
-1
-1
-1
-1
-1
-1
-1
-1
-1
-1
-1
-1
-1
-1
-1
-1
-1
-1
-1
-1
-1
-1
-1
-1
-1
-1
-1
-1
-1
-1
-1
-1
-1
-1
-1
-1
-1
-1
-1
-1
-1
-1
-1
-1
-1
-1
-1
-1
-1
-1
-1
-1
-1
-1
-1
-1
-1
-1
-1
-1
-1
-1
-1
-1
-1
-1
-1
-1
-1
-1
-1
-1
-1
-1
-1
-1
-1
-1
-1
-1
-1
-1
-1
-1
-1
-1
-1
-1
-1
-1
-1
-1
-1
-1
-1
-1
-1
-1
-1
-1
-1
-1
-1
-1
-1
-1
-1
-1
-1
-1
-1
-1
-1
-1
-1
-1
-1
-1
-1
-1
-1
-1
-1
-1
-1
-1
-1
-1
-1
-1
-1
-1
-1
-1
-1
-1
-1
-1
-1
-1
-1
-1
-1
-1
-1
-1
-1
-1
-1
-1
-1
-1
-1
-1
-1
-1
-1
-1
-1
-1
-1
-1
