npartb: 4 2 
ipartb: 2 1 
ngrid: 77 25 
2.158940e-01 1.892630e-01 
2.201745e-01 1.897832e-01 
2.244549e-01 1.903034e-01 
2.287354e-01 1.908237e-01 
2.330158e-01 1.913439e-01 
2.372963e-01 1.918641e-01 
2.415767e-01 1.923843e-01 
2.458572e-01 1.929046e-01 
2.501376e-01 1.934248e-01 
2.544180e-01 1.939450e-01 
2.586985e-01 1.944653e-01 
2.629789e-01 1.949855e-01 
2.672594e-01 1.955057e-01 
2.715398e-01 1.960259e-01 
2.758203e-01 1.965462e-01 
2.801007e-01 1.970664e-01 
2.843812e-01 1.975866e-01 
2.886616e-01 1.981069e-01 
2.929421e-01 1.986271e-01 
2.972225e-01 1.991473e-01 
3.015029e-01 1.996675e-01 
3.057834e-01 2.001878e-01 
3.100638e-01 2.007080e-01 
3.143443e-01 2.012282e-01 
3.186247e-01 2.017485e-01 
3.229052e-01 2.022687e-01 
3.271856e-01 2.027889e-01 
3.314661e-01 2.033091e-01 
3.357465e-01 2.038294e-01 
3.400270e-01 2.043496e-01 
3.443074e-01 2.048698e-01 
3.485879e-01 2.053901e-01 
3.528683e-01 2.059103e-01 
3.571487e-01 2.064305e-01 
3.614292e-01 2.069507e-01 
3.657096e-01 2.074710e-01 
3.699901e-01 2.079912e-01 
3.742705e-01 2.085114e-01 
3.785510e-01 2.090317e-01 
3.828314e-01 2.095519e-01 
3.871119e-01 2.100721e-01 
3.913923e-01 2.105923e-01 
3.956728e-01 2.111126e-01 
3.999532e-01 2.116328e-01 
4.042336e-01 2.121530e-01 
4.085141e-01 2.126733e-01 
4.127945e-01 2.131935e-01 
4.170750e-01 2.137137e-01 
4.213554e-01 2.142339e-01 
4.256359e-01 2.147542e-01 
4.299163e-01 2.152744e-01 
4.341968e-01 2.157946e-01 
4.384772e-01 2.163149e-01 
4.427577e-01 2.168351e-01 
4.470381e-01 2.173553e-01 
4.513185e-01 2.178755e-01 
4.555990e-01 2.183958e-01 
4.598794e-01 2.189160e-01 
4.641599e-01 2.194362e-01 
4.684403e-01 2.199565e-01 
4.727208e-01 2.204767e-01 
4.770012e-01 2.209969e-01 
4.812817e-01 2.215171e-01 
4.855621e-01 2.220374e-01 
4.898426e-01 2.225576e-01 
4.941230e-01 2.230778e-01 
4.984035e-01 2.235981e-01 
5.026839e-01 2.241183e-01 
5.069643e-01 2.246385e-01 
5.112448e-01 2.251587e-01 
5.155252e-01 2.256790e-01 
5.198057e-01 2.261992e-01 
5.240861e-01 2.267194e-01 
5.283666e-01 2.272397e-01 
5.326470e-01 2.277599e-01 
5.369275e-01 2.282801e-01 
5.412079e-01 2.288003e-01 
2.145524e-01 1.939578e-01 
2.188420e-01 1.944564e-01 
2.231315e-01 1.949550e-01 
2.274210e-01 1.954535e-01 
2.317105e-01 1.959521e-01 
2.360000e-01 1.964506e-01 
2.402895e-01 1.969492e-01 
2.445790e-01 1.974477e-01 
2.488685e-01 1.979463e-01 
2.531580e-01 1.984448e-01 
2.574476e-01 1.989434e-01 
2.617371e-01 1.994419e-01 
2.660266e-01 1.999405e-01 
2.703161e-01 2.004390e-01 
2.746056e-01 2.009376e-01 
2.788951e-01 2.014361e-01 
2.831846e-01 2.019347e-01 
2.874741e-01 2.024332e-01 
2.917636e-01 2.029318e-01 
2.960531e-01 2.034303e-01 
3.003427e-01 2.039289e-01 
3.046322e-01 2.044274e-01 
3.089217e-01 2.049260e-01 
3.132112e-01 2.054246e-01 
3.175007e-01 2.059231e-01 
3.217902e-01 2.064217e-01 
3.260797e-01 2.069202e-01 
3.303692e-01 2.074188e-01 
3.346587e-01 2.079173e-01 
3.389483e-01 2.084159e-01 
3.432378e-01 2.089144e-01 
3.475273e-01 2.094130e-01 
3.518168e-01 2.099115e-01 
3.561063e-01 2.104101e-01 
3.603958e-01 2.109086e-01 
3.646853e-01 2.114072e-01 
3.689748e-01 2.119057e-01 
3.732643e-01 2.124043e-01 
3.775538e-01 2.129028e-01 
3.818434e-01 2.134014e-01 
3.861329e-01 2.138999e-01 
3.904224e-01 2.143985e-01 
3.947119e-01 2.148970e-01 
3.990014e-01 2.153956e-01 
4.032909e-01 2.158942e-01 
4.075804e-01 2.163927e-01 
4.118699e-01 2.168913e-01 
4.161594e-01 2.173898e-01 
4.204490e-01 2.178884e-01 
4.247385e-01 2.183869e-01 
4.290280e-01 2.188855e-01 
4.333175e-01 2.193840e-01 
4.376070e-01 2.198826e-01 
4.418965e-01 2.203811e-01 
4.461860e-01 2.208797e-01 
4.504755e-01 2.213782e-01 
4.547650e-01 2.218768e-01 
4.590545e-01 2.223753e-01 
4.633441e-01 2.228739e-01 
4.676336e-01 2.233724e-01 
4.719231e-01 2.238710e-01 
4.762126e-01 2.243695e-01 
4.805021e-01 2.248681e-01 
4.847916e-01 2.253666e-01 
4.890811e-01 2.258652e-01 
4.933706e-01 2.263638e-01 
4.976601e-01 2.268623e-01 
5.019497e-01 2.273609e-01 
5.062392e-01 2.278594e-01 
5.105287e-01 2.283580e-01 
5.148182e-01 2.288565e-01 
5.191077e-01 2.293551e-01 
5.233972e-01 2.298536e-01 
5.276867e-01 2.303522e-01 
5.319762e-01 2.308507e-01 
5.362657e-01 2.313493e-01 
5.405552e-01 2.318478e-01 
2.132109e-01 1.986527e-01 
2.175094e-01 1.991296e-01 
2.218080e-01 1.996065e-01 
2.261066e-01 2.000834e-01 
2.304052e-01 2.005602e-01 
2.347037e-01 2.010371e-01 
2.390023e-01 2.015140e-01 
2.433009e-01 2.019909e-01 
2.475995e-01 2.024677e-01 
2.518980e-01 2.029446e-01 
2.561966e-01 2.034215e-01 
2.604952e-01 2.038984e-01 
2.647938e-01 2.043752e-01 
2.690923e-01 2.048521e-01 
2.733909e-01 2.053290e-01 
2.776895e-01 2.058059e-01 
2.819881e-01 2.062827e-01 
2.862866e-01 2.067596e-01 
2.905852e-01 2.072365e-01 
2.948838e-01 2.077134e-01 
2.991824e-01 2.081902e-01 
3.034809e-01 2.086671e-01 
3.077795e-01 2.091440e-01 
3.120781e-01 2.096209e-01 
3.163767e-01 2.100978e-01 
3.206752e-01 2.105746e-01 
3.249738e-01 2.110515e-01 
3.292724e-01 2.115284e-01 
3.335710e-01 2.120053e-01 
3.378695e-01 2.124821e-01 
3.421681e-01 2.129590e-01 
3.464667e-01 2.134359e-01 
3.507653e-01 2.139128e-01 
3.550638e-01 2.143896e-01 
3.593624e-01 2.148665e-01 
3.636610e-01 2.153434e-01 
3.679596e-01 2.158203e-01 
3.722581e-01 2.162971e-01 
3.765567e-01 2.167740e-01 
3.808553e-01 2.172509e-01 
3.851539e-01 2.177278e-01 
3.894524e-01 2.182046e-01 
3.937510e-01 2.186815e-01 
3.980496e-01 2.191584e-01 
4.023482e-01 2.196353e-01 
4.066468e-01 2.201122e-01 
4.109453e-01 2.205890e-01 
4.152439e-01 2.210659e-01 
4.195425e-01 2.215428e-01 
4.238411e-01 2.220197e-01 
4.281396e-01 2.224965e-01 
4.324382e-01 2.229734e-01 
4.367368e-01 2.234503e-01 
4.410354e-01 2.239272e-01 
4.453339e-01 2.244040e-01 
4.496325e-01 2.248809e-01 
4.539311e-01 2.253578e-01 
4.582297e-01 2.258347e-01 
4.625282e-01 2.263115e-01 
4.668268e-01 2.267884e-01 
4.711254e-01 2.272653e-01 
4.754240e-01 2.277422e-01 
4.797225e-01 2.282190e-01 
4.840211e-01 2.286959e-01 
4.883197e-01 2.291728e-01 
4.926183e-01 2.296497e-01 
4.969168e-01 2.301266e-01 
5.012154e-01 2.306034e-01 
5.055140e-01 2.310803e-01 
5.098126e-01 2.315572e-01 
5.141111e-01 2.320341e-01 
5.184097e-01 2.325109e-01 
5.227083e-01 2.329878e-01 
5.270069e-01 2.334647e-01 
5.313054e-01 2.339416e-01 
5.356040e-01 2.344184e-01 
5.399026e-01 2.348953e-01 
2.118693e-01 2.033476e-01 
2.161769e-01 2.038028e-01 
2.204846e-01 2.042580e-01 
2.247922e-01 2.047132e-01 
2.290998e-01 2.051684e-01 
2.334075e-01 2.056236e-01 
2.377151e-01 2.060788e-01 
2.420228e-01 2.065340e-01 
2.463304e-01 2.069892e-01 
2.506380e-01 2.074444e-01 
2.549457e-01 2.078996e-01 
2.592533e-01 2.083548e-01 
2.635610e-01 2.088100e-01 
2.678686e-01 2.092652e-01 
2.721762e-01 2.097204e-01 
2.764839e-01 2.101756e-01 
2.807915e-01 2.106308e-01 
2.850992e-01 2.110860e-01 
2.894068e-01 2.115412e-01 
2.937144e-01 2.119964e-01 
2.980221e-01 2.124516e-01 
3.023297e-01 2.129068e-01 
3.066374e-01 2.133620e-01 
3.109450e-01 2.138172e-01 
3.152526e-01 2.142724e-01 
3.195603e-01 2.147276e-01 
3.238679e-01 2.151828e-01 
3.281756e-01 2.156380e-01 
3.324832e-01 2.160932e-01 
3.367908e-01 2.165484e-01 
3.410985e-01 2.170036e-01 
3.454061e-01 2.174588e-01 
3.497138e-01 2.179140e-01 
3.540214e-01 2.183692e-01 
3.583290e-01 2.188244e-01 
3.626367e-01 2.192796e-01 
3.669443e-01 2.197348e-01 
3.712520e-01 2.201900e-01 
3.755596e-01 2.206452e-01 
3.798672e-01 2.211004e-01 
3.841749e-01 2.215556e-01 
3.884825e-01 2.220108e-01 
3.927902e-01 2.224660e-01 
3.970978e-01 2.229212e-01 
4.014054e-01 2.233764e-01 
4.057131e-01 2.238316e-01 
4.100207e-01 2.242868e-01 
4.143284e-01 2.247420e-01 
4.186360e-01 2.251972e-01 
4.229436e-01 2.256524e-01 
4.272513e-01 2.261076e-01 
4.315589e-01 2.265628e-01 
4.358666e-01 2.270180e-01 
4.401742e-01 2.274732e-01 
4.444818e-01 2.279284e-01 
4.487895e-01 2.283836e-01 
4.530971e-01 2.288388e-01 
4.574048e-01 2.292940e-01 
4.617124e-01 2.297492e-01 
4.660200e-01 2.302044e-01 
4.703277e-01 2.306596e-01 
4.746353e-01 2.311148e-01 
4.789430e-01 2.315700e-01 
4.832506e-01 2.320252e-01 
4.875582e-01 2.324804e-01 
4.918659e-01 2.329356e-01 
4.961735e-01 2.333908e-01 
5.004812e-01 2.338460e-01 
5.047888e-01 2.343012e-01 
5.090964e-01 2.347564e-01 
5.134041e-01 2.352116e-01 
5.177117e-01 2.356668e-01 
5.220194e-01 2.361220e-01 
5.263270e-01 2.365772e-01 
5.306346e-01 2.370324e-01 
5.349423e-01 2.374876e-01 
5.392499e-01 2.379428e-01 
2.105277e-01 2.080425e-01 
2.148444e-01 2.084760e-01 
2.191611e-01 2.089095e-01 
2.234778e-01 2.093430e-01 
2.277945e-01 2.097766e-01 
2.321112e-01 2.102101e-01 
2.364279e-01 2.106436e-01 
2.407446e-01 2.110771e-01 
2.450613e-01 2.115107e-01 
2.493780e-01 2.119442e-01 
2.536947e-01 2.123777e-01 
2.580114e-01 2.128112e-01 
2.623282e-01 2.132448e-01 
2.666449e-01 2.136783e-01 
2.709616e-01 2.141118e-01 
2.752783e-01 2.145453e-01 
2.795950e-01 2.149789e-01 
2.839117e-01 2.154124e-01 
2.882284e-01 2.158459e-01 
2.925451e-01 2.162794e-01 
2.968618e-01 2.167130e-01 
3.011785e-01 2.171465e-01 
3.054952e-01 2.175800e-01 
3.098119e-01 2.180135e-01 
3.141286e-01 2.184470e-01 
3.184453e-01 2.188806e-01 
3.227620e-01 2.193141e-01 
3.270787e-01 2.197476e-01 
3.313954e-01 2.201811e-01 
3.357121e-01 2.206147e-01 
3.400288e-01 2.210482e-01 
3.443455e-01 2.214817e-01 
3.486622e-01 2.219152e-01 
3.529790e-01 2.223488e-01 
3.572957e-01 2.227823e-01 
3.616124e-01 2.232158e-01 
3.659291e-01 2.236493e-01 
3.702458e-01 2.240829e-01 
3.745625e-01 2.245164e-01 
3.788792e-01 2.249499e-01 
3.831959e-01 2.253834e-01 
3.875126e-01 2.258170e-01 
3.918293e-01 2.262505e-01 
3.961460e-01 2.266840e-01 
4.004627e-01 2.271175e-01 
4.047794e-01 2.275510e-01 
4.090961e-01 2.279846e-01 
4.134128e-01 2.284181e-01 
4.177295e-01 2.288516e-01 
4.220462e-01 2.292851e-01 
4.263629e-01 2.297187e-01 
4.306796e-01 2.301522e-01 
4.349963e-01 2.305857e-01 
4.393130e-01 2.310192e-01 
4.436298e-01 2.314528e-01 
4.479465e-01 2.318863e-01 
4.522632e-01 2.323198e-01 
4.565799e-01 2.327533e-01 
4.608966e-01 2.331869e-01 
4.652133e-01 2.336204e-01 
4.695300e-01 2.340539e-01 
4.738467e-01 2.344874e-01 
4.781634e-01 2.349210e-01 
4.824801e-01 2.353545e-01 
4.867968e-01 2.357880e-01 
4.911135e-01 2.362215e-01 
4.954302e-01 2.366550e-01 
4.997469e-01 2.370886e-01 
5.040636e-01 2.375221e-01 
5.083803e-01 2.379556e-01 
5.126970e-01 2.383891e-01 
5.170137e-01 2.388227e-01 
5.213304e-01 2.392562e-01 
5.256471e-01 2.396897e-01 
5.299638e-01 2.401232e-01 
5.342806e-01 2.405568e-01 
5.385973e-01 2.409903e-01 
2.091861e-01 2.127374e-01 
2.135119e-01 2.131492e-01 
2.178376e-01 2.135610e-01 
2.221634e-01 2.139729e-01 
2.264892e-01 2.143847e-01 
2.308150e-01 2.147966e-01 
2.351407e-01 2.152084e-01 
2.394665e-01 2.156203e-01 
2.437923e-01 2.160321e-01 
2.481180e-01 2.164440e-01 
2.524438e-01 2.168558e-01 
2.567696e-01 2.172677e-01 
2.610953e-01 2.176795e-01 
2.654211e-01 2.180914e-01 
2.697469e-01 2.185032e-01 
2.740727e-01 2.189151e-01 
2.783984e-01 2.193269e-01 
2.827242e-01 2.197388e-01 
2.870500e-01 2.201506e-01 
2.913757e-01 2.205625e-01 
2.957015e-01 2.209743e-01 
3.000273e-01 2.213862e-01 
3.043530e-01 2.217980e-01 
3.086788e-01 2.222098e-01 
3.130046e-01 2.226217e-01 
3.173303e-01 2.230335e-01 
3.216561e-01 2.234454e-01 
3.259819e-01 2.238572e-01 
3.303077e-01 2.242691e-01 
3.346334e-01 2.246809e-01 
3.389592e-01 2.250928e-01 
3.432850e-01 2.255046e-01 
3.476107e-01 2.259165e-01 
3.519365e-01 2.263283e-01 
3.562623e-01 2.267402e-01 
3.605880e-01 2.271520e-01 
3.649138e-01 2.275639e-01 
3.692396e-01 2.279757e-01 
3.735654e-01 2.283876e-01 
3.778911e-01 2.287994e-01 
3.822169e-01 2.292113e-01 
3.865427e-01 2.296231e-01 
3.908684e-01 2.300350e-01 
3.951942e-01 2.304468e-01 
3.995200e-01 2.308586e-01 
4.038457e-01 2.312705e-01 
4.081715e-01 2.316823e-01 
4.124973e-01 2.320942e-01 
4.168230e-01 2.325060e-01 
4.211488e-01 2.329179e-01 
4.254746e-01 2.333297e-01 
4.298004e-01 2.337416e-01 
4.341261e-01 2.341534e-01 
4.384519e-01 2.345653e-01 
4.427777e-01 2.349771e-01 
4.471034e-01 2.353890e-01 
4.514292e-01 2.358008e-01 
4.557550e-01 2.362127e-01 
4.600807e-01 2.366245e-01 
4.644065e-01 2.370364e-01 
4.687323e-01 2.374482e-01 
4.730581e-01 2.378601e-01 
4.773838e-01 2.382719e-01 
4.817096e-01 2.386838e-01 
4.860354e-01 2.390956e-01 
4.903611e-01 2.395074e-01 
4.946869e-01 2.399193e-01 
4.990127e-01 2.403311e-01 
5.033384e-01 2.407430e-01 
5.076642e-01 2.411548e-01 
5.119900e-01 2.415667e-01 
5.163157e-01 2.419785e-01 
5.206415e-01 2.423904e-01 
5.249673e-01 2.428022e-01 
5.292931e-01 2.432141e-01 
5.336188e-01 2.436259e-01 
5.379446e-01 2.440378e-01 
2.078445e-01 2.174322e-01 
2.121794e-01 2.178224e-01 
2.165142e-01 2.182126e-01 
2.208490e-01 2.186027e-01 
2.251839e-01 2.189929e-01 
2.295187e-01 2.193831e-01 
2.338535e-01 2.197733e-01 
2.381884e-01 2.201634e-01 
2.425232e-01 2.205536e-01 
2.468580e-01 2.209438e-01 
2.511929e-01 2.213339e-01 
2.555277e-01 2.217241e-01 
2.598625e-01 2.221143e-01 
2.641974e-01 2.225045e-01 
2.685322e-01 2.228946e-01 
2.728670e-01 2.232848e-01 
2.772019e-01 2.236750e-01 
2.815367e-01 2.240651e-01 
2.858715e-01 2.244553e-01 
2.902064e-01 2.248455e-01 
2.945412e-01 2.252357e-01 
2.988760e-01 2.256258e-01 
3.032109e-01 2.260160e-01 
3.075457e-01 2.264062e-01 
3.118805e-01 2.267963e-01 
3.162154e-01 2.271865e-01 
3.205502e-01 2.275767e-01 
3.248851e-01 2.279669e-01 
3.292199e-01 2.283570e-01 
3.335547e-01 2.287472e-01 
3.378896e-01 2.291374e-01 
3.422244e-01 2.295275e-01 
3.465592e-01 2.299177e-01 
3.508941e-01 2.303079e-01 
3.552289e-01 2.306981e-01 
3.595637e-01 2.310882e-01 
3.638986e-01 2.314784e-01 
3.682334e-01 2.318686e-01 
3.725682e-01 2.322587e-01 
3.769031e-01 2.326489e-01 
3.812379e-01 2.330391e-01 
3.855727e-01 2.334293e-01 
3.899076e-01 2.338194e-01 
3.942424e-01 2.342096e-01 
3.985772e-01 2.345998e-01 
4.029121e-01 2.349899e-01 
4.072469e-01 2.353801e-01 
4.115817e-01 2.357703e-01 
4.159166e-01 2.361605e-01 
4.202514e-01 2.365506e-01 
4.245862e-01 2.369408e-01 
4.289211e-01 2.373310e-01 
4.332559e-01 2.377211e-01 
4.375907e-01 2.381113e-01 
4.419256e-01 2.385015e-01 
4.462604e-01 2.388917e-01 
4.505952e-01 2.392818e-01 
4.549301e-01 2.396720e-01 
4.592649e-01 2.400622e-01 
4.635997e-01 2.404523e-01 
4.679346e-01 2.408425e-01 
4.722694e-01 2.412327e-01 
4.766043e-01 2.416229e-01 
4.809391e-01 2.420130e-01 
4.852739e-01 2.424032e-01 
4.896088e-01 2.427934e-01 
4.939436e-01 2.431835e-01 
4.982784e-01 2.435737e-01 
5.026133e-01 2.439639e-01 
5.069481e-01 2.443541e-01 
5.112829e-01 2.447442e-01 
5.156178e-01 2.451344e-01 
5.199526e-01 2.455246e-01 
5.242874e-01 2.459147e-01 
5.286223e-01 2.463049e-01 
5.329571e-01 2.466951e-01 
5.372919e-01 2.470853e-01 
2.065029e-01 2.221271e-01 
2.108468e-01 2.224956e-01 
2.151907e-01 2.228641e-01 
2.195346e-01 2.232326e-01 
2.238785e-01 2.236011e-01 
2.282224e-01 2.239696e-01 
2.325663e-01 2.243381e-01 
2.369102e-01 2.247066e-01 
2.412541e-01 2.250751e-01 
2.455980e-01 2.254436e-01 
2.499419e-01 2.258121e-01 
2.542858e-01 2.261806e-01 
2.586297e-01 2.265490e-01 
2.629736e-01 2.269175e-01 
2.673175e-01 2.272860e-01 
2.716614e-01 2.276545e-01 
2.760053e-01 2.280230e-01 
2.803492e-01 2.283915e-01 
2.846931e-01 2.287600e-01 
2.890370e-01 2.291285e-01 
2.933809e-01 2.294970e-01 
2.977248e-01 2.298655e-01 
3.020687e-01 2.302340e-01 
3.064126e-01 2.306025e-01 
3.107565e-01 2.309710e-01 
3.151004e-01 2.313395e-01 
3.194443e-01 2.317080e-01 
3.237882e-01 2.320765e-01 
3.281321e-01 2.324450e-01 
3.324760e-01 2.328135e-01 
3.368199e-01 2.331820e-01 
3.411638e-01 2.335505e-01 
3.455077e-01 2.339190e-01 
3.498516e-01 2.342874e-01 
3.541955e-01 2.346559e-01 
3.585394e-01 2.350244e-01 
3.628833e-01 2.353929e-01 
3.672272e-01 2.357614e-01 
3.715711e-01 2.361299e-01 
3.759150e-01 2.364984e-01 
3.802589e-01 2.368669e-01 
3.846028e-01 2.372354e-01 
3.889467e-01 2.376039e-01 
3.932906e-01 2.379724e-01 
3.976345e-01 2.383409e-01 
4.019784e-01 2.387094e-01 
4.063223e-01 2.390779e-01 
4.106662e-01 2.394464e-01 
4.150101e-01 2.398149e-01 
4.193540e-01 2.401834e-01 
4.236979e-01 2.405519e-01 
4.280418e-01 2.409204e-01 
4.323857e-01 2.412889e-01 
4.367296e-01 2.416574e-01 
4.410735e-01 2.420258e-01 
4.454174e-01 2.423943e-01 
4.497613e-01 2.427628e-01 
4.541052e-01 2.431313e-01 
4.584491e-01 2.434998e-01 
4.627930e-01 2.438683e-01 
4.671369e-01 2.442368e-01 
4.714808e-01 2.446053e-01 
4.758247e-01 2.449738e-01 
4.801686e-01 2.453423e-01 
4.845125e-01 2.457108e-01 
4.888564e-01 2.460793e-01 
4.932003e-01 2.464478e-01 
4.975442e-01 2.468163e-01 
5.018881e-01 2.471848e-01 
5.062320e-01 2.475533e-01 
5.105759e-01 2.479218e-01 
5.149198e-01 2.482903e-01 
5.192637e-01 2.486588e-01 
5.236076e-01 2.490273e-01 
5.279515e-01 2.493958e-01 
5.322954e-01 2.497642e-01 
5.366393e-01 2.501327e-01 
2.051614e-01 2.268220e-01 
2.095143e-01 2.271688e-01 
2.138673e-01 2.275156e-01 
2.182202e-01 2.278624e-01 
2.225732e-01 2.282093e-01 
2.269262e-01 2.285561e-01 
2.312791e-01 2.289029e-01 
2.356321e-01 2.292497e-01 
2.399851e-01 2.295965e-01 
2.443380e-01 2.299434e-01 
2.486910e-01 2.302902e-01 
2.530440e-01 2.306370e-01 
2.573969e-01 2.309838e-01 
2.617499e-01 2.313306e-01 
2.661028e-01 2.316774e-01 
2.704558e-01 2.320243e-01 
2.748088e-01 2.323711e-01 
2.791617e-01 2.327179e-01 
2.835147e-01 2.330647e-01 
2.878677e-01 2.334115e-01 
2.922206e-01 2.337584e-01 
2.965736e-01 2.341052e-01 
3.009266e-01 2.344520e-01 
3.052795e-01 2.347988e-01 
3.096325e-01 2.351456e-01 
3.139855e-01 2.354925e-01 
3.183384e-01 2.358393e-01 
3.226914e-01 2.361861e-01 
3.270443e-01 2.365329e-01 
3.313973e-01 2.368797e-01 
3.357503e-01 2.372266e-01 
3.401032e-01 2.375734e-01 
3.444562e-01 2.379202e-01 
3.488092e-01 2.382670e-01 
3.531621e-01 2.386138e-01 
3.575151e-01 2.389606e-01 
3.618681e-01 2.393075e-01 
3.662210e-01 2.396543e-01 
3.705740e-01 2.400011e-01 
3.749269e-01 2.403479e-01 
3.792799e-01 2.406947e-01 
3.836329e-01 2.410416e-01 
3.879858e-01 2.413884e-01 
3.923388e-01 2.417352e-01 
3.966918e-01 2.420820e-01 
4.010447e-01 2.424288e-01 
4.053977e-01 2.427757e-01 
4.097507e-01 2.431225e-01 
4.141036e-01 2.434693e-01 
4.184566e-01 2.438161e-01 
4.228095e-01 2.441629e-01 
4.271625e-01 2.445098e-01 
4.315155e-01 2.448566e-01 
4.358684e-01 2.452034e-01 
4.402214e-01 2.455502e-01 
4.445744e-01 2.458970e-01 
4.489273e-01 2.462438e-01 
4.532803e-01 2.465907e-01 
4.576333e-01 2.469375e-01 
4.619862e-01 2.472843e-01 
4.663392e-01 2.476311e-01 
4.706921e-01 2.479779e-01 
4.750451e-01 2.483248e-01 
4.793981e-01 2.486716e-01 
4.837510e-01 2.490184e-01 
4.881040e-01 2.493652e-01 
4.924570e-01 2.497120e-01 
4.968099e-01 2.500589e-01 
5.011629e-01 2.504057e-01 
5.055159e-01 2.507525e-01 
5.098688e-01 2.510993e-01 
5.142218e-01 2.514461e-01 
5.185748e-01 2.517930e-01 
5.229277e-01 2.521398e-01 
5.272807e-01 2.524866e-01 
5.316336e-01 2.528334e-01 
5.359866e-01 2.531802e-01 
2.038198e-01 2.315169e-01 
2.081818e-01 2.318420e-01 
2.125438e-01 2.321671e-01 
2.169059e-01 2.324923e-01 
2.212679e-01 2.328174e-01 
2.256299e-01 2.331426e-01 
2.299919e-01 2.334677e-01 
2.343540e-01 2.337929e-01 
2.387160e-01 2.341180e-01 
2.430780e-01 2.344431e-01 
2.474401e-01 2.347683e-01 
2.518021e-01 2.350934e-01 
2.561641e-01 2.354186e-01 
2.605261e-01 2.357437e-01 
2.648882e-01 2.360689e-01 
2.692502e-01 2.363940e-01 
2.736122e-01 2.367191e-01 
2.779743e-01 2.370443e-01 
2.823363e-01 2.373694e-01 
2.866983e-01 2.376946e-01 
2.910603e-01 2.380197e-01 
2.954224e-01 2.383449e-01 
2.997844e-01 2.386700e-01 
3.041464e-01 2.389951e-01 
3.085085e-01 2.393203e-01 
3.128705e-01 2.396454e-01 
3.172325e-01 2.399706e-01 
3.215945e-01 2.402957e-01 
3.259566e-01 2.406209e-01 
3.303186e-01 2.409460e-01 
3.346806e-01 2.412711e-01 
3.390427e-01 2.415963e-01 
3.434047e-01 2.419214e-01 
3.477667e-01 2.422466e-01 
3.521287e-01 2.425717e-01 
3.564908e-01 2.428969e-01 
3.608528e-01 2.432220e-01 
3.652148e-01 2.435471e-01 
3.695769e-01 2.438723e-01 
3.739389e-01 2.441974e-01 
3.783009e-01 2.445226e-01 
3.826629e-01 2.448477e-01 
3.870250e-01 2.451729e-01 
3.913870e-01 2.454980e-01 
3.957490e-01 2.458231e-01 
4.001111e-01 2.461483e-01 
4.044731e-01 2.464734e-01 
4.088351e-01 2.467986e-01 
4.131971e-01 2.471237e-01 
4.175592e-01 2.474489e-01 
4.219212e-01 2.477740e-01 
4.262832e-01 2.480991e-01 
4.306453e-01 2.484243e-01 
4.350073e-01 2.487494e-01 
4.393693e-01 2.490746e-01 
4.437313e-01 2.493997e-01 
4.480934e-01 2.497249e-01 
4.524554e-01 2.500500e-01 
4.568174e-01 2.503751e-01 
4.611795e-01 2.507003e-01 
4.655415e-01 2.510254e-01 
4.699035e-01 2.513506e-01 
4.742655e-01 2.516757e-01 
4.786276e-01 2.520009e-01 
4.829896e-01 2.523260e-01 
4.873516e-01 2.526511e-01 
4.917137e-01 2.529763e-01 
4.960757e-01 2.533014e-01 
5.004377e-01 2.536266e-01 
5.047997e-01 2.539517e-01 
5.091618e-01 2.542769e-01 
5.135238e-01 2.546020e-01 
5.178858e-01 2.549271e-01 
5.222479e-01 2.552523e-01 
5.266099e-01 2.555774e-01 
5.309719e-01 2.559026e-01 
5.353339e-01 2.562277e-01 
2.024782e-01 2.362117e-01 
2.068493e-01 2.365152e-01 
2.112204e-01 2.368187e-01 
2.155915e-01 2.371221e-01 
2.199626e-01 2.374256e-01 
2.243337e-01 2.377291e-01 
2.287047e-01 2.380325e-01 
2.330758e-01 2.383360e-01 
2.374469e-01 2.386395e-01 
2.418180e-01 2.389429e-01 
2.461891e-01 2.392464e-01 
2.505602e-01 2.395499e-01 
2.549313e-01 2.398533e-01 
2.593024e-01 2.401568e-01 
2.636735e-01 2.404603e-01 
2.680446e-01 2.407637e-01 
2.724157e-01 2.410672e-01 
2.767868e-01 2.413707e-01 
2.811579e-01 2.416741e-01 
2.855290e-01 2.419776e-01 
2.899001e-01 2.422811e-01 
2.942711e-01 2.425845e-01 
2.986422e-01 2.428880e-01 
3.030133e-01 2.431915e-01 
3.073844e-01 2.434949e-01 
3.117555e-01 2.437984e-01 
3.161266e-01 2.441019e-01 
3.204977e-01 2.444053e-01 
3.248688e-01 2.447088e-01 
3.292399e-01 2.450123e-01 
3.336110e-01 2.453157e-01 
3.379821e-01 2.456192e-01 
3.423532e-01 2.459227e-01 
3.467243e-01 2.462261e-01 
3.510954e-01 2.465296e-01 
3.554665e-01 2.468331e-01 
3.598375e-01 2.471365e-01 
3.642086e-01 2.474400e-01 
3.685797e-01 2.477435e-01 
3.729508e-01 2.480469e-01 
3.773219e-01 2.483504e-01 
3.816930e-01 2.486539e-01 
3.860641e-01 2.489573e-01 
3.904352e-01 2.492608e-01 
3.948063e-01 2.495643e-01 
3.991774e-01 2.498677e-01 
4.035485e-01 2.501712e-01 
4.079196e-01 2.504747e-01 
4.122907e-01 2.507781e-01 
4.166618e-01 2.510816e-01 
4.210329e-01 2.513851e-01 
4.254039e-01 2.516885e-01 
4.297750e-01 2.519920e-01 
4.341461e-01 2.522955e-01 
4.385172e-01 2.525989e-01 
4.428883e-01 2.529024e-01 
4.472594e-01 2.532059e-01 
4.516305e-01 2.535093e-01 
4.560016e-01 2.538128e-01 
4.603727e-01 2.541163e-01 
4.647438e-01 2.544197e-01 
4.691149e-01 2.547232e-01 
4.734860e-01 2.550267e-01 
4.778571e-01 2.553301e-01 
4.822282e-01 2.556336e-01 
4.865993e-01 2.559371e-01 
4.909703e-01 2.562405e-01 
4.953414e-01 2.565440e-01 
4.997125e-01 2.568475e-01 
5.040836e-01 2.571509e-01 
5.084547e-01 2.574544e-01 
5.128258e-01 2.577579e-01 
5.171969e-01 2.580613e-01 
5.215680e-01 2.583648e-01 
5.259391e-01 2.586683e-01 
5.303102e-01 2.589717e-01 
5.346813e-01 2.592752e-01 
2.011366e-01 2.409066e-01 
2.055168e-01 2.411884e-01 
2.098969e-01 2.414702e-01 
2.142771e-01 2.417520e-01 
2.186572e-01 2.420338e-01 
2.230374e-01 2.423156e-01 
2.274176e-01 2.425974e-01 
2.317977e-01 2.428791e-01 
2.361779e-01 2.431609e-01 
2.405580e-01 2.434427e-01 
2.449382e-01 2.437245e-01 
2.493183e-01 2.440063e-01 
2.536985e-01 2.442881e-01 
2.580787e-01 2.445699e-01 
2.624588e-01 2.448517e-01 
2.668390e-01 2.451335e-01 
2.712191e-01 2.454153e-01 
2.755993e-01 2.456970e-01 
2.799794e-01 2.459788e-01 
2.843596e-01 2.462606e-01 
2.887398e-01 2.465424e-01 
2.931199e-01 2.468242e-01 
2.975001e-01 2.471060e-01 
3.018802e-01 2.473878e-01 
3.062604e-01 2.476696e-01 
3.106406e-01 2.479514e-01 
3.150207e-01 2.482332e-01 
3.194009e-01 2.485150e-01 
3.237810e-01 2.487967e-01 
3.281612e-01 2.490785e-01 
3.325413e-01 2.493603e-01 
3.369215e-01 2.496421e-01 
3.413017e-01 2.499239e-01 
3.456818e-01 2.502057e-01 
3.500620e-01 2.504875e-01 
3.544421e-01 2.507693e-01 
3.588223e-01 2.510511e-01 
3.632025e-01 2.513329e-01 
3.675826e-01 2.516146e-01 
3.719628e-01 2.518964e-01 
3.763429e-01 2.521782e-01 
3.807231e-01 2.524600e-01 
3.851032e-01 2.527418e-01 
3.894834e-01 2.530236e-01 
3.938636e-01 2.533054e-01 
3.982437e-01 2.535872e-01 
4.026239e-01 2.538690e-01 
4.070040e-01 2.541508e-01 
4.113842e-01 2.544326e-01 
4.157643e-01 2.547143e-01 
4.201445e-01 2.549961e-01 
4.245247e-01 2.552779e-01 
4.289048e-01 2.555597e-01 
4.332850e-01 2.558415e-01 
4.376651e-01 2.561233e-01 
4.420453e-01 2.564051e-01 
4.464255e-01 2.566869e-01 
4.508056e-01 2.569687e-01 
4.551858e-01 2.572505e-01 
4.595659e-01 2.575322e-01 
4.639461e-01 2.578140e-01 
4.683262e-01 2.580958e-01 
4.727064e-01 2.583776e-01 
4.770866e-01 2.586594e-01 
4.814667e-01 2.589412e-01 
4.858469e-01 2.592230e-01 
4.902270e-01 2.595048e-01 
4.946072e-01 2.597866e-01 
4.989874e-01 2.600684e-01 
5.033675e-01 2.603502e-01 
5.077477e-01 2.606319e-01 
5.121278e-01 2.609137e-01 
5.165080e-01 2.611955e-01 
5.208881e-01 2.614773e-01 
5.252683e-01 2.617591e-01 
5.296485e-01 2.620409e-01 
5.340286e-01 2.623227e-01 
1.997950e-01 2.456015e-01 
2.041842e-01 2.458616e-01 
2.085735e-01 2.461217e-01 
2.129627e-01 2.463818e-01 
2.173519e-01 2.466419e-01 
2.217411e-01 2.469021e-01 
2.261304e-01 2.471622e-01 
2.305196e-01 2.474223e-01 
2.349088e-01 2.476824e-01 
2.392980e-01 2.479425e-01 
2.436872e-01 2.482026e-01 
2.480765e-01 2.484627e-01 
2.524657e-01 2.487229e-01 
2.568549e-01 2.489830e-01 
2.612441e-01 2.492431e-01 
2.656334e-01 2.495032e-01 
2.700226e-01 2.497633e-01 
2.744118e-01 2.500234e-01 
2.788010e-01 2.502835e-01 
2.831903e-01 2.505437e-01 
2.875795e-01 2.508038e-01 
2.919687e-01 2.510639e-01 
2.963579e-01 2.513240e-01 
3.007471e-01 2.515841e-01 
3.051364e-01 2.518442e-01 
3.095256e-01 2.521043e-01 
3.139148e-01 2.523645e-01 
3.183040e-01 2.526246e-01 
3.226933e-01 2.528847e-01 
3.270825e-01 2.531448e-01 
3.314717e-01 2.534049e-01 
3.358609e-01 2.536650e-01 
3.402501e-01 2.539251e-01 
3.446394e-01 2.541853e-01 
3.490286e-01 2.544454e-01 
3.534178e-01 2.547055e-01 
3.578070e-01 2.549656e-01 
3.621963e-01 2.552257e-01 
3.665855e-01 2.554858e-01 
3.709747e-01 2.557459e-01 
3.753639e-01 2.560061e-01 
3.797532e-01 2.562662e-01 
3.841424e-01 2.565263e-01 
3.885316e-01 2.567864e-01 
3.929208e-01 2.570465e-01 
3.973100e-01 2.573066e-01 
4.016993e-01 2.575667e-01 
4.060885e-01 2.578269e-01 
4.104777e-01 2.580870e-01 
4.148669e-01 2.583471e-01 
4.192562e-01 2.586072e-01 
4.236454e-01 2.588673e-01 
4.280346e-01 2.591274e-01 
4.324238e-01 2.593875e-01 
4.368131e-01 2.596477e-01 
4.412023e-01 2.599078e-01 
4.455915e-01 2.601679e-01 
4.499807e-01 2.604280e-01 
4.543699e-01 2.606881e-01 
4.587592e-01 2.609482e-01 
4.631484e-01 2.612083e-01 
4.675376e-01 2.614685e-01 
4.719268e-01 2.617286e-01 
4.763161e-01 2.619887e-01 
4.807053e-01 2.622488e-01 
4.850945e-01 2.625089e-01 
4.894837e-01 2.627690e-01 
4.938729e-01 2.630291e-01 
4.982622e-01 2.632893e-01 
5.026514e-01 2.635494e-01 
5.070406e-01 2.638095e-01 
5.114298e-01 2.640696e-01 
5.158191e-01 2.643297e-01 
5.202083e-01 2.645898e-01 
5.245975e-01 2.648499e-01 
5.289867e-01 2.651101e-01 
5.333760e-01 2.653702e-01 
1.984534e-01 2.502964e-01 
2.028517e-01 2.505348e-01 
2.072500e-01 2.507732e-01 
2.116483e-01 2.510117e-01 
2.160466e-01 2.512501e-01 
2.204449e-01 2.514886e-01 
2.248432e-01 2.517270e-01 
2.292414e-01 2.519654e-01 
2.336397e-01 2.522039e-01 
2.380380e-01 2.524423e-01 
2.424363e-01 2.526807e-01 
2.468346e-01 2.529192e-01 
2.512329e-01 2.531576e-01 
2.556312e-01 2.533961e-01 
2.600295e-01 2.536345e-01 
2.644277e-01 2.538729e-01 
2.688260e-01 2.541114e-01 
2.732243e-01 2.543498e-01 
2.776226e-01 2.545882e-01 
2.820209e-01 2.548267e-01 
2.864192e-01 2.550651e-01 
2.908175e-01 2.553036e-01 
2.952158e-01 2.555420e-01 
2.996140e-01 2.557804e-01 
3.040123e-01 2.560189e-01 
3.084106e-01 2.562573e-01 
3.128089e-01 2.564958e-01 
3.172072e-01 2.567342e-01 
3.216055e-01 2.569726e-01 
3.260038e-01 2.572111e-01 
3.304021e-01 2.574495e-01 
3.348003e-01 2.576879e-01 
3.391986e-01 2.579264e-01 
3.435969e-01 2.581648e-01 
3.479952e-01 2.584033e-01 
3.523935e-01 2.586417e-01 
3.567918e-01 2.588801e-01 
3.611901e-01 2.591186e-01 
3.655884e-01 2.593570e-01 
3.699866e-01 2.595954e-01 
3.743849e-01 2.598339e-01 
3.787832e-01 2.600723e-01 
3.831815e-01 2.603108e-01 
3.875798e-01 2.605492e-01 
3.919781e-01 2.607876e-01 
3.963764e-01 2.610261e-01 
4.007747e-01 2.612645e-01 
4.051730e-01 2.615030e-01 
4.095712e-01 2.617414e-01 
4.139695e-01 2.619798e-01 
4.183678e-01 2.622183e-01 
4.227661e-01 2.624567e-01 
4.271644e-01 2.626951e-01 
4.315627e-01 2.629336e-01 
4.359610e-01 2.631720e-01 
4.403593e-01 2.634105e-01 
4.447575e-01 2.636489e-01 
4.491558e-01 2.638873e-01 
4.535541e-01 2.641258e-01 
4.579524e-01 2.643642e-01 
4.623507e-01 2.646026e-01 
4.667490e-01 2.648411e-01 
4.711473e-01 2.650795e-01 
4.755456e-01 2.653180e-01 
4.799438e-01 2.655564e-01 
4.843421e-01 2.657948e-01 
4.887404e-01 2.660333e-01 
4.931387e-01 2.662717e-01 
4.975370e-01 2.665102e-01 
5.019353e-01 2.667486e-01 
5.063336e-01 2.669870e-01 
5.107319e-01 2.672255e-01 
5.151301e-01 2.674639e-01 
5.195284e-01 2.677023e-01 
5.239267e-01 2.679408e-01 
5.283250e-01 2.681792e-01 
5.327233e-01 2.684177e-01 
1.971118e-01 2.549912e-01 
2.015192e-01 2.552080e-01 
2.059266e-01 2.554248e-01 
2.103339e-01 2.556415e-01 
2.147413e-01 2.558583e-01 
2.191486e-01 2.560750e-01 
2.235560e-01 2.562918e-01 
2.279633e-01 2.565086e-01 
2.323707e-01 2.567253e-01 
2.367780e-01 2.569421e-01 
2.411854e-01 2.571589e-01 
2.455927e-01 2.573756e-01 
2.500001e-01 2.575924e-01 
2.544074e-01 2.578091e-01 
2.588148e-01 2.580259e-01 
2.632221e-01 2.582427e-01 
2.676295e-01 2.584594e-01 
2.720368e-01 2.586762e-01 
2.764442e-01 2.588930e-01 
2.808515e-01 2.591097e-01 
2.852589e-01 2.593265e-01 
2.896662e-01 2.595432e-01 
2.940736e-01 2.597600e-01 
2.984810e-01 2.599768e-01 
3.028883e-01 2.601935e-01 
3.072957e-01 2.604103e-01 
3.117030e-01 2.606270e-01 
3.161104e-01 2.608438e-01 
3.205177e-01 2.610606e-01 
3.249251e-01 2.612773e-01 
3.293324e-01 2.614941e-01 
3.337398e-01 2.617109e-01 
3.381471e-01 2.619276e-01 
3.425545e-01 2.621444e-01 
3.469618e-01 2.623611e-01 
3.513692e-01 2.625779e-01 
3.557765e-01 2.627947e-01 
3.601839e-01 2.630114e-01 
3.645912e-01 2.632282e-01 
3.689986e-01 2.634450e-01 
3.734059e-01 2.636617e-01 
3.778133e-01 2.638785e-01 
3.822206e-01 2.640952e-01 
3.866280e-01 2.643120e-01 
3.910354e-01 2.645288e-01 
3.954427e-01 2.647455e-01 
3.998501e-01 2.649623e-01 
4.042574e-01 2.651790e-01 
4.086648e-01 2.653958e-01 
4.130721e-01 2.656126e-01 
4.174795e-01 2.658293e-01 
4.218868e-01 2.660461e-01 
4.262942e-01 2.662629e-01 
4.307015e-01 2.664796e-01 
4.351089e-01 2.666964e-01 
4.395162e-01 2.669131e-01 
4.439236e-01 2.671299e-01 
4.483309e-01 2.673467e-01 
4.527383e-01 2.675634e-01 
4.571456e-01 2.677802e-01 
4.615530e-01 2.679970e-01 
4.659603e-01 2.682137e-01 
4.703677e-01 2.684305e-01 
4.747750e-01 2.686472e-01 
4.791824e-01 2.688640e-01 
4.835898e-01 2.690808e-01 
4.879971e-01 2.692975e-01 
4.924045e-01 2.695143e-01 
4.968118e-01 2.697310e-01 
5.012192e-01 2.699478e-01 
5.056265e-01 2.701646e-01 
5.100339e-01 2.703813e-01 
5.144412e-01 2.705981e-01 
5.188486e-01 2.708149e-01 
5.232559e-01 2.710316e-01 
5.276633e-01 2.712484e-01 
5.320706e-01 2.714651e-01 
1.957703e-01 2.596861e-01 
2.001867e-01 2.598812e-01 
2.046031e-01 2.600763e-01 
2.090195e-01 2.602714e-01 
2.134359e-01 2.604665e-01 
2.178523e-01 2.606615e-01 
2.222688e-01 2.608566e-01 
2.266852e-01 2.610517e-01 
2.311016e-01 2.612468e-01 
2.355180e-01 2.614419e-01 
2.399344e-01 2.616370e-01 
2.443509e-01 2.618321e-01 
2.487673e-01 2.620271e-01 
2.531837e-01 2.622222e-01 
2.576001e-01 2.624173e-01 
2.620165e-01 2.626124e-01 
2.664329e-01 2.628075e-01 
2.708494e-01 2.630026e-01 
2.752658e-01 2.631977e-01 
2.796822e-01 2.633927e-01 
2.840986e-01 2.635878e-01 
2.885150e-01 2.637829e-01 
2.929314e-01 2.639780e-01 
2.973479e-01 2.641731e-01 
3.017643e-01 2.643682e-01 
3.061807e-01 2.645633e-01 
3.105971e-01 2.647583e-01 
3.150135e-01 2.649534e-01 
3.194299e-01 2.651485e-01 
3.238464e-01 2.653436e-01 
3.282628e-01 2.655387e-01 
3.326792e-01 2.657338e-01 
3.370956e-01 2.659289e-01 
3.415120e-01 2.661239e-01 
3.459284e-01 2.663190e-01 
3.503449e-01 2.665141e-01 
3.547613e-01 2.667092e-01 
3.591777e-01 2.669043e-01 
3.635941e-01 2.670994e-01 
3.680105e-01 2.672945e-01 
3.724269e-01 2.674895e-01 
3.768434e-01 2.676846e-01 
3.812598e-01 2.678797e-01 
3.856762e-01 2.680748e-01 
3.900926e-01 2.682699e-01 
3.945090e-01 2.684650e-01 
3.989255e-01 2.686601e-01 
4.033419e-01 2.688551e-01 
4.077583e-01 2.690502e-01 
4.121747e-01 2.692453e-01 
4.165911e-01 2.694404e-01 
4.210075e-01 2.696355e-01 
4.254240e-01 2.698306e-01 
4.298404e-01 2.700257e-01 
4.342568e-01 2.702207e-01 
4.386732e-01 2.704158e-01 
4.430896e-01 2.706109e-01 
4.475060e-01 2.708060e-01 
4.519225e-01 2.710011e-01 
4.563389e-01 2.711962e-01 
4.607553e-01 2.713913e-01 
4.651717e-01 2.715863e-01 
4.695881e-01 2.717814e-01 
4.740045e-01 2.719765e-01 
4.784210e-01 2.721716e-01 
4.828374e-01 2.723667e-01 
4.872538e-01 2.725618e-01 
4.916702e-01 2.727569e-01 
4.960866e-01 2.729519e-01 
5.005030e-01 2.731470e-01 
5.049195e-01 2.733421e-01 
5.093359e-01 2.735372e-01 
5.137523e-01 2.737323e-01 
5.181687e-01 2.739274e-01 
5.225851e-01 2.741225e-01 
5.270015e-01 2.743175e-01 
5.314180e-01 2.745126e-01 
1.944287e-01 2.643810e-01 
1.988542e-01 2.645544e-01 
2.032796e-01 2.647278e-01 
2.077051e-01 2.649012e-01 
2.121306e-01 2.650746e-01 
2.165561e-01 2.652480e-01 
2.209816e-01 2.654214e-01 
2.254071e-01 2.655949e-01 
2.298325e-01 2.657683e-01 
2.342580e-01 2.659417e-01 
2.386835e-01 2.661151e-01 
2.431090e-01 2.662885e-01 
2.475345e-01 2.664619e-01 
2.519599e-01 2.666353e-01 
2.563854e-01 2.668087e-01 
2.608109e-01 2.669821e-01 
2.652364e-01 2.671555e-01 
2.696619e-01 2.673290e-01 
2.740874e-01 2.675024e-01 
2.785128e-01 2.676758e-01 
2.829383e-01 2.678492e-01 
2.873638e-01 2.680226e-01 
2.917893e-01 2.681960e-01 
2.962148e-01 2.683694e-01 
3.006402e-01 2.685428e-01 
3.050657e-01 2.687162e-01 
3.094912e-01 2.688896e-01 
3.139167e-01 2.690630e-01 
3.183422e-01 2.692365e-01 
3.227677e-01 2.694099e-01 
3.271931e-01 2.695833e-01 
3.316186e-01 2.697567e-01 
3.360441e-01 2.699301e-01 
3.404696e-01 2.701035e-01 
3.448951e-01 2.702769e-01 
3.493205e-01 2.704503e-01 
3.537460e-01 2.706237e-01 
3.581715e-01 2.707971e-01 
3.625970e-01 2.709706e-01 
3.670225e-01 2.711440e-01 
3.714480e-01 2.713174e-01 
3.758734e-01 2.714908e-01 
3.802989e-01 2.716642e-01 
3.847244e-01 2.718376e-01 
3.891499e-01 2.720110e-01 
3.935754e-01 2.721844e-01 
3.980008e-01 2.723578e-01 
4.024263e-01 2.725312e-01 
4.068518e-01 2.727046e-01 
4.112773e-01 2.728781e-01 
4.157028e-01 2.730515e-01 
4.201283e-01 2.732249e-01 
4.245537e-01 2.733983e-01 
4.289792e-01 2.735717e-01 
4.334047e-01 2.737451e-01 
4.378302e-01 2.739185e-01 
4.422557e-01 2.740919e-01 
4.466811e-01 2.742653e-01 
4.511066e-01 2.744387e-01 
4.555321e-01 2.746122e-01 
4.599576e-01 2.747856e-01 
4.643831e-01 2.749590e-01 
4.688086e-01 2.751324e-01 
4.732340e-01 2.753058e-01 
4.776595e-01 2.754792e-01 
4.820850e-01 2.756526e-01 
4.865105e-01 2.758260e-01 
4.909360e-01 2.759994e-01 
4.953614e-01 2.761728e-01 
4.997869e-01 2.763462e-01 
5.042124e-01 2.765197e-01 
5.086379e-01 2.766931e-01 
5.130634e-01 2.768665e-01 
5.174889e-01 2.770399e-01 
5.219143e-01 2.772133e-01 
5.263398e-01 2.773867e-01 
5.307653e-01 2.775601e-01 
1.930871e-01 2.690759e-01 
1.975216e-01 2.692276e-01 
2.019562e-01 2.693793e-01 
2.063907e-01 2.695311e-01 
2.108253e-01 2.696828e-01 
2.152598e-01 2.698345e-01 
2.196944e-01 2.699863e-01 
2.241289e-01 2.701380e-01 
2.285635e-01 2.702897e-01 
2.329980e-01 2.704415e-01 
2.374326e-01 2.705932e-01 
2.418671e-01 2.707449e-01 
2.463017e-01 2.708967e-01 
2.507362e-01 2.710484e-01 
2.551707e-01 2.712001e-01 
2.596053e-01 2.713519e-01 
2.640398e-01 2.715036e-01 
2.684744e-01 2.716553e-01 
2.729089e-01 2.718071e-01 
2.773435e-01 2.719588e-01 
2.817780e-01 2.721105e-01 
2.862126e-01 2.722623e-01 
2.906471e-01 2.724140e-01 
2.950817e-01 2.725657e-01 
2.995162e-01 2.727175e-01 
3.039508e-01 2.728692e-01 
3.083853e-01 2.730209e-01 
3.128199e-01 2.731727e-01 
3.172544e-01 2.733244e-01 
3.216889e-01 2.734761e-01 
3.261235e-01 2.736279e-01 
3.305580e-01 2.737796e-01 
3.349926e-01 2.739313e-01 
3.394271e-01 2.740831e-01 
3.438617e-01 2.742348e-01 
3.482962e-01 2.743865e-01 
3.527308e-01 2.745383e-01 
3.571653e-01 2.746900e-01 
3.615999e-01 2.748417e-01 
3.660344e-01 2.749935e-01 
3.704690e-01 2.751452e-01 
3.749035e-01 2.752969e-01 
3.793381e-01 2.754487e-01 
3.837726e-01 2.756004e-01 
3.882071e-01 2.757521e-01 
3.926417e-01 2.759039e-01 
3.970762e-01 2.760556e-01 
4.015108e-01 2.762073e-01 
4.059453e-01 2.763591e-01 
4.103799e-01 2.765108e-01 
4.148144e-01 2.766625e-01 
4.192490e-01 2.768143e-01 
4.236835e-01 2.769660e-01 
4.281181e-01 2.771177e-01 
4.325526e-01 2.772695e-01 
4.369872e-01 2.774212e-01 
4.414217e-01 2.775729e-01 
4.458563e-01 2.777247e-01 
4.502908e-01 2.778764e-01 
4.547253e-01 2.780281e-01 
4.591599e-01 2.781799e-01 
4.635944e-01 2.783316e-01 
4.680290e-01 2.784833e-01 
4.724635e-01 2.786351e-01 
4.768981e-01 2.787868e-01 
4.813326e-01 2.789385e-01 
4.857672e-01 2.790903e-01 
4.902017e-01 2.792420e-01 
4.946363e-01 2.793937e-01 
4.990708e-01 2.795455e-01 
5.035054e-01 2.796972e-01 
5.079399e-01 2.798489e-01 
5.123745e-01 2.800007e-01 
5.168090e-01 2.801524e-01 
5.212435e-01 2.803041e-01 
5.256781e-01 2.804559e-01 
5.301126e-01 2.806076e-01 
1.917455e-01 2.737707e-01 
1.961891e-01 2.739008e-01 
2.006327e-01 2.740309e-01 
2.050763e-01 2.741609e-01 
2.095200e-01 2.742910e-01 
2.139636e-01 2.744210e-01 
2.184072e-01 2.745511e-01 
2.228508e-01 2.746811e-01 
2.272944e-01 2.748112e-01 
2.317380e-01 2.749413e-01 
2.361816e-01 2.750713e-01 
2.406252e-01 2.752014e-01 
2.450688e-01 2.753314e-01 
2.495125e-01 2.754615e-01 
2.539561e-01 2.755915e-01 
2.583997e-01 2.757216e-01 
2.628433e-01 2.758517e-01 
2.672869e-01 2.759817e-01 
2.717305e-01 2.761118e-01 
2.761741e-01 2.762418e-01 
2.806177e-01 2.763719e-01 
2.850613e-01 2.765019e-01 
2.895050e-01 2.766320e-01 
2.939486e-01 2.767621e-01 
2.983922e-01 2.768921e-01 
3.028358e-01 2.770222e-01 
3.072794e-01 2.771522e-01 
3.117230e-01 2.772823e-01 
3.161666e-01 2.774123e-01 
3.206102e-01 2.775424e-01 
3.250539e-01 2.776725e-01 
3.294975e-01 2.778025e-01 
3.339411e-01 2.779326e-01 
3.383847e-01 2.780626e-01 
3.428283e-01 2.781927e-01 
3.472719e-01 2.783227e-01 
3.517155e-01 2.784528e-01 
3.561591e-01 2.785829e-01 
3.606027e-01 2.787129e-01 
3.650464e-01 2.788430e-01 
3.694900e-01 2.789730e-01 
3.739336e-01 2.791031e-01 
3.783772e-01 2.792331e-01 
3.828208e-01 2.793632e-01 
3.872644e-01 2.794933e-01 
3.917080e-01 2.796233e-01 
3.961516e-01 2.797534e-01 
4.005952e-01 2.798834e-01 
4.050389e-01 2.800135e-01 
4.094825e-01 2.801435e-01 
4.139261e-01 2.802736e-01 
4.183697e-01 2.804037e-01 
4.228133e-01 2.805337e-01 
4.272569e-01 2.806638e-01 
4.317005e-01 2.807938e-01 
4.361441e-01 2.809239e-01 
4.405877e-01 2.810539e-01 
4.450314e-01 2.811840e-01 
4.494750e-01 2.813141e-01 
4.539186e-01 2.814441e-01 
4.583622e-01 2.815742e-01 
4.628058e-01 2.817042e-01 
4.672494e-01 2.818343e-01 
4.716930e-01 2.819643e-01 
4.761366e-01 2.820944e-01 
4.805803e-01 2.822245e-01 
4.850239e-01 2.823545e-01 
4.894675e-01 2.824846e-01 
4.939111e-01 2.826146e-01 
4.983547e-01 2.827447e-01 
5.027983e-01 2.828747e-01 
5.072419e-01 2.830048e-01 
5.116855e-01 2.831349e-01 
5.161291e-01 2.832649e-01 
5.205728e-01 2.833950e-01 
5.250164e-01 2.835250e-01 
5.294600e-01 2.836551e-01 
1.904039e-01 2.784656e-01 
1.948566e-01 2.785740e-01 
1.993093e-01 2.786824e-01 
2.037620e-01 2.787908e-01 
2.082146e-01 2.788991e-01 
2.126673e-01 2.790075e-01 
2.171200e-01 2.791159e-01 
2.215727e-01 2.792243e-01 
2.260253e-01 2.793327e-01 
2.304780e-01 2.794410e-01 
2.349307e-01 2.795494e-01 
2.393834e-01 2.796578e-01 
2.438360e-01 2.797662e-01 
2.482887e-01 2.798746e-01 
2.527414e-01 2.799830e-01 
2.571941e-01 2.800913e-01 
2.616467e-01 2.801997e-01 
2.660994e-01 2.803081e-01 
2.705521e-01 2.804165e-01 
2.750048e-01 2.805249e-01 
2.794574e-01 2.806332e-01 
2.839101e-01 2.807416e-01 
2.883628e-01 2.808500e-01 
2.928155e-01 2.809584e-01 
2.972682e-01 2.810668e-01 
3.017208e-01 2.811751e-01 
3.061735e-01 2.812835e-01 
3.106262e-01 2.813919e-01 
3.150789e-01 2.815003e-01 
3.195315e-01 2.816087e-01 
3.239842e-01 2.817170e-01 
3.284369e-01 2.818254e-01 
3.328896e-01 2.819338e-01 
3.373422e-01 2.820422e-01 
3.417949e-01 2.821506e-01 
3.462476e-01 2.822590e-01 
3.507003e-01 2.823673e-01 
3.551529e-01 2.824757e-01 
3.596056e-01 2.825841e-01 
3.640583e-01 2.826925e-01 
3.685110e-01 2.828009e-01 
3.729636e-01 2.829092e-01 
3.774163e-01 2.830176e-01 
3.818690e-01 2.831260e-01 
3.863217e-01 2.832344e-01 
3.907744e-01 2.833428e-01 
3.952270e-01 2.834511e-01 
3.996797e-01 2.835595e-01 
4.041324e-01 2.836679e-01 
4.085851e-01 2.837763e-01 
4.130377e-01 2.838847e-01 
4.174904e-01 2.839930e-01 
4.219431e-01 2.841014e-01 
4.263958e-01 2.842098e-01 
4.308484e-01 2.843182e-01 
4.353011e-01 2.844266e-01 
4.397538e-01 2.845350e-01 
4.442065e-01 2.846433e-01 
4.486591e-01 2.847517e-01 
4.531118e-01 2.848601e-01 
4.575645e-01 2.849685e-01 
4.620172e-01 2.850769e-01 
4.664698e-01 2.851852e-01 
4.709225e-01 2.852936e-01 
4.753752e-01 2.854020e-01 
4.798279e-01 2.855104e-01 
4.842806e-01 2.856188e-01 
4.887332e-01 2.857271e-01 
4.931859e-01 2.858355e-01 
4.976386e-01 2.859439e-01 
5.020913e-01 2.860523e-01 
5.065439e-01 2.861607e-01 
5.109966e-01 2.862690e-01 
5.154493e-01 2.863774e-01 
5.199020e-01 2.864858e-01 
5.243546e-01 2.865942e-01 
5.288073e-01 2.867026e-01 
1.890623e-01 2.831605e-01 
1.935241e-01 2.832472e-01 
1.979858e-01 2.833339e-01 
2.024476e-01 2.834206e-01 
2.069093e-01 2.835073e-01 
2.113710e-01 2.835940e-01 
2.158328e-01 2.836807e-01 
2.202945e-01 2.837674e-01 
2.247563e-01 2.838541e-01 
2.292180e-01 2.839408e-01 
2.336797e-01 2.840275e-01 
2.381415e-01 2.841142e-01 
2.426032e-01 2.842010e-01 
2.470650e-01 2.842877e-01 
2.515267e-01 2.843744e-01 
2.559885e-01 2.844611e-01 
2.604502e-01 2.845478e-01 
2.649119e-01 2.846345e-01 
2.693737e-01 2.847212e-01 
2.738354e-01 2.848079e-01 
2.782972e-01 2.848946e-01 
2.827589e-01 2.849813e-01 
2.872206e-01 2.850680e-01 
2.916824e-01 2.851547e-01 
2.961441e-01 2.852414e-01 
3.006059e-01 2.853281e-01 
3.050676e-01 2.854148e-01 
3.095293e-01 2.855015e-01 
3.139911e-01 2.855882e-01 
3.184528e-01 2.856749e-01 
3.229146e-01 2.857616e-01 
3.273763e-01 2.858483e-01 
3.318380e-01 2.859350e-01 
3.362998e-01 2.860218e-01 
3.407615e-01 2.861085e-01 
3.452233e-01 2.861952e-01 
3.496850e-01 2.862819e-01 
3.541468e-01 2.863686e-01 
3.586085e-01 2.864553e-01 
3.630702e-01 2.865420e-01 
3.675320e-01 2.866287e-01 
3.719937e-01 2.867154e-01 
3.764555e-01 2.868021e-01 
3.809172e-01 2.868888e-01 
3.853789e-01 2.869755e-01 
3.898407e-01 2.870622e-01 
3.943024e-01 2.871489e-01 
3.987642e-01 2.872356e-01 
4.032259e-01 2.873223e-01 
4.076876e-01 2.874090e-01 
4.121494e-01 2.874957e-01 
4.166111e-01 2.875824e-01 
4.210729e-01 2.876691e-01 
4.255346e-01 2.877558e-01 
4.299964e-01 2.878426e-01 
4.344581e-01 2.879293e-01 
4.389198e-01 2.880160e-01 
4.433816e-01 2.881027e-01 
4.478433e-01 2.881894e-01 
4.523051e-01 2.882761e-01 
4.567668e-01 2.883628e-01 
4.612285e-01 2.884495e-01 
4.656903e-01 2.885362e-01 
4.701520e-01 2.886229e-01 
4.746138e-01 2.887096e-01 
4.790755e-01 2.887963e-01 
4.835372e-01 2.888830e-01 
4.879990e-01 2.889697e-01 
4.924607e-01 2.890564e-01 
4.969225e-01 2.891431e-01 
5.013842e-01 2.892298e-01 
5.058459e-01 2.893165e-01 
5.103077e-01 2.894032e-01 
5.147694e-01 2.894899e-01 
5.192312e-01 2.895766e-01 
5.236929e-01 2.896634e-01 
5.281547e-01 2.897501e-01 
1.877208e-01 2.878554e-01 
1.921916e-01 2.879204e-01 
1.966624e-01 2.879854e-01 
2.011332e-01 2.880505e-01 
2.056040e-01 2.881155e-01 
2.100748e-01 2.881805e-01 
2.145456e-01 2.882455e-01 
2.190164e-01 2.883106e-01 
2.234872e-01 2.883756e-01 
2.279580e-01 2.884406e-01 
2.324288e-01 2.885057e-01 
2.368996e-01 2.885707e-01 
2.413704e-01 2.886357e-01 
2.458412e-01 2.887007e-01 
2.503120e-01 2.887658e-01 
2.547828e-01 2.888308e-01 
2.592536e-01 2.888958e-01 
2.637245e-01 2.889609e-01 
2.681953e-01 2.890259e-01 
2.726661e-01 2.890909e-01 
2.771369e-01 2.891559e-01 
2.816077e-01 2.892210e-01 
2.860785e-01 2.892860e-01 
2.905493e-01 2.893510e-01 
2.950201e-01 2.894161e-01 
2.994909e-01 2.894811e-01 
3.039617e-01 2.895461e-01 
3.084325e-01 2.896111e-01 
3.129033e-01 2.896762e-01 
3.173741e-01 2.897412e-01 
3.218449e-01 2.898062e-01 
3.263157e-01 2.898713e-01 
3.307865e-01 2.899363e-01 
3.352573e-01 2.900013e-01 
3.397281e-01 2.900663e-01 
3.441990e-01 2.901314e-01 
3.486698e-01 2.901964e-01 
3.531406e-01 2.902614e-01 
3.576114e-01 2.903265e-01 
3.620822e-01 2.903915e-01 
3.665530e-01 2.904565e-01 
3.710238e-01 2.905215e-01 
3.754946e-01 2.905866e-01 
3.799654e-01 2.906516e-01 
3.844362e-01 2.907166e-01 
3.889070e-01 2.907817e-01 
3.933778e-01 2.908467e-01 
3.978486e-01 2.909117e-01 
4.023194e-01 2.909767e-01 
4.067902e-01 2.910418e-01 
4.112610e-01 2.911068e-01 
4.157318e-01 2.911718e-01 
4.202027e-01 2.912369e-01 
4.246735e-01 2.913019e-01 
4.291443e-01 2.913669e-01 
4.336151e-01 2.914319e-01 
4.380859e-01 2.914970e-01 
4.425567e-01 2.915620e-01 
4.470275e-01 2.916270e-01 
4.514983e-01 2.916921e-01 
4.559691e-01 2.917571e-01 
4.604399e-01 2.918221e-01 
4.649107e-01 2.918871e-01 
4.693815e-01 2.919522e-01 
4.738523e-01 2.920172e-01 
4.783231e-01 2.920822e-01 
4.827939e-01 2.921473e-01 
4.872647e-01 2.922123e-01 
4.917355e-01 2.922773e-01 
4.962063e-01 2.923423e-01 
5.006772e-01 2.924074e-01 
5.051480e-01 2.924724e-01 
5.096188e-01 2.925374e-01 
5.140896e-01 2.926025e-01 
5.185604e-01 2.926675e-01 
5.230312e-01 2.927325e-01 
5.275020e-01 2.927975e-01 
1.863792e-01 2.925502e-01 
1.908590e-01 2.925936e-01 
1.953389e-01 2.926370e-01 
1.998188e-01 2.926803e-01 
2.042987e-01 2.927237e-01 
2.087785e-01 2.927670e-01 
2.132584e-01 2.928104e-01 
2.177383e-01 2.928537e-01 
2.222181e-01 2.928971e-01 
2.266980e-01 2.929404e-01 
2.311779e-01 2.929838e-01 
2.356577e-01 2.930271e-01 
2.401376e-01 2.930705e-01 
2.446175e-01 2.931138e-01 
2.490974e-01 2.931572e-01 
2.535772e-01 2.932005e-01 
2.580571e-01 2.932439e-01 
2.625370e-01 2.932872e-01 
2.670168e-01 2.933306e-01 
2.714967e-01 2.933739e-01 
2.759766e-01 2.934173e-01 
2.804564e-01 2.934606e-01 
2.849363e-01 2.935040e-01 
2.894162e-01 2.935474e-01 
2.938961e-01 2.935907e-01 
2.983759e-01 2.936341e-01 
3.028558e-01 2.936774e-01 
3.073357e-01 2.937208e-01 
3.118155e-01 2.937641e-01 
3.162954e-01 2.938075e-01 
3.207753e-01 2.938508e-01 
3.252552e-01 2.938942e-01 
3.297350e-01 2.939375e-01 
3.342149e-01 2.939809e-01 
3.386948e-01 2.940242e-01 
3.431746e-01 2.940676e-01 
3.476545e-01 2.941109e-01 
3.521344e-01 2.941543e-01 
3.566142e-01 2.941976e-01 
3.610941e-01 2.942410e-01 
3.655740e-01 2.942843e-01 
3.700539e-01 2.943277e-01 
3.745337e-01 2.943710e-01 
3.790136e-01 2.944144e-01 
3.834935e-01 2.944578e-01 
3.879733e-01 2.945011e-01 
3.924532e-01 2.945445e-01 
3.969331e-01 2.945878e-01 
4.014130e-01 2.946312e-01 
4.058928e-01 2.946745e-01 
4.103727e-01 2.947179e-01 
4.148526e-01 2.947612e-01 
4.193324e-01 2.948046e-01 
4.238123e-01 2.948479e-01 
4.282922e-01 2.948913e-01 
4.327720e-01 2.949346e-01 
4.372519e-01 2.949780e-01 
4.417318e-01 2.950213e-01 
4.462117e-01 2.950647e-01 
4.506915e-01 2.951080e-01 
4.551714e-01 2.951514e-01 
4.596513e-01 2.951947e-01 
4.641311e-01 2.952381e-01 
4.686110e-01 2.952814e-01 
4.730909e-01 2.953248e-01 
4.775708e-01 2.953682e-01 
4.820506e-01 2.954115e-01 
4.865305e-01 2.954549e-01 
4.910104e-01 2.954982e-01 
4.954902e-01 2.955416e-01 
4.999701e-01 2.955849e-01 
5.044500e-01 2.956283e-01 
5.089298e-01 2.956716e-01 
5.134097e-01 2.957150e-01 
5.178896e-01 2.957583e-01 
5.223695e-01 2.958017e-01 
5.268493e-01 2.958450e-01 
1.850376e-01 2.972451e-01 
1.895265e-01 2.972668e-01 
1.940155e-01 2.972885e-01 
1.985044e-01 2.973102e-01 
2.029933e-01 2.973318e-01 
2.074823e-01 2.973535e-01 
2.119712e-01 2.973752e-01 
2.164601e-01 2.973969e-01 
2.209491e-01 2.974185e-01 
2.254380e-01 2.974402e-01 
2.299269e-01 2.974619e-01 
2.344159e-01 2.974836e-01 
2.389048e-01 2.975052e-01 
2.433937e-01 2.975269e-01 
2.478827e-01 2.975486e-01 
2.523716e-01 2.975703e-01 
2.568605e-01 2.975919e-01 
2.613495e-01 2.976136e-01 
2.658384e-01 2.976353e-01 
2.703274e-01 2.976570e-01 
2.748163e-01 2.976786e-01 
2.793052e-01 2.977003e-01 
2.837942e-01 2.977220e-01 
2.882831e-01 2.977437e-01 
2.927720e-01 2.977654e-01 
2.972610e-01 2.977870e-01 
3.017499e-01 2.978087e-01 
3.062388e-01 2.978304e-01 
3.107278e-01 2.978521e-01 
3.152167e-01 2.978737e-01 
3.197056e-01 2.978954e-01 
3.241946e-01 2.979171e-01 
3.286835e-01 2.979388e-01 
3.331724e-01 2.979604e-01 
3.376614e-01 2.979821e-01 
3.421503e-01 2.980038e-01 
3.466393e-01 2.980255e-01 
3.511282e-01 2.980471e-01 
3.556171e-01 2.980688e-01 
3.601061e-01 2.980905e-01 
3.645950e-01 2.981122e-01 
3.690839e-01 2.981338e-01 
3.735729e-01 2.981555e-01 
3.780618e-01 2.981772e-01 
3.825507e-01 2.981989e-01 
3.870397e-01 2.982206e-01 
3.915286e-01 2.982422e-01 
3.960175e-01 2.982639e-01 
4.005065e-01 2.982856e-01 
4.049954e-01 2.983073e-01 
4.094843e-01 2.983289e-01 
4.139733e-01 2.983506e-01 
4.184622e-01 2.983723e-01 
4.229512e-01 2.983940e-01 
4.274401e-01 2.984156e-01 
4.319290e-01 2.984373e-01 
4.364180e-01 2.984590e-01 
4.409069e-01 2.984807e-01 
4.453958e-01 2.985023e-01 
4.498848e-01 2.985240e-01 
4.543737e-01 2.985457e-01 
4.588626e-01 2.985674e-01 
4.633516e-01 2.985890e-01 
4.678405e-01 2.986107e-01 
4.723294e-01 2.986324e-01 
4.768184e-01 2.986541e-01 
4.813073e-01 2.986758e-01 
4.857962e-01 2.986974e-01 
4.902852e-01 2.987191e-01 
4.947741e-01 2.987408e-01 
4.992631e-01 2.987625e-01 
5.037520e-01 2.987841e-01 
5.082409e-01 2.988058e-01 
5.127299e-01 2.988275e-01 
5.172188e-01 2.988492e-01 
5.217077e-01 2.988708e-01 
5.261967e-01 2.988925e-01 
1.836960e-01 3.019400e-01 
1.881940e-01 3.019400e-01 
1.926920e-01 3.019400e-01 
1.971900e-01 3.019400e-01 
2.016880e-01 3.019400e-01 
2.061860e-01 3.019400e-01 
2.106840e-01 3.019400e-01 
2.151820e-01 3.019400e-01 
2.196800e-01 3.019400e-01 
2.241780e-01 3.019400e-01 
2.286760e-01 3.019400e-01 
2.331740e-01 3.019400e-01 
2.376720e-01 3.019400e-01 
2.421700e-01 3.019400e-01 
2.466680e-01 3.019400e-01 
2.511660e-01 3.019400e-01 
2.556640e-01 3.019400e-01 
2.601620e-01 3.019400e-01 
2.646600e-01 3.019400e-01 
2.691580e-01 3.019400e-01 
2.736560e-01 3.019400e-01 
2.781540e-01 3.019400e-01 
2.826520e-01 3.019400e-01 
2.871500e-01 3.019400e-01 
2.916480e-01 3.019400e-01 
2.961460e-01 3.019400e-01 
3.006440e-01 3.019400e-01 
3.051420e-01 3.019400e-01 
3.096400e-01 3.019400e-01 
3.141380e-01 3.019400e-01 
3.186360e-01 3.019400e-01 
3.231340e-01 3.019400e-01 
3.276320e-01 3.019400e-01 
3.321300e-01 3.019400e-01 
3.366280e-01 3.019400e-01 
3.411260e-01 3.019400e-01 
3.456240e-01 3.019400e-01 
3.501220e-01 3.019400e-01 
3.546200e-01 3.019400e-01 
3.591180e-01 3.019400e-01 
3.636160e-01 3.019400e-01 
3.681140e-01 3.019400e-01 
3.726120e-01 3.019400e-01 
3.771100e-01 3.019400e-01 
3.816080e-01 3.019400e-01 
3.861060e-01 3.019400e-01 
3.906040e-01 3.019400e-01 
3.951020e-01 3.019400e-01 
3.996000e-01 3.019400e-01 
4.040980e-01 3.019400e-01 
4.085960e-01 3.019400e-01 
4.130940e-01 3.019400e-01 
4.175920e-01 3.019400e-01 
4.220900e-01 3.019400e-01 
4.265880e-01 3.019400e-01 
4.310860e-01 3.019400e-01 
4.355840e-01 3.019400e-01 
4.400820e-01 3.019400e-01 
4.445800e-01 3.019400e-01 
4.490780e-01 3.019400e-01 
4.535760e-01 3.019400e-01 
4.580740e-01 3.019400e-01 
4.625720e-01 3.019400e-01 
4.670700e-01 3.019400e-01 
4.715680e-01 3.019400e-01 
4.760660e-01 3.019400e-01 
4.805640e-01 3.019400e-01 
4.850620e-01 3.019400e-01 
4.895600e-01 3.019400e-01 
4.940580e-01 3.019400e-01 
4.985560e-01 3.019400e-01 
5.030540e-01 3.019400e-01 
5.075520e-01 3.019400e-01 
5.120500e-01 3.019400e-01 
5.165480e-01 3.019400e-01 
5.210460e-01 3.019400e-01 
5.255440e-01 3.019400e-01 
BC
-1
-1
-1
-1
-1
-1
-1
-1
-1
-1
-1
-1
-1
-1
-1
-1
-1
-1
-1
-1
-1
-1
-1
-1
-1
-1
-1
-1
-1
-1
-1
-1
-1
-1
-1
-1
-1
-1
-1
-1
-1
-1
-1
-1
-1
-1
-1
-1
-1
-1
-1
-1
-1
-1
-1
-1
-1
-1
-1
-1
-1
-1
-1
-1
-1
-1
-1
-1
-1
-1
-1
-1
-1
-1
-1
-1
-1
-1
-1
-1
-1
-1
-1
-1
-1
-1
-1
-1
-1
-1
-1
-1
-1
-1
-1
-1
-1
-1
-1
-1
-1
-1
-1
-1
-1
-1
-1
-1
-1
-1
-1
-1
-1
-1
-1
-1
-1
-1
-1
-1
-1
-1
-1
-1
-1
-1
-1
-1
-1
-1
-1
-1
-1
-1
-1
-1
-1
-1
-1
-1
-1
-1
-1
-1
-1
-1
-1
-1
-1
-1
-1
-1
-1
-1
-1
-1
-1
-1
-1
-1
-1
-1
-1
-1
-1
-1
-1
-1
-1
-1
-1
-1
-1
-1
-1
-1
-1
-1
-1
-1
-1
-1
-1
-1
-1
-1
-1
-1
-1
-1
-1
-1
-1
-1
-1
-1
-1
-1
-1
-1
