npartb: 4 1 
ipartb: 1 0 
ngrid: 77 21 
-1.581520e-01 3.019400e-01 
-1.536540e-01 3.019400e-01 
-1.491560e-01 3.019400e-01 
-1.446580e-01 3.019400e-01 
-1.401600e-01 3.019400e-01 
-1.356620e-01 3.019400e-01 
-1.311640e-01 3.019400e-01 
-1.266660e-01 3.019400e-01 
-1.221680e-01 3.019400e-01 
-1.176700e-01 3.019400e-01 
-1.131720e-01 3.019400e-01 
-1.086740e-01 3.019400e-01 
-1.041760e-01 3.019400e-01 
-9.967800e-02 3.019400e-01 
-9.518000e-02 3.019400e-01 
-9.068200e-02 3.019400e-01 
-8.618400e-02 3.019400e-01 
-8.168600e-02 3.019400e-01 
-7.718800e-02 3.019400e-01 
-7.269000e-02 3.019400e-01 
-6.819200e-02 3.019400e-01 
-6.369400e-02 3.019400e-01 
-5.919600e-02 3.019400e-01 
-5.469800e-02 3.019400e-01 
-5.020000e-02 3.019400e-01 
-4.570200e-02 3.019400e-01 
-4.120400e-02 3.019400e-01 
-3.670600e-02 3.019400e-01 
-3.220800e-02 3.019400e-01 
-2.771000e-02 3.019400e-01 
-2.321200e-02 3.019400e-01 
-1.871400e-02 3.019400e-01 
-1.421600e-02 3.019400e-01 
-9.718000e-03 3.019400e-01 
-5.220000e-03 3.019400e-01 
-7.220000e-04 3.019400e-01 
3.776000e-03 3.019400e-01 
8.274000e-03 3.019400e-01 
1.277200e-02 3.019400e-01 
1.727000e-02 3.019400e-01 
2.176800e-02 3.019400e-01 
2.626600e-02 3.019400e-01 
3.076400e-02 3.019400e-01 
3.526200e-02 3.019400e-01 
3.976000e-02 3.019400e-01 
4.425800e-02 3.019400e-01 
4.875600e-02 3.019400e-01 
5.325400e-02 3.019400e-01 
5.775200e-02 3.019400e-01 
6.225000e-02 3.019400e-01 
6.674800e-02 3.019400e-01 
7.124600e-02 3.019400e-01 
7.574400e-02 3.019400e-01 
8.024200e-02 3.019400e-01 
8.474000e-02 3.019400e-01 
8.923800e-02 3.019400e-01 
9.373600e-02 3.019400e-01 
9.823400e-02 3.019400e-01 
1.027320e-01 3.019400e-01 
1.072300e-01 3.019400e-01 
1.117280e-01 3.019400e-01 
1.162260e-01 3.019400e-01 
1.207240e-01 3.019400e-01 
1.252220e-01 3.019400e-01 
1.297200e-01 3.019400e-01 
1.342180e-01 3.019400e-01 
1.387160e-01 3.019400e-01 
1.432140e-01 3.019400e-01 
1.477120e-01 3.019400e-01 
1.522100e-01 3.019400e-01 
1.567080e-01 3.019400e-01 
1.612060e-01 3.019400e-01 
1.657040e-01 3.019400e-01 
1.702020e-01 3.019400e-01 
1.747000e-01 3.019400e-01 
1.791980e-01 3.019400e-01 
1.836960e-01 3.019400e-01 
-1.581520e-01 3.067747e-01 
-1.536540e-01 3.067593e-01 
-1.491560e-01 3.067440e-01 
-1.446580e-01 3.067287e-01 
-1.401600e-01 3.067133e-01 
-1.356620e-01 3.066980e-01 
-1.311640e-01 3.066827e-01 
-1.266660e-01 3.066673e-01 
-1.221680e-01 3.066520e-01 
-1.176700e-01 3.066367e-01 
-1.131720e-01 3.066213e-01 
-1.086740e-01 3.066060e-01 
-1.041760e-01 3.065907e-01 
-9.967800e-02 3.065753e-01 
-9.518000e-02 3.065600e-01 
-9.068200e-02 3.065447e-01 
-8.618400e-02 3.065293e-01 
-8.168600e-02 3.065140e-01 
-7.718800e-02 3.064987e-01 
-7.269000e-02 3.064833e-01 
-6.819200e-02 3.064680e-01 
-6.369400e-02 3.064527e-01 
-5.919600e-02 3.064373e-01 
-5.469800e-02 3.064220e-01 
-5.020000e-02 3.064067e-01 
-4.570200e-02 3.063913e-01 
-4.120400e-02 3.063760e-01 
-3.670600e-02 3.063607e-01 
-3.220800e-02 3.063453e-01 
-2.771000e-02 3.063300e-01 
-2.321200e-02 3.063147e-01 
-1.871400e-02 3.062993e-01 
-1.421600e-02 3.062840e-01 
-9.718000e-03 3.062687e-01 
-5.220000e-03 3.062533e-01 
-7.220000e-04 3.062380e-01 
3.776000e-03 3.062227e-01 
8.274000e-03 3.062073e-01 
1.277200e-02 3.061920e-01 
1.727000e-02 3.061767e-01 
2.176800e-02 3.061613e-01 
2.626600e-02 3.061460e-01 
3.076400e-02 3.061307e-01 
3.526200e-02 3.061153e-01 
3.976000e-02 3.061000e-01 
4.425800e-02 3.060847e-01 
4.875600e-02 3.060693e-01 
5.325400e-02 3.060540e-01 
5.775200e-02 3.060387e-01 
6.225000e-02 3.060233e-01 
6.674800e-02 3.060080e-01 
7.124600e-02 3.059927e-01 
7.574400e-02 3.059773e-01 
8.024200e-02 3.059620e-01 
8.474000e-02 3.059467e-01 
8.923800e-02 3.059313e-01 
9.373600e-02 3.059160e-01 
9.823400e-02 3.059007e-01 
1.027320e-01 3.058853e-01 
1.072300e-01 3.058700e-01 
1.117280e-01 3.058547e-01 
1.162260e-01 3.058393e-01 
1.207240e-01 3.058240e-01 
1.252220e-01 3.058087e-01 
1.297200e-01 3.057933e-01 
1.342180e-01 3.057780e-01 
1.387160e-01 3.057627e-01 
1.432140e-01 3.057473e-01 
1.477120e-01 3.057320e-01 
1.522100e-01 3.057167e-01 
1.567080e-01 3.057013e-01 
1.612060e-01 3.056860e-01 
1.657040e-01 3.056707e-01 
1.702020e-01 3.056553e-01 
1.747000e-01 3.056400e-01 
1.791980e-01 3.056247e-01 
1.836960e-01 3.056093e-01 
-1.581520e-01 3.116612e-01 
-1.536540e-01 3.116305e-01 
-1.491560e-01 3.115999e-01 
-1.446580e-01 3.115693e-01 
-1.401600e-01 3.115386e-01 
-1.356620e-01 3.115080e-01 
-1.311640e-01 3.114773e-01 
-1.266660e-01 3.114467e-01 
-1.221680e-01 3.114161e-01 
-1.176700e-01 3.113854e-01 
-1.131720e-01 3.113548e-01 
-1.086740e-01 3.113241e-01 
-1.041760e-01 3.112935e-01 
-9.967800e-02 3.112629e-01 
-9.518000e-02 3.112322e-01 
-9.068200e-02 3.112016e-01 
-8.618400e-02 3.111709e-01 
-8.168600e-02 3.111403e-01 
-7.718800e-02 3.111097e-01 
-7.269000e-02 3.110790e-01 
-6.819200e-02 3.110484e-01 
-6.369400e-02 3.110177e-01 
-5.919600e-02 3.109871e-01 
-5.469800e-02 3.109565e-01 
-5.020000e-02 3.109258e-01 
-4.570200e-02 3.108952e-01 
-4.120400e-02 3.108645e-01 
-3.670600e-02 3.108339e-01 
-3.220800e-02 3.108033e-01 
-2.771000e-02 3.107726e-01 
-2.321200e-02 3.107420e-01 
-1.871400e-02 3.107113e-01 
-1.421600e-02 3.106807e-01 
-9.718000e-03 3.106501e-01 
-5.220000e-03 3.106194e-01 
-7.220000e-04 3.105888e-01 
3.776000e-03 3.105581e-01 
8.274000e-03 3.105275e-01 
1.277200e-02 3.104969e-01 
1.727000e-02 3.104662e-01 
2.176800e-02 3.104356e-01 
2.626600e-02 3.104049e-01 
3.076400e-02 3.103743e-01 
3.526200e-02 3.103437e-01 
3.976000e-02 3.103130e-01 
4.425800e-02 3.102824e-01 
4.875600e-02 3.102517e-01 
5.325400e-02 3.102211e-01 
5.775200e-02 3.101905e-01 
6.225000e-02 3.101598e-01 
6.674800e-02 3.101292e-01 
7.124600e-02 3.100985e-01 
7.574400e-02 3.100679e-01 
8.024200e-02 3.100373e-01 
8.474000e-02 3.100066e-01 
8.923800e-02 3.099760e-01 
9.373600e-02 3.099453e-01 
9.823400e-02 3.099147e-01 
1.027320e-01 3.098841e-01 
1.072300e-01 3.098534e-01 
1.117280e-01 3.098228e-01 
1.162260e-01 3.097921e-01 
1.207240e-01 3.097615e-01 
1.252220e-01 3.097309e-01 
1.297200e-01 3.097002e-01 
1.342180e-01 3.096696e-01 
1.387160e-01 3.096389e-01 
1.432140e-01 3.096083e-01 
1.477120e-01 3.095777e-01 
1.522100e-01 3.095470e-01 
1.567080e-01 3.095164e-01 
1.612060e-01 3.094857e-01 
1.657040e-01 3.094551e-01 
1.702020e-01 3.094245e-01 
1.747000e-01 3.093938e-01 
1.791980e-01 3.093632e-01 
1.836960e-01 3.093325e-01 
-1.581520e-01 3.166523e-01 
-1.536540e-01 3.166064e-01 
-1.491560e-01 3.165606e-01 
-1.446580e-01 3.165147e-01 
-1.401600e-01 3.164688e-01 
-1.356620e-01 3.164229e-01 
-1.311640e-01 3.163770e-01 
-1.266660e-01 3.163311e-01 
-1.221680e-01 3.162852e-01 
-1.176700e-01 3.162393e-01 
-1.131720e-01 3.161935e-01 
-1.086740e-01 3.161476e-01 
-1.041760e-01 3.161017e-01 
-9.967800e-02 3.160558e-01 
-9.518000e-02 3.160099e-01 
-9.068200e-02 3.159640e-01 
-8.618400e-02 3.159181e-01 
-8.168600e-02 3.158723e-01 
-7.718800e-02 3.158264e-01 
-7.269000e-02 3.157805e-01 
-6.819200e-02 3.157346e-01 
-6.369400e-02 3.156887e-01 
-5.919600e-02 3.156428e-01 
-5.469800e-02 3.155969e-01 
-5.020000e-02 3.155510e-01 
-4.570200e-02 3.155052e-01 
-4.120400e-02 3.154593e-01 
-3.670600e-02 3.154134e-01 
-3.220800e-02 3.153675e-01 
-2.771000e-02 3.153216e-01 
-2.321200e-02 3.152757e-01 
-1.871400e-02 3.152298e-01 
-1.421600e-02 3.151839e-01 
-9.718000e-03 3.151381e-01 
-5.220000e-03 3.150922e-01 
-7.220000e-04 3.150463e-01 
3.776000e-03 3.150004e-01 
8.274000e-03 3.149545e-01 
1.277200e-02 3.149086e-01 
1.727000e-02 3.148627e-01 
2.176800e-02 3.148168e-01 
2.626600e-02 3.147710e-01 
3.076400e-02 3.147251e-01 
3.526200e-02 3.146792e-01 
3.976000e-02 3.146333e-01 
4.425800e-02 3.145874e-01 
4.875600e-02 3.145415e-01 
5.325400e-02 3.144956e-01 
5.775200e-02 3.144498e-01 
6.225000e-02 3.144039e-01 
6.674800e-02 3.143580e-01 
7.124600e-02 3.143121e-01 
7.574400e-02 3.142662e-01 
8.024200e-02 3.142203e-01 
8.474000e-02 3.141744e-01 
8.923800e-02 3.141285e-01 
9.373600e-02 3.140827e-01 
9.823400e-02 3.140368e-01 
1.027320e-01 3.139909e-01 
1.072300e-01 3.139450e-01 
1.117280e-01 3.138991e-01 
1.162260e-01 3.138532e-01 
1.207240e-01 3.138073e-01 
1.252220e-01 3.137614e-01 
1.297200e-01 3.137156e-01 
1.342180e-01 3.136697e-01 
1.387160e-01 3.136238e-01 
1.432140e-01 3.135779e-01 
1.477120e-01 3.135320e-01 
1.522100e-01 3.134861e-01 
1.567080e-01 3.134402e-01 
1.612060e-01 3.133943e-01 
1.657040e-01 3.133485e-01 
1.702020e-01 3.133026e-01 
1.747000e-01 3.132567e-01 
1.791980e-01 3.132108e-01 
1.836960e-01 3.131649e-01 
-1.581520e-01 3.218027e-01 
-1.536540e-01 3.217417e-01 
-1.491560e-01 3.216807e-01 
-1.446580e-01 3.216196e-01 
-1.401600e-01 3.215586e-01 
-1.356620e-01 3.214976e-01 
-1.311640e-01 3.214366e-01 
-1.266660e-01 3.213755e-01 
-1.221680e-01 3.213145e-01 
-1.176700e-01 3.212535e-01 
-1.131720e-01 3.211924e-01 
-1.086740e-01 3.211314e-01 
-1.041760e-01 3.210704e-01 
-9.967800e-02 3.210094e-01 
-9.518000e-02 3.209483e-01 
-9.068200e-02 3.208873e-01 
-8.618400e-02 3.208263e-01 
-8.168600e-02 3.207652e-01 
-7.718800e-02 3.207042e-01 
-7.269000e-02 3.206432e-01 
-6.819200e-02 3.205822e-01 
-6.369400e-02 3.205211e-01 
-5.919600e-02 3.204601e-01 
-5.469800e-02 3.203991e-01 
-5.020000e-02 3.203381e-01 
-4.570200e-02 3.202770e-01 
-4.120400e-02 3.202160e-01 
-3.670600e-02 3.201550e-01 
-3.220800e-02 3.200939e-01 
-2.771000e-02 3.200329e-01 
-2.321200e-02 3.199719e-01 
-1.871400e-02 3.199109e-01 
-1.421600e-02 3.198498e-01 
-9.718000e-03 3.197888e-01 
-5.220000e-03 3.197278e-01 
-7.220000e-04 3.196667e-01 
3.776000e-03 3.196057e-01 
8.274000e-03 3.195447e-01 
1.277200e-02 3.194837e-01 
1.727000e-02 3.194226e-01 
2.176800e-02 3.193616e-01 
2.626600e-02 3.193006e-01 
3.076400e-02 3.192396e-01 
3.526200e-02 3.191785e-01 
3.976000e-02 3.191175e-01 
4.425800e-02 3.190565e-01 
4.875600e-02 3.189954e-01 
5.325400e-02 3.189344e-01 
5.775200e-02 3.188734e-01 
6.225000e-02 3.188124e-01 
6.674800e-02 3.187513e-01 
7.124600e-02 3.186903e-01 
7.574400e-02 3.186293e-01 
8.024200e-02 3.185683e-01 
8.474000e-02 3.185072e-01 
8.923800e-02 3.184462e-01 
9.373600e-02 3.183852e-01 
9.823400e-02 3.183241e-01 
1.027320e-01 3.182631e-01 
1.072300e-01 3.182021e-01 
1.117280e-01 3.181411e-01 
1.162260e-01 3.180800e-01 
1.207240e-01 3.180190e-01 
1.252220e-01 3.179580e-01 
1.297200e-01 3.178969e-01 
1.342180e-01 3.178359e-01 
1.387160e-01 3.177749e-01 
1.432140e-01 3.177139e-01 
1.477120e-01 3.176528e-01 
1.522100e-01 3.175918e-01 
1.567080e-01 3.175308e-01 
1.612060e-01 3.174698e-01 
1.657040e-01 3.174087e-01 
1.702020e-01 3.173477e-01 
1.747000e-01 3.172867e-01 
1.791980e-01 3.172256e-01 
1.836960e-01 3.171646e-01 
-1.581520e-01 3.271698e-01 
-1.536540e-01 3.270938e-01 
-1.491560e-01 3.270178e-01 
-1.446580e-01 3.269418e-01 
-1.401600e-01 3.268659e-01 
-1.356620e-01 3.267899e-01 
-1.311640e-01 3.267139e-01 
-1.266660e-01 3.266379e-01 
-1.221680e-01 3.265619e-01 
-1.176700e-01 3.264859e-01 
-1.131720e-01 3.264099e-01 
-1.086740e-01 3.263339e-01 
-1.041760e-01 3.262579e-01 
-9.967800e-02 3.261819e-01 
-9.518000e-02 3.261059e-01 
-9.068200e-02 3.260299e-01 
-8.618400e-02 3.259539e-01 
-8.168600e-02 3.258779e-01 
-7.718800e-02 3.258019e-01 
-7.269000e-02 3.257259e-01 
-6.819200e-02 3.256499e-01 
-6.369400e-02 3.255739e-01 
-5.919600e-02 3.254980e-01 
-5.469800e-02 3.254220e-01 
-5.020000e-02 3.253460e-01 
-4.570200e-02 3.252700e-01 
-4.120400e-02 3.251940e-01 
-3.670600e-02 3.251180e-01 
-3.220800e-02 3.250420e-01 
-2.771000e-02 3.249660e-01 
-2.321200e-02 3.248900e-01 
-1.871400e-02 3.248140e-01 
-1.421600e-02 3.247380e-01 
-9.718000e-03 3.246620e-01 
-5.220000e-03 3.245860e-01 
-7.220000e-04 3.245100e-01 
3.776000e-03 3.244340e-01 
8.274000e-03 3.243580e-01 
1.277200e-02 3.242820e-01 
1.727000e-02 3.242061e-01 
2.176800e-02 3.241301e-01 
2.626600e-02 3.240541e-01 
3.076400e-02 3.239781e-01 
3.526200e-02 3.239021e-01 
3.976000e-02 3.238261e-01 
4.425800e-02 3.237501e-01 
4.875600e-02 3.236741e-01 
5.325400e-02 3.235981e-01 
5.775200e-02 3.235221e-01 
6.225000e-02 3.234461e-01 
6.674800e-02 3.233701e-01 
7.124600e-02 3.232941e-01 
7.574400e-02 3.232181e-01 
8.024200e-02 3.231421e-01 
8.474000e-02 3.230661e-01 
8.923800e-02 3.229901e-01 
9.373600e-02 3.229141e-01 
9.823400e-02 3.228382e-01 
1.027320e-01 3.227622e-01 
1.072300e-01 3.226862e-01 
1.117280e-01 3.226102e-01 
1.162260e-01 3.225342e-01 
1.207240e-01 3.224582e-01 
1.252220e-01 3.223822e-01 
1.297200e-01 3.223062e-01 
1.342180e-01 3.222302e-01 
1.387160e-01 3.221542e-01 
1.432140e-01 3.220782e-01 
1.477120e-01 3.220022e-01 
1.522100e-01 3.219262e-01 
1.567080e-01 3.218502e-01 
1.612060e-01 3.217742e-01 
1.657040e-01 3.216982e-01 
1.702020e-01 3.216222e-01 
1.747000e-01 3.215463e-01 
1.791980e-01 3.214703e-01 
1.836960e-01 3.213943e-01 
-1.581520e-01 3.328151e-01 
-1.536540e-01 3.327244e-01 
-1.491560e-01 3.326337e-01 
-1.446580e-01 3.325430e-01 
-1.401600e-01 3.324523e-01 
-1.356620e-01 3.323616e-01 
-1.311640e-01 3.322709e-01 
-1.266660e-01 3.321802e-01 
-1.221680e-01 3.320896e-01 
-1.176700e-01 3.319989e-01 
-1.131720e-01 3.319082e-01 
-1.086740e-01 3.318175e-01 
-1.041760e-01 3.317268e-01 
-9.967800e-02 3.316361e-01 
-9.518000e-02 3.315454e-01 
-9.068200e-02 3.314547e-01 
-8.618400e-02 3.313640e-01 
-8.168600e-02 3.312733e-01 
-7.718800e-02 3.311827e-01 
-7.269000e-02 3.310920e-01 
-6.819200e-02 3.310013e-01 
-6.369400e-02 3.309106e-01 
-5.919600e-02 3.308199e-01 
-5.469800e-02 3.307292e-01 
-5.020000e-02 3.306385e-01 
-4.570200e-02 3.305478e-01 
-4.120400e-02 3.304571e-01 
-3.670600e-02 3.303665e-01 
-3.220800e-02 3.302758e-01 
-2.771000e-02 3.301851e-01 
-2.321200e-02 3.300944e-01 
-1.871400e-02 3.300037e-01 
-1.421600e-02 3.299130e-01 
-9.718000e-03 3.298223e-01 
-5.220000e-03 3.297316e-01 
-7.220000e-04 3.296409e-01 
3.776000e-03 3.295502e-01 
8.274000e-03 3.294596e-01 
1.277200e-02 3.293689e-01 
1.727000e-02 3.292782e-01 
2.176800e-02 3.291875e-01 
2.626600e-02 3.290968e-01 
3.076400e-02 3.290061e-01 
3.526200e-02 3.289154e-01 
3.976000e-02 3.288247e-01 
4.425800e-02 3.287340e-01 
4.875600e-02 3.286433e-01 
5.325400e-02 3.285527e-01 
5.775200e-02 3.284620e-01 
6.225000e-02 3.283713e-01 
6.674800e-02 3.282806e-01 
7.124600e-02 3.281899e-01 
7.574400e-02 3.280992e-01 
8.024200e-02 3.280085e-01 
8.474000e-02 3.279178e-01 
8.923800e-02 3.278271e-01 
9.373600e-02 3.277365e-01 
9.823400e-02 3.276458e-01 
1.027320e-01 3.275551e-01 
1.072300e-01 3.274644e-01 
1.117280e-01 3.273737e-01 
1.162260e-01 3.272830e-01 
1.207240e-01 3.271923e-01 
1.252220e-01 3.271016e-01 
1.297200e-01 3.270109e-01 
1.342180e-01 3.269202e-01 
1.387160e-01 3.268296e-01 
1.432140e-01 3.267389e-01 
1.477120e-01 3.266482e-01 
1.522100e-01 3.265575e-01 
1.567080e-01 3.264668e-01 
1.612060e-01 3.263761e-01 
1.657040e-01 3.262854e-01 
1.702020e-01 3.261947e-01 
1.747000e-01 3.261040e-01 
1.791980e-01 3.260133e-01 
1.836960e-01 3.259227e-01 
-1.581520e-01 3.388050e-01 
-1.536540e-01 3.387000e-01 
-1.491560e-01 3.385951e-01 
-1.446580e-01 3.384901e-01 
-1.401600e-01 3.383851e-01 
-1.356620e-01 3.382801e-01 
-1.311640e-01 3.381751e-01 
-1.266660e-01 3.380702e-01 
-1.221680e-01 3.379652e-01 
-1.176700e-01 3.378602e-01 
-1.131720e-01 3.377552e-01 
-1.086740e-01 3.376503e-01 
-1.041760e-01 3.375453e-01 
-9.967800e-02 3.374403e-01 
-9.518000e-02 3.373353e-01 
-9.068200e-02 3.372303e-01 
-8.618400e-02 3.371254e-01 
-8.168600e-02 3.370204e-01 
-7.718800e-02 3.369154e-01 
-7.269000e-02 3.368104e-01 
-6.819200e-02 3.367055e-01 
-6.369400e-02 3.366005e-01 
-5.919600e-02 3.364955e-01 
-5.469800e-02 3.363905e-01 
-5.020000e-02 3.362856e-01 
-4.570200e-02 3.361806e-01 
-4.120400e-02 3.360756e-01 
-3.670600e-02 3.359706e-01 
-3.220800e-02 3.358656e-01 
-2.771000e-02 3.357607e-01 
-2.321200e-02 3.356557e-01 
-1.871400e-02 3.355507e-01 
-1.421600e-02 3.354457e-01 
-9.718000e-03 3.353408e-01 
-5.220000e-03 3.352358e-01 
-7.220000e-04 3.351308e-01 
3.776000e-03 3.350258e-01 
8.274000e-03 3.349209e-01 
1.277200e-02 3.348159e-01 
1.727000e-02 3.347109e-01 
2.176800e-02 3.346059e-01 
2.626600e-02 3.345009e-01 
3.076400e-02 3.343960e-01 
3.526200e-02 3.342910e-01 
3.976000e-02 3.341860e-01 
4.425800e-02 3.340810e-01 
4.875600e-02 3.339761e-01 
5.325400e-02 3.338711e-01 
5.775200e-02 3.337661e-01 
6.225000e-02 3.336611e-01 
6.674800e-02 3.335562e-01 
7.124600e-02 3.334512e-01 
7.574400e-02 3.333462e-01 
8.024200e-02 3.332412e-01 
8.474000e-02 3.331362e-01 
8.923800e-02 3.330313e-01 
9.373600e-02 3.329263e-01 
9.823400e-02 3.328213e-01 
1.027320e-01 3.327163e-01 
1.072300e-01 3.326114e-01 
1.117280e-01 3.325064e-01 
1.162260e-01 3.324014e-01 
1.207240e-01 3.322964e-01 
1.252220e-01 3.321914e-01 
1.297200e-01 3.320865e-01 
1.342180e-01 3.319815e-01 
1.387160e-01 3.318765e-01 
1.432140e-01 3.317715e-01 
1.477120e-01 3.316666e-01 
1.522100e-01 3.315616e-01 
1.567080e-01 3.314566e-01 
1.612060e-01 3.313516e-01 
1.657040e-01 3.312467e-01 
1.702020e-01 3.311417e-01 
1.747000e-01 3.310367e-01 
1.791980e-01 3.309317e-01 
1.836960e-01 3.308267e-01 
-1.581520e-01 3.452127e-01 
-1.536540e-01 3.450940e-01 
-1.491560e-01 3.449754e-01 
-1.446580e-01 3.448567e-01 
-1.401600e-01 3.447380e-01 
-1.356620e-01 3.446193e-01 
-1.311640e-01 3.445007e-01 
-1.266660e-01 3.443820e-01 
-1.221680e-01 3.442633e-01 
-1.176700e-01 3.441447e-01 
-1.131720e-01 3.440260e-01 
-1.086740e-01 3.439073e-01 
-1.041760e-01 3.437887e-01 
-9.967800e-02 3.436700e-01 
-9.518000e-02 3.435513e-01 
-9.068200e-02 3.434327e-01 
-8.618400e-02 3.433140e-01 
-8.168600e-02 3.431953e-01 
-7.718800e-02 3.430767e-01 
-7.269000e-02 3.429580e-01 
-6.819200e-02 3.428393e-01 
-6.369400e-02 3.427206e-01 
-5.919600e-02 3.426020e-01 
-5.469800e-02 3.424833e-01 
-5.020000e-02 3.423646e-01 
-4.570200e-02 3.422460e-01 
-4.120400e-02 3.421273e-01 
-3.670600e-02 3.420086e-01 
-3.220800e-02 3.418900e-01 
-2.771000e-02 3.417713e-01 
-2.321200e-02 3.416526e-01 
-1.871400e-02 3.415340e-01 
-1.421600e-02 3.414153e-01 
-9.718000e-03 3.412966e-01 
-5.220000e-03 3.411780e-01 
-7.220000e-04 3.410593e-01 
3.776000e-03 3.409406e-01 
8.274000e-03 3.408220e-01 
1.277200e-02 3.407033e-01 
1.727000e-02 3.405846e-01 
2.176800e-02 3.404659e-01 
2.626600e-02 3.403473e-01 
3.076400e-02 3.402286e-01 
3.526200e-02 3.401099e-01 
3.976000e-02 3.399913e-01 
4.425800e-02 3.398726e-01 
4.875600e-02 3.397539e-01 
5.325400e-02 3.396353e-01 
5.775200e-02 3.395166e-01 
6.225000e-02 3.393979e-01 
6.674800e-02 3.392793e-01 
7.124600e-02 3.391606e-01 
7.574400e-02 3.390419e-01 
8.024200e-02 3.389233e-01 
8.474000e-02 3.388046e-01 
8.923800e-02 3.386859e-01 
9.373600e-02 3.385673e-01 
9.823400e-02 3.384486e-01 
1.027320e-01 3.383299e-01 
1.072300e-01 3.382112e-01 
1.117280e-01 3.380926e-01 
1.162260e-01 3.379739e-01 
1.207240e-01 3.378552e-01 
1.252220e-01 3.377366e-01 
1.297200e-01 3.376179e-01 
1.342180e-01 3.374992e-01 
1.387160e-01 3.373806e-01 
1.432140e-01 3.372619e-01 
1.477120e-01 3.371432e-01 
1.522100e-01 3.370246e-01 
1.567080e-01 3.369059e-01 
1.612060e-01 3.367872e-01 
1.657040e-01 3.366686e-01 
1.702020e-01 3.365499e-01 
1.747000e-01 3.364312e-01 
1.791980e-01 3.363126e-01 
1.836960e-01 3.361939e-01 
-1.581520e-01 3.521193e-01 
-1.536540e-01 3.519877e-01 
-1.491560e-01 3.518562e-01 
-1.446580e-01 3.517247e-01 
-1.401600e-01 3.515932e-01 
-1.356620e-01 3.514617e-01 
-1.311640e-01 3.513302e-01 
-1.266660e-01 3.511987e-01 
-1.221680e-01 3.510672e-01 
-1.176700e-01 3.509357e-01 
-1.131720e-01 3.508042e-01 
-1.086740e-01 3.506726e-01 
-1.041760e-01 3.505411e-01 
-9.967800e-02 3.504096e-01 
-9.518000e-02 3.502781e-01 
-9.068200e-02 3.501466e-01 
-8.618400e-02 3.500151e-01 
-8.168600e-02 3.498836e-01 
-7.718800e-02 3.497521e-01 
-7.269000e-02 3.496206e-01 
-6.819200e-02 3.494891e-01 
-6.369400e-02 3.493575e-01 
-5.919600e-02 3.492260e-01 
-5.469800e-02 3.490945e-01 
-5.020000e-02 3.489630e-01 
-4.570200e-02 3.488315e-01 
-4.120400e-02 3.487000e-01 
-3.670600e-02 3.485685e-01 
-3.220800e-02 3.484370e-01 
-2.771000e-02 3.483055e-01 
-2.321200e-02 3.481739e-01 
-1.871400e-02 3.480424e-01 
-1.421600e-02 3.479109e-01 
-9.718000e-03 3.477794e-01 
-5.220000e-03 3.476479e-01 
-7.220000e-04 3.475164e-01 
3.776000e-03 3.473849e-01 
8.274000e-03 3.472534e-01 
1.277200e-02 3.471219e-01 
1.727000e-02 3.469904e-01 
2.176800e-02 3.468588e-01 
2.626600e-02 3.467273e-01 
3.076400e-02 3.465958e-01 
3.526200e-02 3.464643e-01 
3.976000e-02 3.463328e-01 
4.425800e-02 3.462013e-01 
4.875600e-02 3.460698e-01 
5.325400e-02 3.459383e-01 
5.775200e-02 3.458068e-01 
6.225000e-02 3.456753e-01 
6.674800e-02 3.455437e-01 
7.124600e-02 3.454122e-01 
7.574400e-02 3.452807e-01 
8.024200e-02 3.451492e-01 
8.474000e-02 3.450177e-01 
8.923800e-02 3.448862e-01 
9.373600e-02 3.447547e-01 
9.823400e-02 3.446232e-01 
1.027320e-01 3.444917e-01 
1.072300e-01 3.443602e-01 
1.117280e-01 3.442286e-01 
1.162260e-01 3.440971e-01 
1.207240e-01 3.439656e-01 
1.252220e-01 3.438341e-01 
1.297200e-01 3.437026e-01 
1.342180e-01 3.435711e-01 
1.387160e-01 3.434396e-01 
1.432140e-01 3.433081e-01 
1.477120e-01 3.431766e-01 
1.522100e-01 3.430450e-01 
1.567080e-01 3.429135e-01 
1.612060e-01 3.427820e-01 
1.657040e-01 3.426505e-01 
1.702020e-01 3.425190e-01 
1.747000e-01 3.423875e-01 
1.791980e-01 3.422560e-01 
1.836960e-01 3.421245e-01 
-1.581520e-01 3.596158e-01 
-1.536540e-01 3.594726e-01 
-1.491560e-01 3.593294e-01 
-1.446580e-01 3.591863e-01 
-1.401600e-01 3.590431e-01 
-1.356620e-01 3.588999e-01 
-1.311640e-01 3.587568e-01 
-1.266660e-01 3.586136e-01 
-1.221680e-01 3.584704e-01 
-1.176700e-01 3.583273e-01 
-1.131720e-01 3.581841e-01 
-1.086740e-01 3.580409e-01 
-1.041760e-01 3.578978e-01 
-9.967800e-02 3.577546e-01 
-9.518000e-02 3.576114e-01 
-9.068200e-02 3.574683e-01 
-8.618400e-02 3.573251e-01 
-8.168600e-02 3.571819e-01 
-7.718800e-02 3.570388e-01 
-7.269000e-02 3.568956e-01 
-6.819200e-02 3.567524e-01 
-6.369400e-02 3.566093e-01 
-5.919600e-02 3.564661e-01 
-5.469800e-02 3.563229e-01 
-5.020000e-02 3.561798e-01 
-4.570200e-02 3.560366e-01 
-4.120400e-02 3.558934e-01 
-3.670600e-02 3.557503e-01 
-3.220800e-02 3.556071e-01 
-2.771000e-02 3.554639e-01 
-2.321200e-02 3.553208e-01 
-1.871400e-02 3.551776e-01 
-1.421600e-02 3.550344e-01 
-9.718000e-03 3.548913e-01 
-5.220000e-03 3.547481e-01 
-7.220000e-04 3.546049e-01 
3.776000e-03 3.544618e-01 
8.274000e-03 3.543186e-01 
1.277200e-02 3.541754e-01 
1.727000e-02 3.540323e-01 
2.176800e-02 3.538891e-01 
2.626600e-02 3.537460e-01 
3.076400e-02 3.536028e-01 
3.526200e-02 3.534596e-01 
3.976000e-02 3.533165e-01 
4.425800e-02 3.531733e-01 
4.875600e-02 3.530301e-01 
5.325400e-02 3.528870e-01 
5.775200e-02 3.527438e-01 
6.225000e-02 3.526006e-01 
6.674800e-02 3.524575e-01 
7.124600e-02 3.523143e-01 
7.574400e-02 3.521711e-01 
8.024200e-02 3.520280e-01 
8.474000e-02 3.518848e-01 
8.923800e-02 3.517416e-01 
9.373600e-02 3.515985e-01 
9.823400e-02 3.514553e-01 
1.027320e-01 3.513121e-01 
1.072300e-01 3.511690e-01 
1.117280e-01 3.510258e-01 
1.162260e-01 3.508826e-01 
1.207240e-01 3.507395e-01 
1.252220e-01 3.505963e-01 
1.297200e-01 3.504531e-01 
1.342180e-01 3.503100e-01 
1.387160e-01 3.501668e-01 
1.432140e-01 3.500236e-01 
1.477120e-01 3.498805e-01 
1.522100e-01 3.497373e-01 
1.567080e-01 3.495941e-01 
1.612060e-01 3.494510e-01 
1.657040e-01 3.493078e-01 
1.702020e-01 3.491646e-01 
1.747000e-01 3.490215e-01 
1.791980e-01 3.488783e-01 
1.836960e-01 3.487351e-01 
-1.581520e-01 3.678053e-01 
-1.536540e-01 3.676521e-01 
-1.491560e-01 3.674989e-01 
-1.446580e-01 3.673457e-01 
-1.401600e-01 3.671925e-01 
-1.356620e-01 3.670393e-01 
-1.311640e-01 3.668861e-01 
-1.266660e-01 3.667329e-01 
-1.221680e-01 3.665797e-01 
-1.176700e-01 3.664265e-01 
-1.131720e-01 3.662733e-01 
-1.086740e-01 3.661201e-01 
-1.041760e-01 3.659669e-01 
-9.967800e-02 3.658137e-01 
-9.518000e-02 3.656605e-01 
-9.068200e-02 3.655073e-01 
-8.618400e-02 3.653541e-01 
-8.168600e-02 3.652010e-01 
-7.718800e-02 3.650478e-01 
-7.269000e-02 3.648946e-01 
-6.819200e-02 3.647414e-01 
-6.369400e-02 3.645882e-01 
-5.919600e-02 3.644350e-01 
-5.469800e-02 3.642818e-01 
-5.020000e-02 3.641286e-01 
-4.570200e-02 3.639754e-01 
-4.120400e-02 3.638222e-01 
-3.670600e-02 3.636690e-01 
-3.220800e-02 3.635158e-01 
-2.771000e-02 3.633626e-01 
-2.321200e-02 3.632094e-01 
-1.871400e-02 3.630562e-01 
-1.421600e-02 3.629030e-01 
-9.718000e-03 3.627498e-01 
-5.220000e-03 3.625966e-01 
-7.220000e-04 3.624434e-01 
3.776000e-03 3.622902e-01 
8.274000e-03 3.621371e-01 
1.277200e-02 3.619839e-01 
1.727000e-02 3.618307e-01 
2.176800e-02 3.616775e-01 
2.626600e-02 3.615243e-01 
3.076400e-02 3.613711e-01 
3.526200e-02 3.612179e-01 
3.976000e-02 3.610647e-01 
4.425800e-02 3.609115e-01 
4.875600e-02 3.607583e-01 
5.325400e-02 3.606051e-01 
5.775200e-02 3.604519e-01 
6.225000e-02 3.602987e-01 
6.674800e-02 3.601455e-01 
7.124600e-02 3.599923e-01 
7.574400e-02 3.598391e-01 
8.024200e-02 3.596859e-01 
8.474000e-02 3.595327e-01 
8.923800e-02 3.593795e-01 
9.373600e-02 3.592263e-01 
9.823400e-02 3.590732e-01 
1.027320e-01 3.589200e-01 
1.072300e-01 3.587668e-01 
1.117280e-01 3.586136e-01 
1.162260e-01 3.584604e-01 
1.207240e-01 3.583072e-01 
1.252220e-01 3.581540e-01 
1.297200e-01 3.580008e-01 
1.342180e-01 3.578476e-01 
1.387160e-01 3.576944e-01 
1.432140e-01 3.575412e-01 
1.477120e-01 3.573880e-01 
1.522100e-01 3.572348e-01 
1.567080e-01 3.570816e-01 
1.612060e-01 3.569284e-01 
1.657040e-01 3.567752e-01 
1.702020e-01 3.566220e-01 
1.747000e-01 3.564688e-01 
1.791980e-01 3.563156e-01 
1.836960e-01 3.561624e-01 
-1.581520e-01 3.768055e-01 
-1.536540e-01 3.766445e-01 
-1.491560e-01 3.764834e-01 
-1.446580e-01 3.763224e-01 
-1.401600e-01 3.761614e-01 
-1.356620e-01 3.760003e-01 
-1.311640e-01 3.758393e-01 
-1.266660e-01 3.756783e-01 
-1.221680e-01 3.755173e-01 
-1.176700e-01 3.753562e-01 
-1.131720e-01 3.751952e-01 
-1.086740e-01 3.750342e-01 
-1.041760e-01 3.748732e-01 
-9.967800e-02 3.747121e-01 
-9.518000e-02 3.745511e-01 
-9.068200e-02 3.743901e-01 
-8.618400e-02 3.742290e-01 
-8.168600e-02 3.740680e-01 
-7.718800e-02 3.739070e-01 
-7.269000e-02 3.737460e-01 
-6.819200e-02 3.735849e-01 
-6.369400e-02 3.734239e-01 
-5.919600e-02 3.732629e-01 
-5.469800e-02 3.731019e-01 
-5.020000e-02 3.729408e-01 
-4.570200e-02 3.727798e-01 
-4.120400e-02 3.726188e-01 
-3.670600e-02 3.724577e-01 
-3.220800e-02 3.722967e-01 
-2.771000e-02 3.721357e-01 
-2.321200e-02 3.719747e-01 
-1.871400e-02 3.718136e-01 
-1.421600e-02 3.716526e-01 
-9.718000e-03 3.714916e-01 
-5.220000e-03 3.713306e-01 
-7.220000e-04 3.711695e-01 
3.776000e-03 3.710085e-01 
8.274000e-03 3.708475e-01 
1.277200e-02 3.706864e-01 
1.727000e-02 3.705254e-01 
2.176800e-02 3.703644e-01 
2.626600e-02 3.702034e-01 
3.076400e-02 3.700423e-01 
3.526200e-02 3.698813e-01 
3.976000e-02 3.697203e-01 
4.425800e-02 3.695592e-01 
4.875600e-02 3.693982e-01 
5.325400e-02 3.692372e-01 
5.775200e-02 3.690762e-01 
6.225000e-02 3.689151e-01 
6.674800e-02 3.687541e-01 
7.124600e-02 3.685931e-01 
7.574400e-02 3.684321e-01 
8.024200e-02 3.682710e-01 
8.474000e-02 3.681100e-01 
8.923800e-02 3.679490e-01 
9.373600e-02 3.677879e-01 
9.823400e-02 3.676269e-01 
1.027320e-01 3.674659e-01 
1.072300e-01 3.673049e-01 
1.117280e-01 3.671438e-01 
1.162260e-01 3.669828e-01 
1.207240e-01 3.668218e-01 
1.252220e-01 3.666608e-01 
1.297200e-01 3.664997e-01 
1.342180e-01 3.663387e-01 
1.387160e-01 3.661777e-01 
1.432140e-01 3.660166e-01 
1.477120e-01 3.658556e-01 
1.522100e-01 3.656946e-01 
1.567080e-01 3.655336e-01 
1.612060e-01 3.653725e-01 
1.657040e-01 3.652115e-01 
1.702020e-01 3.650505e-01 
1.747000e-01 3.648894e-01 
1.791980e-01 3.647284e-01 
1.836960e-01 3.645674e-01 
-1.581520e-01 3.867517e-01 
-1.536540e-01 3.865858e-01 
-1.491560e-01 3.864198e-01 
-1.446580e-01 3.862539e-01 
-1.401600e-01 3.860880e-01 
-1.356620e-01 3.859220e-01 
-1.311640e-01 3.857561e-01 
-1.266660e-01 3.855902e-01 
-1.221680e-01 3.854243e-01 
-1.176700e-01 3.852583e-01 
-1.131720e-01 3.850924e-01 
-1.086740e-01 3.849265e-01 
-1.041760e-01 3.847605e-01 
-9.967800e-02 3.845946e-01 
-9.518000e-02 3.844287e-01 
-9.068200e-02 3.842627e-01 
-8.618400e-02 3.840968e-01 
-8.168600e-02 3.839309e-01 
-7.718800e-02 3.837649e-01 
-7.269000e-02 3.835990e-01 
-6.819200e-02 3.834331e-01 
-6.369400e-02 3.832671e-01 
-5.919600e-02 3.831012e-01 
-5.469800e-02 3.829353e-01 
-5.020000e-02 3.827693e-01 
-4.570200e-02 3.826034e-01 
-4.120400e-02 3.824375e-01 
-3.670600e-02 3.822716e-01 
-3.220800e-02 3.821056e-01 
-2.771000e-02 3.819397e-01 
-2.321200e-02 3.817738e-01 
-1.871400e-02 3.816078e-01 
-1.421600e-02 3.814419e-01 
-9.718000e-03 3.812760e-01 
-5.220000e-03 3.811100e-01 
-7.220000e-04 3.809441e-01 
3.776000e-03 3.807782e-01 
8.274000e-03 3.806122e-01 
1.277200e-02 3.804463e-01 
1.727000e-02 3.802804e-01 
2.176800e-02 3.801144e-01 
2.626600e-02 3.799485e-01 
3.076400e-02 3.797826e-01 
3.526200e-02 3.796166e-01 
3.976000e-02 3.794507e-01 
4.425800e-02 3.792848e-01 
4.875600e-02 3.791188e-01 
5.325400e-02 3.789529e-01 
5.775200e-02 3.787870e-01 
6.225000e-02 3.786211e-01 
6.674800e-02 3.784551e-01 
7.124600e-02 3.782892e-01 
7.574400e-02 3.781233e-01 
8.024200e-02 3.779573e-01 
8.474000e-02 3.777914e-01 
8.923800e-02 3.776255e-01 
9.373600e-02 3.774595e-01 
9.823400e-02 3.772936e-01 
1.027320e-01 3.771277e-01 
1.072300e-01 3.769617e-01 
1.117280e-01 3.767958e-01 
1.162260e-01 3.766299e-01 
1.207240e-01 3.764639e-01 
1.252220e-01 3.762980e-01 
1.297200e-01 3.761321e-01 
1.342180e-01 3.759661e-01 
1.387160e-01 3.758002e-01 
1.432140e-01 3.756343e-01 
1.477120e-01 3.754684e-01 
1.522100e-01 3.753024e-01 
1.567080e-01 3.751365e-01 
1.612060e-01 3.749706e-01 
1.657040e-01 3.748046e-01 
1.702020e-01 3.746387e-01 
1.747000e-01 3.744728e-01 
1.791980e-01 3.743068e-01 
1.836960e-01 3.741409e-01 
-1.581520e-01 3.978005e-01 
-1.536540e-01 3.976335e-01 
-1.491560e-01 3.974665e-01 
-1.446580e-01 3.972996e-01 
-1.401600e-01 3.971326e-01 
-1.356620e-01 3.969656e-01 
-1.311640e-01 3.967986e-01 
-1.266660e-01 3.966317e-01 
-1.221680e-01 3.964647e-01 
-1.176700e-01 3.962977e-01 
-1.131720e-01 3.961307e-01 
-1.086740e-01 3.959637e-01 
-1.041760e-01 3.957968e-01 
-9.967800e-02 3.956298e-01 
-9.518000e-02 3.954628e-01 
-9.068200e-02 3.952958e-01 
-8.618400e-02 3.951289e-01 
-8.168600e-02 3.949619e-01 
-7.718800e-02 3.947949e-01 
-7.269000e-02 3.946279e-01 
-6.819200e-02 3.944610e-01 
-6.369400e-02 3.942940e-01 
-5.919600e-02 3.941270e-01 
-5.469800e-02 3.939600e-01 
-5.020000e-02 3.937931e-01 
-4.570200e-02 3.936261e-01 
-4.120400e-02 3.934591e-01 
-3.670600e-02 3.932921e-01 
-3.220800e-02 3.931252e-01 
-2.771000e-02 3.929582e-01 
-2.321200e-02 3.927912e-01 
-1.871400e-02 3.926242e-01 
-1.421600e-02 3.924573e-01 
-9.718000e-03 3.922903e-01 
-5.220000e-03 3.921233e-01 
-7.220000e-04 3.919563e-01 
3.776000e-03 3.917894e-01 
8.274000e-03 3.916224e-01 
1.277200e-02 3.914554e-01 
1.727000e-02 3.912884e-01 
2.176800e-02 3.911215e-01 
2.626600e-02 3.909545e-01 
3.076400e-02 3.907875e-01 
3.526200e-02 3.906205e-01 
3.976000e-02 3.904536e-01 
4.425800e-02 3.902866e-01 
4.875600e-02 3.901196e-01 
5.325400e-02 3.899526e-01 
5.775200e-02 3.897857e-01 
6.225000e-02 3.896187e-01 
6.674800e-02 3.894517e-01 
7.124600e-02 3.892847e-01 
7.574400e-02 3.891178e-01 
8.024200e-02 3.889508e-01 
8.474000e-02 3.887838e-01 
8.923800e-02 3.886168e-01 
9.373600e-02 3.884499e-01 
9.823400e-02 3.882829e-01 
1.027320e-01 3.881159e-01 
1.072300e-01 3.879489e-01 
1.117280e-01 3.877820e-01 
1.162260e-01 3.876150e-01 
1.207240e-01 3.874480e-01 
1.252220e-01 3.872810e-01 
1.297200e-01 3.871141e-01 
1.342180e-01 3.869471e-01 
1.387160e-01 3.867801e-01 
1.432140e-01 3.866131e-01 
1.477120e-01 3.864461e-01 
1.522100e-01 3.862792e-01 
1.567080e-01 3.861122e-01 
1.612060e-01 3.859452e-01 
1.657040e-01 3.857782e-01 
1.702020e-01 3.856113e-01 
1.747000e-01 3.854443e-01 
1.791980e-01 3.852773e-01 
1.836960e-01 3.851103e-01 
-1.581520e-01 4.101339e-01 
-1.536540e-01 4.099710e-01 
-1.491560e-01 4.098080e-01 
-1.446580e-01 4.096450e-01 
-1.401600e-01 4.094820e-01 
-1.356620e-01 4.093191e-01 
-1.311640e-01 4.091561e-01 
-1.266660e-01 4.089931e-01 
-1.221680e-01 4.088301e-01 
-1.176700e-01 4.086671e-01 
-1.131720e-01 4.085042e-01 
-1.086740e-01 4.083412e-01 
-1.041760e-01 4.081782e-01 
-9.967800e-02 4.080152e-01 
-9.518000e-02 4.078522e-01 
-9.068200e-02 4.076893e-01 
-8.618400e-02 4.075263e-01 
-8.168600e-02 4.073633e-01 
-7.718800e-02 4.072003e-01 
-7.269000e-02 4.070374e-01 
-6.819200e-02 4.068744e-01 
-6.369400e-02 4.067114e-01 
-5.919600e-02 4.065484e-01 
-5.469800e-02 4.063854e-01 
-5.020000e-02 4.062225e-01 
-4.570200e-02 4.060595e-01 
-4.120400e-02 4.058965e-01 
-3.670600e-02 4.057335e-01 
-3.220800e-02 4.055706e-01 
-2.771000e-02 4.054076e-01 
-2.321200e-02 4.052446e-01 
-1.871400e-02 4.050816e-01 
-1.421600e-02 4.049186e-01 
-9.718000e-03 4.047557e-01 
-5.220000e-03 4.045927e-01 
-7.220000e-04 4.044297e-01 
3.776000e-03 4.042667e-01 
8.274000e-03 4.041037e-01 
1.277200e-02 4.039408e-01 
1.727000e-02 4.037778e-01 
2.176800e-02 4.036148e-01 
2.626600e-02 4.034518e-01 
3.076400e-02 4.032889e-01 
3.526200e-02 4.031259e-01 
3.976000e-02 4.029629e-01 
4.425800e-02 4.027999e-01 
4.875600e-02 4.026369e-01 
5.325400e-02 4.024740e-01 
5.775200e-02 4.023110e-01 
6.225000e-02 4.021480e-01 
6.674800e-02 4.019850e-01 
7.124600e-02 4.018221e-01 
7.574400e-02 4.016591e-01 
8.024200e-02 4.014961e-01 
8.474000e-02 4.013331e-01 
8.923800e-02 4.011701e-01 
9.373600e-02 4.010072e-01 
9.823400e-02 4.008442e-01 
1.027320e-01 4.006812e-01 
1.072300e-01 4.005182e-01 
1.117280e-01 4.003552e-01 
1.162260e-01 4.001923e-01 
1.207240e-01 4.000293e-01 
1.252220e-01 3.998663e-01 
1.297200e-01 3.997033e-01 
1.342180e-01 3.995404e-01 
1.387160e-01 3.993774e-01 
1.432140e-01 3.992144e-01 
1.477120e-01 3.990514e-01 
1.522100e-01 3.988884e-01 
1.567080e-01 3.987255e-01 
1.612060e-01 3.985625e-01 
1.657040e-01 3.983995e-01 
1.702020e-01 3.982365e-01 
1.747000e-01 3.980736e-01 
1.791980e-01 3.979106e-01 
1.836960e-01 3.977476e-01 
-1.581520e-01 4.239651e-01 
-1.536540e-01 4.238126e-01 
-1.491560e-01 4.236602e-01 
-1.446580e-01 4.235077e-01 
-1.401600e-01 4.233553e-01 
-1.356620e-01 4.232028e-01 
-1.311640e-01 4.230504e-01 
-1.266660e-01 4.228979e-01 
-1.221680e-01 4.227455e-01 
-1.176700e-01 4.225930e-01 
-1.131720e-01 4.224406e-01 
-1.086740e-01 4.222881e-01 
-1.041760e-01 4.221357e-01 
-9.967800e-02 4.219832e-01 
-9.518000e-02 4.218308e-01 
-9.068200e-02 4.216783e-01 
-8.618400e-02 4.215259e-01 
-8.168600e-02 4.213734e-01 
-7.718800e-02 4.212209e-01 
-7.269000e-02 4.210685e-01 
-6.819200e-02 4.209160e-01 
-6.369400e-02 4.207636e-01 
-5.919600e-02 4.206111e-01 
-5.469800e-02 4.204587e-01 
-5.020000e-02 4.203062e-01 
-4.570200e-02 4.201538e-01 
-4.120400e-02 4.200013e-01 
-3.670600e-02 4.198489e-01 
-3.220800e-02 4.196964e-01 
-2.771000e-02 4.195440e-01 
-2.321200e-02 4.193915e-01 
-1.871400e-02 4.192391e-01 
-1.421600e-02 4.190866e-01 
-9.718000e-03 4.189342e-01 
-5.220000e-03 4.187817e-01 
-7.220000e-04 4.186293e-01 
3.776000e-03 4.184768e-01 
8.274000e-03 4.183244e-01 
1.277200e-02 4.181719e-01 
1.727000e-02 4.180194e-01 
2.176800e-02 4.178670e-01 
2.626600e-02 4.177145e-01 
3.076400e-02 4.175621e-01 
3.526200e-02 4.174096e-01 
3.976000e-02 4.172572e-01 
4.425800e-02 4.171047e-01 
4.875600e-02 4.169523e-01 
5.325400e-02 4.167998e-01 
5.775200e-02 4.166474e-01 
6.225000e-02 4.164949e-01 
6.674800e-02 4.163425e-01 
7.124600e-02 4.161900e-01 
7.574400e-02 4.160376e-01 
8.024200e-02 4.158851e-01 
8.474000e-02 4.157327e-01 
8.923800e-02 4.155802e-01 
9.373600e-02 4.154278e-01 
9.823400e-02 4.152753e-01 
1.027320e-01 4.151229e-01 
1.072300e-01 4.149704e-01 
1.117280e-01 4.148179e-01 
1.162260e-01 4.146655e-01 
1.207240e-01 4.145130e-01 
1.252220e-01 4.143606e-01 
1.297200e-01 4.142081e-01 
1.342180e-01 4.140557e-01 
1.387160e-01 4.139032e-01 
1.432140e-01 4.137508e-01 
1.477120e-01 4.135983e-01 
1.522100e-01 4.134459e-01 
1.567080e-01 4.132934e-01 
1.612060e-01 4.131410e-01 
1.657040e-01 4.129885e-01 
1.702020e-01 4.128361e-01 
1.747000e-01 4.126836e-01 
1.791980e-01 4.125312e-01 
1.836960e-01 4.123787e-01 
-1.581520e-01 4.395441e-01 
-1.536540e-01 4.394105e-01 
-1.491560e-01 4.392770e-01 
-1.446580e-01 4.391435e-01 
-1.401600e-01 4.390100e-01 
-1.356620e-01 4.388764e-01 
-1.311640e-01 4.387429e-01 
-1.266660e-01 4.386094e-01 
-1.221680e-01 4.384758e-01 
-1.176700e-01 4.383423e-01 
-1.131720e-01 4.382088e-01 
-1.086740e-01 4.380752e-01 
-1.041760e-01 4.379417e-01 
-9.967800e-02 4.378082e-01 
-9.518000e-02 4.376747e-01 
-9.068200e-02 4.375411e-01 
-8.618400e-02 4.374076e-01 
-8.168600e-02 4.372741e-01 
-7.718800e-02 4.371405e-01 
-7.269000e-02 4.370070e-01 
-6.819200e-02 4.368735e-01 
-6.369400e-02 4.367399e-01 
-5.919600e-02 4.366064e-01 
-5.469800e-02 4.364729e-01 
-5.020000e-02 4.363393e-01 
-4.570200e-02 4.362058e-01 
-4.120400e-02 4.360723e-01 
-3.670600e-02 4.359388e-01 
-3.220800e-02 4.358052e-01 
-2.771000e-02 4.356717e-01 
-2.321200e-02 4.355382e-01 
-1.871400e-02 4.354046e-01 
-1.421600e-02 4.352711e-01 
-9.718000e-03 4.351376e-01 
-5.220000e-03 4.350040e-01 
-7.220000e-04 4.348705e-01 
3.776000e-03 4.347370e-01 
8.274000e-03 4.346035e-01 
1.277200e-02 4.344699e-01 
1.727000e-02 4.343364e-01 
2.176800e-02 4.342029e-01 
2.626600e-02 4.340693e-01 
3.076400e-02 4.339358e-01 
3.526200e-02 4.338023e-01 
3.976000e-02 4.336687e-01 
4.425800e-02 4.335352e-01 
4.875600e-02 4.334017e-01 
5.325400e-02 4.332682e-01 
5.775200e-02 4.331346e-01 
6.225000e-02 4.330011e-01 
6.674800e-02 4.328676e-01 
7.124600e-02 4.327340e-01 
7.574400e-02 4.326005e-01 
8.024200e-02 4.324670e-01 
8.474000e-02 4.323334e-01 
8.923800e-02 4.321999e-01 
9.373600e-02 4.320664e-01 
9.823400e-02 4.319328e-01 
1.027320e-01 4.317993e-01 
1.072300e-01 4.316658e-01 
1.117280e-01 4.315323e-01 
1.162260e-01 4.313987e-01 
1.207240e-01 4.312652e-01 
1.252220e-01 4.311317e-01 
1.297200e-01 4.309981e-01 
1.342180e-01 4.308646e-01 
1.387160e-01 4.307311e-01 
1.432140e-01 4.305975e-01 
1.477120e-01 4.304640e-01 
1.522100e-01 4.303305e-01 
1.567080e-01 4.301970e-01 
1.612060e-01 4.300634e-01 
1.657040e-01 4.299299e-01 
1.702020e-01 4.297964e-01 
1.747000e-01 4.296628e-01 
1.791980e-01 4.295293e-01 
1.836960e-01 4.293958e-01 
-1.581520e-01 4.571659e-01 
-1.536540e-01 4.570620e-01 
-1.491560e-01 4.569582e-01 
-1.446580e-01 4.568543e-01 
-1.401600e-01 4.567504e-01 
-1.356620e-01 4.566465e-01 
-1.311640e-01 4.565426e-01 
-1.266660e-01 4.564388e-01 
-1.221680e-01 4.563349e-01 
-1.176700e-01 4.562310e-01 
-1.131720e-01 4.561271e-01 
-1.086740e-01 4.560233e-01 
-1.041760e-01 4.559194e-01 
-9.967800e-02 4.558155e-01 
-9.518000e-02 4.557116e-01 
-9.068200e-02 4.556078e-01 
-8.618400e-02 4.555039e-01 
-8.168600e-02 4.554000e-01 
-7.718800e-02 4.552961e-01 
-7.269000e-02 4.551923e-01 
-6.819200e-02 4.550884e-01 
-6.369400e-02 4.549845e-01 
-5.919600e-02 4.548806e-01 
-5.469800e-02 4.547768e-01 
-5.020000e-02 4.546729e-01 
-4.570200e-02 4.545690e-01 
-4.120400e-02 4.544651e-01 
-3.670600e-02 4.543613e-01 
-3.220800e-02 4.542574e-01 
-2.771000e-02 4.541535e-01 
-2.321200e-02 4.540496e-01 
-1.871400e-02 4.539458e-01 
-1.421600e-02 4.538419e-01 
-9.718000e-03 4.537380e-01 
-5.220000e-03 4.536341e-01 
-7.220000e-04 4.535302e-01 
3.776000e-03 4.534264e-01 
8.274000e-03 4.533225e-01 
1.277200e-02 4.532186e-01 
1.727000e-02 4.531147e-01 
2.176800e-02 4.530109e-01 
2.626600e-02 4.529070e-01 
3.076400e-02 4.528031e-01 
3.526200e-02 4.526992e-01 
3.976000e-02 4.525954e-01 
4.425800e-02 4.524915e-01 
4.875600e-02 4.523876e-01 
5.325400e-02 4.522837e-01 
5.775200e-02 4.521799e-01 
6.225000e-02 4.520760e-01 
6.674800e-02 4.519721e-01 
7.124600e-02 4.518682e-01 
7.574400e-02 4.517644e-01 
8.024200e-02 4.516605e-01 
8.474000e-02 4.515566e-01 
8.923800e-02 4.514527e-01 
9.373600e-02 4.513489e-01 
9.823400e-02 4.512450e-01 
1.027320e-01 4.511411e-01 
1.072300e-01 4.510372e-01 
1.117280e-01 4.509334e-01 
1.162260e-01 4.508295e-01 
1.207240e-01 4.507256e-01 
1.252220e-01 4.506217e-01 
1.297200e-01 4.505178e-01 
1.342180e-01 4.504140e-01 
1.387160e-01 4.503101e-01 
1.432140e-01 4.502062e-01 
1.477120e-01 4.501023e-01 
1.522100e-01 4.499985e-01 
1.567080e-01 4.498946e-01 
1.612060e-01 4.497907e-01 
1.657040e-01 4.496868e-01 
1.702020e-01 4.495830e-01 
1.747000e-01 4.494791e-01 
1.791980e-01 4.493752e-01 
1.836960e-01 4.492713e-01 
-1.581520e-01 4.771797e-01 
-1.536540e-01 4.771191e-01 
-1.491560e-01 4.770586e-01 
-1.446580e-01 4.769980e-01 
-1.401600e-01 4.769374e-01 
-1.356620e-01 4.768768e-01 
-1.311640e-01 4.768163e-01 
-1.266660e-01 4.767557e-01 
-1.221680e-01 4.766951e-01 
-1.176700e-01 4.766345e-01 
-1.131720e-01 4.765740e-01 
-1.086740e-01 4.765134e-01 
-1.041760e-01 4.764528e-01 
-9.967800e-02 4.763922e-01 
-9.518000e-02 4.763317e-01 
-9.068200e-02 4.762711e-01 
-8.618400e-02 4.762105e-01 
-8.168600e-02 4.761499e-01 
-7.718800e-02 4.760894e-01 
-7.269000e-02 4.760288e-01 
-6.819200e-02 4.759682e-01 
-6.369400e-02 4.759076e-01 
-5.919600e-02 4.758471e-01 
-5.469800e-02 4.757865e-01 
-5.020000e-02 4.757259e-01 
-4.570200e-02 4.756653e-01 
-4.120400e-02 4.756048e-01 
-3.670600e-02 4.755442e-01 
-3.220800e-02 4.754836e-01 
-2.771000e-02 4.754230e-01 
-2.321200e-02 4.753625e-01 
-1.871400e-02 4.753019e-01 
-1.421600e-02 4.752413e-01 
-9.718000e-03 4.751807e-01 
-5.220000e-03 4.751202e-01 
-7.220000e-04 4.750596e-01 
3.776000e-03 4.749990e-01 
8.274000e-03 4.749384e-01 
1.277200e-02 4.748779e-01 
1.727000e-02 4.748173e-01 
2.176800e-02 4.747567e-01 
2.626600e-02 4.746961e-01 
3.076400e-02 4.746356e-01 
3.526200e-02 4.745750e-01 
3.976000e-02 4.745144e-01 
4.425800e-02 4.744538e-01 
4.875600e-02 4.743933e-01 
5.325400e-02 4.743327e-01 
5.775200e-02 4.742721e-01 
6.225000e-02 4.742115e-01 
6.674800e-02 4.741510e-01 
7.124600e-02 4.740904e-01 
7.574400e-02 4.740298e-01 
8.024200e-02 4.739692e-01 
8.474000e-02 4.739087e-01 
8.923800e-02 4.738481e-01 
9.373600e-02 4.737875e-01 
9.823400e-02 4.737269e-01 
1.027320e-01 4.736664e-01 
1.072300e-01 4.736058e-01 
1.117280e-01 4.735452e-01 
1.162260e-01 4.734846e-01 
1.207240e-01 4.734241e-01 
1.252220e-01 4.733635e-01 
1.297200e-01 4.733029e-01 
1.342180e-01 4.732423e-01 
1.387160e-01 4.731818e-01 
1.432140e-01 4.731212e-01 
1.477120e-01 4.730606e-01 
1.522100e-01 4.730001e-01 
1.567080e-01 4.729395e-01 
1.612060e-01 4.728789e-01 
1.657040e-01 4.728183e-01 
1.702020e-01 4.727578e-01 
1.747000e-01 4.726972e-01 
1.791980e-01 4.726366e-01 
1.836960e-01 4.725760e-01 
-1.581520e-01 5.000000e-01 
-1.536540e-01 5.000000e-01 
-1.491560e-01 5.000000e-01 
-1.446580e-01 5.000000e-01 
-1.401600e-01 5.000000e-01 
-1.356620e-01 5.000000e-01 
-1.311640e-01 5.000000e-01 
-1.266660e-01 5.000000e-01 
-1.221680e-01 5.000000e-01 
-1.176700e-01 5.000000e-01 
-1.131720e-01 5.000000e-01 
-1.086740e-01 5.000000e-01 
-1.041760e-01 5.000000e-01 
-9.967800e-02 5.000000e-01 
-9.518000e-02 5.000000e-01 
-9.068200e-02 5.000000e-01 
-8.618400e-02 5.000000e-01 
-8.168600e-02 5.000000e-01 
-7.718800e-02 5.000000e-01 
-7.269000e-02 5.000000e-01 
-6.819200e-02 5.000000e-01 
-6.369400e-02 5.000000e-01 
-5.919600e-02 5.000000e-01 
-5.469800e-02 5.000000e-01 
-5.020000e-02 5.000000e-01 
-4.570200e-02 5.000000e-01 
-4.120400e-02 5.000000e-01 
-3.670600e-02 5.000000e-01 
-3.220800e-02 5.000000e-01 
-2.771000e-02 5.000000e-01 
-2.321200e-02 5.000000e-01 
-1.871400e-02 5.000000e-01 
-1.421600e-02 5.000000e-01 
-9.718000e-03 5.000000e-01 
-5.220000e-03 5.000000e-01 
-7.220000e-04 5.000000e-01 
3.776000e-03 5.000000e-01 
8.274000e-03 5.000000e-01 
1.277200e-02 5.000000e-01 
1.727000e-02 5.000000e-01 
2.176800e-02 5.000000e-01 
2.626600e-02 5.000000e-01 
3.076400e-02 5.000000e-01 
3.526200e-02 5.000000e-01 
3.976000e-02 5.000000e-01 
4.425800e-02 5.000000e-01 
4.875600e-02 5.000000e-01 
5.325400e-02 5.000000e-01 
5.775200e-02 5.000000e-01 
6.225000e-02 5.000000e-01 
6.674800e-02 5.000000e-01 
7.124600e-02 5.000000e-01 
7.574400e-02 5.000000e-01 
8.024200e-02 5.000000e-01 
8.474000e-02 5.000000e-01 
8.923800e-02 5.000000e-01 
9.373600e-02 5.000000e-01 
9.823400e-02 5.000000e-01 
1.027320e-01 5.000000e-01 
1.072300e-01 5.000000e-01 
1.117280e-01 5.000000e-01 
1.162260e-01 5.000000e-01 
1.207240e-01 5.000000e-01 
1.252220e-01 5.000000e-01 
1.297200e-01 5.000000e-01 
1.342180e-01 5.000000e-01 
1.387160e-01 5.000000e-01 
1.432140e-01 5.000000e-01 
1.477120e-01 5.000000e-01 
1.522100e-01 5.000000e-01 
1.567080e-01 5.000000e-01 
1.612060e-01 5.000000e-01 
1.657040e-01 5.000000e-01 
1.702020e-01 5.000000e-01 
1.747000e-01 5.000000e-01 
1.791980e-01 5.000000e-01 
1.836960e-01 5.000000e-01 
BC
-1
-1
-1
-1
-1
-1
-1
-1
-1
-1
-1
-1
-1
-1
-1
-1
-1
-1
-1
-1
-1
-1
-1
-1
-1
-1
-1
-1
-1
-1
-1
-1
-1
-1
-1
-1
-1
-1
-1
-1
-1
-1
-1
-1
-1
-1
-1
-1
-1
-1
-1
-1
-1
-1
-1
-1
-1
-1
-1
-1
-1
-1
-1
-1
-1
-1
-1
-1
-1
-1
-1
-1
-1
-1
-1
-1
-1
-1
-1
-1
-1
-1
-1
-1
-1
-1
-1
-1
-1
-1
-1
-1
-1
-1
-1
-1
1
1
1
1
1
1
1
1
1
1
1
1
1
1
1
1
1
1
1
1
1
1
1
1
1
1
1
1
1
1
1
1
1
1
1
1
1
1
1
1
1
1
1
1
1
1
1
1
1
1
1
1
1
1
1
1
1
1
1
1
1
1
1
1
1
1
1
1
1
1
1
1
1
1
1
1
-1
-1
-1
-1
-1
-1
-1
-1
-1
-1
-1
-1
-1
-1
-1
-1
-1
-1
-1
-1
