npartb: 4 2 
ipartb: 0 1 
ngrid: 77 25 
-5.000000e-01 1.570088e-01 
-4.949944e-01 1.570088e-01 
-4.899887e-01 1.570088e-01 
-4.849831e-01 1.570088e-01 
-4.799775e-01 1.570088e-01 
-4.749719e-01 1.570088e-01 
-4.699662e-01 1.570088e-01 
-4.649606e-01 1.570088e-01 
-4.599550e-01 1.570088e-01 
-4.549494e-01 1.570088e-01 
-4.499437e-01 1.570088e-01 
-4.449381e-01 1.570088e-01 
-4.399325e-01 1.570088e-01 
-4.349269e-01 1.570088e-01 
-4.299212e-01 1.570088e-01 
-4.249156e-01 1.570088e-01 
-4.199100e-01 1.570088e-01 
-4.149043e-01 1.570088e-01 
-4.098987e-01 1.570088e-01 
-4.048931e-01 1.570088e-01 
-3.998875e-01 1.570088e-01 
-3.948818e-01 1.570088e-01 
-3.898762e-01 1.570088e-01 
-3.848706e-01 1.570088e-01 
-3.798650e-01 1.570088e-01 
-3.748593e-01 1.570088e-01 
-3.698537e-01 1.570088e-01 
-3.648481e-01 1.570088e-01 
-3.598425e-01 1.570088e-01 
-3.548368e-01 1.570088e-01 
-3.498312e-01 1.570088e-01 
-3.448256e-01 1.570088e-01 
-3.398199e-01 1.570088e-01 
-3.348143e-01 1.570088e-01 
-3.298087e-01 1.570088e-01 
-3.248031e-01 1.570088e-01 
-3.197974e-01 1.570088e-01 
-3.147918e-01 1.570088e-01 
-3.097862e-01 1.570088e-01 
-3.047806e-01 1.570088e-01 
-2.997749e-01 1.570088e-01 
-2.947693e-01 1.570088e-01 
-2.897637e-01 1.570088e-01 
-2.847581e-01 1.570088e-01 
-2.797524e-01 1.570088e-01 
-2.747468e-01 1.570088e-01 
-2.697412e-01 1.570088e-01 
-2.647355e-01 1.570088e-01 
-2.597299e-01 1.570088e-01 
-2.547243e-01 1.570088e-01 
-2.497187e-01 1.570088e-01 
-2.447130e-01 1.570088e-01 
-2.397074e-01 1.570088e-01 
-2.347018e-01 1.570088e-01 
-2.296962e-01 1.570088e-01 
-2.246905e-01 1.570088e-01 
-2.196849e-01 1.570088e-01 
-2.146793e-01 1.570088e-01 
-2.096737e-01 1.570088e-01 
-2.046680e-01 1.570088e-01 
-1.996624e-01 1.570088e-01 
-1.946568e-01 1.570088e-01 
-1.896511e-01 1.570088e-01 
-1.846455e-01 1.570088e-01 
-1.796399e-01 1.570088e-01 
-1.746343e-01 1.570088e-01 
-1.696286e-01 1.570088e-01 
-1.646230e-01 1.570088e-01 
-1.596174e-01 1.570088e-01 
-1.546118e-01 1.570088e-01 
-1.496061e-01 1.570088e-01 
-1.446005e-01 1.570088e-01 
-1.395949e-01 1.570088e-01 
-1.345893e-01 1.570088e-01 
-1.295836e-01 1.570088e-01 
-1.245780e-01 1.570088e-01 
-1.195724e-01 1.570088e-01 
-5.000000e-01 1.630476e-01 
-4.950155e-01 1.630476e-01 
-4.900310e-01 1.630476e-01 
-4.850466e-01 1.630476e-01 
-4.800621e-01 1.630476e-01 
-4.750776e-01 1.630476e-01 
-4.700931e-01 1.630476e-01 
-4.651087e-01 1.630476e-01 
-4.601242e-01 1.630476e-01 
-4.551397e-01 1.630476e-01 
-4.501552e-01 1.630476e-01 
-4.451708e-01 1.630476e-01 
-4.401863e-01 1.630476e-01 
-4.352018e-01 1.630476e-01 
-4.302173e-01 1.630476e-01 
-4.252329e-01 1.630476e-01 
-4.202484e-01 1.630476e-01 
-4.152639e-01 1.630476e-01 
-4.102794e-01 1.630476e-01 
-4.052950e-01 1.630476e-01 
-4.003105e-01 1.630476e-01 
-3.953260e-01 1.630476e-01 
-3.903415e-01 1.630476e-01 
-3.853571e-01 1.630476e-01 
-3.803726e-01 1.630476e-01 
-3.753881e-01 1.630476e-01 
-3.704036e-01 1.630476e-01 
-3.654192e-01 1.630476e-01 
-3.604347e-01 1.630476e-01 
-3.554502e-01 1.630476e-01 
-3.504657e-01 1.630476e-01 
-3.454813e-01 1.630476e-01 
-3.404968e-01 1.630476e-01 
-3.355123e-01 1.630476e-01 
-3.305278e-01 1.630476e-01 
-3.255434e-01 1.630476e-01 
-3.205589e-01 1.630476e-01 
-3.155744e-01 1.630476e-01 
-3.105899e-01 1.630476e-01 
-3.056055e-01 1.630476e-01 
-3.006210e-01 1.630476e-01 
-2.956365e-01 1.630476e-01 
-2.906520e-01 1.630476e-01 
-2.856676e-01 1.630476e-01 
-2.806831e-01 1.630476e-01 
-2.756986e-01 1.630476e-01 
-2.707141e-01 1.630476e-01 
-2.657296e-01 1.630476e-01 
-2.607452e-01 1.630476e-01 
-2.557607e-01 1.630476e-01 
-2.507762e-01 1.630476e-01 
-2.457917e-01 1.630476e-01 
-2.408073e-01 1.630476e-01 
-2.358228e-01 1.630476e-01 
-2.308383e-01 1.630476e-01 
-2.258538e-01 1.630476e-01 
-2.208694e-01 1.630476e-01 
-2.158849e-01 1.630476e-01 
-2.109004e-01 1.630476e-01 
-2.059159e-01 1.630476e-01 
-2.009315e-01 1.630476e-01 
-1.959470e-01 1.630476e-01 
-1.909625e-01 1.630476e-01 
-1.859780e-01 1.630476e-01 
-1.809936e-01 1.630476e-01 
-1.760091e-01 1.630476e-01 
-1.710246e-01 1.630476e-01 
-1.660401e-01 1.630476e-01 
-1.610557e-01 1.630476e-01 
-1.560712e-01 1.630476e-01 
-1.510867e-01 1.630476e-01 
-1.461022e-01 1.630476e-01 
-1.411178e-01 1.630476e-01 
-1.361333e-01 1.630476e-01 
-1.311488e-01 1.630476e-01 
-1.261643e-01 1.630476e-01 
-1.211799e-01 1.630476e-01 
-5.000000e-01 1.690864e-01 
-4.950367e-01 1.690864e-01 
-4.900734e-01 1.690864e-01 
-4.851100e-01 1.690864e-01 
-4.801467e-01 1.690864e-01 
-4.751834e-01 1.690864e-01 
-4.702201e-01 1.690864e-01 
-4.652567e-01 1.690864e-01 
-4.602934e-01 1.690864e-01 
-4.553301e-01 1.690864e-01 
-4.503668e-01 1.690864e-01 
-4.454034e-01 1.690864e-01 
-4.404401e-01 1.690864e-01 
-4.354768e-01 1.690864e-01 
-4.305135e-01 1.690864e-01 
-4.255501e-01 1.690864e-01 
-4.205868e-01 1.690864e-01 
-4.156235e-01 1.690864e-01 
-4.106602e-01 1.690864e-01 
-4.056968e-01 1.690864e-01 
-4.007335e-01 1.690864e-01 
-3.957702e-01 1.690864e-01 
-3.908069e-01 1.690864e-01 
-3.858435e-01 1.690864e-01 
-3.808802e-01 1.690864e-01 
-3.759169e-01 1.690864e-01 
-3.709536e-01 1.690864e-01 
-3.659902e-01 1.690864e-01 
-3.610269e-01 1.690864e-01 
-3.560636e-01 1.690864e-01 
-3.511003e-01 1.690864e-01 
-3.461369e-01 1.690864e-01 
-3.411736e-01 1.690864e-01 
-3.362103e-01 1.690864e-01 
-3.312470e-01 1.690864e-01 
-3.262836e-01 1.690864e-01 
-3.213203e-01 1.690864e-01 
-3.163570e-01 1.690864e-01 
-3.113937e-01 1.690864e-01 
-3.064303e-01 1.690864e-01 
-3.014670e-01 1.690864e-01 
-2.965037e-01 1.690864e-01 
-2.915404e-01 1.690864e-01 
-2.865770e-01 1.690864e-01 
-2.816137e-01 1.690864e-01 
-2.766504e-01 1.690864e-01 
-2.716871e-01 1.690864e-01 
-2.667238e-01 1.690864e-01 
-2.617604e-01 1.690864e-01 
-2.567971e-01 1.690864e-01 
-2.518338e-01 1.690864e-01 
-2.468705e-01 1.690864e-01 
-2.419071e-01 1.690864e-01 
-2.369438e-01 1.690864e-01 
-2.319805e-01 1.690864e-01 
-2.270172e-01 1.690864e-01 
-2.220538e-01 1.690864e-01 
-2.170905e-01 1.690864e-01 
-2.121272e-01 1.690864e-01 
-2.071639e-01 1.690864e-01 
-2.022005e-01 1.690864e-01 
-1.972372e-01 1.690864e-01 
-1.922739e-01 1.690864e-01 
-1.873106e-01 1.690864e-01 
-1.823472e-01 1.690864e-01 
-1.773839e-01 1.690864e-01 
-1.724206e-01 1.690864e-01 
-1.674573e-01 1.690864e-01 
-1.624939e-01 1.690864e-01 
-1.575306e-01 1.690864e-01 
-1.525673e-01 1.690864e-01 
-1.476040e-01 1.690864e-01 
-1.426406e-01 1.690864e-01 
-1.376773e-01 1.690864e-01 
-1.327140e-01 1.690864e-01 
-1.277507e-01 1.690864e-01 
-1.227873e-01 1.690864e-01 
-5.000000e-01 1.751252e-01 
-4.950578e-01 1.751252e-01 
-4.901157e-01 1.751252e-01 
-4.851735e-01 1.751252e-01 
-4.802313e-01 1.751252e-01 
-4.752891e-01 1.751252e-01 
-4.703470e-01 1.751252e-01 
-4.654048e-01 1.751252e-01 
-4.604626e-01 1.751252e-01 
-4.555204e-01 1.751252e-01 
-4.505783e-01 1.751252e-01 
-4.456361e-01 1.751252e-01 
-4.406939e-01 1.751252e-01 
-4.357517e-01 1.751252e-01 
-4.308096e-01 1.751252e-01 
-4.258674e-01 1.751252e-01 
-4.209252e-01 1.751252e-01 
-4.159831e-01 1.751252e-01 
-4.110409e-01 1.751252e-01 
-4.060987e-01 1.751252e-01 
-4.011565e-01 1.751252e-01 
-3.962144e-01 1.751252e-01 
-3.912722e-01 1.751252e-01 
-3.863300e-01 1.751252e-01 
-3.813878e-01 1.751252e-01 
-3.764457e-01 1.751252e-01 
-3.715035e-01 1.751252e-01 
-3.665613e-01 1.751252e-01 
-3.616191e-01 1.751252e-01 
-3.566770e-01 1.751252e-01 
-3.517348e-01 1.751252e-01 
-3.467926e-01 1.751252e-01 
-3.418505e-01 1.751252e-01 
-3.369083e-01 1.751252e-01 
-3.319661e-01 1.751252e-01 
-3.270239e-01 1.751252e-01 
-3.220818e-01 1.751252e-01 
-3.171396e-01 1.751252e-01 
-3.121974e-01 1.751252e-01 
-3.072552e-01 1.751252e-01 
-3.023131e-01 1.751252e-01 
-2.973709e-01 1.751252e-01 
-2.924287e-01 1.751252e-01 
-2.874865e-01 1.751252e-01 
-2.825444e-01 1.751252e-01 
-2.776022e-01 1.751252e-01 
-2.726600e-01 1.751252e-01 
-2.677179e-01 1.751252e-01 
-2.627757e-01 1.751252e-01 
-2.578335e-01 1.751252e-01 
-2.528913e-01 1.751252e-01 
-2.479492e-01 1.751252e-01 
-2.430070e-01 1.751252e-01 
-2.380648e-01 1.751252e-01 
-2.331226e-01 1.751252e-01 
-2.281805e-01 1.751252e-01 
-2.232383e-01 1.751252e-01 
-2.182961e-01 1.751252e-01 
-2.133539e-01 1.751252e-01 
-2.084118e-01 1.751252e-01 
-2.034696e-01 1.751252e-01 
-1.985274e-01 1.751252e-01 
-1.935853e-01 1.751252e-01 
-1.886431e-01 1.751252e-01 
-1.837009e-01 1.751252e-01 
-1.787587e-01 1.751252e-01 
-1.738166e-01 1.751252e-01 
-1.688744e-01 1.751252e-01 
-1.639322e-01 1.751252e-01 
-1.589900e-01 1.751252e-01 
-1.540479e-01 1.751252e-01 
-1.491057e-01 1.751252e-01 
-1.441635e-01 1.751252e-01 
-1.392213e-01 1.751252e-01 
-1.342792e-01 1.751252e-01 
-1.293370e-01 1.751252e-01 
-1.243948e-01 1.751252e-01 
-5.000000e-01 1.811640e-01 
-4.950790e-01 1.811640e-01 
-4.901580e-01 1.811640e-01 
-4.852369e-01 1.811640e-01 
-4.803159e-01 1.811640e-01 
-4.753949e-01 1.811640e-01 
-4.704739e-01 1.811640e-01 
-4.655528e-01 1.811640e-01 
-4.606318e-01 1.811640e-01 
-4.557108e-01 1.811640e-01 
-4.507898e-01 1.811640e-01 
-4.458688e-01 1.811640e-01 
-4.409477e-01 1.811640e-01 
-4.360267e-01 1.811640e-01 
-4.311057e-01 1.811640e-01 
-4.261847e-01 1.811640e-01 
-4.212636e-01 1.811640e-01 
-4.163426e-01 1.811640e-01 
-4.114216e-01 1.811640e-01 
-4.065006e-01 1.811640e-01 
-4.015796e-01 1.811640e-01 
-3.966585e-01 1.811640e-01 
-3.917375e-01 1.811640e-01 
-3.868165e-01 1.811640e-01 
-3.818955e-01 1.811640e-01 
-3.769744e-01 1.811640e-01 
-3.720534e-01 1.811640e-01 
-3.671324e-01 1.811640e-01 
-3.622114e-01 1.811640e-01 
-3.572904e-01 1.811640e-01 
-3.523693e-01 1.811640e-01 
-3.474483e-01 1.811640e-01 
-3.425273e-01 1.811640e-01 
-3.376063e-01 1.811640e-01 
-3.326852e-01 1.811640e-01 
-3.277642e-01 1.811640e-01 
-3.228432e-01 1.811640e-01 
-3.179222e-01 1.811640e-01 
-3.130012e-01 1.811640e-01 
-3.080801e-01 1.811640e-01 
-3.031591e-01 1.811640e-01 
-2.982381e-01 1.811640e-01 
-2.933171e-01 1.811640e-01 
-2.883960e-01 1.811640e-01 
-2.834750e-01 1.811640e-01 
-2.785540e-01 1.811640e-01 
-2.736330e-01 1.811640e-01 
-2.687120e-01 1.811640e-01 
-2.637909e-01 1.811640e-01 
-2.588699e-01 1.811640e-01 
-2.539489e-01 1.811640e-01 
-2.490279e-01 1.811640e-01 
-2.441068e-01 1.811640e-01 
-2.391858e-01 1.811640e-01 
-2.342648e-01 1.811640e-01 
-2.293438e-01 1.811640e-01 
-2.244228e-01 1.811640e-01 
-2.195017e-01 1.811640e-01 
-2.145807e-01 1.811640e-01 
-2.096597e-01 1.811640e-01 
-2.047387e-01 1.811640e-01 
-1.998176e-01 1.811640e-01 
-1.948966e-01 1.811640e-01 
-1.899756e-01 1.811640e-01 
-1.850546e-01 1.811640e-01 
-1.801336e-01 1.811640e-01 
-1.752125e-01 1.811640e-01 
-1.702915e-01 1.811640e-01 
-1.653705e-01 1.811640e-01 
-1.604495e-01 1.811640e-01 
-1.555284e-01 1.811640e-01 
-1.506074e-01 1.811640e-01 
-1.456864e-01 1.811640e-01 
-1.407654e-01 1.811640e-01 
-1.358444e-01 1.811640e-01 
-1.309233e-01 1.811640e-01 
-1.260023e-01 1.811640e-01 
-5.000000e-01 1.872028e-01 
-4.951001e-01 1.872028e-01 
-4.902003e-01 1.872028e-01 
-4.853004e-01 1.872028e-01 
-4.804005e-01 1.872028e-01 
-4.755006e-01 1.872028e-01 
-4.706008e-01 1.872028e-01 
-4.657009e-01 1.872028e-01 
-4.608010e-01 1.872028e-01 
-4.559012e-01 1.872028e-01 
-4.510013e-01 1.872028e-01 
-4.461014e-01 1.872028e-01 
-4.412015e-01 1.872028e-01 
-4.363017e-01 1.872028e-01 
-4.314018e-01 1.872028e-01 
-4.265019e-01 1.872028e-01 
-4.216021e-01 1.872028e-01 
-4.167022e-01 1.872028e-01 
-4.118023e-01 1.872028e-01 
-4.069024e-01 1.872028e-01 
-4.020026e-01 1.872028e-01 
-3.971027e-01 1.872028e-01 
-3.922028e-01 1.872028e-01 
-3.873030e-01 1.872028e-01 
-3.824031e-01 1.872028e-01 
-3.775032e-01 1.872028e-01 
-3.726034e-01 1.872028e-01 
-3.677035e-01 1.872028e-01 
-3.628036e-01 1.872028e-01 
-3.579037e-01 1.872028e-01 
-3.530039e-01 1.872028e-01 
-3.481040e-01 1.872028e-01 
-3.432041e-01 1.872028e-01 
-3.383043e-01 1.872028e-01 
-3.334044e-01 1.872028e-01 
-3.285045e-01 1.872028e-01 
-3.236046e-01 1.872028e-01 
-3.187048e-01 1.872028e-01 
-3.138049e-01 1.872028e-01 
-3.089050e-01 1.872028e-01 
-3.040052e-01 1.872028e-01 
-2.991053e-01 1.872028e-01 
-2.942054e-01 1.872028e-01 
-2.893055e-01 1.872028e-01 
-2.844057e-01 1.872028e-01 
-2.795058e-01 1.872028e-01 
-2.746059e-01 1.872028e-01 
-2.697061e-01 1.872028e-01 
-2.648062e-01 1.872028e-01 
-2.599063e-01 1.872028e-01 
-2.550064e-01 1.872028e-01 
-2.501066e-01 1.872028e-01 
-2.452067e-01 1.872028e-01 
-2.403068e-01 1.872028e-01 
-2.354070e-01 1.872028e-01 
-2.305071e-01 1.872028e-01 
-2.256072e-01 1.872028e-01 
-2.207073e-01 1.872028e-01 
-2.158075e-01 1.872028e-01 
-2.109076e-01 1.872028e-01 
-2.060077e-01 1.872028e-01 
-2.011079e-01 1.872028e-01 
-1.962080e-01 1.872028e-01 
-1.913081e-01 1.872028e-01 
-1.864082e-01 1.872028e-01 
-1.815084e-01 1.872028e-01 
-1.766085e-01 1.872028e-01 
-1.717086e-01 1.872028e-01 
-1.668088e-01 1.872028e-01 
-1.619089e-01 1.872028e-01 
-1.570090e-01 1.872028e-01 
-1.521092e-01 1.872028e-01 
-1.472093e-01 1.872028e-01 
-1.423094e-01 1.872028e-01 
-1.374095e-01 1.872028e-01 
-1.325097e-01 1.872028e-01 
-1.276098e-01 1.872028e-01 
-5.000000e-01 1.932416e-01 
-4.951213e-01 1.932416e-01 
-4.902426e-01 1.932416e-01 
-4.853638e-01 1.932416e-01 
-4.804851e-01 1.932416e-01 
-4.756064e-01 1.932416e-01 
-4.707277e-01 1.932416e-01 
-4.658490e-01 1.932416e-01 
-4.609702e-01 1.932416e-01 
-4.560915e-01 1.932416e-01 
-4.512128e-01 1.932416e-01 
-4.463341e-01 1.932416e-01 
-4.414554e-01 1.932416e-01 
-4.365766e-01 1.932416e-01 
-4.316979e-01 1.932416e-01 
-4.268192e-01 1.932416e-01 
-4.219405e-01 1.932416e-01 
-4.170618e-01 1.932416e-01 
-4.121830e-01 1.932416e-01 
-4.073043e-01 1.932416e-01 
-4.024256e-01 1.932416e-01 
-3.975469e-01 1.932416e-01 
-3.926682e-01 1.932416e-01 
-3.877894e-01 1.932416e-01 
-3.829107e-01 1.932416e-01 
-3.780320e-01 1.932416e-01 
-3.731533e-01 1.932416e-01 
-3.682746e-01 1.932416e-01 
-3.633958e-01 1.932416e-01 
-3.585171e-01 1.932416e-01 
-3.536384e-01 1.932416e-01 
-3.487597e-01 1.932416e-01 
-3.438810e-01 1.932416e-01 
-3.390022e-01 1.932416e-01 
-3.341235e-01 1.932416e-01 
-3.292448e-01 1.932416e-01 
-3.243661e-01 1.932416e-01 
-3.194874e-01 1.932416e-01 
-3.146086e-01 1.932416e-01 
-3.097299e-01 1.932416e-01 
-3.048512e-01 1.932416e-01 
-2.999725e-01 1.932416e-01 
-2.950938e-01 1.932416e-01 
-2.902150e-01 1.932416e-01 
-2.853363e-01 1.932416e-01 
-2.804576e-01 1.932416e-01 
-2.755789e-01 1.932416e-01 
-2.707002e-01 1.932416e-01 
-2.658214e-01 1.932416e-01 
-2.609427e-01 1.932416e-01 
-2.560640e-01 1.932416e-01 
-2.511853e-01 1.932416e-01 
-2.463066e-01 1.932416e-01 
-2.414278e-01 1.932416e-01 
-2.365491e-01 1.932416e-01 
-2.316704e-01 1.932416e-01 
-2.267917e-01 1.932416e-01 
-2.219130e-01 1.932416e-01 
-2.170342e-01 1.932416e-01 
-2.121555e-01 1.932416e-01 
-2.072768e-01 1.932416e-01 
-2.023981e-01 1.932416e-01 
-1.975194e-01 1.932416e-01 
-1.926406e-01 1.932416e-01 
-1.877619e-01 1.932416e-01 
-1.828832e-01 1.932416e-01 
-1.780045e-01 1.932416e-01 
-1.731258e-01 1.932416e-01 
-1.682470e-01 1.932416e-01 
-1.633683e-01 1.932416e-01 
-1.584896e-01 1.932416e-01 
-1.536109e-01 1.932416e-01 
-1.487322e-01 1.932416e-01 
-1.438534e-01 1.932416e-01 
-1.389747e-01 1.932416e-01 
-1.340960e-01 1.932416e-01 
-1.292173e-01 1.932416e-01 
-5.000000e-01 1.992804e-01 
-4.951424e-01 1.992804e-01 
-4.902849e-01 1.992804e-01 
-4.854273e-01 1.992804e-01 
-4.805697e-01 1.992804e-01 
-4.757122e-01 1.992804e-01 
-4.708546e-01 1.992804e-01 
-4.659970e-01 1.992804e-01 
-4.611394e-01 1.992804e-01 
-4.562819e-01 1.992804e-01 
-4.514243e-01 1.992804e-01 
-4.465667e-01 1.992804e-01 
-4.417092e-01 1.992804e-01 
-4.368516e-01 1.992804e-01 
-4.319940e-01 1.992804e-01 
-4.271365e-01 1.992804e-01 
-4.222789e-01 1.992804e-01 
-4.174213e-01 1.992804e-01 
-4.125638e-01 1.992804e-01 
-4.077062e-01 1.992804e-01 
-4.028486e-01 1.992804e-01 
-3.979911e-01 1.992804e-01 
-3.931335e-01 1.992804e-01 
-3.882759e-01 1.992804e-01 
-3.834183e-01 1.992804e-01 
-3.785608e-01 1.992804e-01 
-3.737032e-01 1.992804e-01 
-3.688456e-01 1.992804e-01 
-3.639881e-01 1.992804e-01 
-3.591305e-01 1.992804e-01 
-3.542729e-01 1.992804e-01 
-3.494154e-01 1.992804e-01 
-3.445578e-01 1.992804e-01 
-3.397002e-01 1.992804e-01 
-3.348427e-01 1.992804e-01 
-3.299851e-01 1.992804e-01 
-3.251275e-01 1.992804e-01 
-3.202700e-01 1.992804e-01 
-3.154124e-01 1.992804e-01 
-3.105548e-01 1.992804e-01 
-3.056972e-01 1.992804e-01 
-3.008397e-01 1.992804e-01 
-2.959821e-01 1.992804e-01 
-2.911245e-01 1.992804e-01 
-2.862670e-01 1.992804e-01 
-2.814094e-01 1.992804e-01 
-2.765518e-01 1.992804e-01 
-2.716943e-01 1.992804e-01 
-2.668367e-01 1.992804e-01 
-2.619791e-01 1.992804e-01 
-2.571216e-01 1.992804e-01 
-2.522640e-01 1.992804e-01 
-2.474064e-01 1.992804e-01 
-2.425488e-01 1.992804e-01 
-2.376913e-01 1.992804e-01 
-2.328337e-01 1.992804e-01 
-2.279761e-01 1.992804e-01 
-2.231186e-01 1.992804e-01 
-2.182610e-01 1.992804e-01 
-2.134034e-01 1.992804e-01 
-2.085459e-01 1.992804e-01 
-2.036883e-01 1.992804e-01 
-1.988307e-01 1.992804e-01 
-1.939732e-01 1.992804e-01 
-1.891156e-01 1.992804e-01 
-1.842580e-01 1.992804e-01 
-1.794005e-01 1.992804e-01 
-1.745429e-01 1.992804e-01 
-1.696853e-01 1.992804e-01 
-1.648277e-01 1.992804e-01 
-1.599702e-01 1.992804e-01 
-1.551126e-01 1.992804e-01 
-1.502550e-01 1.992804e-01 
-1.453975e-01 1.992804e-01 
-1.405399e-01 1.992804e-01 
-1.356823e-01 1.992804e-01 
-1.308248e-01 1.992804e-01 
-5.000000e-01 2.053192e-01 
-4.951636e-01 2.053192e-01 
-4.903272e-01 2.053192e-01 
-4.854907e-01 2.053192e-01 
-4.806543e-01 2.053192e-01 
-4.758179e-01 2.053192e-01 
-4.709815e-01 2.053192e-01 
-4.661451e-01 2.053192e-01 
-4.613087e-01 2.053192e-01 
-4.564722e-01 2.053192e-01 
-4.516358e-01 2.053192e-01 
-4.467994e-01 2.053192e-01 
-4.419630e-01 2.053192e-01 
-4.371266e-01 2.053192e-01 
-4.322902e-01 2.053192e-01 
-4.274537e-01 2.053192e-01 
-4.226173e-01 2.053192e-01 
-4.177809e-01 2.053192e-01 
-4.129445e-01 2.053192e-01 
-4.081081e-01 2.053192e-01 
-4.032716e-01 2.053192e-01 
-3.984352e-01 2.053192e-01 
-3.935988e-01 2.053192e-01 
-3.887624e-01 2.053192e-01 
-3.839260e-01 2.053192e-01 
-3.790896e-01 2.053192e-01 
-3.742531e-01 2.053192e-01 
-3.694167e-01 2.053192e-01 
-3.645803e-01 2.053192e-01 
-3.597439e-01 2.053192e-01 
-3.549075e-01 2.053192e-01 
-3.500710e-01 2.053192e-01 
-3.452346e-01 2.053192e-01 
-3.403982e-01 2.053192e-01 
-3.355618e-01 2.053192e-01 
-3.307254e-01 2.053192e-01 
-3.258890e-01 2.053192e-01 
-3.210525e-01 2.053192e-01 
-3.162161e-01 2.053192e-01 
-3.113797e-01 2.053192e-01 
-3.065433e-01 2.053192e-01 
-3.017069e-01 2.053192e-01 
-2.968705e-01 2.053192e-01 
-2.920340e-01 2.053192e-01 
-2.871976e-01 2.053192e-01 
-2.823612e-01 2.053192e-01 
-2.775248e-01 2.053192e-01 
-2.726884e-01 2.053192e-01 
-2.678519e-01 2.053192e-01 
-2.630155e-01 2.053192e-01 
-2.581791e-01 2.053192e-01 
-2.533427e-01 2.053192e-01 
-2.485063e-01 2.053192e-01 
-2.436699e-01 2.053192e-01 
-2.388334e-01 2.053192e-01 
-2.339970e-01 2.053192e-01 
-2.291606e-01 2.053192e-01 
-2.243242e-01 2.053192e-01 
-2.194878e-01 2.053192e-01 
-2.146514e-01 2.053192e-01 
-2.098149e-01 2.053192e-01 
-2.049785e-01 2.053192e-01 
-2.001421e-01 2.053192e-01 
-1.953057e-01 2.053192e-01 
-1.904693e-01 2.053192e-01 
-1.856328e-01 2.053192e-01 
-1.807964e-01 2.053192e-01 
-1.759600e-01 2.053192e-01 
-1.711236e-01 2.053192e-01 
-1.662872e-01 2.053192e-01 
-1.614508e-01 2.053192e-01 
-1.566143e-01 2.053192e-01 
-1.517779e-01 2.053192e-01 
-1.469415e-01 2.053192e-01 
-1.421051e-01 2.053192e-01 
-1.372687e-01 2.053192e-01 
-1.324322e-01 2.053192e-01 
-5.000000e-01 2.113580e-01 
-4.951847e-01 2.113580e-01 
-4.903695e-01 2.113580e-01 
-4.855542e-01 2.113580e-01 
-4.807389e-01 2.113580e-01 
-4.759237e-01 2.113580e-01 
-4.711084e-01 2.113580e-01 
-4.662931e-01 2.113580e-01 
-4.614779e-01 2.113580e-01 
-4.566626e-01 2.113580e-01 
-4.518473e-01 2.113580e-01 
-4.470321e-01 2.113580e-01 
-4.422168e-01 2.113580e-01 
-4.374015e-01 2.113580e-01 
-4.325863e-01 2.113580e-01 
-4.277710e-01 2.113580e-01 
-4.229557e-01 2.113580e-01 
-4.181405e-01 2.113580e-01 
-4.133252e-01 2.113580e-01 
-4.085099e-01 2.113580e-01 
-4.036947e-01 2.113580e-01 
-3.988794e-01 2.113580e-01 
-3.940641e-01 2.113580e-01 
-3.892489e-01 2.113580e-01 
-3.844336e-01 2.113580e-01 
-3.796183e-01 2.113580e-01 
-3.748031e-01 2.113580e-01 
-3.699878e-01 2.113580e-01 
-3.651725e-01 2.113580e-01 
-3.603573e-01 2.113580e-01 
-3.555420e-01 2.113580e-01 
-3.507267e-01 2.113580e-01 
-3.459115e-01 2.113580e-01 
-3.410962e-01 2.113580e-01 
-3.362809e-01 2.113580e-01 
-3.314657e-01 2.113580e-01 
-3.266504e-01 2.113580e-01 
-3.218351e-01 2.113580e-01 
-3.170199e-01 2.113580e-01 
-3.122046e-01 2.113580e-01 
-3.073893e-01 2.113580e-01 
-3.025741e-01 2.113580e-01 
-2.977588e-01 2.113580e-01 
-2.929435e-01 2.113580e-01 
-2.881283e-01 2.113580e-01 
-2.833130e-01 2.113580e-01 
-2.784977e-01 2.113580e-01 
-2.736825e-01 2.113580e-01 
-2.688672e-01 2.113580e-01 
-2.640519e-01 2.113580e-01 
-2.592367e-01 2.113580e-01 
-2.544214e-01 2.113580e-01 
-2.496061e-01 2.113580e-01 
-2.447909e-01 2.113580e-01 
-2.399756e-01 2.113580e-01 
-2.351603e-01 2.113580e-01 
-2.303451e-01 2.113580e-01 
-2.255298e-01 2.113580e-01 
-2.207145e-01 2.113580e-01 
-2.158993e-01 2.113580e-01 
-2.110840e-01 2.113580e-01 
-2.062687e-01 2.113580e-01 
-2.014535e-01 2.113580e-01 
-1.966382e-01 2.113580e-01 
-1.918229e-01 2.113580e-01 
-1.870077e-01 2.113580e-01 
-1.821924e-01 2.113580e-01 
-1.773771e-01 2.113580e-01 
-1.725619e-01 2.113580e-01 
-1.677466e-01 2.113580e-01 
-1.629313e-01 2.113580e-01 
-1.581161e-01 2.113580e-01 
-1.533008e-01 2.113580e-01 
-1.484855e-01 2.113580e-01 
-1.436703e-01 2.113580e-01 
-1.388550e-01 2.113580e-01 
-1.340397e-01 2.113580e-01 
-5.000000e-01 2.173968e-01 
-4.952059e-01 2.173968e-01 
-4.904118e-01 2.173968e-01 
-4.856177e-01 2.173968e-01 
-4.808235e-01 2.173968e-01 
-4.760294e-01 2.173968e-01 
-4.712353e-01 2.173968e-01 
-4.664412e-01 2.173968e-01 
-4.616471e-01 2.173968e-01 
-4.568530e-01 2.173968e-01 
-4.520588e-01 2.173968e-01 
-4.472647e-01 2.173968e-01 
-4.424706e-01 2.173968e-01 
-4.376765e-01 2.173968e-01 
-4.328824e-01 2.173968e-01 
-4.280883e-01 2.173968e-01 
-4.232942e-01 2.173968e-01 
-4.185000e-01 2.173968e-01 
-4.137059e-01 2.173968e-01 
-4.089118e-01 2.173968e-01 
-4.041177e-01 2.173968e-01 
-3.993236e-01 2.173968e-01 
-3.945295e-01 2.173968e-01 
-3.897353e-01 2.173968e-01 
-3.849412e-01 2.173968e-01 
-3.801471e-01 2.173968e-01 
-3.753530e-01 2.173968e-01 
-3.705589e-01 2.173968e-01 
-3.657648e-01 2.173968e-01 
-3.609706e-01 2.173968e-01 
-3.561765e-01 2.173968e-01 
-3.513824e-01 2.173968e-01 
-3.465883e-01 2.173968e-01 
-3.417942e-01 2.173968e-01 
-3.370001e-01 2.173968e-01 
-3.322060e-01 2.173968e-01 
-3.274118e-01 2.173968e-01 
-3.226177e-01 2.173968e-01 
-3.178236e-01 2.173968e-01 
-3.130295e-01 2.173968e-01 
-3.082354e-01 2.173968e-01 
-3.034413e-01 2.173968e-01 
-2.986471e-01 2.173968e-01 
-2.938530e-01 2.173968e-01 
-2.890589e-01 2.173968e-01 
-2.842648e-01 2.173968e-01 
-2.794707e-01 2.173968e-01 
-2.746766e-01 2.173968e-01 
-2.698825e-01 2.173968e-01 
-2.650883e-01 2.173968e-01 
-2.602942e-01 2.173968e-01 
-2.555001e-01 2.173968e-01 
-2.507060e-01 2.173968e-01 
-2.459119e-01 2.173968e-01 
-2.411178e-01 2.173968e-01 
-2.363236e-01 2.173968e-01 
-2.315295e-01 2.173968e-01 
-2.267354e-01 2.173968e-01 
-2.219413e-01 2.173968e-01 
-2.171472e-01 2.173968e-01 
-2.123531e-01 2.173968e-01 
-2.075590e-01 2.173968e-01 
-2.027648e-01 2.173968e-01 
-1.979707e-01 2.173968e-01 
-1.931766e-01 2.173968e-01 
-1.883825e-01 2.173968e-01 
-1.835884e-01 2.173968e-01 
-1.787943e-01 2.173968e-01 
-1.740001e-01 2.173968e-01 
-1.692060e-01 2.173968e-01 
-1.644119e-01 2.173968e-01 
-1.596178e-01 2.173968e-01 
-1.548237e-01 2.173968e-01 
-1.500296e-01 2.173968e-01 
-1.452354e-01 2.173968e-01 
-1.404413e-01 2.173968e-01 
-1.356472e-01 2.173968e-01 
-5.000000e-01 2.234356e-01 
-4.952270e-01 2.234356e-01 
-4.904541e-01 2.234356e-01 
-4.856811e-01 2.234356e-01 
-4.809081e-01 2.234356e-01 
-4.761352e-01 2.234356e-01 
-4.713622e-01 2.234356e-01 
-4.665892e-01 2.234356e-01 
-4.618163e-01 2.234356e-01 
-4.570433e-01 2.234356e-01 
-4.522704e-01 2.234356e-01 
-4.474974e-01 2.234356e-01 
-4.427244e-01 2.234356e-01 
-4.379515e-01 2.234356e-01 
-4.331785e-01 2.234356e-01 
-4.284055e-01 2.234356e-01 
-4.236326e-01 2.234356e-01 
-4.188596e-01 2.234356e-01 
-4.140866e-01 2.234356e-01 
-4.093137e-01 2.234356e-01 
-4.045407e-01 2.234356e-01 
-3.997677e-01 2.234356e-01 
-3.949948e-01 2.234356e-01 
-3.902218e-01 2.234356e-01 
-3.854489e-01 2.234356e-01 
-3.806759e-01 2.234356e-01 
-3.759029e-01 2.234356e-01 
-3.711300e-01 2.234356e-01 
-3.663570e-01 2.234356e-01 
-3.615840e-01 2.234356e-01 
-3.568111e-01 2.234356e-01 
-3.520381e-01 2.234356e-01 
-3.472651e-01 2.234356e-01 
-3.424922e-01 2.234356e-01 
-3.377192e-01 2.234356e-01 
-3.329462e-01 2.234356e-01 
-3.281733e-01 2.234356e-01 
-3.234003e-01 2.234356e-01 
-3.186274e-01 2.234356e-01 
-3.138544e-01 2.234356e-01 
-3.090814e-01 2.234356e-01 
-3.043085e-01 2.234356e-01 
-2.995355e-01 2.234356e-01 
-2.947625e-01 2.234356e-01 
-2.899896e-01 2.234356e-01 
-2.852166e-01 2.234356e-01 
-2.804436e-01 2.234356e-01 
-2.756707e-01 2.234356e-01 
-2.708977e-01 2.234356e-01 
-2.661247e-01 2.234356e-01 
-2.613518e-01 2.234356e-01 
-2.565788e-01 2.234356e-01 
-2.518058e-01 2.234356e-01 
-2.470329e-01 2.234356e-01 
-2.422599e-01 2.234356e-01 
-2.374870e-01 2.234356e-01 
-2.327140e-01 2.234356e-01 
-2.279410e-01 2.234356e-01 
-2.231681e-01 2.234356e-01 
-2.183951e-01 2.234356e-01 
-2.136221e-01 2.234356e-01 
-2.088492e-01 2.234356e-01 
-2.040762e-01 2.234356e-01 
-1.993032e-01 2.234356e-01 
-1.945303e-01 2.234356e-01 
-1.897573e-01 2.234356e-01 
-1.849843e-01 2.234356e-01 
-1.802114e-01 2.234356e-01 
-1.754384e-01 2.234356e-01 
-1.706655e-01 2.234356e-01 
-1.658925e-01 2.234356e-01 
-1.611195e-01 2.234356e-01 
-1.563466e-01 2.234356e-01 
-1.515736e-01 2.234356e-01 
-1.468006e-01 2.234356e-01 
-1.420277e-01 2.234356e-01 
-1.372547e-01 2.234356e-01 
-5.000000e-01 2.294744e-01 
-4.952482e-01 2.294744e-01 
-4.904964e-01 2.294744e-01 
-4.857446e-01 2.294744e-01 
-4.809927e-01 2.294744e-01 
-4.762409e-01 2.294744e-01 
-4.714891e-01 2.294744e-01 
-4.667373e-01 2.294744e-01 
-4.619855e-01 2.294744e-01 
-4.572337e-01 2.294744e-01 
-4.524819e-01 2.294744e-01 
-4.477301e-01 2.294744e-01 
-4.429782e-01 2.294744e-01 
-4.382264e-01 2.294744e-01 
-4.334746e-01 2.294744e-01 
-4.287228e-01 2.294744e-01 
-4.239710e-01 2.294744e-01 
-4.192192e-01 2.294744e-01 
-4.144674e-01 2.294744e-01 
-4.097155e-01 2.294744e-01 
-4.049637e-01 2.294744e-01 
-4.002119e-01 2.294744e-01 
-3.954601e-01 2.294744e-01 
-3.907083e-01 2.294744e-01 
-3.859565e-01 2.294744e-01 
-3.812047e-01 2.294744e-01 
-3.764529e-01 2.294744e-01 
-3.717010e-01 2.294744e-01 
-3.669492e-01 2.294744e-01 
-3.621974e-01 2.294744e-01 
-3.574456e-01 2.294744e-01 
-3.526938e-01 2.294744e-01 
-3.479420e-01 2.294744e-01 
-3.431902e-01 2.294744e-01 
-3.384383e-01 2.294744e-01 
-3.336865e-01 2.294744e-01 
-3.289347e-01 2.294744e-01 
-3.241829e-01 2.294744e-01 
-3.194311e-01 2.294744e-01 
-3.146793e-01 2.294744e-01 
-3.099275e-01 2.294744e-01 
-3.051757e-01 2.294744e-01 
-3.004238e-01 2.294744e-01 
-2.956720e-01 2.294744e-01 
-2.909202e-01 2.294744e-01 
-2.861684e-01 2.294744e-01 
-2.814166e-01 2.294744e-01 
-2.766648e-01 2.294744e-01 
-2.719130e-01 2.294744e-01 
-2.671611e-01 2.294744e-01 
-2.624093e-01 2.294744e-01 
-2.576575e-01 2.294744e-01 
-2.529057e-01 2.294744e-01 
-2.481539e-01 2.294744e-01 
-2.434021e-01 2.294744e-01 
-2.386503e-01 2.294744e-01 
-2.338985e-01 2.294744e-01 
-2.291466e-01 2.294744e-01 
-2.243948e-01 2.294744e-01 
-2.196430e-01 2.294744e-01 
-2.148912e-01 2.294744e-01 
-2.101394e-01 2.294744e-01 
-2.053876e-01 2.294744e-01 
-2.006358e-01 2.294744e-01 
-1.958839e-01 2.294744e-01 
-1.911321e-01 2.294744e-01 
-1.863803e-01 2.294744e-01 
-1.816285e-01 2.294744e-01 
-1.768767e-01 2.294744e-01 
-1.721249e-01 2.294744e-01 
-1.673731e-01 2.294744e-01 
-1.626213e-01 2.294744e-01 
-1.578694e-01 2.294744e-01 
-1.531176e-01 2.294744e-01 
-1.483658e-01 2.294744e-01 
-1.436140e-01 2.294744e-01 
-1.388622e-01 2.294744e-01 
-5.000000e-01 2.355132e-01 
-4.952693e-01 2.355132e-01 
-4.905387e-01 2.355132e-01 
-4.858080e-01 2.355132e-01 
-4.810774e-01 2.355132e-01 
-4.763467e-01 2.355132e-01 
-4.716160e-01 2.355132e-01 
-4.668854e-01 2.355132e-01 
-4.621547e-01 2.355132e-01 
-4.574240e-01 2.355132e-01 
-4.526934e-01 2.355132e-01 
-4.479627e-01 2.355132e-01 
-4.432321e-01 2.355132e-01 
-4.385014e-01 2.355132e-01 
-4.337707e-01 2.355132e-01 
-4.290401e-01 2.355132e-01 
-4.243094e-01 2.355132e-01 
-4.195787e-01 2.355132e-01 
-4.148481e-01 2.355132e-01 
-4.101174e-01 2.355132e-01 
-4.053868e-01 2.355132e-01 
-4.006561e-01 2.355132e-01 
-3.959254e-01 2.355132e-01 
-3.911948e-01 2.355132e-01 
-3.864641e-01 2.355132e-01 
-3.817334e-01 2.355132e-01 
-3.770028e-01 2.355132e-01 
-3.722721e-01 2.355132e-01 
-3.675415e-01 2.355132e-01 
-3.628108e-01 2.355132e-01 
-3.580801e-01 2.355132e-01 
-3.533495e-01 2.355132e-01 
-3.486188e-01 2.355132e-01 
-3.438881e-01 2.355132e-01 
-3.391575e-01 2.355132e-01 
-3.344268e-01 2.355132e-01 
-3.296962e-01 2.355132e-01 
-3.249655e-01 2.355132e-01 
-3.202348e-01 2.355132e-01 
-3.155042e-01 2.355132e-01 
-3.107735e-01 2.355132e-01 
-3.060428e-01 2.355132e-01 
-3.013122e-01 2.355132e-01 
-2.965815e-01 2.355132e-01 
-2.918509e-01 2.355132e-01 
-2.871202e-01 2.355132e-01 
-2.823895e-01 2.355132e-01 
-2.776589e-01 2.355132e-01 
-2.729282e-01 2.355132e-01 
-2.681976e-01 2.355132e-01 
-2.634669e-01 2.355132e-01 
-2.587362e-01 2.355132e-01 
-2.540056e-01 2.355132e-01 
-2.492749e-01 2.355132e-01 
-2.445442e-01 2.355132e-01 
-2.398136e-01 2.355132e-01 
-2.350829e-01 2.355132e-01 
-2.303523e-01 2.355132e-01 
-2.256216e-01 2.355132e-01 
-2.208909e-01 2.355132e-01 
-2.161603e-01 2.355132e-01 
-2.114296e-01 2.355132e-01 
-2.066989e-01 2.355132e-01 
-2.019683e-01 2.355132e-01 
-1.972376e-01 2.355132e-01 
-1.925070e-01 2.355132e-01 
-1.877763e-01 2.355132e-01 
-1.830456e-01 2.355132e-01 
-1.783150e-01 2.355132e-01 
-1.735843e-01 2.355132e-01 
-1.688536e-01 2.355132e-01 
-1.641230e-01 2.355132e-01 
-1.593923e-01 2.355132e-01 
-1.546617e-01 2.355132e-01 
-1.499310e-01 2.355132e-01 
-1.452003e-01 2.355132e-01 
-1.404697e-01 2.355132e-01 
-5.000000e-01 2.415520e-01 
-4.952905e-01 2.415520e-01 
-4.905810e-01 2.415520e-01 
-4.858715e-01 2.415520e-01 
-4.811620e-01 2.415520e-01 
-4.764524e-01 2.415520e-01 
-4.717429e-01 2.415520e-01 
-4.670334e-01 2.415520e-01 
-4.623239e-01 2.415520e-01 
-4.576144e-01 2.415520e-01 
-4.529049e-01 2.415520e-01 
-4.481954e-01 2.415520e-01 
-4.434859e-01 2.415520e-01 
-4.387764e-01 2.415520e-01 
-4.340668e-01 2.415520e-01 
-4.293573e-01 2.415520e-01 
-4.246478e-01 2.415520e-01 
-4.199383e-01 2.415520e-01 
-4.152288e-01 2.415520e-01 
-4.105193e-01 2.415520e-01 
-4.058098e-01 2.415520e-01 
-4.011003e-01 2.415520e-01 
-3.963908e-01 2.415520e-01 
-3.916812e-01 2.415520e-01 
-3.869717e-01 2.415520e-01 
-3.822622e-01 2.415520e-01 
-3.775527e-01 2.415520e-01 
-3.728432e-01 2.415520e-01 
-3.681337e-01 2.415520e-01 
-3.634242e-01 2.415520e-01 
-3.587147e-01 2.415520e-01 
-3.540052e-01 2.415520e-01 
-3.492956e-01 2.415520e-01 
-3.445861e-01 2.415520e-01 
-3.398766e-01 2.415520e-01 
-3.351671e-01 2.415520e-01 
-3.304576e-01 2.415520e-01 
-3.257481e-01 2.415520e-01 
-3.210386e-01 2.415520e-01 
-3.163291e-01 2.415520e-01 
-3.116196e-01 2.415520e-01 
-3.069100e-01 2.415520e-01 
-3.022005e-01 2.415520e-01 
-2.974910e-01 2.415520e-01 
-2.927815e-01 2.415520e-01 
-2.880720e-01 2.415520e-01 
-2.833625e-01 2.415520e-01 
-2.786530e-01 2.415520e-01 
-2.739435e-01 2.415520e-01 
-2.692340e-01 2.415520e-01 
-2.645244e-01 2.415520e-01 
-2.598149e-01 2.415520e-01 
-2.551054e-01 2.415520e-01 
-2.503959e-01 2.415520e-01 
-2.456864e-01 2.415520e-01 
-2.409769e-01 2.415520e-01 
-2.362674e-01 2.415520e-01 
-2.315579e-01 2.415520e-01 
-2.268484e-01 2.415520e-01 
-2.221388e-01 2.415520e-01 
-2.174293e-01 2.415520e-01 
-2.127198e-01 2.415520e-01 
-2.080103e-01 2.415520e-01 
-2.033008e-01 2.415520e-01 
-1.985913e-01 2.415520e-01 
-1.938818e-01 2.415520e-01 
-1.891723e-01 2.415520e-01 
-1.844628e-01 2.415520e-01 
-1.797532e-01 2.415520e-01 
-1.750437e-01 2.415520e-01 
-1.703342e-01 2.415520e-01 
-1.656247e-01 2.415520e-01 
-1.609152e-01 2.415520e-01 
-1.562057e-01 2.415520e-01 
-1.514962e-01 2.415520e-01 
-1.467867e-01 2.415520e-01 
-1.420772e-01 2.415520e-01 
-5.000000e-01 2.475908e-01 
-4.953116e-01 2.475908e-01 
-4.906233e-01 2.475908e-01 
-4.859349e-01 2.475908e-01 
-4.812466e-01 2.475908e-01 
-4.765582e-01 2.475908e-01 
-4.718698e-01 2.475908e-01 
-4.671815e-01 2.475908e-01 
-4.624931e-01 2.475908e-01 
-4.578048e-01 2.475908e-01 
-4.531164e-01 2.475908e-01 
-4.484280e-01 2.475908e-01 
-4.437397e-01 2.475908e-01 
-4.390513e-01 2.475908e-01 
-4.343630e-01 2.475908e-01 
-4.296746e-01 2.475908e-01 
-4.249862e-01 2.475908e-01 
-4.202979e-01 2.475908e-01 
-4.156095e-01 2.475908e-01 
-4.109212e-01 2.475908e-01 
-4.062328e-01 2.475908e-01 
-4.015444e-01 2.475908e-01 
-3.968561e-01 2.475908e-01 
-3.921677e-01 2.475908e-01 
-3.874794e-01 2.475908e-01 
-3.827910e-01 2.475908e-01 
-3.781026e-01 2.475908e-01 
-3.734143e-01 2.475908e-01 
-3.687259e-01 2.475908e-01 
-3.640376e-01 2.475908e-01 
-3.593492e-01 2.475908e-01 
-3.546608e-01 2.475908e-01 
-3.499725e-01 2.475908e-01 
-3.452841e-01 2.475908e-01 
-3.405958e-01 2.475908e-01 
-3.359074e-01 2.475908e-01 
-3.312190e-01 2.475908e-01 
-3.265307e-01 2.475908e-01 
-3.218423e-01 2.475908e-01 
-3.171540e-01 2.475908e-01 
-3.124656e-01 2.475908e-01 
-3.077772e-01 2.475908e-01 
-3.030889e-01 2.475908e-01 
-2.984005e-01 2.475908e-01 
-2.937122e-01 2.475908e-01 
-2.890238e-01 2.475908e-01 
-2.843354e-01 2.475908e-01 
-2.796471e-01 2.475908e-01 
-2.749587e-01 2.475908e-01 
-2.702704e-01 2.475908e-01 
-2.655820e-01 2.475908e-01 
-2.608936e-01 2.475908e-01 
-2.562053e-01 2.475908e-01 
-2.515169e-01 2.475908e-01 
-2.468286e-01 2.475908e-01 
-2.421402e-01 2.475908e-01 
-2.374518e-01 2.475908e-01 
-2.327635e-01 2.475908e-01 
-2.280751e-01 2.475908e-01 
-2.233868e-01 2.475908e-01 
-2.186984e-01 2.475908e-01 
-2.140100e-01 2.475908e-01 
-2.093217e-01 2.475908e-01 
-2.046333e-01 2.475908e-01 
-1.999450e-01 2.475908e-01 
-1.952566e-01 2.475908e-01 
-1.905682e-01 2.475908e-01 
-1.858799e-01 2.475908e-01 
-1.811915e-01 2.475908e-01 
-1.765032e-01 2.475908e-01 
-1.718148e-01 2.475908e-01 
-1.671264e-01 2.475908e-01 
-1.624381e-01 2.475908e-01 
-1.577497e-01 2.475908e-01 
-1.530614e-01 2.475908e-01 
-1.483730e-01 2.475908e-01 
-1.436846e-01 2.475908e-01 
-5.000000e-01 2.536296e-01 
-4.953328e-01 2.536296e-01 
-4.906656e-01 2.536296e-01 
-4.859984e-01 2.536296e-01 
-4.813312e-01 2.536296e-01 
-4.766640e-01 2.536296e-01 
-4.719967e-01 2.536296e-01 
-4.673295e-01 2.536296e-01 
-4.626623e-01 2.536296e-01 
-4.579951e-01 2.536296e-01 
-4.533279e-01 2.536296e-01 
-4.486607e-01 2.536296e-01 
-4.439935e-01 2.536296e-01 
-4.393263e-01 2.536296e-01 
-4.346591e-01 2.536296e-01 
-4.299919e-01 2.536296e-01 
-4.253247e-01 2.536296e-01 
-4.206574e-01 2.536296e-01 
-4.159902e-01 2.536296e-01 
-4.113230e-01 2.536296e-01 
-4.066558e-01 2.536296e-01 
-4.019886e-01 2.536296e-01 
-3.973214e-01 2.536296e-01 
-3.926542e-01 2.536296e-01 
-3.879870e-01 2.536296e-01 
-3.833198e-01 2.536296e-01 
-3.786526e-01 2.536296e-01 
-3.739854e-01 2.536296e-01 
-3.693182e-01 2.536296e-01 
-3.646509e-01 2.536296e-01 
-3.599837e-01 2.536296e-01 
-3.553165e-01 2.536296e-01 
-3.506493e-01 2.536296e-01 
-3.459821e-01 2.536296e-01 
-3.413149e-01 2.536296e-01 
-3.366477e-01 2.536296e-01 
-3.319805e-01 2.536296e-01 
-3.273133e-01 2.536296e-01 
-3.226461e-01 2.536296e-01 
-3.179789e-01 2.536296e-01 
-3.133116e-01 2.536296e-01 
-3.086444e-01 2.536296e-01 
-3.039772e-01 2.536296e-01 
-2.993100e-01 2.536296e-01 
-2.946428e-01 2.536296e-01 
-2.899756e-01 2.536296e-01 
-2.853084e-01 2.536296e-01 
-2.806412e-01 2.536296e-01 
-2.759740e-01 2.536296e-01 
-2.713068e-01 2.536296e-01 
-2.666396e-01 2.536296e-01 
-2.619723e-01 2.536296e-01 
-2.573051e-01 2.536296e-01 
-2.526379e-01 2.536296e-01 
-2.479707e-01 2.536296e-01 
-2.433035e-01 2.536296e-01 
-2.386363e-01 2.536296e-01 
-2.339691e-01 2.536296e-01 
-2.293019e-01 2.536296e-01 
-2.246347e-01 2.536296e-01 
-2.199675e-01 2.536296e-01 
-2.153003e-01 2.536296e-01 
-2.106330e-01 2.536296e-01 
-2.059658e-01 2.536296e-01 
-2.012986e-01 2.536296e-01 
-1.966314e-01 2.536296e-01 
-1.919642e-01 2.536296e-01 
-1.872970e-01 2.536296e-01 
-1.826298e-01 2.536296e-01 
-1.779626e-01 2.536296e-01 
-1.732954e-01 2.536296e-01 
-1.686282e-01 2.536296e-01 
-1.639610e-01 2.536296e-01 
-1.592938e-01 2.536296e-01 
-1.546265e-01 2.536296e-01 
-1.499593e-01 2.536296e-01 
-1.452921e-01 2.536296e-01 
-5.000000e-01 2.596684e-01 
-4.953539e-01 2.596684e-01 
-4.907079e-01 2.596684e-01 
-4.860618e-01 2.596684e-01 
-4.814158e-01 2.596684e-01 
-4.767697e-01 2.596684e-01 
-4.721237e-01 2.596684e-01 
-4.674776e-01 2.596684e-01 
-4.628315e-01 2.596684e-01 
-4.581855e-01 2.596684e-01 
-4.535394e-01 2.596684e-01 
-4.488934e-01 2.596684e-01 
-4.442473e-01 2.596684e-01 
-4.396012e-01 2.596684e-01 
-4.349552e-01 2.596684e-01 
-4.303091e-01 2.596684e-01 
-4.256631e-01 2.596684e-01 
-4.210170e-01 2.596684e-01 
-4.163710e-01 2.596684e-01 
-4.117249e-01 2.596684e-01 
-4.070788e-01 2.596684e-01 
-4.024328e-01 2.596684e-01 
-3.977867e-01 2.596684e-01 
-3.931407e-01 2.596684e-01 
-3.884946e-01 2.596684e-01 
-3.838486e-01 2.596684e-01 
-3.792025e-01 2.596684e-01 
-3.745564e-01 2.596684e-01 
-3.699104e-01 2.596684e-01 
-3.652643e-01 2.596684e-01 
-3.606183e-01 2.596684e-01 
-3.559722e-01 2.596684e-01 
-3.513262e-01 2.596684e-01 
-3.466801e-01 2.596684e-01 
-3.420340e-01 2.596684e-01 
-3.373880e-01 2.596684e-01 
-3.327419e-01 2.596684e-01 
-3.280959e-01 2.596684e-01 
-3.234498e-01 2.596684e-01 
-3.188037e-01 2.596684e-01 
-3.141577e-01 2.596684e-01 
-3.095116e-01 2.596684e-01 
-3.048656e-01 2.596684e-01 
-3.002195e-01 2.596684e-01 
-2.955735e-01 2.596684e-01 
-2.909274e-01 2.596684e-01 
-2.862813e-01 2.596684e-01 
-2.816353e-01 2.596684e-01 
-2.769892e-01 2.596684e-01 
-2.723432e-01 2.596684e-01 
-2.676971e-01 2.596684e-01 
-2.630511e-01 2.596684e-01 
-2.584050e-01 2.596684e-01 
-2.537589e-01 2.596684e-01 
-2.491129e-01 2.596684e-01 
-2.444668e-01 2.596684e-01 
-2.398208e-01 2.596684e-01 
-2.351747e-01 2.596684e-01 
-2.305286e-01 2.596684e-01 
-2.258826e-01 2.596684e-01 
-2.212365e-01 2.596684e-01 
-2.165905e-01 2.596684e-01 
-2.119444e-01 2.596684e-01 
-2.072984e-01 2.596684e-01 
-2.026523e-01 2.596684e-01 
-1.980062e-01 2.596684e-01 
-1.933602e-01 2.596684e-01 
-1.887141e-01 2.596684e-01 
-1.840681e-01 2.596684e-01 
-1.794220e-01 2.596684e-01 
-1.747760e-01 2.596684e-01 
-1.701299e-01 2.596684e-01 
-1.654838e-01 2.596684e-01 
-1.608378e-01 2.596684e-01 
-1.561917e-01 2.596684e-01 
-1.515457e-01 2.596684e-01 
-1.468996e-01 2.596684e-01 
-5.000000e-01 2.657072e-01 
-4.953751e-01 2.657072e-01 
-4.907502e-01 2.657072e-01 
-4.861253e-01 2.657072e-01 
-4.815004e-01 2.657072e-01 
-4.768755e-01 2.657072e-01 
-4.722506e-01 2.657072e-01 
-4.676257e-01 2.657072e-01 
-4.630007e-01 2.657072e-01 
-4.583758e-01 2.657072e-01 
-4.537509e-01 2.657072e-01 
-4.491260e-01 2.657072e-01 
-4.445011e-01 2.657072e-01 
-4.398762e-01 2.657072e-01 
-4.352513e-01 2.657072e-01 
-4.306264e-01 2.657072e-01 
-4.260015e-01 2.657072e-01 
-4.213766e-01 2.657072e-01 
-4.167517e-01 2.657072e-01 
-4.121268e-01 2.657072e-01 
-4.075019e-01 2.657072e-01 
-4.028770e-01 2.657072e-01 
-3.982521e-01 2.657072e-01 
-3.936271e-01 2.657072e-01 
-3.890022e-01 2.657072e-01 
-3.843773e-01 2.657072e-01 
-3.797524e-01 2.657072e-01 
-3.751275e-01 2.657072e-01 
-3.705026e-01 2.657072e-01 
-3.658777e-01 2.657072e-01 
-3.612528e-01 2.657072e-01 
-3.566279e-01 2.657072e-01 
-3.520030e-01 2.657072e-01 
-3.473781e-01 2.657072e-01 
-3.427532e-01 2.657072e-01 
-3.381283e-01 2.657072e-01 
-3.335034e-01 2.657072e-01 
-3.288785e-01 2.657072e-01 
-3.242535e-01 2.657072e-01 
-3.196286e-01 2.657072e-01 
-3.150037e-01 2.657072e-01 
-3.103788e-01 2.657072e-01 
-3.057539e-01 2.657072e-01 
-3.011290e-01 2.657072e-01 
-2.965041e-01 2.657072e-01 
-2.918792e-01 2.657072e-01 
-2.872543e-01 2.657072e-01 
-2.826294e-01 2.657072e-01 
-2.780045e-01 2.657072e-01 
-2.733796e-01 2.657072e-01 
-2.687547e-01 2.657072e-01 
-2.641298e-01 2.657072e-01 
-2.595049e-01 2.657072e-01 
-2.548799e-01 2.657072e-01 
-2.502550e-01 2.657072e-01 
-2.456301e-01 2.657072e-01 
-2.410052e-01 2.657072e-01 
-2.363803e-01 2.657072e-01 
-2.317554e-01 2.657072e-01 
-2.271305e-01 2.657072e-01 
-2.225056e-01 2.657072e-01 
-2.178807e-01 2.657072e-01 
-2.132558e-01 2.657072e-01 
-2.086309e-01 2.657072e-01 
-2.040060e-01 2.657072e-01 
-1.993811e-01 2.657072e-01 
-1.947562e-01 2.657072e-01 
-1.901313e-01 2.657072e-01 
-1.855063e-01 2.657072e-01 
-1.808814e-01 2.657072e-01 
-1.762565e-01 2.657072e-01 
-1.716316e-01 2.657072e-01 
-1.670067e-01 2.657072e-01 
-1.623818e-01 2.657072e-01 
-1.577569e-01 2.657072e-01 
-1.531320e-01 2.657072e-01 
-1.485071e-01 2.657072e-01 
-5.000000e-01 2.717460e-01 
-4.953962e-01 2.717460e-01 
-4.907925e-01 2.717460e-01 
-4.861887e-01 2.717460e-01 
-4.815850e-01 2.717460e-01 
-4.769812e-01 2.717460e-01 
-4.723775e-01 2.717460e-01 
-4.677737e-01 2.717460e-01 
-4.631700e-01 2.717460e-01 
-4.585662e-01 2.717460e-01 
-4.539624e-01 2.717460e-01 
-4.493587e-01 2.717460e-01 
-4.447549e-01 2.717460e-01 
-4.401512e-01 2.717460e-01 
-4.355474e-01 2.717460e-01 
-4.309437e-01 2.717460e-01 
-4.263399e-01 2.717460e-01 
-4.217362e-01 2.717460e-01 
-4.171324e-01 2.717460e-01 
-4.125286e-01 2.717460e-01 
-4.079249e-01 2.717460e-01 
-4.033211e-01 2.717460e-01 
-3.987174e-01 2.717460e-01 
-3.941136e-01 2.717460e-01 
-3.895099e-01 2.717460e-01 
-3.849061e-01 2.717460e-01 
-3.803024e-01 2.717460e-01 
-3.756986e-01 2.717460e-01 
-3.710948e-01 2.717460e-01 
-3.664911e-01 2.717460e-01 
-3.618873e-01 2.717460e-01 
-3.572836e-01 2.717460e-01 
-3.526798e-01 2.717460e-01 
-3.480761e-01 2.717460e-01 
-3.434723e-01 2.717460e-01 
-3.388686e-01 2.717460e-01 
-3.342648e-01 2.717460e-01 
-3.296610e-01 2.717460e-01 
-3.250573e-01 2.717460e-01 
-3.204535e-01 2.717460e-01 
-3.158498e-01 2.717460e-01 
-3.112460e-01 2.717460e-01 
-3.066423e-01 2.717460e-01 
-3.020385e-01 2.717460e-01 
-2.974348e-01 2.717460e-01 
-2.928310e-01 2.717460e-01 
-2.882272e-01 2.717460e-01 
-2.836235e-01 2.717460e-01 
-2.790197e-01 2.717460e-01 
-2.744160e-01 2.717460e-01 
-2.698122e-01 2.717460e-01 
-2.652085e-01 2.717460e-01 
-2.606047e-01 2.717460e-01 
-2.560010e-01 2.717460e-01 
-2.513972e-01 2.717460e-01 
-2.467934e-01 2.717460e-01 
-2.421897e-01 2.717460e-01 
-2.375859e-01 2.717460e-01 
-2.329822e-01 2.717460e-01 
-2.283784e-01 2.717460e-01 
-2.237747e-01 2.717460e-01 
-2.191709e-01 2.717460e-01 
-2.145672e-01 2.717460e-01 
-2.099634e-01 2.717460e-01 
-2.053596e-01 2.717460e-01 
-2.007559e-01 2.717460e-01 
-1.961521e-01 2.717460e-01 
-1.915484e-01 2.717460e-01 
-1.869446e-01 2.717460e-01 
-1.823409e-01 2.717460e-01 
-1.777371e-01 2.717460e-01 
-1.731334e-01 2.717460e-01 
-1.685296e-01 2.717460e-01 
-1.639258e-01 2.717460e-01 
-1.593221e-01 2.717460e-01 
-1.547183e-01 2.717460e-01 
-1.501146e-01 2.717460e-01 
-5.000000e-01 2.777848e-01 
-4.954174e-01 2.777848e-01 
-4.908348e-01 2.777848e-01 
-4.862522e-01 2.777848e-01 
-4.816696e-01 2.777848e-01 
-4.770870e-01 2.777848e-01 
-4.725044e-01 2.777848e-01 
-4.679218e-01 2.777848e-01 
-4.633392e-01 2.777848e-01 
-4.587566e-01 2.777848e-01 
-4.541740e-01 2.777848e-01 
-4.495914e-01 2.777848e-01 
-4.450087e-01 2.777848e-01 
-4.404261e-01 2.777848e-01 
-4.358435e-01 2.777848e-01 
-4.312609e-01 2.777848e-01 
-4.266783e-01 2.777848e-01 
-4.220957e-01 2.777848e-01 
-4.175131e-01 2.777848e-01 
-4.129305e-01 2.777848e-01 
-4.083479e-01 2.777848e-01 
-4.037653e-01 2.777848e-01 
-3.991827e-01 2.777848e-01 
-3.946001e-01 2.777848e-01 
-3.900175e-01 2.777848e-01 
-3.854349e-01 2.777848e-01 
-3.808523e-01 2.777848e-01 
-3.762697e-01 2.777848e-01 
-3.716871e-01 2.777848e-01 
-3.671045e-01 2.777848e-01 
-3.625219e-01 2.777848e-01 
-3.579393e-01 2.777848e-01 
-3.533567e-01 2.777848e-01 
-3.487741e-01 2.777848e-01 
-3.441914e-01 2.777848e-01 
-3.396088e-01 2.777848e-01 
-3.350262e-01 2.777848e-01 
-3.304436e-01 2.777848e-01 
-3.258610e-01 2.777848e-01 
-3.212784e-01 2.777848e-01 
-3.166958e-01 2.777848e-01 
-3.121132e-01 2.777848e-01 
-3.075306e-01 2.777848e-01 
-3.029480e-01 2.777848e-01 
-2.983654e-01 2.777848e-01 
-2.937828e-01 2.777848e-01 
-2.892002e-01 2.777848e-01 
-2.846176e-01 2.777848e-01 
-2.800350e-01 2.777848e-01 
-2.754524e-01 2.777848e-01 
-2.708698e-01 2.777848e-01 
-2.662872e-01 2.777848e-01 
-2.617046e-01 2.777848e-01 
-2.571220e-01 2.777848e-01 
-2.525394e-01 2.777848e-01 
-2.479568e-01 2.777848e-01 
-2.433742e-01 2.777848e-01 
-2.387915e-01 2.777848e-01 
-2.342089e-01 2.777848e-01 
-2.296263e-01 2.777848e-01 
-2.250437e-01 2.777848e-01 
-2.204611e-01 2.777848e-01 
-2.158785e-01 2.777848e-01 
-2.112959e-01 2.777848e-01 
-2.067133e-01 2.777848e-01 
-2.021307e-01 2.777848e-01 
-1.975481e-01 2.777848e-01 
-1.929655e-01 2.777848e-01 
-1.883829e-01 2.777848e-01 
-1.838003e-01 2.777848e-01 
-1.792177e-01 2.777848e-01 
-1.746351e-01 2.777848e-01 
-1.700525e-01 2.777848e-01 
-1.654699e-01 2.777848e-01 
-1.608873e-01 2.777848e-01 
-1.563047e-01 2.777848e-01 
-1.517221e-01 2.777848e-01 
-5.000000e-01 2.838236e-01 
-4.954385e-01 2.838236e-01 
-4.908771e-01 2.838236e-01 
-4.863156e-01 2.838236e-01 
-4.817542e-01 2.838236e-01 
-4.771927e-01 2.838236e-01 
-4.726313e-01 2.838236e-01 
-4.680698e-01 2.838236e-01 
-4.635084e-01 2.838236e-01 
-4.589469e-01 2.838236e-01 
-4.543855e-01 2.838236e-01 
-4.498240e-01 2.838236e-01 
-4.452626e-01 2.838236e-01 
-4.407011e-01 2.838236e-01 
-4.361397e-01 2.838236e-01 
-4.315782e-01 2.838236e-01 
-4.270167e-01 2.838236e-01 
-4.224553e-01 2.838236e-01 
-4.178938e-01 2.838236e-01 
-4.133324e-01 2.838236e-01 
-4.087709e-01 2.838236e-01 
-4.042095e-01 2.838236e-01 
-3.996480e-01 2.838236e-01 
-3.950866e-01 2.838236e-01 
-3.905251e-01 2.838236e-01 
-3.859637e-01 2.838236e-01 
-3.814022e-01 2.838236e-01 
-3.768408e-01 2.838236e-01 
-3.722793e-01 2.838236e-01 
-3.677179e-01 2.838236e-01 
-3.631564e-01 2.838236e-01 
-3.585949e-01 2.838236e-01 
-3.540335e-01 2.838236e-01 
-3.494720e-01 2.838236e-01 
-3.449106e-01 2.838236e-01 
-3.403491e-01 2.838236e-01 
-3.357877e-01 2.838236e-01 
-3.312262e-01 2.838236e-01 
-3.266648e-01 2.838236e-01 
-3.221033e-01 2.838236e-01 
-3.175419e-01 2.838236e-01 
-3.129804e-01 2.838236e-01 
-3.084190e-01 2.838236e-01 
-3.038575e-01 2.838236e-01 
-2.992961e-01 2.838236e-01 
-2.947346e-01 2.838236e-01 
-2.901731e-01 2.838236e-01 
-2.856117e-01 2.838236e-01 
-2.810502e-01 2.838236e-01 
-2.764888e-01 2.838236e-01 
-2.719273e-01 2.838236e-01 
-2.673659e-01 2.838236e-01 
-2.628044e-01 2.838236e-01 
-2.582430e-01 2.838236e-01 
-2.536815e-01 2.838236e-01 
-2.491201e-01 2.838236e-01 
-2.445586e-01 2.838236e-01 
-2.399972e-01 2.838236e-01 
-2.354357e-01 2.838236e-01 
-2.308743e-01 2.838236e-01 
-2.263128e-01 2.838236e-01 
-2.217513e-01 2.838236e-01 
-2.171899e-01 2.838236e-01 
-2.126284e-01 2.838236e-01 
-2.080670e-01 2.838236e-01 
-2.035055e-01 2.838236e-01 
-1.989441e-01 2.838236e-01 
-1.943826e-01 2.838236e-01 
-1.898212e-01 2.838236e-01 
-1.852597e-01 2.838236e-01 
-1.806983e-01 2.838236e-01 
-1.761368e-01 2.838236e-01 
-1.715754e-01 2.838236e-01 
-1.670139e-01 2.838236e-01 
-1.624525e-01 2.838236e-01 
-1.578910e-01 2.838236e-01 
-1.533295e-01 2.838236e-01 
-5.000000e-01 2.898624e-01 
-4.954597e-01 2.898624e-01 
-4.909194e-01 2.898624e-01 
-4.863791e-01 2.898624e-01 
-4.818388e-01 2.898624e-01 
-4.772985e-01 2.898624e-01 
-4.727582e-01 2.898624e-01 
-4.682179e-01 2.898624e-01 
-4.636776e-01 2.898624e-01 
-4.591373e-01 2.898624e-01 
-4.545970e-01 2.898624e-01 
-4.500567e-01 2.898624e-01 
-4.455164e-01 2.898624e-01 
-4.409761e-01 2.898624e-01 
-4.364358e-01 2.898624e-01 
-4.318955e-01 2.898624e-01 
-4.273552e-01 2.898624e-01 
-4.228149e-01 2.898624e-01 
-4.182746e-01 2.898624e-01 
-4.137343e-01 2.898624e-01 
-4.091940e-01 2.898624e-01 
-4.046537e-01 2.898624e-01 
-4.001134e-01 2.898624e-01 
-3.955730e-01 2.898624e-01 
-3.910327e-01 2.898624e-01 
-3.864924e-01 2.898624e-01 
-3.819521e-01 2.898624e-01 
-3.774118e-01 2.898624e-01 
-3.728715e-01 2.898624e-01 
-3.683312e-01 2.898624e-01 
-3.637909e-01 2.898624e-01 
-3.592506e-01 2.898624e-01 
-3.547103e-01 2.898624e-01 
-3.501700e-01 2.898624e-01 
-3.456297e-01 2.898624e-01 
-3.410894e-01 2.898624e-01 
-3.365491e-01 2.898624e-01 
-3.320088e-01 2.898624e-01 
-3.274685e-01 2.898624e-01 
-3.229282e-01 2.898624e-01 
-3.183879e-01 2.898624e-01 
-3.138476e-01 2.898624e-01 
-3.093073e-01 2.898624e-01 
-3.047670e-01 2.898624e-01 
-3.002267e-01 2.898624e-01 
-2.956864e-01 2.898624e-01 
-2.911461e-01 2.898624e-01 
-2.866058e-01 2.898624e-01 
-2.820655e-01 2.898624e-01 
-2.775252e-01 2.898624e-01 
-2.729849e-01 2.898624e-01 
-2.684446e-01 2.898624e-01 
-2.639043e-01 2.898624e-01 
-2.593640e-01 2.898624e-01 
-2.548237e-01 2.898624e-01 
-2.502834e-01 2.898624e-01 
-2.457431e-01 2.898624e-01 
-2.412028e-01 2.898624e-01 
-2.366625e-01 2.898624e-01 
-2.321222e-01 2.898624e-01 
-2.275819e-01 2.898624e-01 
-2.230416e-01 2.898624e-01 
-2.185013e-01 2.898624e-01 
-2.139610e-01 2.898624e-01 
-2.094207e-01 2.898624e-01 
-2.048804e-01 2.898624e-01 
-2.003401e-01 2.898624e-01 
-1.957998e-01 2.898624e-01 
-1.912594e-01 2.898624e-01 
-1.867191e-01 2.898624e-01 
-1.821788e-01 2.898624e-01 
-1.776385e-01 2.898624e-01 
-1.730982e-01 2.898624e-01 
-1.685579e-01 2.898624e-01 
-1.640176e-01 2.898624e-01 
-1.594773e-01 2.898624e-01 
-1.549370e-01 2.898624e-01 
-5.000000e-01 2.959012e-01 
-4.954808e-01 2.959012e-01 
-4.909617e-01 2.959012e-01 
-4.864425e-01 2.959012e-01 
-4.819234e-01 2.959012e-01 
-4.774042e-01 2.959012e-01 
-4.728851e-01 2.959012e-01 
-4.683659e-01 2.959012e-01 
-4.638468e-01 2.959012e-01 
-4.593276e-01 2.959012e-01 
-4.548085e-01 2.959012e-01 
-4.502893e-01 2.959012e-01 
-4.457702e-01 2.959012e-01 
-4.412510e-01 2.959012e-01 
-4.367319e-01 2.959012e-01 
-4.322127e-01 2.959012e-01 
-4.276936e-01 2.959012e-01 
-4.231744e-01 2.959012e-01 
-4.186553e-01 2.959012e-01 
-4.141361e-01 2.959012e-01 
-4.096170e-01 2.959012e-01 
-4.050978e-01 2.959012e-01 
-4.005787e-01 2.959012e-01 
-3.960595e-01 2.959012e-01 
-3.915404e-01 2.959012e-01 
-3.870212e-01 2.959012e-01 
-3.825021e-01 2.959012e-01 
-3.779829e-01 2.959012e-01 
-3.734638e-01 2.959012e-01 
-3.689446e-01 2.959012e-01 
-3.644255e-01 2.959012e-01 
-3.599063e-01 2.959012e-01 
-3.553872e-01 2.959012e-01 
-3.508680e-01 2.959012e-01 
-3.463489e-01 2.959012e-01 
-3.418297e-01 2.959012e-01 
-3.373106e-01 2.959012e-01 
-3.327914e-01 2.959012e-01 
-3.282723e-01 2.959012e-01 
-3.237531e-01 2.959012e-01 
-3.192340e-01 2.959012e-01 
-3.147148e-01 2.959012e-01 
-3.101957e-01 2.959012e-01 
-3.056765e-01 2.959012e-01 
-3.011574e-01 2.959012e-01 
-2.966382e-01 2.959012e-01 
-2.921190e-01 2.959012e-01 
-2.875999e-01 2.959012e-01 
-2.830807e-01 2.959012e-01 
-2.785616e-01 2.959012e-01 
-2.740424e-01 2.959012e-01 
-2.695233e-01 2.959012e-01 
-2.650041e-01 2.959012e-01 
-2.604850e-01 2.959012e-01 
-2.559658e-01 2.959012e-01 
-2.514467e-01 2.959012e-01 
-2.469275e-01 2.959012e-01 
-2.424084e-01 2.959012e-01 
-2.378892e-01 2.959012e-01 
-2.333701e-01 2.959012e-01 
-2.288509e-01 2.959012e-01 
-2.243318e-01 2.959012e-01 
-2.198126e-01 2.959012e-01 
-2.152935e-01 2.959012e-01 
-2.107743e-01 2.959012e-01 
-2.062552e-01 2.959012e-01 
-2.017360e-01 2.959012e-01 
-1.972169e-01 2.959012e-01 
-1.926977e-01 2.959012e-01 
-1.881786e-01 2.959012e-01 
-1.836594e-01 2.959012e-01 
-1.791403e-01 2.959012e-01 
-1.746211e-01 2.959012e-01 
-1.701020e-01 2.959012e-01 
-1.655828e-01 2.959012e-01 
-1.610637e-01 2.959012e-01 
-1.565445e-01 2.959012e-01 
-5.000000e-01 3.019400e-01 
-4.955020e-01 3.019400e-01 
-4.910040e-01 3.019400e-01 
-4.865060e-01 3.019400e-01 
-4.820080e-01 3.019400e-01 
-4.775100e-01 3.019400e-01 
-4.730120e-01 3.019400e-01 
-4.685140e-01 3.019400e-01 
-4.640160e-01 3.019400e-01 
-4.595180e-01 3.019400e-01 
-4.550200e-01 3.019400e-01 
-4.505220e-01 3.019400e-01 
-4.460240e-01 3.019400e-01 
-4.415260e-01 3.019400e-01 
-4.370280e-01 3.019400e-01 
-4.325300e-01 3.019400e-01 
-4.280320e-01 3.019400e-01 
-4.235340e-01 3.019400e-01 
-4.190360e-01 3.019400e-01 
-4.145380e-01 3.019400e-01 
-4.100400e-01 3.019400e-01 
-4.055420e-01 3.019400e-01 
-4.010440e-01 3.019400e-01 
-3.965460e-01 3.019400e-01 
-3.920480e-01 3.019400e-01 
-3.875500e-01 3.019400e-01 
-3.830520e-01 3.019400e-01 
-3.785540e-01 3.019400e-01 
-3.740560e-01 3.019400e-01 
-3.695580e-01 3.019400e-01 
-3.650600e-01 3.019400e-01 
-3.605620e-01 3.019400e-01 
-3.560640e-01 3.019400e-01 
-3.515660e-01 3.019400e-01 
-3.470680e-01 3.019400e-01 
-3.425700e-01 3.019400e-01 
-3.380720e-01 3.019400e-01 
-3.335740e-01 3.019400e-01 
-3.290760e-01 3.019400e-01 
-3.245780e-01 3.019400e-01 
-3.200800e-01 3.019400e-01 
-3.155820e-01 3.019400e-01 
-3.110840e-01 3.019400e-01 
-3.065860e-01 3.019400e-01 
-3.020880e-01 3.019400e-01 
-2.975900e-01 3.019400e-01 
-2.930920e-01 3.019400e-01 
-2.885940e-01 3.019400e-01 
-2.840960e-01 3.019400e-01 
-2.795980e-01 3.019400e-01 
-2.751000e-01 3.019400e-01 
-2.706020e-01 3.019400e-01 
-2.661040e-01 3.019400e-01 
-2.616060e-01 3.019400e-01 
-2.571080e-01 3.019400e-01 
-2.526100e-01 3.019400e-01 
-2.481120e-01 3.019400e-01 
-2.436140e-01 3.019400e-01 
-2.391160e-01 3.019400e-01 
-2.346180e-01 3.019400e-01 
-2.301200e-01 3.019400e-01 
-2.256220e-01 3.019400e-01 
-2.211240e-01 3.019400e-01 
-2.166260e-01 3.019400e-01 
-2.121280e-01 3.019400e-01 
-2.076300e-01 3.019400e-01 
-2.031320e-01 3.019400e-01 
-1.986340e-01 3.019400e-01 
-1.941360e-01 3.019400e-01 
-1.896380e-01 3.019400e-01 
-1.851400e-01 3.019400e-01 
-1.806420e-01 3.019400e-01 
-1.761440e-01 3.019400e-01 
-1.716460e-01 3.019400e-01 
-1.671480e-01 3.019400e-01 
-1.626500e-01 3.019400e-01 
-1.581520e-01 3.019400e-01 
BC
-1
-1
-1
-1
-1
-1
-1
-1
-1
-1
-1
-1
-1
-1
-1
-1
-1
-1
-1
-1
-1
-1
-1
-1
-1
-1
-1
-1
-1
-1
-1
-1
-1
-1
-1
-1
-1
-1
-1
-1
-1
-1
-1
-1
-1
-1
-1
-1
-1
-1
-1
-1
-1
-1
-1
-1
-1
-1
-1
-1
-1
-1
-1
-1
-1
-1
-1
-1
-1
-1
-1
-1
-1
-1
-1
-1
-1
-1
-1
-1
-1
-1
-1
-1
-1
-1
-1
-1
-1
-1
-1
-1
-1
-1
-1
-1
-1
-1
-1
-1
-1
-1
-1
-1
-1
-1
-1
-1
-1
-1
-1
-1
-1
-1
-1
-1
-1
-1
-1
-1
-1
-1
-1
-1
-1
-1
-1
-1
-1
-1
-1
-1
-1
-1
-1
-1
-1
-1
-1
-1
-1
-1
-1
-1
-1
-1
-1
-1
-1
-1
-1
-1
-1
-1
-1
-1
-1
-1
-1
-1
-1
-1
-1
-1
-1
-1
-1
-1
-1
-1
-1
-1
-1
-1
-1
-1
1
1
1
1
1
1
1
1
1
1
1
1
1
1
1
1
1
1
1
1
1
1
1
1
