npartb: 4 1 
ipartb: 0 0 
ngrid: 77 21 
-5.000000e-01 3.019400e-01 
-4.955020e-01 3.019400e-01 
-4.910040e-01 3.019400e-01 
-4.865060e-01 3.019400e-01 
-4.820080e-01 3.019400e-01 
-4.775100e-01 3.019400e-01 
-4.730120e-01 3.019400e-01 
-4.685140e-01 3.019400e-01 
-4.640160e-01 3.019400e-01 
-4.595180e-01 3.019400e-01 
-4.550200e-01 3.019400e-01 
-4.505220e-01 3.019400e-01 
-4.460240e-01 3.019400e-01 
-4.415260e-01 3.019400e-01 
-4.370280e-01 3.019400e-01 
-4.325300e-01 3.019400e-01 
-4.280320e-01 3.019400e-01 
-4.235340e-01 3.019400e-01 
-4.190360e-01 3.019400e-01 
-4.145380e-01 3.019400e-01 
-4.100400e-01 3.019400e-01 
-4.055420e-01 3.019400e-01 
-4.010440e-01 3.019400e-01 
-3.965460e-01 3.019400e-01 
-3.920480e-01 3.019400e-01 
-3.875500e-01 3.019400e-01 
-3.830520e-01 3.019400e-01 
-3.785540e-01 3.019400e-01 
-3.740560e-01 3.019400e-01 
-3.695580e-01 3.019400e-01 
-3.650600e-01 3.019400e-01 
-3.605620e-01 3.019400e-01 
-3.560640e-01 3.019400e-01 
-3.515660e-01 3.019400e-01 
-3.470680e-01 3.019400e-01 
-3.425700e-01 3.019400e-01 
-3.380720e-01 3.019400e-01 
-3.335740e-01 3.019400e-01 
-3.290760e-01 3.019400e-01 
-3.245780e-01 3.019400e-01 
-3.200800e-01 3.019400e-01 
-3.155820e-01 3.019400e-01 
-3.110840e-01 3.019400e-01 
-3.065860e-01 3.019400e-01 
-3.020880e-01 3.019400e-01 
-2.975900e-01 3.019400e-01 
-2.930920e-01 3.019400e-01 
-2.885940e-01 3.019400e-01 
-2.840960e-01 3.019400e-01 
-2.795980e-01 3.019400e-01 
-2.751000e-01 3.019400e-01 
-2.706020e-01 3.019400e-01 
-2.661040e-01 3.019400e-01 
-2.616060e-01 3.019400e-01 
-2.571080e-01 3.019400e-01 
-2.526100e-01 3.019400e-01 
-2.481120e-01 3.019400e-01 
-2.436140e-01 3.019400e-01 
-2.391160e-01 3.019400e-01 
-2.346180e-01 3.019400e-01 
-2.301200e-01 3.019400e-01 
-2.256220e-01 3.019400e-01 
-2.211240e-01 3.019400e-01 
-2.166260e-01 3.019400e-01 
-2.121280e-01 3.019400e-01 
-2.076300e-01 3.019400e-01 
-2.031320e-01 3.019400e-01 
-1.986340e-01 3.019400e-01 
-1.941360e-01 3.019400e-01 
-1.896380e-01 3.019400e-01 
-1.851400e-01 3.019400e-01 
-1.806420e-01 3.019400e-01 
-1.761440e-01 3.019400e-01 
-1.716460e-01 3.019400e-01 
-1.671480e-01 3.019400e-01 
-1.626500e-01 3.019400e-01 
-1.581520e-01 3.019400e-01 
-5.000000e-01 3.079400e-01 
-4.955020e-01 3.079247e-01 
-4.910040e-01 3.079093e-01 
-4.865060e-01 3.078940e-01 
-4.820080e-01 3.078787e-01 
-4.775100e-01 3.078633e-01 
-4.730120e-01 3.078480e-01 
-4.685140e-01 3.078327e-01 
-4.640160e-01 3.078173e-01 
-4.595180e-01 3.078020e-01 
-4.550200e-01 3.077867e-01 
-4.505220e-01 3.077713e-01 
-4.460240e-01 3.077560e-01 
-4.415260e-01 3.077407e-01 
-4.370280e-01 3.077253e-01 
-4.325300e-01 3.077100e-01 
-4.280320e-01 3.076947e-01 
-4.235340e-01 3.076793e-01 
-4.190360e-01 3.076640e-01 
-4.145380e-01 3.076487e-01 
-4.100400e-01 3.076333e-01 
-4.055420e-01 3.076180e-01 
-4.010440e-01 3.076027e-01 
-3.965460e-01 3.075873e-01 
-3.920480e-01 3.075720e-01 
-3.875500e-01 3.075567e-01 
-3.830520e-01 3.075413e-01 
-3.785540e-01 3.075260e-01 
-3.740560e-01 3.075107e-01 
-3.695580e-01 3.074953e-01 
-3.650600e-01 3.074800e-01 
-3.605620e-01 3.074647e-01 
-3.560640e-01 3.074493e-01 
-3.515660e-01 3.074340e-01 
-3.470680e-01 3.074187e-01 
-3.425700e-01 3.074033e-01 
-3.380720e-01 3.073880e-01 
-3.335740e-01 3.073727e-01 
-3.290760e-01 3.073573e-01 
-3.245780e-01 3.073420e-01 
-3.200800e-01 3.073267e-01 
-3.155820e-01 3.073113e-01 
-3.110840e-01 3.072960e-01 
-3.065860e-01 3.072807e-01 
-3.020880e-01 3.072653e-01 
-2.975900e-01 3.072500e-01 
-2.930920e-01 3.072347e-01 
-2.885940e-01 3.072193e-01 
-2.840960e-01 3.072040e-01 
-2.795980e-01 3.071887e-01 
-2.751000e-01 3.071733e-01 
-2.706020e-01 3.071580e-01 
-2.661040e-01 3.071427e-01 
-2.616060e-01 3.071273e-01 
-2.571080e-01 3.071120e-01 
-2.526100e-01 3.070967e-01 
-2.481120e-01 3.070813e-01 
-2.436140e-01 3.070660e-01 
-2.391160e-01 3.070507e-01 
-2.346180e-01 3.070353e-01 
-2.301200e-01 3.070200e-01 
-2.256220e-01 3.070047e-01 
-2.211240e-01 3.069893e-01 
-2.166260e-01 3.069740e-01 
-2.121280e-01 3.069587e-01 
-2.076300e-01 3.069433e-01 
-2.031320e-01 3.069280e-01 
-1.986340e-01 3.069127e-01 
-1.941360e-01 3.068973e-01 
-1.896380e-01 3.068820e-01 
-1.851400e-01 3.068667e-01 
-1.806420e-01 3.068513e-01 
-1.761440e-01 3.068360e-01 
-1.716460e-01 3.068207e-01 
-1.671480e-01 3.068053e-01 
-1.626500e-01 3.067900e-01 
-1.581520e-01 3.067747e-01 
-5.000000e-01 3.139898e-01 
-4.955020e-01 3.139592e-01 
-4.910040e-01 3.139286e-01 
-4.865060e-01 3.138979e-01 
-4.820080e-01 3.138673e-01 
-4.775100e-01 3.138366e-01 
-4.730120e-01 3.138060e-01 
-4.685140e-01 3.137754e-01 
-4.640160e-01 3.137447e-01 
-4.595180e-01 3.137141e-01 
-4.550200e-01 3.136834e-01 
-4.505220e-01 3.136528e-01 
-4.460240e-01 3.136222e-01 
-4.415260e-01 3.135915e-01 
-4.370280e-01 3.135609e-01 
-4.325300e-01 3.135302e-01 
-4.280320e-01 3.134996e-01 
-4.235340e-01 3.134690e-01 
-4.190360e-01 3.134383e-01 
-4.145380e-01 3.134077e-01 
-4.100400e-01 3.133770e-01 
-4.055420e-01 3.133464e-01 
-4.010440e-01 3.133158e-01 
-3.965460e-01 3.132851e-01 
-3.920480e-01 3.132545e-01 
-3.875500e-01 3.132238e-01 
-3.830520e-01 3.131932e-01 
-3.785540e-01 3.131626e-01 
-3.740560e-01 3.131319e-01 
-3.695580e-01 3.131013e-01 
-3.650600e-01 3.130706e-01 
-3.605620e-01 3.130400e-01 
-3.560640e-01 3.130094e-01 
-3.515660e-01 3.129787e-01 
-3.470680e-01 3.129481e-01 
-3.425700e-01 3.129174e-01 
-3.380720e-01 3.128868e-01 
-3.335740e-01 3.128562e-01 
-3.290760e-01 3.128255e-01 
-3.245780e-01 3.127949e-01 
-3.200800e-01 3.127642e-01 
-3.155820e-01 3.127336e-01 
-3.110840e-01 3.127030e-01 
-3.065860e-01 3.126723e-01 
-3.020880e-01 3.126417e-01 
-2.975900e-01 3.126110e-01 
-2.930920e-01 3.125804e-01 
-2.885940e-01 3.125498e-01 
-2.840960e-01 3.125191e-01 
-2.795980e-01 3.124885e-01 
-2.751000e-01 3.124578e-01 
-2.706020e-01 3.124272e-01 
-2.661040e-01 3.123965e-01 
-2.616060e-01 3.123659e-01 
-2.571080e-01 3.123353e-01 
-2.526100e-01 3.123046e-01 
-2.481120e-01 3.122740e-01 
-2.436140e-01 3.122433e-01 
-2.391160e-01 3.122127e-01 
-2.346180e-01 3.121821e-01 
-2.301200e-01 3.121514e-01 
-2.256220e-01 3.121208e-01 
-2.211240e-01 3.120901e-01 
-2.166260e-01 3.120595e-01 
-2.121280e-01 3.120289e-01 
-2.076300e-01 3.119982e-01 
-2.031320e-01 3.119676e-01 
-1.986340e-01 3.119369e-01 
-1.941360e-01 3.119063e-01 
-1.896380e-01 3.118757e-01 
-1.851400e-01 3.118450e-01 
-1.806420e-01 3.118144e-01 
-1.761440e-01 3.117837e-01 
-1.716460e-01 3.117531e-01 
-1.671480e-01 3.117225e-01 
-1.626500e-01 3.116918e-01 
-1.581520e-01 3.116612e-01 
-5.000000e-01 3.201397e-01 
-4.955020e-01 3.200939e-01 
-4.910040e-01 3.200480e-01 
-4.865060e-01 3.200021e-01 
-4.820080e-01 3.199562e-01 
-4.775100e-01 3.199103e-01 
-4.730120e-01 3.198644e-01 
-4.685140e-01 3.198185e-01 
-4.640160e-01 3.197727e-01 
-4.595180e-01 3.197268e-01 
-4.550200e-01 3.196809e-01 
-4.505220e-01 3.196350e-01 
-4.460240e-01 3.195891e-01 
-4.415260e-01 3.195432e-01 
-4.370280e-01 3.194973e-01 
-4.325300e-01 3.194514e-01 
-4.280320e-01 3.194056e-01 
-4.235340e-01 3.193597e-01 
-4.190360e-01 3.193138e-01 
-4.145380e-01 3.192679e-01 
-4.100400e-01 3.192220e-01 
-4.055420e-01 3.191761e-01 
-4.010440e-01 3.191302e-01 
-3.965460e-01 3.190843e-01 
-3.920480e-01 3.190385e-01 
-3.875500e-01 3.189926e-01 
-3.830520e-01 3.189467e-01 
-3.785540e-01 3.189008e-01 
-3.740560e-01 3.188549e-01 
-3.695580e-01 3.188090e-01 
-3.650600e-01 3.187631e-01 
-3.605620e-01 3.187172e-01 
-3.560640e-01 3.186714e-01 
-3.515660e-01 3.186255e-01 
-3.470680e-01 3.185796e-01 
-3.425700e-01 3.185337e-01 
-3.380720e-01 3.184878e-01 
-3.335740e-01 3.184419e-01 
-3.290760e-01 3.183960e-01 
-3.245780e-01 3.183502e-01 
-3.200800e-01 3.183043e-01 
-3.155820e-01 3.182584e-01 
-3.110840e-01 3.182125e-01 
-3.065860e-01 3.181666e-01 
-3.020880e-01 3.181207e-01 
-2.975900e-01 3.180748e-01 
-2.930920e-01 3.180289e-01 
-2.885940e-01 3.179831e-01 
-2.840960e-01 3.179372e-01 
-2.795980e-01 3.178913e-01 
-2.751000e-01 3.178454e-01 
-2.706020e-01 3.177995e-01 
-2.661040e-01 3.177536e-01 
-2.616060e-01 3.177077e-01 
-2.571080e-01 3.176618e-01 
-2.526100e-01 3.176160e-01 
-2.481120e-01 3.175701e-01 
-2.436140e-01 3.175242e-01 
-2.391160e-01 3.174783e-01 
-2.346180e-01 3.174324e-01 
-2.301200e-01 3.173865e-01 
-2.256220e-01 3.173406e-01 
-2.211240e-01 3.172948e-01 
-2.166260e-01 3.172489e-01 
-2.121280e-01 3.172030e-01 
-2.076300e-01 3.171571e-01 
-2.031320e-01 3.171112e-01 
-1.986340e-01 3.170653e-01 
-1.941360e-01 3.170194e-01 
-1.896380e-01 3.169735e-01 
-1.851400e-01 3.169277e-01 
-1.806420e-01 3.168818e-01 
-1.761440e-01 3.168359e-01 
-1.716460e-01 3.167900e-01 
-1.671480e-01 3.167441e-01 
-1.626500e-01 3.166982e-01 
-1.581520e-01 3.166523e-01 
-5.000000e-01 3.264408e-01 
-4.955020e-01 3.263798e-01 
-4.910040e-01 3.263188e-01 
-4.865060e-01 3.262577e-01 
-4.820080e-01 3.261967e-01 
-4.775100e-01 3.261357e-01 
-4.730120e-01 3.260747e-01 
-4.685140e-01 3.260136e-01 
-4.640160e-01 3.259526e-01 
-4.595180e-01 3.258916e-01 
-4.550200e-01 3.258305e-01 
-4.505220e-01 3.257695e-01 
-4.460240e-01 3.257085e-01 
-4.415260e-01 3.256475e-01 
-4.370280e-01 3.255864e-01 
-4.325300e-01 3.255254e-01 
-4.280320e-01 3.254644e-01 
-4.235340e-01 3.254034e-01 
-4.190360e-01 3.253423e-01 
-4.145380e-01 3.252813e-01 
-4.100400e-01 3.252203e-01 
-4.055420e-01 3.251592e-01 
-4.010440e-01 3.250982e-01 
-3.965460e-01 3.250372e-01 
-3.920480e-01 3.249762e-01 
-3.875500e-01 3.249151e-01 
-3.830520e-01 3.248541e-01 
-3.785540e-01 3.247931e-01 
-3.740560e-01 3.247320e-01 
-3.695580e-01 3.246710e-01 
-3.650600e-01 3.246100e-01 
-3.605620e-01 3.245490e-01 
-3.560640e-01 3.244879e-01 
-3.515660e-01 3.244269e-01 
-3.470680e-01 3.243659e-01 
-3.425700e-01 3.243049e-01 
-3.380720e-01 3.242438e-01 
-3.335740e-01 3.241828e-01 
-3.290760e-01 3.241218e-01 
-3.245780e-01 3.240607e-01 
-3.200800e-01 3.239997e-01 
-3.155820e-01 3.239387e-01 
-3.110840e-01 3.238777e-01 
-3.065860e-01 3.238166e-01 
-3.020880e-01 3.237556e-01 
-2.975900e-01 3.236946e-01 
-2.930920e-01 3.236336e-01 
-2.885940e-01 3.235725e-01 
-2.840960e-01 3.235115e-01 
-2.795980e-01 3.234505e-01 
-2.751000e-01 3.233894e-01 
-2.706020e-01 3.233284e-01 
-2.661040e-01 3.232674e-01 
-2.616060e-01 3.232064e-01 
-2.571080e-01 3.231453e-01 
-2.526100e-01 3.230843e-01 
-2.481120e-01 3.230233e-01 
-2.436140e-01 3.229622e-01 
-2.391160e-01 3.229012e-01 
-2.346180e-01 3.228402e-01 
-2.301200e-01 3.227792e-01 
-2.256220e-01 3.227181e-01 
-2.211240e-01 3.226571e-01 
-2.166260e-01 3.225961e-01 
-2.121280e-01 3.225351e-01 
-2.076300e-01 3.224740e-01 
-2.031320e-01 3.224130e-01 
-1.986340e-01 3.223520e-01 
-1.941360e-01 3.222909e-01 
-1.896380e-01 3.222299e-01 
-1.851400e-01 3.221689e-01 
-1.806420e-01 3.221079e-01 
-1.761440e-01 3.220468e-01 
-1.716460e-01 3.219858e-01 
-1.671480e-01 3.219248e-01 
-1.626500e-01 3.218637e-01 
-1.581520e-01 3.218027e-01 
-5.000000e-01 3.329454e-01 
-4.955020e-01 3.328694e-01 
-4.910040e-01 3.327934e-01 
-4.865060e-01 3.327174e-01 
-4.820080e-01 3.326414e-01 
-4.775100e-01 3.325654e-01 
-4.730120e-01 3.324894e-01 
-4.685140e-01 3.324134e-01 
-4.640160e-01 3.323374e-01 
-4.595180e-01 3.322614e-01 
-4.550200e-01 3.321855e-01 
-4.505220e-01 3.321095e-01 
-4.460240e-01 3.320335e-01 
-4.415260e-01 3.319575e-01 
-4.370280e-01 3.318815e-01 
-4.325300e-01 3.318055e-01 
-4.280320e-01 3.317295e-01 
-4.235340e-01 3.316535e-01 
-4.190360e-01 3.315775e-01 
-4.145380e-01 3.315015e-01 
-4.100400e-01 3.314255e-01 
-4.055420e-01 3.313495e-01 
-4.010440e-01 3.312735e-01 
-3.965460e-01 3.311975e-01 
-3.920480e-01 3.311215e-01 
-3.875500e-01 3.310455e-01 
-3.830520e-01 3.309695e-01 
-3.785540e-01 3.308936e-01 
-3.740560e-01 3.308176e-01 
-3.695580e-01 3.307416e-01 
-3.650600e-01 3.306656e-01 
-3.605620e-01 3.305896e-01 
-3.560640e-01 3.305136e-01 
-3.515660e-01 3.304376e-01 
-3.470680e-01 3.303616e-01 
-3.425700e-01 3.302856e-01 
-3.380720e-01 3.302096e-01 
-3.335740e-01 3.301336e-01 
-3.290760e-01 3.300576e-01 
-3.245780e-01 3.299816e-01 
-3.200800e-01 3.299056e-01 
-3.155820e-01 3.298296e-01 
-3.110840e-01 3.297536e-01 
-3.065860e-01 3.296776e-01 
-3.020880e-01 3.296016e-01 
-2.975900e-01 3.295257e-01 
-2.930920e-01 3.294497e-01 
-2.885940e-01 3.293737e-01 
-2.840960e-01 3.292977e-01 
-2.795980e-01 3.292217e-01 
-2.751000e-01 3.291457e-01 
-2.706020e-01 3.290697e-01 
-2.661040e-01 3.289937e-01 
-2.616060e-01 3.289177e-01 
-2.571080e-01 3.288417e-01 
-2.526100e-01 3.287657e-01 
-2.481120e-01 3.286897e-01 
-2.436140e-01 3.286137e-01 
-2.391160e-01 3.285377e-01 
-2.346180e-01 3.284617e-01 
-2.301200e-01 3.283857e-01 
-2.256220e-01 3.283097e-01 
-2.211240e-01 3.282338e-01 
-2.166260e-01 3.281578e-01 
-2.121280e-01 3.280818e-01 
-2.076300e-01 3.280058e-01 
-2.031320e-01 3.279298e-01 
-1.986340e-01 3.278538e-01 
-1.941360e-01 3.277778e-01 
-1.896380e-01 3.277018e-01 
-1.851400e-01 3.276258e-01 
-1.806420e-01 3.275498e-01 
-1.761440e-01 3.274738e-01 
-1.716460e-01 3.273978e-01 
-1.671480e-01 3.273218e-01 
-1.626500e-01 3.272458e-01 
-1.581520e-01 3.271698e-01 
-5.000000e-01 3.397075e-01 
-4.955020e-01 3.396168e-01 
-4.910040e-01 3.395261e-01 
-4.865060e-01 3.394354e-01 
-4.820080e-01 3.393447e-01 
-4.775100e-01 3.392540e-01 
-4.730120e-01 3.391634e-01 
-4.685140e-01 3.390727e-01 
-4.640160e-01 3.389820e-01 
-4.595180e-01 3.388913e-01 
-4.550200e-01 3.388006e-01 
-4.505220e-01 3.387099e-01 
-4.460240e-01 3.386192e-01 
-4.415260e-01 3.385285e-01 
-4.370280e-01 3.384378e-01 
-4.325300e-01 3.383471e-01 
-4.280320e-01 3.382565e-01 
-4.235340e-01 3.381658e-01 
-4.190360e-01 3.380751e-01 
-4.145380e-01 3.379844e-01 
-4.100400e-01 3.378937e-01 
-4.055420e-01 3.378030e-01 
-4.010440e-01 3.377123e-01 
-3.965460e-01 3.376216e-01 
-3.920480e-01 3.375309e-01 
-3.875500e-01 3.374402e-01 
-3.830520e-01 3.373496e-01 
-3.785540e-01 3.372589e-01 
-3.740560e-01 3.371682e-01 
-3.695580e-01 3.370775e-01 
-3.650600e-01 3.369868e-01 
-3.605620e-01 3.368961e-01 
-3.560640e-01 3.368054e-01 
-3.515660e-01 3.367147e-01 
-3.470680e-01 3.366240e-01 
-3.425700e-01 3.365334e-01 
-3.380720e-01 3.364427e-01 
-3.335740e-01 3.363520e-01 
-3.290760e-01 3.362613e-01 
-3.245780e-01 3.361706e-01 
-3.200800e-01 3.360799e-01 
-3.155820e-01 3.359892e-01 
-3.110840e-01 3.358985e-01 
-3.065860e-01 3.358078e-01 
-3.020880e-01 3.357171e-01 
-2.975900e-01 3.356265e-01 
-2.930920e-01 3.355358e-01 
-2.885940e-01 3.354451e-01 
-2.840960e-01 3.353544e-01 
-2.795980e-01 3.352637e-01 
-2.751000e-01 3.351730e-01 
-2.706020e-01 3.350823e-01 
-2.661040e-01 3.349916e-01 
-2.616060e-01 3.349009e-01 
-2.571080e-01 3.348102e-01 
-2.526100e-01 3.347196e-01 
-2.481120e-01 3.346289e-01 
-2.436140e-01 3.345382e-01 
-2.391160e-01 3.344475e-01 
-2.346180e-01 3.343568e-01 
-2.301200e-01 3.342661e-01 
-2.256220e-01 3.341754e-01 
-2.211240e-01 3.340847e-01 
-2.166260e-01 3.339940e-01 
-2.121280e-01 3.339033e-01 
-2.076300e-01 3.338127e-01 
-2.031320e-01 3.337220e-01 
-1.986340e-01 3.336313e-01 
-1.941360e-01 3.335406e-01 
-1.896380e-01 3.334499e-01 
-1.851400e-01 3.333592e-01 
-1.806420e-01 3.332685e-01 
-1.761440e-01 3.331778e-01 
-1.716460e-01 3.330871e-01 
-1.671480e-01 3.329965e-01 
-1.626500e-01 3.329058e-01 
-1.581520e-01 3.328151e-01 
-5.000000e-01 3.467833e-01 
-4.955020e-01 3.466783e-01 
-4.910040e-01 3.465733e-01 
-4.865060e-01 3.464683e-01 
-4.820080e-01 3.463634e-01 
-4.775100e-01 3.462584e-01 
-4.730120e-01 3.461534e-01 
-4.685140e-01 3.460484e-01 
-4.640160e-01 3.459434e-01 
-4.595180e-01 3.458385e-01 
-4.550200e-01 3.457335e-01 
-4.505220e-01 3.456285e-01 
-4.460240e-01 3.455235e-01 
-4.415260e-01 3.454186e-01 
-4.370280e-01 3.453136e-01 
-4.325300e-01 3.452086e-01 
-4.280320e-01 3.451036e-01 
-4.235340e-01 3.449987e-01 
-4.190360e-01 3.448937e-01 
-4.145380e-01 3.447887e-01 
-4.100400e-01 3.446837e-01 
-4.055420e-01 3.445787e-01 
-4.010440e-01 3.444738e-01 
-3.965460e-01 3.443688e-01 
-3.920480e-01 3.442638e-01 
-3.875500e-01 3.441588e-01 
-3.830520e-01 3.440539e-01 
-3.785540e-01 3.439489e-01 
-3.740560e-01 3.438439e-01 
-3.695580e-01 3.437389e-01 
-3.650600e-01 3.436340e-01 
-3.605620e-01 3.435290e-01 
-3.560640e-01 3.434240e-01 
-3.515660e-01 3.433190e-01 
-3.470680e-01 3.432140e-01 
-3.425700e-01 3.431091e-01 
-3.380720e-01 3.430041e-01 
-3.335740e-01 3.428991e-01 
-3.290760e-01 3.427941e-01 
-3.245780e-01 3.426892e-01 
-3.200800e-01 3.425842e-01 
-3.155820e-01 3.424792e-01 
-3.110840e-01 3.423742e-01 
-3.065860e-01 3.422692e-01 
-3.020880e-01 3.421643e-01 
-2.975900e-01 3.420593e-01 
-2.930920e-01 3.419543e-01 
-2.885940e-01 3.418493e-01 
-2.840960e-01 3.417444e-01 
-2.795980e-01 3.416394e-01 
-2.751000e-01 3.415344e-01 
-2.706020e-01 3.414294e-01 
-2.661040e-01 3.413245e-01 
-2.616060e-01 3.412195e-01 
-2.571080e-01 3.411145e-01 
-2.526100e-01 3.410095e-01 
-2.481120e-01 3.409045e-01 
-2.436140e-01 3.407996e-01 
-2.391160e-01 3.406946e-01 
-2.346180e-01 3.405896e-01 
-2.301200e-01 3.404846e-01 
-2.256220e-01 3.403797e-01 
-2.211240e-01 3.402747e-01 
-2.166260e-01 3.401697e-01 
-2.121280e-01 3.400647e-01 
-2.076300e-01 3.399598e-01 
-2.031320e-01 3.398548e-01 
-1.986340e-01 3.397498e-01 
-1.941360e-01 3.396448e-01 
-1.896380e-01 3.395398e-01 
-1.851400e-01 3.394349e-01 
-1.806420e-01 3.393299e-01 
-1.761440e-01 3.392249e-01 
-1.716460e-01 3.391199e-01 
-1.671480e-01 3.390150e-01 
-1.626500e-01 3.389100e-01 
-1.581520e-01 3.388050e-01 
-5.000000e-01 3.542315e-01 
-4.955020e-01 3.541128e-01 
-4.910040e-01 3.539942e-01 
-4.865060e-01 3.538755e-01 
-4.820080e-01 3.537568e-01 
-4.775100e-01 3.536381e-01 
-4.730120e-01 3.535195e-01 
-4.685140e-01 3.534008e-01 
-4.640160e-01 3.532821e-01 
-4.595180e-01 3.531635e-01 
-4.550200e-01 3.530448e-01 
-4.505220e-01 3.529261e-01 
-4.460240e-01 3.528075e-01 
-4.415260e-01 3.526888e-01 
-4.370280e-01 3.525701e-01 
-4.325300e-01 3.524515e-01 
-4.280320e-01 3.523328e-01 
-4.235340e-01 3.522141e-01 
-4.190360e-01 3.520955e-01 
-4.145380e-01 3.519768e-01 
-4.100400e-01 3.518581e-01 
-4.055420e-01 3.517395e-01 
-4.010440e-01 3.516208e-01 
-3.965460e-01 3.515021e-01 
-3.920480e-01 3.513834e-01 
-3.875500e-01 3.512648e-01 
-3.830520e-01 3.511461e-01 
-3.785540e-01 3.510274e-01 
-3.740560e-01 3.509088e-01 
-3.695580e-01 3.507901e-01 
-3.650600e-01 3.506714e-01 
-3.605620e-01 3.505528e-01 
-3.560640e-01 3.504341e-01 
-3.515660e-01 3.503154e-01 
-3.470680e-01 3.501968e-01 
-3.425700e-01 3.500781e-01 
-3.380720e-01 3.499594e-01 
-3.335740e-01 3.498408e-01 
-3.290760e-01 3.497221e-01 
-3.245780e-01 3.496034e-01 
-3.200800e-01 3.494848e-01 
-3.155820e-01 3.493661e-01 
-3.110840e-01 3.492474e-01 
-3.065860e-01 3.491287e-01 
-3.020880e-01 3.490101e-01 
-2.975900e-01 3.488914e-01 
-2.930920e-01 3.487727e-01 
-2.885940e-01 3.486541e-01 
-2.840960e-01 3.485354e-01 
-2.795980e-01 3.484167e-01 
-2.751000e-01 3.482981e-01 
-2.706020e-01 3.481794e-01 
-2.661040e-01 3.480607e-01 
-2.616060e-01 3.479421e-01 
-2.571080e-01 3.478234e-01 
-2.526100e-01 3.477047e-01 
-2.481120e-01 3.475861e-01 
-2.436140e-01 3.474674e-01 
-2.391160e-01 3.473487e-01 
-2.346180e-01 3.472301e-01 
-2.301200e-01 3.471114e-01 
-2.256220e-01 3.469927e-01 
-2.211240e-01 3.468740e-01 
-2.166260e-01 3.467554e-01 
-2.121280e-01 3.466367e-01 
-2.076300e-01 3.465180e-01 
-2.031320e-01 3.463994e-01 
-1.986340e-01 3.462807e-01 
-1.941360e-01 3.461620e-01 
-1.896380e-01 3.460434e-01 
-1.851400e-01 3.459247e-01 
-1.806420e-01 3.458060e-01 
-1.761440e-01 3.456874e-01 
-1.716460e-01 3.455687e-01 
-1.671480e-01 3.454500e-01 
-1.626500e-01 3.453314e-01 
-1.581520e-01 3.452127e-01 
-5.000000e-01 3.621140e-01 
-4.955020e-01 3.619825e-01 
-4.910040e-01 3.618510e-01 
-4.865060e-01 3.617195e-01 
-4.820080e-01 3.615880e-01 
-4.775100e-01 3.614565e-01 
-4.730120e-01 3.613250e-01 
-4.685140e-01 3.611935e-01 
-4.640160e-01 3.610620e-01 
-4.595180e-01 3.609304e-01 
-4.550200e-01 3.607989e-01 
-4.505220e-01 3.606674e-01 
-4.460240e-01 3.605359e-01 
-4.415260e-01 3.604044e-01 
-4.370280e-01 3.602729e-01 
-4.325300e-01 3.601414e-01 
-4.280320e-01 3.600099e-01 
-4.235340e-01 3.598784e-01 
-4.190360e-01 3.597468e-01 
-4.145380e-01 3.596153e-01 
-4.100400e-01 3.594838e-01 
-4.055420e-01 3.593523e-01 
-4.010440e-01 3.592208e-01 
-3.965460e-01 3.590893e-01 
-3.920480e-01 3.589578e-01 
-3.875500e-01 3.588263e-01 
-3.830520e-01 3.586948e-01 
-3.785540e-01 3.585633e-01 
-3.740560e-01 3.584317e-01 
-3.695580e-01 3.583002e-01 
-3.650600e-01 3.581687e-01 
-3.605620e-01 3.580372e-01 
-3.560640e-01 3.579057e-01 
-3.515660e-01 3.577742e-01 
-3.470680e-01 3.576427e-01 
-3.425700e-01 3.575112e-01 
-3.380720e-01 3.573797e-01 
-3.335740e-01 3.572482e-01 
-3.290760e-01 3.571166e-01 
-3.245780e-01 3.569851e-01 
-3.200800e-01 3.568536e-01 
-3.155820e-01 3.567221e-01 
-3.110840e-01 3.565906e-01 
-3.065860e-01 3.564591e-01 
-3.020880e-01 3.563276e-01 
-2.975900e-01 3.561961e-01 
-2.930920e-01 3.560646e-01 
-2.885940e-01 3.559331e-01 
-2.840960e-01 3.558015e-01 
-2.795980e-01 3.556700e-01 
-2.751000e-01 3.555385e-01 
-2.706020e-01 3.554070e-01 
-2.661040e-01 3.552755e-01 
-2.616060e-01 3.551440e-01 
-2.571080e-01 3.550125e-01 
-2.526100e-01 3.548810e-01 
-2.481120e-01 3.547495e-01 
-2.436140e-01 3.546180e-01 
-2.391160e-01 3.544864e-01 
-2.346180e-01 3.543549e-01 
-2.301200e-01 3.542234e-01 
-2.256220e-01 3.540919e-01 
-2.211240e-01 3.539604e-01 
-2.166260e-01 3.538289e-01 
-2.121280e-01 3.536974e-01 
-2.076300e-01 3.535659e-01 
-2.031320e-01 3.534344e-01 
-1.986340e-01 3.533028e-01 
-1.941360e-01 3.531713e-01 
-1.896380e-01 3.530398e-01 
-1.851400e-01 3.529083e-01 
-1.806420e-01 3.527768e-01 
-1.761440e-01 3.526453e-01 
-1.716460e-01 3.525138e-01 
-1.671480e-01 3.523823e-01 
-1.626500e-01 3.522508e-01 
-1.581520e-01 3.521193e-01 
-5.000000e-01 3.704964e-01 
-4.955020e-01 3.703532e-01 
-4.910040e-01 3.702100e-01 
-4.865060e-01 3.700669e-01 
-4.820080e-01 3.699237e-01 
-4.775100e-01 3.697805e-01 
-4.730120e-01 3.696374e-01 
-4.685140e-01 3.694942e-01 
-4.640160e-01 3.693510e-01 
-4.595180e-01 3.692079e-01 
-4.550200e-01 3.690647e-01 
-4.505220e-01 3.689215e-01 
-4.460240e-01 3.687784e-01 
-4.415260e-01 3.686352e-01 
-4.370280e-01 3.684920e-01 
-4.325300e-01 3.683489e-01 
-4.280320e-01 3.682057e-01 
-4.235340e-01 3.680625e-01 
-4.190360e-01 3.679194e-01 
-4.145380e-01 3.677762e-01 
-4.100400e-01 3.676330e-01 
-4.055420e-01 3.674899e-01 
-4.010440e-01 3.673467e-01 
-3.965460e-01 3.672035e-01 
-3.920480e-01 3.670604e-01 
-3.875500e-01 3.669172e-01 
-3.830520e-01 3.667740e-01 
-3.785540e-01 3.666309e-01 
-3.740560e-01 3.664877e-01 
-3.695580e-01 3.663446e-01 
-3.650600e-01 3.662014e-01 
-3.605620e-01 3.660582e-01 
-3.560640e-01 3.659151e-01 
-3.515660e-01 3.657719e-01 
-3.470680e-01 3.656287e-01 
-3.425700e-01 3.654856e-01 
-3.380720e-01 3.653424e-01 
-3.335740e-01 3.651992e-01 
-3.290760e-01 3.650561e-01 
-3.245780e-01 3.649129e-01 
-3.200800e-01 3.647697e-01 
-3.155820e-01 3.646266e-01 
-3.110840e-01 3.644834e-01 
-3.065860e-01 3.643402e-01 
-3.020880e-01 3.641971e-01 
-2.975900e-01 3.640539e-01 
-2.930920e-01 3.639107e-01 
-2.885940e-01 3.637676e-01 
-2.840960e-01 3.636244e-01 
-2.795980e-01 3.634812e-01 
-2.751000e-01 3.633381e-01 
-2.706020e-01 3.631949e-01 
-2.661040e-01 3.630517e-01 
-2.616060e-01 3.629086e-01 
-2.571080e-01 3.627654e-01 
-2.526100e-01 3.626222e-01 
-2.481120e-01 3.624791e-01 
-2.436140e-01 3.623359e-01 
-2.391160e-01 3.621927e-01 
-2.346180e-01 3.620496e-01 
-2.301200e-01 3.619064e-01 
-2.256220e-01 3.617632e-01 
-2.211240e-01 3.616201e-01 
-2.166260e-01 3.614769e-01 
-2.121280e-01 3.613337e-01 
-2.076300e-01 3.611906e-01 
-2.031320e-01 3.610474e-01 
-1.986340e-01 3.609042e-01 
-1.941360e-01 3.607611e-01 
-1.896380e-01 3.606179e-01 
-1.851400e-01 3.604747e-01 
-1.806420e-01 3.603316e-01 
-1.761440e-01 3.601884e-01 
-1.716460e-01 3.600453e-01 
-1.671480e-01 3.599021e-01 
-1.626500e-01 3.597589e-01 
-1.581520e-01 3.596158e-01 
-5.000000e-01 3.794481e-01 
-4.955020e-01 3.792949e-01 
-4.910040e-01 3.791417e-01 
-4.865060e-01 3.789885e-01 
-4.820080e-01 3.788353e-01 
-4.775100e-01 3.786821e-01 
-4.730120e-01 3.785289e-01 
-4.685140e-01 3.783757e-01 
-4.640160e-01 3.782225e-01 
-4.595180e-01 3.780693e-01 
-4.550200e-01 3.779161e-01 
-4.505220e-01 3.777629e-01 
-4.460240e-01 3.776098e-01 
-4.415260e-01 3.774566e-01 
-4.370280e-01 3.773034e-01 
-4.325300e-01 3.771502e-01 
-4.280320e-01 3.769970e-01 
-4.235340e-01 3.768438e-01 
-4.190360e-01 3.766906e-01 
-4.145380e-01 3.765374e-01 
-4.100400e-01 3.763842e-01 
-4.055420e-01 3.762310e-01 
-4.010440e-01 3.760778e-01 
-3.965460e-01 3.759246e-01 
-3.920480e-01 3.757714e-01 
-3.875500e-01 3.756182e-01 
-3.830520e-01 3.754650e-01 
-3.785540e-01 3.753118e-01 
-3.740560e-01 3.751586e-01 
-3.695580e-01 3.750054e-01 
-3.650600e-01 3.748522e-01 
-3.605620e-01 3.746990e-01 
-3.560640e-01 3.745459e-01 
-3.515660e-01 3.743927e-01 
-3.470680e-01 3.742395e-01 
-3.425700e-01 3.740863e-01 
-3.380720e-01 3.739331e-01 
-3.335740e-01 3.737799e-01 
-3.290760e-01 3.736267e-01 
-3.245780e-01 3.734735e-01 
-3.200800e-01 3.733203e-01 
-3.155820e-01 3.731671e-01 
-3.110840e-01 3.730139e-01 
-3.065860e-01 3.728607e-01 
-3.020880e-01 3.727075e-01 
-2.975900e-01 3.725543e-01 
-2.930920e-01 3.724011e-01 
-2.885940e-01 3.722479e-01 
-2.840960e-01 3.720947e-01 
-2.795980e-01 3.719415e-01 
-2.751000e-01 3.717883e-01 
-2.706020e-01 3.716351e-01 
-2.661040e-01 3.714820e-01 
-2.616060e-01 3.713288e-01 
-2.571080e-01 3.711756e-01 
-2.526100e-01 3.710224e-01 
-2.481120e-01 3.708692e-01 
-2.436140e-01 3.707160e-01 
-2.391160e-01 3.705628e-01 
-2.346180e-01 3.704096e-01 
-2.301200e-01 3.702564e-01 
-2.256220e-01 3.701032e-01 
-2.211240e-01 3.699500e-01 
-2.166260e-01 3.697968e-01 
-2.121280e-01 3.696436e-01 
-2.076300e-01 3.694904e-01 
-2.031320e-01 3.693372e-01 
-1.986340e-01 3.691840e-01 
-1.941360e-01 3.690308e-01 
-1.896380e-01 3.688776e-01 
-1.851400e-01 3.687244e-01 
-1.806420e-01 3.685712e-01 
-1.761440e-01 3.684180e-01 
-1.716460e-01 3.682649e-01 
-1.671480e-01 3.681117e-01 
-1.626500e-01 3.679585e-01 
-1.581520e-01 3.678053e-01 
-5.000000e-01 3.890436e-01 
-4.955020e-01 3.888826e-01 
-4.910040e-01 3.887215e-01 
-4.865060e-01 3.885605e-01 
-4.820080e-01 3.883995e-01 
-4.775100e-01 3.882384e-01 
-4.730120e-01 3.880774e-01 
-4.685140e-01 3.879164e-01 
-4.640160e-01 3.877554e-01 
-4.595180e-01 3.875943e-01 
-4.550200e-01 3.874333e-01 
-4.505220e-01 3.872723e-01 
-4.460240e-01 3.871112e-01 
-4.415260e-01 3.869502e-01 
-4.370280e-01 3.867892e-01 
-4.325300e-01 3.866282e-01 
-4.280320e-01 3.864671e-01 
-4.235340e-01 3.863061e-01 
-4.190360e-01 3.861451e-01 
-4.145380e-01 3.859841e-01 
-4.100400e-01 3.858230e-01 
-4.055420e-01 3.856620e-01 
-4.010440e-01 3.855010e-01 
-3.965460e-01 3.853399e-01 
-3.920480e-01 3.851789e-01 
-3.875500e-01 3.850179e-01 
-3.830520e-01 3.848569e-01 
-3.785540e-01 3.846958e-01 
-3.740560e-01 3.845348e-01 
-3.695580e-01 3.843738e-01 
-3.650600e-01 3.842128e-01 
-3.605620e-01 3.840517e-01 
-3.560640e-01 3.838907e-01 
-3.515660e-01 3.837297e-01 
-3.470680e-01 3.835686e-01 
-3.425700e-01 3.834076e-01 
-3.380720e-01 3.832466e-01 
-3.335740e-01 3.830856e-01 
-3.290760e-01 3.829245e-01 
-3.245780e-01 3.827635e-01 
-3.200800e-01 3.826025e-01 
-3.155820e-01 3.824415e-01 
-3.110840e-01 3.822804e-01 
-3.065860e-01 3.821194e-01 
-3.020880e-01 3.819584e-01 
-2.975900e-01 3.817973e-01 
-2.930920e-01 3.816363e-01 
-2.885940e-01 3.814753e-01 
-2.840960e-01 3.813143e-01 
-2.795980e-01 3.811532e-01 
-2.751000e-01 3.809922e-01 
-2.706020e-01 3.808312e-01 
-2.661040e-01 3.806701e-01 
-2.616060e-01 3.805091e-01 
-2.571080e-01 3.803481e-01 
-2.526100e-01 3.801871e-01 
-2.481120e-01 3.800260e-01 
-2.436140e-01 3.798650e-01 
-2.391160e-01 3.797040e-01 
-2.346180e-01 3.795430e-01 
-2.301200e-01 3.793819e-01 
-2.256220e-01 3.792209e-01 
-2.211240e-01 3.790599e-01 
-2.166260e-01 3.788988e-01 
-2.121280e-01 3.787378e-01 
-2.076300e-01 3.785768e-01 
-2.031320e-01 3.784158e-01 
-1.986340e-01 3.782547e-01 
-1.941360e-01 3.780937e-01 
-1.896380e-01 3.779327e-01 
-1.851400e-01 3.777717e-01 
-1.806420e-01 3.776106e-01 
-1.761440e-01 3.774496e-01 
-1.716460e-01 3.772886e-01 
-1.671480e-01 3.771275e-01 
-1.626500e-01 3.769665e-01 
-1.581520e-01 3.768055e-01 
-5.000000e-01 3.993625e-01 
-4.955020e-01 3.991966e-01 
-4.910040e-01 3.990307e-01 
-4.865060e-01 3.988647e-01 
-4.820080e-01 3.986988e-01 
-4.775100e-01 3.985329e-01 
-4.730120e-01 3.983669e-01 
-4.685140e-01 3.982010e-01 
-4.640160e-01 3.980351e-01 
-4.595180e-01 3.978691e-01 
-4.550200e-01 3.977032e-01 
-4.505220e-01 3.975373e-01 
-4.460240e-01 3.973713e-01 
-4.415260e-01 3.972054e-01 
-4.370280e-01 3.970395e-01 
-4.325300e-01 3.968735e-01 
-4.280320e-01 3.967076e-01 
-4.235340e-01 3.965417e-01 
-4.190360e-01 3.963757e-01 
-4.145380e-01 3.962098e-01 
-4.100400e-01 3.960439e-01 
-4.055420e-01 3.958780e-01 
-4.010440e-01 3.957120e-01 
-3.965460e-01 3.955461e-01 
-3.920480e-01 3.953802e-01 
-3.875500e-01 3.952142e-01 
-3.830520e-01 3.950483e-01 
-3.785540e-01 3.948824e-01 
-3.740560e-01 3.947164e-01 
-3.695580e-01 3.945505e-01 
-3.650600e-01 3.943846e-01 
-3.605620e-01 3.942186e-01 
-3.560640e-01 3.940527e-01 
-3.515660e-01 3.938868e-01 
-3.470680e-01 3.937208e-01 
-3.425700e-01 3.935549e-01 
-3.380720e-01 3.933890e-01 
-3.335740e-01 3.932230e-01 
-3.290760e-01 3.930571e-01 
-3.245780e-01 3.928912e-01 
-3.200800e-01 3.927253e-01 
-3.155820e-01 3.925593e-01 
-3.110840e-01 3.923934e-01 
-3.065860e-01 3.922275e-01 
-3.020880e-01 3.920615e-01 
-2.975900e-01 3.918956e-01 
-2.930920e-01 3.917297e-01 
-2.885940e-01 3.915637e-01 
-2.840960e-01 3.913978e-01 
-2.795980e-01 3.912319e-01 
-2.751000e-01 3.910659e-01 
-2.706020e-01 3.909000e-01 
-2.661040e-01 3.907341e-01 
-2.616060e-01 3.905681e-01 
-2.571080e-01 3.904022e-01 
-2.526100e-01 3.902363e-01 
-2.481120e-01 3.900703e-01 
-2.436140e-01 3.899044e-01 
-2.391160e-01 3.897385e-01 
-2.346180e-01 3.895725e-01 
-2.301200e-01 3.894066e-01 
-2.256220e-01 3.892407e-01 
-2.211240e-01 3.890748e-01 
-2.166260e-01 3.889088e-01 
-2.121280e-01 3.887429e-01 
-2.076300e-01 3.885770e-01 
-2.031320e-01 3.884110e-01 
-1.986340e-01 3.882451e-01 
-1.941360e-01 3.880792e-01 
-1.896380e-01 3.879132e-01 
-1.851400e-01 3.877473e-01 
-1.806420e-01 3.875814e-01 
-1.761440e-01 3.874154e-01 
-1.716460e-01 3.872495e-01 
-1.671480e-01 3.870836e-01 
-1.626500e-01 3.869176e-01 
-1.581520e-01 3.867517e-01 
-5.000000e-01 4.104906e-01 
-4.955020e-01 4.103236e-01 
-4.910040e-01 4.101567e-01 
-4.865060e-01 4.099897e-01 
-4.820080e-01 4.098227e-01 
-4.775100e-01 4.096557e-01 
-4.730120e-01 4.094888e-01 
-4.685140e-01 4.093218e-01 
-4.640160e-01 4.091548e-01 
-4.595180e-01 4.089878e-01 
-4.550200e-01 4.088209e-01 
-4.505220e-01 4.086539e-01 
-4.460240e-01 4.084869e-01 
-4.415260e-01 4.083199e-01 
-4.370280e-01 4.081530e-01 
-4.325300e-01 4.079860e-01 
-4.280320e-01 4.078190e-01 
-4.235340e-01 4.076520e-01 
-4.190360e-01 4.074851e-01 
-4.145380e-01 4.073181e-01 
-4.100400e-01 4.071511e-01 
-4.055420e-01 4.069841e-01 
-4.010440e-01 4.068172e-01 
-3.965460e-01 4.066502e-01 
-3.920480e-01 4.064832e-01 
-3.875500e-01 4.063162e-01 
-3.830520e-01 4.061493e-01 
-3.785540e-01 4.059823e-01 
-3.740560e-01 4.058153e-01 
-3.695580e-01 4.056483e-01 
-3.650600e-01 4.054814e-01 
-3.605620e-01 4.053144e-01 
-3.560640e-01 4.051474e-01 
-3.515660e-01 4.049804e-01 
-3.470680e-01 4.048134e-01 
-3.425700e-01 4.046465e-01 
-3.380720e-01 4.044795e-01 
-3.335740e-01 4.043125e-01 
-3.290760e-01 4.041455e-01 
-3.245780e-01 4.039786e-01 
-3.200800e-01 4.038116e-01 
-3.155820e-01 4.036446e-01 
-3.110840e-01 4.034776e-01 
-3.065860e-01 4.033107e-01 
-3.020880e-01 4.031437e-01 
-2.975900e-01 4.029767e-01 
-2.930920e-01 4.028097e-01 
-2.885940e-01 4.026428e-01 
-2.840960e-01 4.024758e-01 
-2.795980e-01 4.023088e-01 
-2.751000e-01 4.021418e-01 
-2.706020e-01 4.019749e-01 
-2.661040e-01 4.018079e-01 
-2.616060e-01 4.016409e-01 
-2.571080e-01 4.014739e-01 
-2.526100e-01 4.013070e-01 
-2.481120e-01 4.011400e-01 
-2.436140e-01 4.009730e-01 
-2.391160e-01 4.008060e-01 
-2.346180e-01 4.006391e-01 
-2.301200e-01 4.004721e-01 
-2.256220e-01 4.003051e-01 
-2.211240e-01 4.001381e-01 
-2.166260e-01 3.999712e-01 
-2.121280e-01 3.998042e-01 
-2.076300e-01 3.996372e-01 
-2.031320e-01 3.994702e-01 
-1.986340e-01 3.993033e-01 
-1.941360e-01 3.991363e-01 
-1.896380e-01 3.989693e-01 
-1.851400e-01 3.988023e-01 
-1.806420e-01 3.986354e-01 
-1.761440e-01 3.984684e-01 
-1.716460e-01 3.983014e-01 
-1.671480e-01 3.981344e-01 
-1.626500e-01 3.979675e-01 
-1.581520e-01 3.978005e-01 
-5.000000e-01 4.225203e-01 
-4.955020e-01 4.223573e-01 
-4.910040e-01 4.221943e-01 
-4.865060e-01 4.220314e-01 
-4.820080e-01 4.218684e-01 
-4.775100e-01 4.217054e-01 
-4.730120e-01 4.215424e-01 
-4.685140e-01 4.213794e-01 
-4.640160e-01 4.212165e-01 
-4.595180e-01 4.210535e-01 
-4.550200e-01 4.208905e-01 
-4.505220e-01 4.207275e-01 
-4.460240e-01 4.205646e-01 
-4.415260e-01 4.204016e-01 
-4.370280e-01 4.202386e-01 
-4.325300e-01 4.200756e-01 
-4.280320e-01 4.199126e-01 
-4.235340e-01 4.197497e-01 
-4.190360e-01 4.195867e-01 
-4.145380e-01 4.194237e-01 
-4.100400e-01 4.192607e-01 
-4.055420e-01 4.190978e-01 
-4.010440e-01 4.189348e-01 
-3.965460e-01 4.187718e-01 
-3.920480e-01 4.186088e-01 
-3.875500e-01 4.184458e-01 
-3.830520e-01 4.182829e-01 
-3.785540e-01 4.181199e-01 
-3.740560e-01 4.179569e-01 
-3.695580e-01 4.177939e-01 
-3.650600e-01 4.176309e-01 
-3.605620e-01 4.174680e-01 
-3.560640e-01 4.173050e-01 
-3.515660e-01 4.171420e-01 
-3.470680e-01 4.169790e-01 
-3.425700e-01 4.168161e-01 
-3.380720e-01 4.166531e-01 
-3.335740e-01 4.164901e-01 
-3.290760e-01 4.163271e-01 
-3.245780e-01 4.161641e-01 
-3.200800e-01 4.160012e-01 
-3.155820e-01 4.158382e-01 
-3.110840e-01 4.156752e-01 
-3.065860e-01 4.155122e-01 
-3.020880e-01 4.153493e-01 
-2.975900e-01 4.151863e-01 
-2.930920e-01 4.150233e-01 
-2.885940e-01 4.148603e-01 
-2.840960e-01 4.146973e-01 
-2.795980e-01 4.145344e-01 
-2.751000e-01 4.143714e-01 
-2.706020e-01 4.142084e-01 
-2.661040e-01 4.140454e-01 
-2.616060e-01 4.138824e-01 
-2.571080e-01 4.137195e-01 
-2.526100e-01 4.135565e-01 
-2.481120e-01 4.133935e-01 
-2.436140e-01 4.132305e-01 
-2.391160e-01 4.130676e-01 
-2.346180e-01 4.129046e-01 
-2.301200e-01 4.127416e-01 
-2.256220e-01 4.125786e-01 
-2.211240e-01 4.124156e-01 
-2.166260e-01 4.122527e-01 
-2.121280e-01 4.120897e-01 
-2.076300e-01 4.119267e-01 
-2.031320e-01 4.117637e-01 
-1.986340e-01 4.116007e-01 
-1.941360e-01 4.114378e-01 
-1.896380e-01 4.112748e-01 
-1.851400e-01 4.111118e-01 
-1.806420e-01 4.109488e-01 
-1.761440e-01 4.107859e-01 
-1.716460e-01 4.106229e-01 
-1.671480e-01 4.104599e-01 
-1.626500e-01 4.102969e-01 
-1.581520e-01 4.101339e-01 
-5.000000e-01 4.355515e-01 
-4.955020e-01 4.353990e-01 
-4.910040e-01 4.352466e-01 
-4.865060e-01 4.350941e-01 
-4.820080e-01 4.349417e-01 
-4.775100e-01 4.347892e-01 
-4.730120e-01 4.346368e-01 
-4.685140e-01 4.344843e-01 
-4.640160e-01 4.343319e-01 
-4.595180e-01 4.341794e-01 
-4.550200e-01 4.340269e-01 
-4.505220e-01 4.338745e-01 
-4.460240e-01 4.337220e-01 
-4.415260e-01 4.335696e-01 
-4.370280e-01 4.334171e-01 
-4.325300e-01 4.332647e-01 
-4.280320e-01 4.331122e-01 
-4.235340e-01 4.329598e-01 
-4.190360e-01 4.328073e-01 
-4.145380e-01 4.326549e-01 
-4.100400e-01 4.325024e-01 
-4.055420e-01 4.323500e-01 
-4.010440e-01 4.321975e-01 
-3.965460e-01 4.320451e-01 
-3.920480e-01 4.318926e-01 
-3.875500e-01 4.317402e-01 
-3.830520e-01 4.315877e-01 
-3.785540e-01 4.314353e-01 
-3.740560e-01 4.312828e-01 
-3.695580e-01 4.311304e-01 
-3.650600e-01 4.309779e-01 
-3.605620e-01 4.308254e-01 
-3.560640e-01 4.306730e-01 
-3.515660e-01 4.305205e-01 
-3.470680e-01 4.303681e-01 
-3.425700e-01 4.302156e-01 
-3.380720e-01 4.300632e-01 
-3.335740e-01 4.299107e-01 
-3.290760e-01 4.297583e-01 
-3.245780e-01 4.296058e-01 
-3.200800e-01 4.294534e-01 
-3.155820e-01 4.293009e-01 
-3.110840e-01 4.291485e-01 
-3.065860e-01 4.289960e-01 
-3.020880e-01 4.288436e-01 
-2.975900e-01 4.286911e-01 
-2.930920e-01 4.285387e-01 
-2.885940e-01 4.283862e-01 
-2.840960e-01 4.282338e-01 
-2.795980e-01 4.280813e-01 
-2.751000e-01 4.279289e-01 
-2.706020e-01 4.277764e-01 
-2.661040e-01 4.276239e-01 
-2.616060e-01 4.274715e-01 
-2.571080e-01 4.273190e-01 
-2.526100e-01 4.271666e-01 
-2.481120e-01 4.270141e-01 
-2.436140e-01 4.268617e-01 
-2.391160e-01 4.267092e-01 
-2.346180e-01 4.265568e-01 
-2.301200e-01 4.264043e-01 
-2.256220e-01 4.262519e-01 
-2.211240e-01 4.260994e-01 
-2.166260e-01 4.259470e-01 
-2.121280e-01 4.257945e-01 
-2.076300e-01 4.256421e-01 
-2.031320e-01 4.254896e-01 
-1.986340e-01 4.253372e-01 
-1.941360e-01 4.251847e-01 
-1.896380e-01 4.250323e-01 
-1.851400e-01 4.248798e-01 
-1.806420e-01 4.247274e-01 
-1.761440e-01 4.245749e-01 
-1.716460e-01 4.244224e-01 
-1.671480e-01 4.242700e-01 
-1.626500e-01 4.241175e-01 
-1.581520e-01 4.239651e-01 
-5.000000e-01 4.496924e-01 
-4.955020e-01 4.495588e-01 
-4.910040e-01 4.494253e-01 
-4.865060e-01 4.492918e-01 
-4.820080e-01 4.491583e-01 
-4.775100e-01 4.490247e-01 
-4.730120e-01 4.488912e-01 
-4.685140e-01 4.487577e-01 
-4.640160e-01 4.486241e-01 
-4.595180e-01 4.484906e-01 
-4.550200e-01 4.483571e-01 
-4.505220e-01 4.482235e-01 
-4.460240e-01 4.480900e-01 
-4.415260e-01 4.479565e-01 
-4.370280e-01 4.478230e-01 
-4.325300e-01 4.476894e-01 
-4.280320e-01 4.475559e-01 
-4.235340e-01 4.474224e-01 
-4.190360e-01 4.472888e-01 
-4.145380e-01 4.471553e-01 
-4.100400e-01 4.470218e-01 
-4.055420e-01 4.468882e-01 
-4.010440e-01 4.467547e-01 
-3.965460e-01 4.466212e-01 
-3.920480e-01 4.464877e-01 
-3.875500e-01 4.463541e-01 
-3.830520e-01 4.462206e-01 
-3.785540e-01 4.460871e-01 
-3.740560e-01 4.459535e-01 
-3.695580e-01 4.458200e-01 
-3.650600e-01 4.456865e-01 
-3.605620e-01 4.455529e-01 
-3.560640e-01 4.454194e-01 
-3.515660e-01 4.452859e-01 
-3.470680e-01 4.451523e-01 
-3.425700e-01 4.450188e-01 
-3.380720e-01 4.448853e-01 
-3.335740e-01 4.447518e-01 
-3.290760e-01 4.446182e-01 
-3.245780e-01 4.444847e-01 
-3.200800e-01 4.443512e-01 
-3.155820e-01 4.442176e-01 
-3.110840e-01 4.440841e-01 
-3.065860e-01 4.439506e-01 
-3.020880e-01 4.438170e-01 
-2.975900e-01 4.436835e-01 
-2.930920e-01 4.435500e-01 
-2.885940e-01 4.434165e-01 
-2.840960e-01 4.432829e-01 
-2.795980e-01 4.431494e-01 
-2.751000e-01 4.430159e-01 
-2.706020e-01 4.428823e-01 
-2.661040e-01 4.427488e-01 
-2.616060e-01 4.426153e-01 
-2.571080e-01 4.424817e-01 
-2.526100e-01 4.423482e-01 
-2.481120e-01 4.422147e-01 
-2.436140e-01 4.420812e-01 
-2.391160e-01 4.419476e-01 
-2.346180e-01 4.418141e-01 
-2.301200e-01 4.416806e-01 
-2.256220e-01 4.415470e-01 
-2.211240e-01 4.414135e-01 
-2.166260e-01 4.412800e-01 
-2.121280e-01 4.411464e-01 
-2.076300e-01 4.410129e-01 
-2.031320e-01 4.408794e-01 
-1.986340e-01 4.407458e-01 
-1.941360e-01 4.406123e-01 
-1.896380e-01 4.404788e-01 
-1.851400e-01 4.403453e-01 
-1.806420e-01 4.402117e-01 
-1.761440e-01 4.400782e-01 
-1.716460e-01 4.399447e-01 
-1.671480e-01 4.398111e-01 
-1.626500e-01 4.396776e-01 
-1.581520e-01 4.395441e-01 
-5.000000e-01 4.650605e-01 
-4.955020e-01 4.649566e-01 
-4.910040e-01 4.648527e-01 
-4.865060e-01 4.647488e-01 
-4.820080e-01 4.646450e-01 
-4.775100e-01 4.645411e-01 
-4.730120e-01 4.644372e-01 
-4.685140e-01 4.643333e-01 
-4.640160e-01 4.642295e-01 
-4.595180e-01 4.641256e-01 
-4.550200e-01 4.640217e-01 
-4.505220e-01 4.639178e-01 
-4.460240e-01 4.638140e-01 
-4.415260e-01 4.637101e-01 
-4.370280e-01 4.636062e-01 
-4.325300e-01 4.635023e-01 
-4.280320e-01 4.633985e-01 
-4.235340e-01 4.632946e-01 
-4.190360e-01 4.631907e-01 
-4.145380e-01 4.630868e-01 
-4.100400e-01 4.629830e-01 
-4.055420e-01 4.628791e-01 
-4.010440e-01 4.627752e-01 
-3.965460e-01 4.626713e-01 
-3.920480e-01 4.625674e-01 
-3.875500e-01 4.624636e-01 
-3.830520e-01 4.623597e-01 
-3.785540e-01 4.622558e-01 
-3.740560e-01 4.621519e-01 
-3.695580e-01 4.620481e-01 
-3.650600e-01 4.619442e-01 
-3.605620e-01 4.618403e-01 
-3.560640e-01 4.617364e-01 
-3.515660e-01 4.616326e-01 
-3.470680e-01 4.615287e-01 
-3.425700e-01 4.614248e-01 
-3.380720e-01 4.613209e-01 
-3.335740e-01 4.612171e-01 
-3.290760e-01 4.611132e-01 
-3.245780e-01 4.610093e-01 
-3.200800e-01 4.609054e-01 
-3.155820e-01 4.608016e-01 
-3.110840e-01 4.606977e-01 
-3.065860e-01 4.605938e-01 
-3.020880e-01 4.604899e-01 
-2.975900e-01 4.603861e-01 
-2.930920e-01 4.602822e-01 
-2.885940e-01 4.601783e-01 
-2.840960e-01 4.600744e-01 
-2.795980e-01 4.599706e-01 
-2.751000e-01 4.598667e-01 
-2.706020e-01 4.597628e-01 
-2.661040e-01 4.596589e-01 
-2.616060e-01 4.595550e-01 
-2.571080e-01 4.594512e-01 
-2.526100e-01 4.593473e-01 
-2.481120e-01 4.592434e-01 
-2.436140e-01 4.591395e-01 
-2.391160e-01 4.590357e-01 
-2.346180e-01 4.589318e-01 
-2.301200e-01 4.588279e-01 
-2.256220e-01 4.587240e-01 
-2.211240e-01 4.586202e-01 
-2.166260e-01 4.585163e-01 
-2.121280e-01 4.584124e-01 
-2.076300e-01 4.583085e-01 
-2.031320e-01 4.582047e-01 
-1.986340e-01 4.581008e-01 
-1.941360e-01 4.579969e-01 
-1.896380e-01 4.578930e-01 
-1.851400e-01 4.577892e-01 
-1.806420e-01 4.576853e-01 
-1.761440e-01 4.575814e-01 
-1.716460e-01 4.574775e-01 
-1.671480e-01 4.573737e-01 
-1.626500e-01 4.572698e-01 
-1.581520e-01 4.571659e-01 
-5.000000e-01 4.817834e-01 
-4.955020e-01 4.817228e-01 
-4.910040e-01 4.816622e-01 
-4.865060e-01 4.816017e-01 
-4.820080e-01 4.815411e-01 
-4.775100e-01 4.814805e-01 
-4.730120e-01 4.814199e-01 
-4.685140e-01 4.813594e-01 
-4.640160e-01 4.812988e-01 
-4.595180e-01 4.812382e-01 
-4.550200e-01 4.811776e-01 
-4.505220e-01 4.811171e-01 
-4.460240e-01 4.810565e-01 
-4.415260e-01 4.809959e-01 
-4.370280e-01 4.809353e-01 
-4.325300e-01 4.808748e-01 
-4.280320e-01 4.808142e-01 
-4.235340e-01 4.807536e-01 
-4.190360e-01 4.806930e-01 
-4.145380e-01 4.806325e-01 
-4.100400e-01 4.805719e-01 
-4.055420e-01 4.805113e-01 
-4.010440e-01 4.804507e-01 
-3.965460e-01 4.803902e-01 
-3.920480e-01 4.803296e-01 
-3.875500e-01 4.802690e-01 
-3.830520e-01 4.802084e-01 
-3.785540e-01 4.801479e-01 
-3.740560e-01 4.800873e-01 
-3.695580e-01 4.800267e-01 
-3.650600e-01 4.799661e-01 
-3.605620e-01 4.799056e-01 
-3.560640e-01 4.798450e-01 
-3.515660e-01 4.797844e-01 
-3.470680e-01 4.797238e-01 
-3.425700e-01 4.796633e-01 
-3.380720e-01 4.796027e-01 
-3.335740e-01 4.795421e-01 
-3.290760e-01 4.794815e-01 
-3.245780e-01 4.794210e-01 
-3.200800e-01 4.793604e-01 
-3.155820e-01 4.792998e-01 
-3.110840e-01 4.792392e-01 
-3.065860e-01 4.791787e-01 
-3.020880e-01 4.791181e-01 
-2.975900e-01 4.790575e-01 
-2.930920e-01 4.789969e-01 
-2.885940e-01 4.789364e-01 
-2.840960e-01 4.788758e-01 
-2.795980e-01 4.788152e-01 
-2.751000e-01 4.787546e-01 
-2.706020e-01 4.786941e-01 
-2.661040e-01 4.786335e-01 
-2.616060e-01 4.785729e-01 
-2.571080e-01 4.785123e-01 
-2.526100e-01 4.784518e-01 
-2.481120e-01 4.783912e-01 
-2.436140e-01 4.783306e-01 
-2.391160e-01 4.782700e-01 
-2.346180e-01 4.782095e-01 
-2.301200e-01 4.781489e-01 
-2.256220e-01 4.780883e-01 
-2.211240e-01 4.780277e-01 
-2.166260e-01 4.779672e-01 
-2.121280e-01 4.779066e-01 
-2.076300e-01 4.778460e-01 
-2.031320e-01 4.777854e-01 
-1.986340e-01 4.777249e-01 
-1.941360e-01 4.776643e-01 
-1.896380e-01 4.776037e-01 
-1.851400e-01 4.775431e-01 
-1.806420e-01 4.774826e-01 
-1.761440e-01 4.774220e-01 
-1.716460e-01 4.773614e-01 
-1.671480e-01 4.773009e-01 
-1.626500e-01 4.772403e-01 
-1.581520e-01 4.771797e-01 
-5.000000e-01 5.000000e-01 
-4.955020e-01 5.000000e-01 
-4.910040e-01 5.000000e-01 
-4.865060e-01 5.000000e-01 
-4.820080e-01 5.000000e-01 
-4.775100e-01 5.000000e-01 
-4.730120e-01 5.000000e-01 
-4.685140e-01 5.000000e-01 
-4.640160e-01 5.000000e-01 
-4.595180e-01 5.000000e-01 
-4.550200e-01 5.000000e-01 
-4.505220e-01 5.000000e-01 
-4.460240e-01 5.000000e-01 
-4.415260e-01 5.000000e-01 
-4.370280e-01 5.000000e-01 
-4.325300e-01 5.000000e-01 
-4.280320e-01 5.000000e-01 
-4.235340e-01 5.000000e-01 
-4.190360e-01 5.000000e-01 
-4.145380e-01 5.000000e-01 
-4.100400e-01 5.000000e-01 
-4.055420e-01 5.000000e-01 
-4.010440e-01 5.000000e-01 
-3.965460e-01 5.000000e-01 
-3.920480e-01 5.000000e-01 
-3.875500e-01 5.000000e-01 
-3.830520e-01 5.000000e-01 
-3.785540e-01 5.000000e-01 
-3.740560e-01 5.000000e-01 
-3.695580e-01 5.000000e-01 
-3.650600e-01 5.000000e-01 
-3.605620e-01 5.000000e-01 
-3.560640e-01 5.000000e-01 
-3.515660e-01 5.000000e-01 
-3.470680e-01 5.000000e-01 
-3.425700e-01 5.000000e-01 
-3.380720e-01 5.000000e-01 
-3.335740e-01 5.000000e-01 
-3.290760e-01 5.000000e-01 
-3.245780e-01 5.000000e-01 
-3.200800e-01 5.000000e-01 
-3.155820e-01 5.000000e-01 
-3.110840e-01 5.000000e-01 
-3.065860e-01 5.000000e-01 
-3.020880e-01 5.000000e-01 
-2.975900e-01 5.000000e-01 
-2.930920e-01 5.000000e-01 
-2.885940e-01 5.000000e-01 
-2.840960e-01 5.000000e-01 
-2.795980e-01 5.000000e-01 
-2.751000e-01 5.000000e-01 
-2.706020e-01 5.000000e-01 
-2.661040e-01 5.000000e-01 
-2.616060e-01 5.000000e-01 
-2.571080e-01 5.000000e-01 
-2.526100e-01 5.000000e-01 
-2.481120e-01 5.000000e-01 
-2.436140e-01 5.000000e-01 
-2.391160e-01 5.000000e-01 
-2.346180e-01 5.000000e-01 
-2.301200e-01 5.000000e-01 
-2.256220e-01 5.000000e-01 
-2.211240e-01 5.000000e-01 
-2.166260e-01 5.000000e-01 
-2.121280e-01 5.000000e-01 
-2.076300e-01 5.000000e-01 
-2.031320e-01 5.000000e-01 
-1.986340e-01 5.000000e-01 
-1.941360e-01 5.000000e-01 
-1.896380e-01 5.000000e-01 
-1.851400e-01 5.000000e-01 
-1.806420e-01 5.000000e-01 
-1.761440e-01 5.000000e-01 
-1.716460e-01 5.000000e-01 
-1.671480e-01 5.000000e-01 
-1.626500e-01 5.000000e-01 
-1.581520e-01 5.000000e-01 
BC
-1
-1
-1
-1
-1
-1
-1
-1
-1
-1
-1
-1
-1
-1
-1
-1
-1
-1
-1
-1
-1
-1
-1
-1
-1
-1
-1
-1
-1
-1
-1
-1
-1
-1
-1
-1
-1
-1
-1
-1
-1
-1
-1
-1
-1
-1
-1
-1
-1
-1
-1
-1
-1
-1
-1
-1
-1
-1
-1
-1
-1
-1
-1
-1
-1
-1
-1
-1
-1
-1
-1
-1
-1
-1
-1
-1
-1
-1
-1
-1
-1
-1
-1
-1
-1
-1
-1
-1
-1
-1
-1
-1
-1
-1
-1
-1
1
1
1
1
1
1
1
1
1
1
1
1
1
1
1
1
1
1
1
1
1
1
1
1
1
1
1
1
1
1
1
1
1
1
1
1
1
1
1
1
1
1
1
1
1
1
1
1
1
1
1
1
1
1
1
1
1
1
1
1
1
1
1
1
1
1
1
1
1
1
1
1
1
1
1
1
1
1
1
1
1
1
1
1
1
1
1
1
1
1
1
1
1
1
1
1
