npartb: 4 1 
ipartb: 2 0 
ngrid: 76 11 
2.599100e-01 3.208203e-02 
2.622046e-01 3.213758e-02 
2.645195e-01 3.219363e-02 
2.668549e-01 3.225017e-02 
2.692112e-01 3.230722e-02 
2.715884e-01 3.236477e-02 
2.739868e-01 3.242284e-02 
2.764067e-01 3.248143e-02 
2.788483e-01 3.254054e-02 
2.813118e-01 3.260018e-02 
2.837974e-01 3.266036e-02 
2.863055e-01 3.272108e-02 
2.888361e-01 3.278235e-02 
2.913897e-01 3.284417e-02 
2.939663e-01 3.290655e-02 
2.965664e-01 3.296950e-02 
2.991900e-01 3.303302e-02 
3.018375e-01 3.309712e-02 
3.045091e-01 3.316180e-02 
3.072051e-01 3.322707e-02 
3.099257e-01 3.329294e-02 
3.126712e-01 3.335941e-02 
3.154419e-01 3.342649e-02 
3.182380e-01 3.349418e-02 
3.210597e-01 3.356250e-02 
3.239075e-01 3.363144e-02 
3.267814e-01 3.370102e-02 
3.296819e-01 3.377125e-02 
3.326091e-01 3.384212e-02 
3.355635e-01 3.391364e-02 
3.385451e-01 3.398583e-02 
3.415544e-01 3.405869e-02 
3.445916e-01 3.413222e-02 
3.476571e-01 3.420643e-02 
3.507510e-01 3.428134e-02 
3.538737e-01 3.435694e-02 
3.570256e-01 3.443325e-02 
3.602068e-01 3.451027e-02 
3.634178e-01 3.458801e-02 
3.666587e-01 3.466647e-02 
3.699300e-01 3.474567e-02 
3.732320e-01 3.482562e-02 
3.765648e-01 3.490631e-02 
3.799290e-01 3.498775e-02 
3.833247e-01 3.506997e-02 
3.867524e-01 3.515295e-02 
3.902123e-01 3.523672e-02 
3.937048e-01 3.532128e-02 
3.972303e-01 3.540663e-02 
4.007889e-01 3.549278e-02 
4.043812e-01 3.557976e-02 
4.080074e-01 3.566755e-02 
4.116679e-01 3.575617e-02 
4.153630e-01 3.584563e-02 
4.190931e-01 3.593594e-02 
4.228586e-01 3.602710e-02 
4.266598e-01 3.611913e-02 
4.304970e-01 3.621203e-02 
4.343707e-01 3.630582e-02 
4.382812e-01 3.640049e-02 
4.422288e-01 3.649607e-02 
4.462141e-01 3.659255e-02 
4.502373e-01 3.668995e-02 
4.542988e-01 3.678829e-02 
4.583990e-01 3.688755e-02 
4.625383e-01 3.698777e-02 
4.667172e-01 3.708894e-02 
4.709359e-01 3.719108e-02 
4.751950e-01 3.729419e-02 
4.794948e-01 3.739829e-02 
4.838357e-01 3.750339e-02 
4.882181e-01 3.760949e-02 
4.926426e-01 3.771661e-02 
4.971094e-01 3.782475e-02 
5.016190e-01 3.793393e-02 
5.061719e-01 3.804416e-02 
2.599044e-01 3.253719e-02 
2.621989e-01 3.259419e-02 
2.645138e-01 3.265168e-02 
2.668493e-01 3.270969e-02 
2.692055e-01 3.276821e-02 
2.715827e-01 3.282726e-02 
2.739811e-01 3.288683e-02 
2.764010e-01 3.294694e-02 
2.788426e-01 3.300758e-02 
2.813060e-01 3.306877e-02 
2.837916e-01 3.313050e-02 
2.862997e-01 3.319280e-02 
2.888303e-01 3.325565e-02 
2.913838e-01 3.331908e-02 
2.939604e-01 3.338308e-02 
2.965604e-01 3.344766e-02 
2.991841e-01 3.351282e-02 
3.018315e-01 3.357858e-02 
3.045031e-01 3.364494e-02 
3.071991e-01 3.371190e-02 
3.099197e-01 3.377947e-02 
3.126652e-01 3.384767e-02 
3.154358e-01 3.391648e-02 
3.182319e-01 3.398593e-02 
3.210536e-01 3.405602e-02 
3.239013e-01 3.412675e-02 
3.267753e-01 3.419813e-02 
3.296757e-01 3.427017e-02 
3.326029e-01 3.434288e-02 
3.355572e-01 3.441626e-02 
3.385389e-01 3.449032e-02 
3.415482e-01 3.456506e-02 
3.445854e-01 3.464050e-02 
3.476508e-01 3.471664e-02 
3.507447e-01 3.479348e-02 
3.538674e-01 3.487105e-02 
3.570192e-01 3.494933e-02 
3.602004e-01 3.502835e-02 
3.634114e-01 3.510810e-02 
3.666523e-01 3.518860e-02 
3.699236e-01 3.526985e-02 
3.732255e-01 3.535186e-02 
3.765583e-01 3.543464e-02 
3.799225e-01 3.551820e-02 
3.833182e-01 3.560254e-02 
3.867458e-01 3.568768e-02 
3.902057e-01 3.577362e-02 
3.936982e-01 3.586036e-02 
3.972236e-01 3.594793e-02 
4.007823e-01 3.603632e-02 
4.043745e-01 3.612554e-02 
4.080007e-01 3.621561e-02 
4.116612e-01 3.630653e-02 
4.153563e-01 3.639831e-02 
4.190863e-01 3.649095e-02 
4.228518e-01 3.658448e-02 
4.266529e-01 3.667889e-02 
4.304901e-01 3.677420e-02 
4.343638e-01 3.687042e-02 
4.382743e-01 3.696754e-02 
4.422219e-01 3.706560e-02 
4.462071e-01 3.716458e-02 
4.502303e-01 3.726451e-02 
4.542918e-01 3.736539e-02 
4.583920e-01 3.746723e-02 
4.625313e-01 3.757004e-02 
4.667101e-01 3.767383e-02 
4.709288e-01 3.777862e-02 
4.751879e-01 3.788440e-02 
4.794876e-01 3.799120e-02 
4.838285e-01 3.809902e-02 
4.882110e-01 3.820787e-02 
4.926354e-01 3.831776e-02 
4.971022e-01 3.842871e-02 
5.016118e-01 3.854072e-02 
5.061646e-01 3.865380e-02 
2.599018e-01 3.299238e-02 
2.621964e-01 3.305081e-02 
2.645113e-01 3.310976e-02 
2.668467e-01 3.316923e-02 
2.692029e-01 3.322923e-02 
2.715801e-01 3.328977e-02 
2.739785e-01 3.335084e-02 
2.763984e-01 3.341247e-02 
2.788399e-01 3.347464e-02 
2.813034e-01 3.353737e-02 
2.837890e-01 3.360067e-02 
2.862970e-01 3.366454e-02 
2.888276e-01 3.372898e-02 
2.913811e-01 3.379401e-02 
2.939577e-01 3.385962e-02 
2.965577e-01 3.392583e-02 
2.991813e-01 3.399264e-02 
3.018288e-01 3.406006e-02 
3.045004e-01 3.412810e-02 
3.071963e-01 3.419675e-02 
3.099169e-01 3.426603e-02 
3.126624e-01 3.433594e-02 
3.154330e-01 3.440650e-02 
3.182291e-01 3.447770e-02 
3.210508e-01 3.454956e-02 
3.238985e-01 3.462208e-02 
3.267724e-01 3.469526e-02 
3.296729e-01 3.476912e-02 
3.326001e-01 3.484367e-02 
3.355544e-01 3.491890e-02 
3.385360e-01 3.499483e-02 
3.415453e-01 3.507146e-02 
3.445825e-01 3.514880e-02 
3.476479e-01 3.522686e-02 
3.507418e-01 3.530565e-02 
3.538645e-01 3.538517e-02 
3.570163e-01 3.546543e-02 
3.601975e-01 3.554645e-02 
3.634084e-01 3.562821e-02 
3.666494e-01 3.571074e-02 
3.699206e-01 3.579405e-02 
3.732225e-01 3.587813e-02 
3.765554e-01 3.596301e-02 
3.799195e-01 3.604867e-02 
3.833152e-01 3.613515e-02 
3.867429e-01 3.622243e-02 
3.902028e-01 3.631054e-02 
3.936952e-01 3.639948e-02 
3.972206e-01 3.648925e-02 
4.007793e-01 3.657988e-02 
4.043715e-01 3.667135e-02 
4.079977e-01 3.676370e-02 
4.116582e-01 3.685691e-02 
4.153533e-01 3.695101e-02 
4.190833e-01 3.704600e-02 
4.228488e-01 3.714189e-02 
4.266499e-01 3.723868e-02 
4.304871e-01 3.733640e-02 
4.343608e-01 3.743504e-02 
4.382713e-01 3.753463e-02 
4.422189e-01 3.763515e-02 
4.462041e-01 3.773664e-02 
4.502273e-01 3.783909e-02 
4.542888e-01 3.794252e-02 
4.583890e-01 3.804693e-02 
4.625283e-01 3.815234e-02 
4.667071e-01 3.825876e-02 
4.709258e-01 3.836619e-02 
4.751849e-01 3.847465e-02 
4.794846e-01 3.858414e-02 
4.838255e-01 3.869468e-02 
4.882080e-01 3.880628e-02 
4.926324e-01 3.891895e-02 
4.970992e-01 3.903270e-02 
5.016088e-01 3.914754e-02 
5.061617e-01 3.926348e-02 
2.599004e-01 3.344757e-02 
2.621950e-01 3.350744e-02 
2.645098e-01 3.356785e-02 
2.668453e-01 3.362878e-02 
2.692014e-01 3.369026e-02 
2.715786e-01 3.375229e-02 
2.739770e-01 3.381487e-02 
2.763969e-01 3.387801e-02 
2.788384e-01 3.394172e-02 
2.813019e-01 3.400600e-02 
2.837875e-01 3.407085e-02 
2.862955e-01 3.413629e-02 
2.888261e-01 3.420232e-02 
2.913796e-01 3.426895e-02 
2.939562e-01 3.433618e-02 
2.965562e-01 3.440402e-02 
2.991798e-01 3.447248e-02 
3.018272e-01 3.454156e-02 
3.044988e-01 3.461127e-02 
3.071947e-01 3.468161e-02 
3.099153e-01 3.475260e-02 
3.126608e-01 3.482424e-02 
3.154314e-01 3.489653e-02 
3.182275e-01 3.496949e-02 
3.210492e-01 3.504311e-02 
3.238969e-01 3.511742e-02 
3.267708e-01 3.519241e-02 
3.296713e-01 3.526809e-02 
3.325985e-01 3.534447e-02 
3.355528e-01 3.542155e-02 
3.385344e-01 3.549935e-02 
3.415436e-01 3.557787e-02 
3.445808e-01 3.565712e-02 
3.476462e-01 3.573711e-02 
3.507401e-01 3.581783e-02 
3.538628e-01 3.589931e-02 
3.570146e-01 3.598155e-02 
3.601959e-01 3.606456e-02 
3.634068e-01 3.614834e-02 
3.666477e-01 3.623291e-02 
3.699190e-01 3.631826e-02 
3.732209e-01 3.640442e-02 
3.765537e-01 3.649138e-02 
3.799179e-01 3.657916e-02 
3.833136e-01 3.666777e-02 
3.867412e-01 3.675720e-02 
3.902011e-01 3.684748e-02 
3.936936e-01 3.693861e-02 
3.972190e-01 3.703060e-02 
4.007776e-01 3.712345e-02 
4.043699e-01 3.721718e-02 
4.079961e-01 3.731180e-02 
4.116565e-01 3.740731e-02 
4.153516e-01 3.750373e-02 
4.190817e-01 3.760106e-02 
4.228472e-01 3.769931e-02 
4.266483e-01 3.779849e-02 
4.304856e-01 3.789861e-02 
4.343592e-01 3.799969e-02 
4.382697e-01 3.810172e-02 
4.422173e-01 3.820473e-02 
4.462026e-01 3.830872e-02 
4.502257e-01 3.841369e-02 
4.542872e-01 3.851967e-02 
4.583874e-01 3.862665e-02 
4.625268e-01 3.873466e-02 
4.667056e-01 3.884370e-02 
4.709243e-01 3.895378e-02 
4.751834e-01 3.906491e-02 
4.794832e-01 3.917710e-02 
4.838241e-01 3.929037e-02 
4.882065e-01 3.940472e-02 
4.926310e-01 3.952016e-02 
4.970978e-01 3.963671e-02 
5.016074e-01 3.975438e-02 
5.061603e-01 3.987318e-02 
2.598995e-01 3.390278e-02 
2.621941e-01 3.396409e-02 
2.645089e-01 3.402595e-02 
2.668444e-01 3.408835e-02 
2.692005e-01 3.415131e-02 
2.715777e-01 3.421482e-02 
2.739761e-01 3.427891e-02 
2.763959e-01 3.434357e-02 
2.788375e-01 3.440881e-02 
2.813009e-01 3.447463e-02 
2.837865e-01 3.454105e-02 
2.862945e-01 3.460806e-02 
2.888251e-01 3.467568e-02 
2.913786e-01 3.474391e-02 
2.939552e-01 3.481275e-02 
2.965552e-01 3.488223e-02 
2.991788e-01 3.495233e-02 
3.018262e-01 3.502307e-02 
3.044978e-01 3.509445e-02 
3.071937e-01 3.516649e-02 
3.099143e-01 3.523918e-02 
3.126598e-01 3.531254e-02 
3.154304e-01 3.538658e-02 
3.182265e-01 3.546129e-02 
3.210482e-01 3.553668e-02 
3.238959e-01 3.561277e-02 
3.267698e-01 3.568957e-02 
3.296702e-01 3.576707e-02 
3.325975e-01 3.584528e-02 
3.355517e-01 3.592422e-02 
3.385334e-01 3.600389e-02 
3.415426e-01 3.608430e-02 
3.445798e-01 3.616545e-02 
3.476452e-01 3.624736e-02 
3.507391e-01 3.633003e-02 
3.538618e-01 3.641347e-02 
3.570136e-01 3.649769e-02 
3.601948e-01 3.658269e-02 
3.634058e-01 3.666848e-02 
3.666467e-01 3.675508e-02 
3.699180e-01 3.684249e-02 
3.732199e-01 3.693072e-02 
3.765527e-01 3.701977e-02 
3.799169e-01 3.710966e-02 
3.833126e-01 3.720040e-02 
3.867402e-01 3.729199e-02 
3.902001e-01 3.738444e-02 
3.936926e-01 3.747776e-02 
3.972180e-01 3.757195e-02 
4.007767e-01 3.766704e-02 
4.043689e-01 3.776303e-02 
4.079951e-01 3.785992e-02 
4.116556e-01 3.795773e-02 
4.153507e-01 3.805646e-02 
4.190808e-01 3.815613e-02 
4.228463e-01 3.825675e-02 
4.266474e-01 3.835831e-02 
4.304847e-01 3.846085e-02 
4.343583e-01 3.856435e-02 
4.382688e-01 3.866884e-02 
4.422165e-01 3.877432e-02 
4.462017e-01 3.888081e-02 
4.502249e-01 3.898831e-02 
4.542864e-01 3.909683e-02 
4.583866e-01 3.920639e-02 
4.625260e-01 3.931700e-02 
4.667048e-01 3.942865e-02 
4.709236e-01 3.954138e-02 
4.751827e-01 3.965518e-02 
4.794825e-01 3.977008e-02 
4.838234e-01 3.988607e-02 
4.882059e-01 4.000317e-02 
4.926303e-01 4.012139e-02 
4.970971e-01 4.024074e-02 
5.016068e-01 4.036124e-02 
5.061597e-01 4.048290e-02 
2.598988e-01 3.435800e-02 
2.621933e-01 3.442075e-02 
2.645082e-01 3.448405e-02 
2.668436e-01 3.454792e-02 
2.691997e-01 3.461236e-02 
2.715769e-01 3.467737e-02 
2.739753e-01 3.474296e-02 
2.763951e-01 3.480913e-02 
2.788367e-01 3.487590e-02 
2.813001e-01 3.494327e-02 
2.837857e-01 3.501125e-02 
2.862937e-01 3.507983e-02 
2.888243e-01 3.514904e-02 
2.913778e-01 3.521887e-02 
2.939544e-01 3.528933e-02 
2.965543e-01 3.536044e-02 
2.991779e-01 3.543219e-02 
3.018254e-01 3.550459e-02 
3.044969e-01 3.557765e-02 
3.071929e-01 3.565138e-02 
3.099134e-01 3.572578e-02 
3.126589e-01 3.580086e-02 
3.154295e-01 3.587663e-02 
3.182256e-01 3.595309e-02 
3.210473e-01 3.603026e-02 
3.238950e-01 3.610814e-02 
3.267689e-01 3.618673e-02 
3.296693e-01 3.626605e-02 
3.325966e-01 3.634610e-02 
3.355508e-01 3.642690e-02 
3.385325e-01 3.650844e-02 
3.415417e-01 3.659073e-02 
3.445789e-01 3.667379e-02 
3.476443e-01 3.675762e-02 
3.507382e-01 3.684223e-02 
3.538609e-01 3.692763e-02 
3.570127e-01 3.701383e-02 
3.601940e-01 3.710083e-02 
3.634049e-01 3.718864e-02 
3.666458e-01 3.727727e-02 
3.699171e-01 3.736673e-02 
3.732190e-01 3.745703e-02 
3.765518e-01 3.754817e-02 
3.799160e-01 3.764018e-02 
3.833117e-01 3.773304e-02 
3.867394e-01 3.782678e-02 
3.901993e-01 3.792140e-02 
3.936918e-01 3.801691e-02 
3.972172e-01 3.811332e-02 
4.007759e-01 3.821064e-02 
4.043681e-01 3.830888e-02 
4.079943e-01 3.840805e-02 
4.116548e-01 3.850815e-02 
4.153499e-01 3.860921e-02 
4.190800e-01 3.871122e-02 
4.228455e-01 3.881419e-02 
4.266467e-01 3.891815e-02 
4.304839e-01 3.902309e-02 
4.343576e-01 3.912902e-02 
4.382681e-01 3.923596e-02 
4.422158e-01 3.934392e-02 
4.462010e-01 3.945291e-02 
4.502242e-01 3.956293e-02 
4.542857e-01 3.967401e-02 
4.583860e-01 3.978614e-02 
4.625253e-01 3.989934e-02 
4.667042e-01 4.001362e-02 
4.709230e-01 4.012900e-02 
4.751821e-01 4.024547e-02 
4.794819e-01 4.036306e-02 
4.838228e-01 4.048178e-02 
4.882053e-01 4.060163e-02 
4.926298e-01 4.072262e-02 
4.970966e-01 4.084478e-02 
5.016063e-01 4.096811e-02 
5.061592e-01 4.109262e-02 
2.598980e-01 3.481322e-02 
2.621926e-01 3.487741e-02 
2.645074e-01 3.494217e-02 
2.668428e-01 3.500750e-02 
2.691990e-01 3.507342e-02 
2.715761e-01 3.513992e-02 
2.739745e-01 3.520701e-02 
2.763944e-01 3.527471e-02 
2.788359e-01 3.534301e-02 
2.812993e-01 3.541192e-02 
2.837849e-01 3.548146e-02 
2.862929e-01 3.555162e-02 
2.888235e-01 3.562241e-02 
2.913770e-01 3.569384e-02 
2.939536e-01 3.576593e-02 
2.965535e-01 3.583866e-02 
2.991771e-01 3.591205e-02 
3.018245e-01 3.598612e-02 
3.044961e-01 3.606085e-02 
3.071920e-01 3.613627e-02 
3.099126e-01 3.621238e-02 
3.126581e-01 3.628918e-02 
3.154287e-01 3.636669e-02 
3.182247e-01 3.644491e-02 
3.210464e-01 3.652385e-02 
3.238941e-01 3.660351e-02 
3.267681e-01 3.668391e-02 
3.296685e-01 3.676505e-02 
3.325957e-01 3.684694e-02 
3.355500e-01 3.692958e-02 
3.385316e-01 3.701299e-02 
3.415409e-01 3.709718e-02 
3.445781e-01 3.718214e-02 
3.476435e-01 3.726790e-02 
3.507374e-01 3.735445e-02 
3.538601e-01 3.744181e-02 
3.570119e-01 3.752998e-02 
3.601931e-01 3.761897e-02 
3.634040e-01 3.770880e-02 
3.666450e-01 3.779947e-02 
3.699162e-01 3.789098e-02 
3.732182e-01 3.798335e-02 
3.765510e-01 3.807659e-02 
3.799152e-01 3.817070e-02 
3.833109e-01 3.826569e-02 
3.867386e-01 3.836158e-02 
3.901985e-01 3.845837e-02 
3.936910e-01 3.855608e-02 
3.972164e-01 3.865470e-02 
4.007751e-01 3.875425e-02 
4.043673e-01 3.885475e-02 
4.079935e-01 3.895619e-02 
4.116540e-01 3.905859e-02 
4.153492e-01 3.916196e-02 
4.190793e-01 3.926631e-02 
4.228448e-01 3.937165e-02 
4.266459e-01 3.947799e-02 
4.304832e-01 3.958534e-02 
4.343569e-01 3.969371e-02 
4.382674e-01 3.980310e-02 
4.422151e-01 3.991354e-02 
4.462004e-01 4.002503e-02 
4.502236e-01 4.013757e-02 
4.542851e-01 4.025120e-02 
4.583854e-01 4.036590e-02 
4.625247e-01 4.048170e-02 
4.667036e-01 4.059860e-02 
4.709224e-01 4.071663e-02 
4.751815e-01 4.083577e-02 
4.794814e-01 4.095606e-02 
4.838223e-01 4.107750e-02 
4.882048e-01 4.120010e-02 
4.926293e-01 4.132388e-02 
4.970962e-01 4.144884e-02 
5.016059e-01 4.157500e-02 
5.061589e-01 4.170236e-02 
2.598973e-01 3.526846e-02 
2.621918e-01 3.533409e-02 
2.645067e-01 3.540030e-02 
2.668421e-01 3.546709e-02 
2.691982e-01 3.553449e-02 
2.715754e-01 3.560248e-02 
2.739737e-01 3.567108e-02 
2.763936e-01 3.574029e-02 
2.788351e-01 3.581012e-02 
2.812985e-01 3.588058e-02 
2.837841e-01 3.595168e-02 
2.862921e-01 3.602341e-02 
2.888227e-01 3.609579e-02 
2.913761e-01 3.616883e-02 
2.939527e-01 3.624252e-02 
2.965527e-01 3.631689e-02 
2.991763e-01 3.639193e-02 
3.018237e-01 3.646765e-02 
3.044953e-01 3.654406e-02 
3.071912e-01 3.662117e-02 
3.099117e-01 3.669899e-02 
3.126572e-01 3.677752e-02 
3.154278e-01 3.685676e-02 
3.182239e-01 3.693674e-02 
3.210456e-01 3.701744e-02 
3.238933e-01 3.709889e-02 
3.267672e-01 3.718110e-02 
3.296676e-01 3.726405e-02 
3.325948e-01 3.734778e-02 
3.355491e-01 3.743228e-02 
3.385307e-01 3.751756e-02 
3.415400e-01 3.760363e-02 
3.445772e-01 3.769050e-02 
3.476426e-01 3.777818e-02 
3.507365e-01 3.786667e-02 
3.538592e-01 3.795599e-02 
3.570110e-01 3.804614e-02 
3.601923e-01 3.813713e-02 
3.634032e-01 3.822897e-02 
3.666441e-01 3.832167e-02 
3.699154e-01 3.841524e-02 
3.732173e-01 3.850968e-02 
3.765502e-01 3.860501e-02 
3.799143e-01 3.870123e-02 
3.833101e-01 3.879836e-02 
3.867377e-01 3.889640e-02 
3.901977e-01 3.899536e-02 
3.936902e-01 3.909525e-02 
3.972156e-01 3.919609e-02 
4.007743e-01 3.929787e-02 
4.043666e-01 3.940062e-02 
4.079928e-01 3.950434e-02 
4.116533e-01 3.960904e-02 
4.153484e-01 3.971473e-02 
4.190785e-01 3.982142e-02 
4.228440e-01 3.992912e-02 
4.266452e-01 4.003785e-02 
4.304825e-01 4.014760e-02 
4.343562e-01 4.025840e-02 
4.382667e-01 4.037025e-02 
4.422144e-01 4.048316e-02 
4.461997e-01 4.059715e-02 
4.502229e-01 4.071222e-02 
4.542845e-01 4.082839e-02 
4.583847e-01 4.094567e-02 
4.625241e-01 4.106407e-02 
4.667030e-01 4.118360e-02 
4.709219e-01 4.130426e-02 
4.751810e-01 4.142608e-02 
4.794808e-01 4.154907e-02 
4.838218e-01 4.167323e-02 
4.882043e-01 4.179858e-02 
4.926288e-01 4.192514e-02 
4.970957e-01 4.205290e-02 
5.016055e-01 4.218189e-02 
5.061584e-01 4.231211e-02 
2.598959e-01 3.572369e-02 
2.621904e-01 3.579076e-02 
2.645052e-01 3.585842e-02 
2.668406e-01 3.592669e-02 
2.691968e-01 3.599556e-02 
2.715739e-01 3.606504e-02 
2.739723e-01 3.613514e-02 
2.763921e-01 3.620587e-02 
2.788336e-01 3.627724e-02 
2.812970e-01 3.634924e-02 
2.837826e-01 3.642190e-02 
2.862906e-01 3.649520e-02 
2.888211e-01 3.656917e-02 
2.913746e-01 3.664381e-02 
2.939512e-01 3.671912e-02 
2.965511e-01 3.679512e-02 
2.991747e-01 3.687181e-02 
3.018221e-01 3.694919e-02 
3.044937e-01 3.702728e-02 
3.071896e-01 3.710608e-02 
3.099102e-01 3.718560e-02 
3.126556e-01 3.726585e-02 
3.154262e-01 3.734683e-02 
3.182223e-01 3.742856e-02 
3.210440e-01 3.751104e-02 
3.238917e-01 3.759428e-02 
3.267656e-01 3.767828e-02 
3.296660e-01 3.776306e-02 
3.325932e-01 3.784862e-02 
3.355475e-01 3.793498e-02 
3.385291e-01 3.802213e-02 
3.415384e-01 3.811009e-02 
3.445756e-01 3.819886e-02 
3.476410e-01 3.828847e-02 
3.507349e-01 3.837890e-02 
3.538576e-01 3.847018e-02 
3.570094e-01 3.856230e-02 
3.601906e-01 3.865529e-02 
3.634016e-01 3.874914e-02 
3.666425e-01 3.884388e-02 
3.699138e-01 3.893950e-02 
3.732157e-01 3.903601e-02 
3.765486e-01 3.913343e-02 
3.799127e-01 3.923176e-02 
3.833085e-01 3.933102e-02 
3.867361e-01 3.943121e-02 
3.901961e-01 3.953234e-02 
3.936886e-01 3.963443e-02 
3.972140e-01 3.973748e-02 
4.007727e-01 3.984150e-02 
4.043649e-01 3.994650e-02 
4.079912e-01 4.005249e-02 
4.116517e-01 4.015949e-02 
4.153468e-01 4.026750e-02 
4.190770e-01 4.037653e-02 
4.228424e-01 4.048659e-02 
4.266436e-01 4.059770e-02 
4.304809e-01 4.070986e-02 
4.343546e-01 4.082309e-02 
4.382652e-01 4.093740e-02 
4.422129e-01 4.105279e-02 
4.461982e-01 4.116928e-02 
4.502214e-01 4.128687e-02 
4.542830e-01 4.140559e-02 
4.583832e-01 4.152544e-02 
4.625227e-01 4.164644e-02 
4.667016e-01 4.176859e-02 
4.709204e-01 4.189190e-02 
4.751795e-01 4.201640e-02 
4.794794e-01 4.214208e-02 
4.838204e-01 4.226897e-02 
4.882029e-01 4.239707e-02 
4.926275e-01 4.252640e-02 
4.970944e-01 4.265696e-02 
5.016041e-01 4.278878e-02 
5.061571e-01 4.292187e-02 
2.598929e-01 3.617891e-02 
2.621874e-01 3.624742e-02 
2.645022e-01 3.631653e-02 
2.668376e-01 3.638626e-02 
2.691938e-01 3.645661e-02 
2.715709e-01 3.652759e-02 
2.739692e-01 3.659919e-02 
2.763890e-01 3.667144e-02 
2.788305e-01 3.674434e-02 
2.812939e-01 3.681789e-02 
2.837795e-01 3.689210e-02 
2.862874e-01 3.696698e-02 
2.888180e-01 3.704254e-02 
2.913715e-01 3.711878e-02 
2.939480e-01 3.719571e-02 
2.965480e-01 3.727333e-02 
2.991715e-01 3.735167e-02 
3.018190e-01 3.743071e-02 
3.044905e-01 3.751048e-02 
3.071864e-01 3.759097e-02 
3.099070e-01 3.767220e-02 
3.126524e-01 3.775417e-02 
3.154230e-01 3.783689e-02 
3.182190e-01 3.792037e-02 
3.210407e-01 3.800462e-02 
3.238884e-01 3.808965e-02 
3.267623e-01 3.817545e-02 
3.296627e-01 3.826205e-02 
3.325899e-01 3.834945e-02 
3.355442e-01 3.843766e-02 
3.385258e-01 3.852668e-02 
3.415351e-01 3.861653e-02 
3.445722e-01 3.870721e-02 
3.476376e-01 3.879874e-02 
3.507315e-01 3.889111e-02 
3.538542e-01 3.898435e-02 
3.570060e-01 3.907845e-02 
3.601872e-01 3.917343e-02 
3.633982e-01 3.926930e-02 
3.666391e-01 3.936607e-02 
3.699104e-01 3.946374e-02 
3.732123e-01 3.956233e-02 
3.765451e-01 3.966184e-02 
3.799093e-01 3.976228e-02 
3.833050e-01 3.986367e-02 
3.867327e-01 3.996601e-02 
3.901926e-01 4.006931e-02 
3.936851e-01 4.017359e-02 
3.972105e-01 4.027885e-02 
4.007692e-01 4.038510e-02 
4.043615e-01 4.049236e-02 
4.079877e-01 4.060063e-02 
4.116482e-01 4.070992e-02 
4.153433e-01 4.082025e-02 
4.190735e-01 4.093162e-02 
4.228390e-01 4.104405e-02 
4.266402e-01 4.115754e-02 
4.304774e-01 4.127211e-02 
4.343511e-01 4.138777e-02 
4.382617e-01 4.150453e-02 
4.422094e-01 4.162240e-02 
4.461947e-01 4.174138e-02 
4.502179e-01 4.186151e-02 
4.542795e-01 4.198278e-02 
4.583797e-01 4.210520e-02 
4.625191e-01 4.222879e-02 
4.666981e-01 4.235356e-02 
4.709169e-01 4.247952e-02 
4.751760e-01 4.260669e-02 
4.794759e-01 4.273507e-02 
4.838169e-01 4.286468e-02 
4.881994e-01 4.299554e-02 
4.926240e-01 4.312764e-02 
4.970909e-01 4.326101e-02 
5.016006e-01 4.339566e-02 
5.061536e-01 4.353160e-02 
2.598857e-01 3.663408e-02 
2.621801e-01 3.670402e-02 
2.644949e-01 3.677459e-02 
2.668303e-01 3.684578e-02 
2.691864e-01 3.691761e-02 
2.715635e-01 3.699008e-02 
2.739618e-01 3.706319e-02 
2.763816e-01 3.713695e-02 
2.788231e-01 3.721138e-02 
2.812864e-01 3.728648e-02 
2.837720e-01 3.736225e-02 
2.862799e-01 3.743870e-02 
2.888104e-01 3.751585e-02 
2.913639e-01 3.759369e-02 
2.939404e-01 3.767223e-02 
2.965403e-01 3.775149e-02 
2.991639e-01 3.783147e-02 
3.018113e-01 3.791218e-02 
3.044828e-01 3.799362e-02 
3.071787e-01 3.807580e-02 
3.098992e-01 3.815874e-02 
3.126446e-01 3.824243e-02 
3.154152e-01 3.832689e-02 
3.182112e-01 3.841213e-02 
3.210328e-01 3.849815e-02 
3.238805e-01 3.858496e-02 
3.267544e-01 3.867257e-02 
3.296548e-01 3.876098e-02 
3.325819e-01 3.885022e-02 
3.355362e-01 3.894028e-02 
3.385178e-01 3.903117e-02 
3.415270e-01 3.912291e-02 
3.445641e-01 3.921549e-02 
3.476295e-01 3.930894e-02 
3.507234e-01 3.940326e-02 
3.538460e-01 3.949845e-02 
3.569978e-01 3.959453e-02 
3.601790e-01 3.969151e-02 
3.633899e-01 3.978940e-02 
3.666308e-01 3.988820e-02 
3.699020e-01 3.998792e-02 
3.732039e-01 4.008858e-02 
3.765367e-01 4.019018e-02 
3.799009e-01 4.029273e-02 
3.832966e-01 4.039625e-02 
3.867242e-01 4.050074e-02 
3.901841e-01 4.060622e-02 
3.936766e-01 4.071268e-02 
3.972020e-01 4.082016e-02 
4.007606e-01 4.092864e-02 
4.043529e-01 4.103815e-02 
4.079790e-01 4.114869e-02 
4.116395e-01 4.126028e-02 
4.153346e-01 4.137293e-02 
4.190647e-01 4.148664e-02 
4.228302e-01 4.160143e-02 
4.266314e-01 4.171731e-02 
4.304686e-01 4.183429e-02 
4.343423e-01 4.195238e-02 
4.382528e-01 4.207159e-02 
4.422005e-01 4.219193e-02 
4.461857e-01 4.231342e-02 
4.502089e-01 4.243607e-02 
4.542705e-01 4.255988e-02 
4.583707e-01 4.268488e-02 
4.625101e-01 4.281107e-02 
4.666890e-01 4.293846e-02 
4.709078e-01 4.306707e-02 
4.751669e-01 4.319691e-02 
4.794667e-01 4.332799e-02 
4.838077e-01 4.346032e-02 
4.881902e-01 4.359393e-02 
4.926147e-01 4.372881e-02 
4.970816e-01 4.386498e-02 
5.015913e-01 4.400246e-02 
5.061443e-01 4.414125e-02 
BC
-1
-1
-1
-1
-1
-1
-1
-1
-1
-1
-1
-1
-1
-1
-1
-1
-1
-1
-1
-1
-1
-1
-1
-1
-1
-1
-1
-1
-1
-1
-1
-1
-1
-1
-1
-1
-1
-1
-1
-1
-1
-1
-1
-1
-1
-1
-1
-1
-1
-1
-1
-1
-1
-1
-1
-1
-1
-1
-1
-1
-1
-1
-1
-1
-1
-1
-1
-1
-1
-1
-1
-1
-1
-1
-1
-1
-1
-1
-1
-1
-1
-1
-1
-1
-1
-1
-1
-1
-1
-1
-1
-1
-1
-1
-1
-1
-1
-1
-1
-1
-1
-1
-1
-1
-1
-1
-1
-1
-1
-1
-1
-1
-1
-1
-1
-1
-1
-1
-1
-1
-1
-1
-1
-1
-1
-1
-1
-1
-1
-1
-1
-1
-1
-1
-1
-1
-1
-1
-1
-1
-1
-1
-1
-1
-1
-1
-1
-1
-1
-1
-1
-1
-1
-1
-1
-1
-1
-1
-1
-1
-1
-1
-1
-1
-1
-1
-1
-1
-1
-1
