npartb: 4 2 
ipartb: 3 0 
ngrid: 73 27 
5.581771e-01 1.495657e-01 
5.622219e-01 1.506495e-01 
5.662667e-01 1.517333e-01 
5.703114e-01 1.528171e-01 
5.743562e-01 1.539010e-01 
5.784010e-01 1.549848e-01 
5.824457e-01 1.560686e-01 
5.864905e-01 1.571524e-01 
5.905352e-01 1.582362e-01 
5.945800e-01 1.593200e-01 
5.986248e-01 1.604038e-01 
6.026695e-01 1.614876e-01 
6.067143e-01 1.625714e-01 
6.107590e-01 1.636552e-01 
6.148038e-01 1.647390e-01 
6.188486e-01 1.658229e-01 
6.228933e-01 1.669067e-01 
6.269381e-01 1.679905e-01 
6.309829e-01 1.690743e-01 
6.350276e-01 1.701581e-01 
6.390724e-01 1.712419e-01 
6.431171e-01 1.723257e-01 
6.471619e-01 1.734095e-01 
6.512067e-01 1.744933e-01 
6.552514e-01 1.755771e-01 
6.592962e-01 1.766610e-01 
6.633410e-01 1.777448e-01 
6.673857e-01 1.788286e-01 
6.714305e-01 1.799124e-01 
6.754752e-01 1.809962e-01 
6.795200e-01 1.820800e-01 
6.835648e-01 1.831638e-01 
6.876095e-01 1.842476e-01 
6.916543e-01 1.853314e-01 
6.956990e-01 1.864152e-01 
6.997438e-01 1.874990e-01 
7.037886e-01 1.885829e-01 
7.078333e-01 1.896667e-01 
7.118781e-01 1.907505e-01 
7.159229e-01 1.918343e-01 
7.199676e-01 1.929181e-01 
7.240124e-01 1.940019e-01 
7.280571e-01 1.950857e-01 
7.321019e-01 1.961695e-01 
7.361467e-01 1.972533e-01 
7.401914e-01 1.983371e-01 
7.442362e-01 1.994210e-01 
7.482810e-01 2.005048e-01 
7.523257e-01 2.015886e-01 
7.563705e-01 2.026724e-01 
7.604152e-01 2.037562e-01 
7.644600e-01 2.048400e-01 
7.685048e-01 2.059238e-01 
7.725495e-01 2.070076e-01 
7.765943e-01 2.080914e-01 
7.806390e-01 2.091752e-01 
7.846838e-01 2.102590e-01 
7.887286e-01 2.113429e-01 
7.927733e-01 2.124267e-01 
7.968181e-01 2.135105e-01 
8.008629e-01 2.145943e-01 
8.049076e-01 2.156781e-01 
8.089524e-01 2.167619e-01 
8.129971e-01 2.178457e-01 
8.170419e-01 2.189295e-01 
8.210867e-01 2.200133e-01 
8.251314e-01 2.210971e-01 
8.291762e-01 2.221810e-01 
8.332210e-01 2.232648e-01 
8.372657e-01 2.243486e-01 
8.413105e-01 2.254324e-01 
8.453552e-01 2.265162e-01 
8.494000e-01 2.276000e-01 
5.575245e-01 1.526132e-01 
5.615783e-01 1.536753e-01 
5.656321e-01 1.547375e-01 
5.696860e-01 1.557996e-01 
5.737398e-01 1.568617e-01 
5.777936e-01 1.579239e-01 
5.818474e-01 1.589860e-01 
5.859013e-01 1.600481e-01 
5.899551e-01 1.611103e-01 
5.940089e-01 1.621724e-01 
5.980627e-01 1.632345e-01 
6.021166e-01 1.642967e-01 
6.061704e-01 1.653588e-01 
6.102242e-01 1.664209e-01 
6.142781e-01 1.674831e-01 
6.183319e-01 1.685452e-01 
6.223857e-01 1.696073e-01 
6.264395e-01 1.706695e-01 
6.304934e-01 1.717316e-01 
6.345472e-01 1.727937e-01 
6.386010e-01 1.738559e-01 
6.426548e-01 1.749180e-01 
6.467087e-01 1.759801e-01 
6.507625e-01 1.770423e-01 
6.548163e-01 1.781044e-01 
6.588701e-01 1.791665e-01 
6.629240e-01 1.802287e-01 
6.669778e-01 1.812908e-01 
6.710316e-01 1.823529e-01 
6.750855e-01 1.834151e-01 
6.791393e-01 1.844772e-01 
6.831931e-01 1.855393e-01 
6.872469e-01 1.866015e-01 
6.913008e-01 1.876636e-01 
6.953546e-01 1.887257e-01 
6.994084e-01 1.897879e-01 
7.034622e-01 1.908500e-01 
7.075161e-01 1.919121e-01 
7.115699e-01 1.929743e-01 
7.156237e-01 1.940364e-01 
7.196775e-01 1.950985e-01 
7.237314e-01 1.961607e-01 
7.277852e-01 1.972228e-01 
7.318390e-01 1.982849e-01 
7.358929e-01 1.993471e-01 
7.399467e-01 2.004092e-01 
7.440005e-01 2.014713e-01 
7.480543e-01 2.025335e-01 
7.521082e-01 2.035956e-01 
7.561620e-01 2.046577e-01 
7.602158e-01 2.057199e-01 
7.642696e-01 2.067820e-01 
7.683235e-01 2.078441e-01 
7.723773e-01 2.089063e-01 
7.764311e-01 2.099684e-01 
7.804849e-01 2.110305e-01 
7.845388e-01 2.120927e-01 
7.885926e-01 2.131548e-01 
7.926464e-01 2.142169e-01 
7.967003e-01 2.152791e-01 
8.007541e-01 2.163412e-01 
8.048079e-01 2.174033e-01 
8.088617e-01 2.184655e-01 
8.129156e-01 2.195276e-01 
8.169694e-01 2.205897e-01 
8.210232e-01 2.216519e-01 
8.250770e-01 2.227140e-01 
8.291309e-01 2.237761e-01 
8.331847e-01 2.248383e-01 
8.372385e-01 2.259004e-01 
8.412923e-01 2.269625e-01 
8.453462e-01 2.280247e-01 
8.494000e-01 2.290868e-01 
5.568718e-01 1.556607e-01 
5.609347e-01 1.567011e-01 
5.649976e-01 1.577416e-01 
5.690605e-01 1.587821e-01 
5.731234e-01 1.598225e-01 
5.771863e-01 1.608630e-01 
5.812492e-01 1.619034e-01 
5.853121e-01 1.629439e-01 
5.893749e-01 1.639843e-01 
5.934378e-01 1.650248e-01 
5.975007e-01 1.660653e-01 
6.015636e-01 1.671057e-01 
6.056265e-01 1.681462e-01 
6.096894e-01 1.691866e-01 
6.137523e-01 1.702271e-01 
6.178152e-01 1.712675e-01 
6.218781e-01 1.723080e-01 
6.259410e-01 1.733485e-01 
6.300039e-01 1.743889e-01 
6.340668e-01 1.754294e-01 
6.381296e-01 1.764698e-01 
6.421925e-01 1.775103e-01 
6.462554e-01 1.785507e-01 
6.503183e-01 1.795912e-01 
6.543812e-01 1.806317e-01 
6.584441e-01 1.816721e-01 
6.625070e-01 1.827126e-01 
6.665699e-01 1.837530e-01 
6.706328e-01 1.847935e-01 
6.746957e-01 1.858339e-01 
6.787586e-01 1.868744e-01 
6.828215e-01 1.879149e-01 
6.868843e-01 1.889553e-01 
6.909472e-01 1.899958e-01 
6.950101e-01 1.910362e-01 
6.990730e-01 1.920767e-01 
7.031359e-01 1.931171e-01 
7.071988e-01 1.941576e-01 
7.112617e-01 1.951981e-01 
7.153246e-01 1.962385e-01 
7.193875e-01 1.972790e-01 
7.234504e-01 1.983194e-01 
7.275133e-01 1.993599e-01 
7.315761e-01 2.004003e-01 
7.356390e-01 2.014408e-01 
7.397019e-01 2.024813e-01 
7.437648e-01 2.035217e-01 
7.478277e-01 2.045622e-01 
7.518906e-01 2.056026e-01 
7.559535e-01 2.066431e-01 
7.600164e-01 2.076835e-01 
7.640793e-01 2.087240e-01 
7.681422e-01 2.097645e-01 
7.722051e-01 2.108049e-01 
7.762680e-01 2.118454e-01 
7.803308e-01 2.128858e-01 
7.843937e-01 2.139263e-01 
7.884566e-01 2.149667e-01 
7.925195e-01 2.160072e-01 
7.965824e-01 2.170477e-01 
8.006453e-01 2.180881e-01 
8.047082e-01 2.191286e-01 
8.087711e-01 2.201690e-01 
8.128340e-01 2.212095e-01 
8.168969e-01 2.222499e-01 
8.209598e-01 2.232904e-01 
8.250227e-01 2.243309e-01 
8.290855e-01 2.253713e-01 
8.331484e-01 2.264118e-01 
8.372113e-01 2.274522e-01 
8.412742e-01 2.284927e-01 
8.453371e-01 2.295331e-01 
8.494000e-01 2.305736e-01 
5.562192e-01 1.587082e-01 
5.602911e-01 1.597270e-01 
5.643631e-01 1.607457e-01 
5.684350e-01 1.617645e-01 
5.725070e-01 1.627833e-01 
5.765789e-01 1.638021e-01 
5.806509e-01 1.648209e-01 
5.847228e-01 1.658396e-01 
5.887948e-01 1.668584e-01 
5.928668e-01 1.678772e-01 
5.969387e-01 1.688960e-01 
6.010107e-01 1.699148e-01 
6.050826e-01 1.709335e-01 
6.091546e-01 1.719523e-01 
6.132265e-01 1.729711e-01 
6.172985e-01 1.739899e-01 
6.213705e-01 1.750087e-01 
6.254424e-01 1.760274e-01 
6.295144e-01 1.770462e-01 
6.335863e-01 1.780650e-01 
6.376583e-01 1.790838e-01 
6.417302e-01 1.801026e-01 
6.458022e-01 1.811214e-01 
6.498741e-01 1.821401e-01 
6.539461e-01 1.831589e-01 
6.580181e-01 1.841777e-01 
6.620900e-01 1.851965e-01 
6.661620e-01 1.862153e-01 
6.702339e-01 1.872340e-01 
6.743059e-01 1.882528e-01 
6.783778e-01 1.892716e-01 
6.824498e-01 1.902904e-01 
6.865218e-01 1.913092e-01 
6.905937e-01 1.923279e-01 
6.946657e-01 1.933467e-01 
6.987376e-01 1.943655e-01 
7.028096e-01 1.953843e-01 
7.068815e-01 1.964031e-01 
7.109535e-01 1.974218e-01 
7.150254e-01 1.984406e-01 
7.190974e-01 1.994594e-01 
7.231694e-01 2.004782e-01 
7.272413e-01 2.014970e-01 
7.313133e-01 2.025158e-01 
7.353852e-01 2.035345e-01 
7.394572e-01 2.045533e-01 
7.435291e-01 2.055721e-01 
7.476011e-01 2.065909e-01 
7.516731e-01 2.076097e-01 
7.557450e-01 2.086284e-01 
7.598170e-01 2.096472e-01 
7.638889e-01 2.106660e-01 
7.679609e-01 2.116848e-01 
7.720328e-01 2.127036e-01 
7.761048e-01 2.137223e-01 
7.801767e-01 2.147411e-01 
7.842487e-01 2.157599e-01 
7.883207e-01 2.167787e-01 
7.923926e-01 2.177975e-01 
7.964646e-01 2.188162e-01 
8.005365e-01 2.198350e-01 
8.046085e-01 2.208538e-01 
8.086804e-01 2.218726e-01 
8.127524e-01 2.228914e-01 
8.168244e-01 2.239102e-01 
8.208963e-01 2.249289e-01 
8.249683e-01 2.259477e-01 
8.290402e-01 2.269665e-01 
8.331122e-01 2.279853e-01 
8.371841e-01 2.290041e-01 
8.412561e-01 2.300228e-01 
8.453280e-01 2.310416e-01 
8.494000e-01 2.320604e-01 
5.555665e-01 1.617557e-01 
5.596475e-01 1.627528e-01 
5.637285e-01 1.637499e-01 
5.678096e-01 1.647470e-01 
5.718906e-01 1.657441e-01 
5.759716e-01 1.667412e-01 
5.800526e-01 1.677383e-01 
5.841336e-01 1.687354e-01 
5.882147e-01 1.697325e-01 
5.922957e-01 1.707296e-01 
5.963767e-01 1.717267e-01 
6.004577e-01 1.727238e-01 
6.045387e-01 1.737209e-01 
6.086198e-01 1.747180e-01 
6.127008e-01 1.757151e-01 
6.167818e-01 1.767122e-01 
6.208628e-01 1.777093e-01 
6.249438e-01 1.787064e-01 
6.290249e-01 1.797035e-01 
6.331059e-01 1.807006e-01 
6.371869e-01 1.816978e-01 
6.412679e-01 1.826949e-01 
6.453490e-01 1.836920e-01 
6.494300e-01 1.846891e-01 
6.535110e-01 1.856862e-01 
6.575920e-01 1.866833e-01 
6.616730e-01 1.876804e-01 
6.657541e-01 1.886775e-01 
6.698351e-01 1.896746e-01 
6.739161e-01 1.906717e-01 
6.779971e-01 1.916688e-01 
6.820781e-01 1.926659e-01 
6.861592e-01 1.936630e-01 
6.902402e-01 1.946601e-01 
6.943212e-01 1.956572e-01 
6.984022e-01 1.966543e-01 
7.024832e-01 1.976514e-01 
7.065643e-01 1.986485e-01 
7.106453e-01 1.996456e-01 
7.147263e-01 2.006427e-01 
7.188073e-01 2.016398e-01 
7.228884e-01 2.026370e-01 
7.269694e-01 2.036341e-01 
7.310504e-01 2.046312e-01 
7.351314e-01 2.056283e-01 
7.392124e-01 2.066254e-01 
7.432935e-01 2.076225e-01 
7.473745e-01 2.086196e-01 
7.514555e-01 2.096167e-01 
7.555365e-01 2.106138e-01 
7.596175e-01 2.116109e-01 
7.636986e-01 2.126080e-01 
7.677796e-01 2.136051e-01 
7.718606e-01 2.146022e-01 
7.759416e-01 2.155993e-01 
7.800226e-01 2.165964e-01 
7.841037e-01 2.175935e-01 
7.881847e-01 2.185906e-01 
7.922657e-01 2.195877e-01 
7.963467e-01 2.205848e-01 
8.004277e-01 2.215819e-01 
8.045088e-01 2.225790e-01 
8.085898e-01 2.235762e-01 
8.126708e-01 2.245733e-01 
8.167518e-01 2.255704e-01 
8.208329e-01 2.265675e-01 
8.249139e-01 2.275646e-01 
8.289949e-01 2.285617e-01 
8.330759e-01 2.295588e-01 
8.371569e-01 2.305559e-01 
8.412380e-01 2.315530e-01 
8.453190e-01 2.325501e-01 
8.494000e-01 2.335472e-01 
5.549138e-01 1.648031e-01 
5.590039e-01 1.657786e-01 
5.630940e-01 1.667540e-01 
5.671841e-01 1.677294e-01 
5.712742e-01 1.687049e-01 
5.753643e-01 1.696803e-01 
5.794543e-01 1.706557e-01 
5.835444e-01 1.716311e-01 
5.876345e-01 1.726066e-01 
5.917246e-01 1.735820e-01 
5.958147e-01 1.745574e-01 
5.999048e-01 1.755329e-01 
6.039949e-01 1.765083e-01 
6.080849e-01 1.774837e-01 
6.121750e-01 1.784591e-01 
6.162651e-01 1.794346e-01 
6.203552e-01 1.804100e-01 
6.244453e-01 1.813854e-01 
6.285354e-01 1.823609e-01 
6.326255e-01 1.833363e-01 
6.367155e-01 1.843117e-01 
6.408056e-01 1.852871e-01 
6.448957e-01 1.862626e-01 
6.489858e-01 1.872380e-01 
6.530759e-01 1.882134e-01 
6.571660e-01 1.891889e-01 
6.612561e-01 1.901643e-01 
6.653461e-01 1.911397e-01 
6.694362e-01 1.921151e-01 
6.735263e-01 1.930906e-01 
6.776164e-01 1.940660e-01 
6.817065e-01 1.950414e-01 
6.857966e-01 1.960169e-01 
6.898867e-01 1.969923e-01 
6.939767e-01 1.979677e-01 
6.980668e-01 1.989431e-01 
7.021569e-01 1.999186e-01 
7.062470e-01 2.008940e-01 
7.103371e-01 2.018694e-01 
7.144272e-01 2.028449e-01 
7.185173e-01 2.038203e-01 
7.226073e-01 2.047957e-01 
7.266974e-01 2.057711e-01 
7.307875e-01 2.067466e-01 
7.348776e-01 2.077220e-01 
7.389677e-01 2.086974e-01 
7.430578e-01 2.096729e-01 
7.471479e-01 2.106483e-01 
7.512379e-01 2.116237e-01 
7.553280e-01 2.125991e-01 
7.594181e-01 2.135746e-01 
7.635082e-01 2.145500e-01 
7.675983e-01 2.155254e-01 
7.716884e-01 2.165009e-01 
7.757785e-01 2.174763e-01 
7.798685e-01 2.184517e-01 
7.839586e-01 2.194271e-01 
7.880487e-01 2.204026e-01 
7.921388e-01 2.213780e-01 
7.962289e-01 2.223534e-01 
8.003190e-01 2.233289e-01 
8.044091e-01 2.243043e-01 
8.084991e-01 2.252797e-01 
8.125892e-01 2.262551e-01 
8.166793e-01 2.272306e-01 
8.207694e-01 2.282060e-01 
8.248595e-01 2.291814e-01 
8.289496e-01 2.301569e-01 
8.330397e-01 2.311323e-01 
8.371297e-01 2.321077e-01 
8.412198e-01 2.330831e-01 
8.453099e-01 2.340586e-01 
8.494000e-01 2.350340e-01 
5.542612e-01 1.678506e-01 
5.583603e-01 1.688044e-01 
5.624595e-01 1.697581e-01 
5.665586e-01 1.707119e-01 
5.706578e-01 1.716656e-01 
5.747569e-01 1.726194e-01 
5.788561e-01 1.735731e-01 
5.829552e-01 1.745269e-01 
5.870544e-01 1.754806e-01 
5.911535e-01 1.764344e-01 
5.952527e-01 1.773882e-01 
5.993518e-01 1.783419e-01 
6.034510e-01 1.792957e-01 
6.075501e-01 1.802494e-01 
6.116493e-01 1.812032e-01 
6.157484e-01 1.821569e-01 
6.198476e-01 1.831107e-01 
6.239467e-01 1.840644e-01 
6.280459e-01 1.850182e-01 
6.321450e-01 1.859719e-01 
6.362442e-01 1.869257e-01 
6.403433e-01 1.878794e-01 
6.444425e-01 1.888332e-01 
6.485416e-01 1.897869e-01 
6.526408e-01 1.907407e-01 
6.567399e-01 1.916944e-01 
6.608391e-01 1.926482e-01 
6.649382e-01 1.936019e-01 
6.690374e-01 1.945557e-01 
6.731365e-01 1.955094e-01 
6.772357e-01 1.964632e-01 
6.813348e-01 1.974170e-01 
6.854340e-01 1.983707e-01 
6.895331e-01 1.993245e-01 
6.936323e-01 2.002782e-01 
6.977314e-01 2.012320e-01 
7.018306e-01 2.021857e-01 
7.059297e-01 2.031395e-01 
7.100289e-01 2.040932e-01 
7.141280e-01 2.050470e-01 
7.182272e-01 2.060007e-01 
7.223263e-01 2.069545e-01 
7.264255e-01 2.079082e-01 
7.305246e-01 2.088620e-01 
7.346238e-01 2.098157e-01 
7.387229e-01 2.107695e-01 
7.428221e-01 2.117232e-01 
7.469212e-01 2.126770e-01 
7.510204e-01 2.136307e-01 
7.551195e-01 2.145845e-01 
7.592187e-01 2.155382e-01 
7.633178e-01 2.164920e-01 
7.674170e-01 2.174458e-01 
7.715161e-01 2.183995e-01 
7.756153e-01 2.193533e-01 
7.797144e-01 2.203070e-01 
7.838136e-01 2.212608e-01 
7.879127e-01 2.222145e-01 
7.920119e-01 2.231683e-01 
7.961110e-01 2.241220e-01 
8.002102e-01 2.250758e-01 
8.043093e-01 2.260295e-01 
8.084085e-01 2.269833e-01 
8.125076e-01 2.279370e-01 
8.166068e-01 2.288908e-01 
8.207059e-01 2.298445e-01 
8.248051e-01 2.307983e-01 
8.289042e-01 2.317520e-01 
8.330034e-01 2.327058e-01 
8.371025e-01 2.336595e-01 
8.412017e-01 2.346133e-01 
8.453008e-01 2.355670e-01 
8.494000e-01 2.365208e-01 
5.536085e-01 1.708981e-01 
5.577167e-01 1.718302e-01 
5.618249e-01 1.727623e-01 
5.659331e-01 1.736943e-01 
5.700414e-01 1.746264e-01 
5.741496e-01 1.755585e-01 
5.782578e-01 1.764906e-01 
5.823660e-01 1.774226e-01 
5.864742e-01 1.783547e-01 
5.905824e-01 1.792868e-01 
5.946907e-01 1.802189e-01 
5.987989e-01 1.811510e-01 
6.029071e-01 1.820830e-01 
6.070153e-01 1.830151e-01 
6.111235e-01 1.839472e-01 
6.152317e-01 1.848793e-01 
6.193399e-01 1.858113e-01 
6.234482e-01 1.867434e-01 
6.275564e-01 1.876755e-01 
6.316646e-01 1.886076e-01 
6.357728e-01 1.895396e-01 
6.398810e-01 1.904717e-01 
6.439892e-01 1.914038e-01 
6.480975e-01 1.923359e-01 
6.522057e-01 1.932679e-01 
6.563139e-01 1.942000e-01 
6.604221e-01 1.951321e-01 
6.645303e-01 1.960642e-01 
6.686385e-01 1.969962e-01 
6.727467e-01 1.979283e-01 
6.768550e-01 1.988604e-01 
6.809632e-01 1.997925e-01 
6.850714e-01 2.007246e-01 
6.891796e-01 2.016566e-01 
6.932878e-01 2.025887e-01 
6.973960e-01 2.035208e-01 
7.015043e-01 2.044529e-01 
7.056125e-01 2.053849e-01 
7.097207e-01 2.063170e-01 
7.138289e-01 2.072491e-01 
7.179371e-01 2.081812e-01 
7.220453e-01 2.091132e-01 
7.261535e-01 2.100453e-01 
7.302618e-01 2.109774e-01 
7.343700e-01 2.119095e-01 
7.384782e-01 2.128415e-01 
7.425864e-01 2.137736e-01 
7.466946e-01 2.147057e-01 
7.508028e-01 2.156378e-01 
7.549110e-01 2.165698e-01 
7.590193e-01 2.175019e-01 
7.631275e-01 2.184340e-01 
7.672357e-01 2.193661e-01 
7.713439e-01 2.202982e-01 
7.754521e-01 2.212302e-01 
7.795603e-01 2.221623e-01 
7.836686e-01 2.230944e-01 
7.877768e-01 2.240265e-01 
7.918850e-01 2.249585e-01 
7.959932e-01 2.258906e-01 
8.001014e-01 2.268227e-01 
8.042096e-01 2.277548e-01 
8.083178e-01 2.286868e-01 
8.124261e-01 2.296189e-01 
8.165343e-01 2.305510e-01 
8.206425e-01 2.314831e-01 
8.247507e-01 2.324151e-01 
8.288589e-01 2.333472e-01 
8.329671e-01 2.342793e-01 
8.370754e-01 2.352114e-01 
8.411836e-01 2.361434e-01 
8.452918e-01 2.370755e-01 
8.494000e-01 2.380076e-01 
5.529558e-01 1.739456e-01 
5.570731e-01 1.748560e-01 
5.611904e-01 1.757664e-01 
5.653077e-01 1.766768e-01 
5.694250e-01 1.775872e-01 
5.735422e-01 1.784976e-01 
5.776595e-01 1.794080e-01 
5.817768e-01 1.803184e-01 
5.858941e-01 1.812288e-01 
5.900114e-01 1.821392e-01 
5.941286e-01 1.830496e-01 
5.982459e-01 1.839600e-01 
6.023632e-01 1.848704e-01 
6.064805e-01 1.857808e-01 
6.105978e-01 1.866912e-01 
6.147150e-01 1.876016e-01 
6.188323e-01 1.885120e-01 
6.229496e-01 1.894224e-01 
6.270669e-01 1.903328e-01 
6.311842e-01 1.912432e-01 
6.353014e-01 1.921536e-01 
6.394187e-01 1.930640e-01 
6.435360e-01 1.939744e-01 
6.476533e-01 1.948848e-01 
6.517706e-01 1.957952e-01 
6.558878e-01 1.967056e-01 
6.600051e-01 1.976160e-01 
6.641224e-01 1.985264e-01 
6.682397e-01 1.994368e-01 
6.723570e-01 2.003472e-01 
6.764742e-01 2.012576e-01 
6.805915e-01 2.021680e-01 
6.847088e-01 2.030784e-01 
6.888261e-01 2.039888e-01 
6.929434e-01 2.048992e-01 
6.970606e-01 2.058096e-01 
7.011779e-01 2.067200e-01 
7.052952e-01 2.076304e-01 
7.094125e-01 2.085408e-01 
7.135298e-01 2.094512e-01 
7.176470e-01 2.103616e-01 
7.217643e-01 2.112720e-01 
7.258816e-01 2.121824e-01 
7.299989e-01 2.130928e-01 
7.341162e-01 2.140032e-01 
7.382334e-01 2.149136e-01 
7.423507e-01 2.158240e-01 
7.464680e-01 2.167344e-01 
7.505853e-01 2.176448e-01 
7.547026e-01 2.185552e-01 
7.588198e-01 2.194656e-01 
7.629371e-01 2.203760e-01 
7.670544e-01 2.212864e-01 
7.711717e-01 2.221968e-01 
7.752890e-01 2.231072e-01 
7.794062e-01 2.240176e-01 
7.835235e-01 2.249280e-01 
7.876408e-01 2.258384e-01 
7.917581e-01 2.267488e-01 
7.958754e-01 2.276592e-01 
7.999926e-01 2.285696e-01 
8.041099e-01 2.294800e-01 
8.082272e-01 2.303904e-01 
8.123445e-01 2.313008e-01 
8.164618e-01 2.322112e-01 
8.205790e-01 2.331216e-01 
8.246963e-01 2.340320e-01 
8.288136e-01 2.349424e-01 
8.329309e-01 2.358528e-01 
8.370482e-01 2.367632e-01 
8.411654e-01 2.376736e-01 
8.452827e-01 2.385840e-01 
8.494000e-01 2.394944e-01 
5.523032e-01 1.769931e-01 
5.564295e-01 1.778818e-01 
5.605559e-01 1.787705e-01 
5.646822e-01 1.796593e-01 
5.688086e-01 1.805480e-01 
5.729349e-01 1.814367e-01 
5.770612e-01 1.823254e-01 
5.811876e-01 1.832142e-01 
5.853139e-01 1.841029e-01 
5.894403e-01 1.849916e-01 
5.935666e-01 1.858803e-01 
5.976930e-01 1.867690e-01 
6.018193e-01 1.876578e-01 
6.059457e-01 1.885465e-01 
6.100720e-01 1.894352e-01 
6.141983e-01 1.903239e-01 
6.183247e-01 1.912127e-01 
6.224510e-01 1.921014e-01 
6.265774e-01 1.929901e-01 
6.307037e-01 1.938788e-01 
6.348301e-01 1.947676e-01 
6.389564e-01 1.956563e-01 
6.430828e-01 1.965450e-01 
6.472091e-01 1.974337e-01 
6.513355e-01 1.983225e-01 
6.554618e-01 1.992112e-01 
6.595881e-01 2.000999e-01 
6.637145e-01 2.009886e-01 
6.678408e-01 2.018774e-01 
6.719672e-01 2.027661e-01 
6.760935e-01 2.036548e-01 
6.802199e-01 2.045435e-01 
6.843462e-01 2.054322e-01 
6.884726e-01 2.063210e-01 
6.925989e-01 2.072097e-01 
6.967252e-01 2.080984e-01 
7.008516e-01 2.089871e-01 
7.049779e-01 2.098759e-01 
7.091043e-01 2.107646e-01 
7.132306e-01 2.116533e-01 
7.173570e-01 2.125420e-01 
7.214833e-01 2.134308e-01 
7.256097e-01 2.143195e-01 
7.297360e-01 2.152082e-01 
7.338623e-01 2.160969e-01 
7.379887e-01 2.169857e-01 
7.421150e-01 2.178744e-01 
7.462414e-01 2.187631e-01 
7.503677e-01 2.196518e-01 
7.544941e-01 2.205406e-01 
7.586204e-01 2.214293e-01 
7.627468e-01 2.223180e-01 
7.668731e-01 2.232067e-01 
7.709994e-01 2.240954e-01 
7.751258e-01 2.249842e-01 
7.792521e-01 2.258729e-01 
7.833785e-01 2.267616e-01 
7.875048e-01 2.276503e-01 
7.916312e-01 2.285391e-01 
7.957575e-01 2.294278e-01 
7.998839e-01 2.303165e-01 
8.040102e-01 2.312052e-01 
8.081366e-01 2.320940e-01 
8.122629e-01 2.329827e-01 
8.163892e-01 2.338714e-01 
8.205156e-01 2.347601e-01 
8.246419e-01 2.356489e-01 
8.287683e-01 2.365376e-01 
8.328946e-01 2.374263e-01 
8.370210e-01 2.383150e-01 
8.411473e-01 2.392038e-01 
8.452737e-01 2.400925e-01 
8.494000e-01 2.409812e-01 
5.516505e-01 1.800406e-01 
5.557859e-01 1.809076e-01 
5.599213e-01 1.817747e-01 
5.640567e-01 1.826417e-01 
5.681922e-01 1.835088e-01 
5.723276e-01 1.843758e-01 
5.764630e-01 1.852429e-01 
5.805984e-01 1.861099e-01 
5.847338e-01 1.869770e-01 
5.888692e-01 1.878440e-01 
5.930046e-01 1.887110e-01 
5.971400e-01 1.895781e-01 
6.012754e-01 1.904451e-01 
6.054108e-01 1.913122e-01 
6.095462e-01 1.921792e-01 
6.136817e-01 1.930463e-01 
6.178171e-01 1.939133e-01 
6.219525e-01 1.947804e-01 
6.260879e-01 1.956474e-01 
6.302233e-01 1.965145e-01 
6.343587e-01 1.973815e-01 
6.384941e-01 1.982486e-01 
6.426295e-01 1.991156e-01 
6.467649e-01 1.999827e-01 
6.509003e-01 2.008497e-01 
6.550358e-01 2.017168e-01 
6.591712e-01 2.025838e-01 
6.633066e-01 2.034509e-01 
6.674420e-01 2.043179e-01 
6.715774e-01 2.051850e-01 
6.757128e-01 2.060520e-01 
6.798482e-01 2.069190e-01 
6.839836e-01 2.077861e-01 
6.881190e-01 2.086531e-01 
6.922544e-01 2.095202e-01 
6.963898e-01 2.103872e-01 
7.005253e-01 2.112543e-01 
7.046607e-01 2.121213e-01 
7.087961e-01 2.129884e-01 
7.129315e-01 2.138554e-01 
7.170669e-01 2.147225e-01 
7.212023e-01 2.155895e-01 
7.253377e-01 2.164566e-01 
7.294731e-01 2.173236e-01 
7.336085e-01 2.181907e-01 
7.377439e-01 2.190577e-01 
7.418794e-01 2.199248e-01 
7.460148e-01 2.207918e-01 
7.501502e-01 2.216589e-01 
7.542856e-01 2.225259e-01 
7.584210e-01 2.233930e-01 
7.625564e-01 2.242600e-01 
7.666918e-01 2.251270e-01 
7.708272e-01 2.259941e-01 
7.749626e-01 2.268611e-01 
7.790980e-01 2.277282e-01 
7.832334e-01 2.285952e-01 
7.873689e-01 2.294623e-01 
7.915043e-01 2.303293e-01 
7.956397e-01 2.311964e-01 
7.997751e-01 2.320634e-01 
8.039105e-01 2.329305e-01 
8.080459e-01 2.337975e-01 
8.121813e-01 2.346646e-01 
8.163167e-01 2.355316e-01 
8.204521e-01 2.363987e-01 
8.245875e-01 2.372657e-01 
8.287230e-01 2.381328e-01 
8.328584e-01 2.389998e-01 
8.369938e-01 2.398669e-01 
8.411292e-01 2.407339e-01 
8.452646e-01 2.416010e-01 
8.494000e-01 2.424680e-01 
5.509979e-01 1.830881e-01 
5.551423e-01 1.839334e-01 
5.592868e-01 1.847788e-01 
5.634313e-01 1.856242e-01 
5.675757e-01 1.864695e-01 
5.717202e-01 1.873149e-01 
5.758647e-01 1.881603e-01 
5.800092e-01 1.890057e-01 
5.841536e-01 1.898510e-01 
5.882981e-01 1.906964e-01 
5.924426e-01 1.915418e-01 
5.965871e-01 1.923871e-01 
6.007315e-01 1.932325e-01 
6.048760e-01 1.940779e-01 
6.090205e-01 1.949233e-01 
6.131650e-01 1.957686e-01 
6.173094e-01 1.966140e-01 
6.214539e-01 1.974594e-01 
6.255984e-01 1.983047e-01 
6.297429e-01 1.991501e-01 
6.338873e-01 1.999955e-01 
6.380318e-01 2.008409e-01 
6.421763e-01 2.016862e-01 
6.463208e-01 2.025316e-01 
6.504652e-01 2.033770e-01 
6.546097e-01 2.042223e-01 
6.587542e-01 2.050677e-01 
6.628987e-01 2.059131e-01 
6.670431e-01 2.067585e-01 
6.711876e-01 2.076038e-01 
6.753321e-01 2.084492e-01 
6.794766e-01 2.092946e-01 
6.836210e-01 2.101399e-01 
6.877655e-01 2.109853e-01 
6.919100e-01 2.118307e-01 
6.960545e-01 2.126761e-01 
7.001989e-01 2.135214e-01 
7.043434e-01 2.143668e-01 
7.084879e-01 2.152122e-01 
7.126323e-01 2.160575e-01 
7.167768e-01 2.169029e-01 
7.209213e-01 2.177483e-01 
7.250658e-01 2.185937e-01 
7.292102e-01 2.194390e-01 
7.333547e-01 2.202844e-01 
7.374992e-01 2.211298e-01 
7.416437e-01 2.219751e-01 
7.457881e-01 2.228205e-01 
7.499326e-01 2.236659e-01 
7.540771e-01 2.245113e-01 
7.582216e-01 2.253566e-01 
7.623660e-01 2.262020e-01 
7.665105e-01 2.270474e-01 
7.706550e-01 2.278927e-01 
7.747995e-01 2.287381e-01 
7.789439e-01 2.295835e-01 
7.830884e-01 2.304289e-01 
7.872329e-01 2.312742e-01 
7.913774e-01 2.321196e-01 
7.955218e-01 2.329650e-01 
7.996663e-01 2.338103e-01 
8.038108e-01 2.346557e-01 
8.079553e-01 2.355011e-01 
8.120997e-01 2.363465e-01 
8.162442e-01 2.371918e-01 
8.203887e-01 2.380372e-01 
8.245332e-01 2.388826e-01 
8.286776e-01 2.397279e-01 
8.328221e-01 2.405733e-01 
8.369666e-01 2.414187e-01 
8.411111e-01 2.422641e-01 
8.452555e-01 2.431094e-01 
8.494000e-01 2.439548e-01 
5.503452e-01 1.861355e-01 
5.544987e-01 1.869592e-01 
5.586523e-01 1.877829e-01 
5.628058e-01 1.886066e-01 
5.669593e-01 1.894303e-01 
5.711129e-01 1.902540e-01 
5.752664e-01 1.910777e-01 
5.794200e-01 1.919014e-01 
5.835735e-01 1.927251e-01 
5.877270e-01 1.935488e-01 
5.918806e-01 1.943725e-01 
5.960341e-01 1.951962e-01 
6.001877e-01 1.960199e-01 
6.043412e-01 1.968436e-01 
6.084947e-01 1.976673e-01 
6.126483e-01 1.984910e-01 
6.168018e-01 1.993147e-01 
6.209554e-01 2.001384e-01 
6.251089e-01 2.009621e-01 
6.292624e-01 2.017858e-01 
6.334160e-01 2.026094e-01 
6.375695e-01 2.034331e-01 
6.417230e-01 2.042568e-01 
6.458766e-01 2.050805e-01 
6.500301e-01 2.059042e-01 
6.541837e-01 2.067279e-01 
6.583372e-01 2.075516e-01 
6.624907e-01 2.083753e-01 
6.666443e-01 2.091990e-01 
6.707978e-01 2.100227e-01 
6.749514e-01 2.108464e-01 
6.791049e-01 2.116701e-01 
6.832584e-01 2.124938e-01 
6.874120e-01 2.133175e-01 
6.915655e-01 2.141412e-01 
6.957191e-01 2.149649e-01 
6.998726e-01 2.157886e-01 
7.040261e-01 2.166123e-01 
7.081797e-01 2.174360e-01 
7.123332e-01 2.182597e-01 
7.164868e-01 2.190834e-01 
7.206403e-01 2.199070e-01 
7.247938e-01 2.207307e-01 
7.289474e-01 2.215544e-01 
7.331009e-01 2.223781e-01 
7.372544e-01 2.232018e-01 
7.414080e-01 2.240255e-01 
7.455615e-01 2.248492e-01 
7.497151e-01 2.256729e-01 
7.538686e-01 2.264966e-01 
7.580221e-01 2.273203e-01 
7.621757e-01 2.281440e-01 
7.663292e-01 2.289677e-01 
7.704828e-01 2.297914e-01 
7.746363e-01 2.306151e-01 
7.787898e-01 2.314388e-01 
7.829434e-01 2.322625e-01 
7.870969e-01 2.330862e-01 
7.912505e-01 2.339099e-01 
7.954040e-01 2.347336e-01 
7.995575e-01 2.355573e-01 
8.037111e-01 2.363810e-01 
8.078646e-01 2.372046e-01 
8.120181e-01 2.380283e-01 
8.161717e-01 2.388520e-01 
8.203252e-01 2.396757e-01 
8.244788e-01 2.404994e-01 
8.286323e-01 2.413231e-01 
8.327858e-01 2.421468e-01 
8.369394e-01 2.429705e-01 
8.410929e-01 2.437942e-01 
8.452465e-01 2.446179e-01 
8.494000e-01 2.454416e-01 
5.496925e-01 1.891830e-01 
5.538551e-01 1.899850e-01 
5.580177e-01 1.907871e-01 
5.621803e-01 1.915891e-01 
5.663429e-01 1.923911e-01 
5.705055e-01 1.931931e-01 
5.746681e-01 1.939951e-01 
5.788308e-01 1.947972e-01 
5.829934e-01 1.955992e-01 
5.871560e-01 1.964012e-01 
5.913186e-01 1.972032e-01 
5.954812e-01 1.980052e-01 
5.996438e-01 1.988073e-01 
6.038064e-01 1.996093e-01 
6.079690e-01 2.004113e-01 
6.121316e-01 2.012133e-01 
6.162942e-01 2.020153e-01 
6.204568e-01 2.028174e-01 
6.246194e-01 2.036194e-01 
6.287820e-01 2.044214e-01 
6.329446e-01 2.052234e-01 
6.371072e-01 2.060254e-01 
6.412698e-01 2.068274e-01 
6.454324e-01 2.076295e-01 
6.495950e-01 2.084315e-01 
6.537576e-01 2.092335e-01 
6.579202e-01 2.100355e-01 
6.620828e-01 2.108375e-01 
6.662454e-01 2.116396e-01 
6.704080e-01 2.124416e-01 
6.745706e-01 2.132436e-01 
6.787332e-01 2.140456e-01 
6.828958e-01 2.148476e-01 
6.870585e-01 2.156497e-01 
6.912211e-01 2.164517e-01 
6.953837e-01 2.172537e-01 
6.995463e-01 2.180557e-01 
7.037089e-01 2.188577e-01 
7.078715e-01 2.196598e-01 
7.120341e-01 2.204618e-01 
7.161967e-01 2.212638e-01 
7.203593e-01 2.220658e-01 
7.245219e-01 2.228678e-01 
7.286845e-01 2.236698e-01 
7.328471e-01 2.244719e-01 
7.370097e-01 2.252739e-01 
7.411723e-01 2.260759e-01 
7.453349e-01 2.268779e-01 
7.494975e-01 2.276799e-01 
7.536601e-01 2.284820e-01 
7.578227e-01 2.292840e-01 
7.619853e-01 2.300860e-01 
7.661479e-01 2.308880e-01 
7.703105e-01 2.316900e-01 
7.744731e-01 2.324921e-01 
7.786357e-01 2.332941e-01 
7.827983e-01 2.340961e-01 
7.869609e-01 2.348981e-01 
7.911235e-01 2.357001e-01 
7.952862e-01 2.365022e-01 
7.994488e-01 2.373042e-01 
8.036114e-01 2.381062e-01 
8.077740e-01 2.389082e-01 
8.119366e-01 2.397102e-01 
8.160992e-01 2.405122e-01 
8.202618e-01 2.413143e-01 
8.244244e-01 2.421163e-01 
8.285870e-01 2.429183e-01 
8.327496e-01 2.437203e-01 
8.369122e-01 2.445223e-01 
8.410748e-01 2.453244e-01 
8.452374e-01 2.461264e-01 
8.494000e-01 2.469284e-01 
5.490399e-01 1.922305e-01 
5.532115e-01 1.930109e-01 
5.573832e-01 1.937912e-01 
5.615549e-01 1.945715e-01 
5.657265e-01 1.953519e-01 
5.698982e-01 1.961322e-01 
5.740699e-01 1.969126e-01 
5.782415e-01 1.976929e-01 
5.824132e-01 1.984733e-01 
5.865849e-01 1.992536e-01 
5.907565e-01 2.000339e-01 
5.949282e-01 2.008143e-01 
5.990999e-01 2.015946e-01 
6.032716e-01 2.023750e-01 
6.074432e-01 2.031553e-01 
6.116149e-01 2.039357e-01 
6.157866e-01 2.047160e-01 
6.199582e-01 2.054963e-01 
6.241299e-01 2.062767e-01 
6.283016e-01 2.070570e-01 
6.324732e-01 2.078374e-01 
6.366449e-01 2.086177e-01 
6.408166e-01 2.093981e-01 
6.449882e-01 2.101784e-01 
6.491599e-01 2.109587e-01 
6.533316e-01 2.117391e-01 
6.575032e-01 2.125194e-01 
6.616749e-01 2.132998e-01 
6.658466e-01 2.140801e-01 
6.700183e-01 2.148605e-01 
6.741899e-01 2.156408e-01 
6.783616e-01 2.164211e-01 
6.825333e-01 2.172015e-01 
6.867049e-01 2.179818e-01 
6.908766e-01 2.187622e-01 
6.950483e-01 2.195425e-01 
6.992199e-01 2.203229e-01 
7.033916e-01 2.211032e-01 
7.075633e-01 2.218835e-01 
7.117349e-01 2.226639e-01 
7.159066e-01 2.234442e-01 
7.200783e-01 2.242246e-01 
7.242499e-01 2.250049e-01 
7.284216e-01 2.257853e-01 
7.325933e-01 2.265656e-01 
7.367649e-01 2.273459e-01 
7.409366e-01 2.281263e-01 
7.451083e-01 2.289066e-01 
7.492800e-01 2.296870e-01 
7.534516e-01 2.304673e-01 
7.576233e-01 2.312477e-01 
7.617950e-01 2.320280e-01 
7.659666e-01 2.328083e-01 
7.701383e-01 2.335887e-01 
7.743100e-01 2.343690e-01 
7.784816e-01 2.351494e-01 
7.826533e-01 2.359297e-01 
7.868250e-01 2.367101e-01 
7.909966e-01 2.374904e-01 
7.951683e-01 2.382707e-01 
7.993400e-01 2.390511e-01 
8.035116e-01 2.398314e-01 
8.076833e-01 2.406118e-01 
8.118550e-01 2.413921e-01 
8.160267e-01 2.421725e-01 
8.201983e-01 2.429528e-01 
8.243700e-01 2.437331e-01 
8.285417e-01 2.445135e-01 
8.327133e-01 2.452938e-01 
8.368850e-01 2.460742e-01 
8.410567e-01 2.468545e-01 
8.452283e-01 2.476349e-01 
8.494000e-01 2.484152e-01 
5.483872e-01 1.952780e-01 
5.525679e-01 1.960367e-01 
5.567487e-01 1.967953e-01 
5.609294e-01 1.975540e-01 
5.651101e-01 1.983127e-01 
5.692909e-01 1.990713e-01 
5.734716e-01 1.998300e-01 
5.776523e-01 2.005887e-01 
5.818331e-01 2.013473e-01 
5.860138e-01 2.021060e-01 
5.901945e-01 2.028647e-01 
5.943753e-01 2.036233e-01 
5.985560e-01 2.043820e-01 
6.027367e-01 2.051407e-01 
6.069175e-01 2.058993e-01 
6.110982e-01 2.066580e-01 
6.152789e-01 2.074167e-01 
6.194597e-01 2.081753e-01 
6.236404e-01 2.089340e-01 
6.278211e-01 2.096927e-01 
6.320019e-01 2.104513e-01 
6.361826e-01 2.112100e-01 
6.403633e-01 2.119687e-01 
6.445441e-01 2.127273e-01 
6.487248e-01 2.134860e-01 
6.529055e-01 2.142447e-01 
6.570863e-01 2.150033e-01 
6.612670e-01 2.157620e-01 
6.654477e-01 2.165207e-01 
6.696285e-01 2.172793e-01 
6.738092e-01 2.180380e-01 
6.779899e-01 2.187967e-01 
6.821707e-01 2.195553e-01 
6.863514e-01 2.203140e-01 
6.905321e-01 2.210727e-01 
6.947129e-01 2.218313e-01 
6.988936e-01 2.225900e-01 
7.030743e-01 2.233487e-01 
7.072551e-01 2.241073e-01 
7.114358e-01 2.248660e-01 
7.156165e-01 2.256247e-01 
7.197973e-01 2.263833e-01 
7.239780e-01 2.271420e-01 
7.281587e-01 2.279007e-01 
7.323395e-01 2.286593e-01 
7.365202e-01 2.294180e-01 
7.407009e-01 2.301767e-01 
7.448817e-01 2.309353e-01 
7.490624e-01 2.316940e-01 
7.532431e-01 2.324527e-01 
7.574239e-01 2.332113e-01 
7.616046e-01 2.339700e-01 
7.657853e-01 2.347287e-01 
7.699661e-01 2.354873e-01 
7.741468e-01 2.362460e-01 
7.783275e-01 2.370047e-01 
7.825083e-01 2.377633e-01 
7.866890e-01 2.385220e-01 
7.908697e-01 2.392807e-01 
7.950505e-01 2.400393e-01 
7.992312e-01 2.407980e-01 
8.034119e-01 2.415567e-01 
8.075927e-01 2.423153e-01 
8.117734e-01 2.430740e-01 
8.159541e-01 2.438327e-01 
8.201349e-01 2.445913e-01 
8.243156e-01 2.453500e-01 
8.284963e-01 2.461087e-01 
8.326771e-01 2.468673e-01 
8.368578e-01 2.476260e-01 
8.410385e-01 2.483847e-01 
8.452193e-01 2.491433e-01 
8.494000e-01 2.499020e-01 
5.477345e-01 1.983255e-01 
5.519243e-01 1.990625e-01 
5.561141e-01 1.997995e-01 
5.603039e-01 2.005365e-01 
5.644937e-01 2.012734e-01 
5.686835e-01 2.020104e-01 
5.728733e-01 2.027474e-01 
5.770631e-01 2.034844e-01 
5.812529e-01 2.042214e-01 
5.854427e-01 2.049584e-01 
5.896325e-01 2.056954e-01 
5.938223e-01 2.064324e-01 
5.980121e-01 2.071694e-01 
6.022019e-01 2.079064e-01 
6.063917e-01 2.086434e-01 
6.105815e-01 2.093803e-01 
6.147713e-01 2.101173e-01 
6.189611e-01 2.108543e-01 
6.231509e-01 2.115913e-01 
6.273407e-01 2.123283e-01 
6.315305e-01 2.130653e-01 
6.357203e-01 2.138023e-01 
6.399101e-01 2.145393e-01 
6.440999e-01 2.152763e-01 
6.482897e-01 2.160133e-01 
6.524795e-01 2.167502e-01 
6.566693e-01 2.174872e-01 
6.608591e-01 2.182242e-01 
6.650489e-01 2.189612e-01 
6.692387e-01 2.196982e-01 
6.734285e-01 2.204352e-01 
6.776183e-01 2.211722e-01 
6.818081e-01 2.219092e-01 
6.859979e-01 2.226462e-01 
6.901877e-01 2.233832e-01 
6.943775e-01 2.241202e-01 
6.985673e-01 2.248571e-01 
7.027571e-01 2.255941e-01 
7.069469e-01 2.263311e-01 
7.111367e-01 2.270681e-01 
7.153265e-01 2.278051e-01 
7.195163e-01 2.285421e-01 
7.237061e-01 2.292791e-01 
7.278959e-01 2.300161e-01 
7.320857e-01 2.307531e-01 
7.362755e-01 2.314901e-01 
7.404652e-01 2.322270e-01 
7.446550e-01 2.329640e-01 
7.488448e-01 2.337010e-01 
7.530346e-01 2.344380e-01 
7.572244e-01 2.351750e-01 
7.614142e-01 2.359120e-01 
7.656040e-01 2.366490e-01 
7.697938e-01 2.373860e-01 
7.739836e-01 2.381230e-01 
7.781734e-01 2.388600e-01 
7.823632e-01 2.395970e-01 
7.865530e-01 2.403339e-01 
7.907428e-01 2.410709e-01 
7.949326e-01 2.418079e-01 
7.991224e-01 2.425449e-01 
8.033122e-01 2.432819e-01 
8.075020e-01 2.440189e-01 
8.116918e-01 2.447559e-01 
8.158816e-01 2.454929e-01 
8.200714e-01 2.462299e-01 
8.242612e-01 2.469669e-01 
8.284510e-01 2.477038e-01 
8.326408e-01 2.484408e-01 
8.368306e-01 2.491778e-01 
8.410204e-01 2.499148e-01 
8.452102e-01 2.506518e-01 
8.494000e-01 2.513888e-01 
5.470819e-01 2.013730e-01 
5.512807e-01 2.020883e-01 
5.554796e-01 2.028036e-01 
5.596785e-01 2.035189e-01 
5.638773e-01 2.042342e-01 
5.680762e-01 2.049495e-01 
5.722751e-01 2.056649e-01 
5.764739e-01 2.063802e-01 
5.806728e-01 2.070955e-01 
5.848716e-01 2.078108e-01 
5.890705e-01 2.085261e-01 
5.932694e-01 2.092414e-01 
5.974682e-01 2.099567e-01 
6.016671e-01 2.106721e-01 
6.058660e-01 2.113874e-01 
6.100648e-01 2.121027e-01 
6.142637e-01 2.128180e-01 
6.184625e-01 2.135333e-01 
6.226614e-01 2.142486e-01 
6.268603e-01 2.149639e-01 
6.310591e-01 2.156793e-01 
6.352580e-01 2.163946e-01 
6.394569e-01 2.171099e-01 
6.436557e-01 2.178252e-01 
6.478546e-01 2.185405e-01 
6.520534e-01 2.192558e-01 
6.562523e-01 2.199711e-01 
6.604512e-01 2.206865e-01 
6.646500e-01 2.214018e-01 
6.688489e-01 2.221171e-01 
6.730478e-01 2.228324e-01 
6.772466e-01 2.235477e-01 
6.814455e-01 2.242630e-01 
6.856443e-01 2.249783e-01 
6.898432e-01 2.256937e-01 
6.940421e-01 2.264090e-01 
6.982409e-01 2.271243e-01 
7.024398e-01 2.278396e-01 
7.066387e-01 2.285549e-01 
7.108375e-01 2.292702e-01 
7.150364e-01 2.299855e-01 
7.192353e-01 2.307009e-01 
7.234341e-01 2.314162e-01 
7.276330e-01 2.321315e-01 
7.318318e-01 2.328468e-01 
7.360307e-01 2.335621e-01 
7.402296e-01 2.342774e-01 
7.444284e-01 2.349927e-01 
7.486273e-01 2.357081e-01 
7.528262e-01 2.364234e-01 
7.570250e-01 2.371387e-01 
7.612239e-01 2.378540e-01 
7.654227e-01 2.385693e-01 
7.696216e-01 2.392846e-01 
7.738205e-01 2.399999e-01 
7.780193e-01 2.407153e-01 
7.822182e-01 2.414306e-01 
7.864171e-01 2.421459e-01 
7.906159e-01 2.428612e-01 
7.948148e-01 2.435765e-01 
7.990136e-01 2.442918e-01 
8.032125e-01 2.450071e-01 
8.074114e-01 2.457225e-01 
8.116102e-01 2.464378e-01 
8.158091e-01 2.471531e-01 
8.200080e-01 2.478684e-01 
8.242068e-01 2.485837e-01 
8.284057e-01 2.492990e-01 
8.326045e-01 2.500143e-01 
8.368034e-01 2.507297e-01 
8.410023e-01 2.514450e-01 
8.452011e-01 2.521603e-01 
8.494000e-01 2.528756e-01 
5.464292e-01 2.044205e-01 
5.506371e-01 2.051141e-01 
5.548451e-01 2.058077e-01 
5.590530e-01 2.065014e-01 
5.632609e-01 2.071950e-01 
5.674688e-01 2.078886e-01 
5.716768e-01 2.085823e-01 
5.758847e-01 2.092759e-01 
5.800926e-01 2.099696e-01 
5.843006e-01 2.106632e-01 
5.885085e-01 2.113568e-01 
5.927164e-01 2.120505e-01 
5.969243e-01 2.127441e-01 
6.011323e-01 2.134378e-01 
6.053402e-01 2.141314e-01 
6.095481e-01 2.148250e-01 
6.137561e-01 2.155187e-01 
6.179640e-01 2.162123e-01 
6.221719e-01 2.169059e-01 
6.263798e-01 2.175996e-01 
6.305878e-01 2.182932e-01 
6.347957e-01 2.189869e-01 
6.390036e-01 2.196805e-01 
6.432115e-01 2.203741e-01 
6.474195e-01 2.210678e-01 
6.516274e-01 2.217614e-01 
6.558353e-01 2.224550e-01 
6.600433e-01 2.231487e-01 
6.642512e-01 2.238423e-01 
6.684591e-01 2.245360e-01 
6.726670e-01 2.252296e-01 
6.768750e-01 2.259232e-01 
6.810829e-01 2.266169e-01 
6.852908e-01 2.273105e-01 
6.894988e-01 2.280042e-01 
6.937067e-01 2.286978e-01 
6.979146e-01 2.293914e-01 
7.021225e-01 2.300851e-01 
7.063305e-01 2.307787e-01 
7.105384e-01 2.314723e-01 
7.147463e-01 2.321660e-01 
7.189542e-01 2.328596e-01 
7.231622e-01 2.335533e-01 
7.273701e-01 2.342469e-01 
7.315780e-01 2.349405e-01 
7.357860e-01 2.356342e-01 
7.399939e-01 2.363278e-01 
7.442018e-01 2.370214e-01 
7.484097e-01 2.377151e-01 
7.526177e-01 2.384087e-01 
7.568256e-01 2.391024e-01 
7.610335e-01 2.397960e-01 
7.652414e-01 2.404896e-01 
7.694494e-01 2.411833e-01 
7.736573e-01 2.418769e-01 
7.778652e-01 2.425706e-01 
7.820732e-01 2.432642e-01 
7.862811e-01 2.439578e-01 
7.904890e-01 2.446515e-01 
7.946969e-01 2.453451e-01 
7.989049e-01 2.460387e-01 
8.031128e-01 2.467324e-01 
8.073207e-01 2.474260e-01 
8.115287e-01 2.481197e-01 
8.157366e-01 2.488133e-01 
8.199445e-01 2.495069e-01 
8.241524e-01 2.502006e-01 
8.283604e-01 2.508942e-01 
8.325683e-01 2.515878e-01 
8.367762e-01 2.522815e-01 
8.409841e-01 2.529751e-01 
8.451921e-01 2.536688e-01 
8.494000e-01 2.543624e-01 
5.457765e-01 2.074679e-01 
5.499935e-01 2.081399e-01 
5.542105e-01 2.088119e-01 
5.584275e-01 2.094838e-01 
5.626445e-01 2.101558e-01 
5.668615e-01 2.108278e-01 
5.710785e-01 2.114997e-01 
5.752955e-01 2.121717e-01 
5.795125e-01 2.128436e-01 
5.837295e-01 2.135156e-01 
5.879465e-01 2.141876e-01 
5.921635e-01 2.148595e-01 
5.963805e-01 2.155315e-01 
6.005974e-01 2.162034e-01 
6.048144e-01 2.168754e-01 
6.090314e-01 2.175474e-01 
6.132484e-01 2.182193e-01 
6.174654e-01 2.188913e-01 
6.216824e-01 2.195633e-01 
6.258994e-01 2.202352e-01 
6.301164e-01 2.209072e-01 
6.343334e-01 2.215791e-01 
6.385504e-01 2.222511e-01 
6.427674e-01 2.229231e-01 
6.469844e-01 2.235950e-01 
6.512014e-01 2.242670e-01 
6.554184e-01 2.249390e-01 
6.596353e-01 2.256109e-01 
6.638523e-01 2.262829e-01 
6.680693e-01 2.269548e-01 
6.722863e-01 2.276268e-01 
6.765033e-01 2.282988e-01 
6.807203e-01 2.289707e-01 
6.849373e-01 2.296427e-01 
6.891543e-01 2.303146e-01 
6.933713e-01 2.309866e-01 
6.975883e-01 2.316586e-01 
7.018053e-01 2.323305e-01 
7.060223e-01 2.330025e-01 
7.102393e-01 2.336745e-01 
7.144562e-01 2.343464e-01 
7.186732e-01 2.350184e-01 
7.228902e-01 2.356903e-01 
7.271072e-01 2.363623e-01 
7.313242e-01 2.370343e-01 
7.355412e-01 2.377062e-01 
7.397582e-01 2.383782e-01 
7.439752e-01 2.390502e-01 
7.481922e-01 2.397221e-01 
7.524092e-01 2.403941e-01 
7.566262e-01 2.410660e-01 
7.608432e-01 2.417380e-01 
7.650602e-01 2.424100e-01 
7.692771e-01 2.430819e-01 
7.734941e-01 2.437539e-01 
7.777111e-01 2.444258e-01 
7.819281e-01 2.450978e-01 
7.861451e-01 2.457698e-01 
7.903621e-01 2.464417e-01 
7.945791e-01 2.471137e-01 
7.987961e-01 2.477857e-01 
8.030131e-01 2.484576e-01 
8.072301e-01 2.491296e-01 
8.114471e-01 2.498015e-01 
8.156641e-01 2.504735e-01 
8.198811e-01 2.511455e-01 
8.240980e-01 2.518174e-01 
8.283150e-01 2.524894e-01 
8.325320e-01 2.531614e-01 
8.367490e-01 2.538333e-01 
8.409660e-01 2.545053e-01 
8.451830e-01 2.551772e-01 
8.494000e-01 2.558492e-01 
5.451239e-01 2.105154e-01 
5.493499e-01 2.111657e-01 
5.535760e-01 2.118160e-01 
5.578021e-01 2.124663e-01 
5.620281e-01 2.131166e-01 
5.662542e-01 2.137669e-01 
5.704802e-01 2.144171e-01 
5.747063e-01 2.150674e-01 
5.789323e-01 2.157177e-01 
5.831584e-01 2.163680e-01 
5.873845e-01 2.170183e-01 
5.916105e-01 2.176686e-01 
5.958366e-01 2.183189e-01 
6.000626e-01 2.189691e-01 
6.042887e-01 2.196194e-01 
6.085147e-01 2.202697e-01 
6.127408e-01 2.209200e-01 
6.169669e-01 2.215703e-01 
6.211929e-01 2.222206e-01 
6.254190e-01 2.228709e-01 
6.296450e-01 2.235211e-01 
6.338711e-01 2.241714e-01 
6.380971e-01 2.248217e-01 
6.423232e-01 2.254720e-01 
6.465493e-01 2.261223e-01 
6.507753e-01 2.267726e-01 
6.550014e-01 2.274229e-01 
6.592274e-01 2.280731e-01 
6.634535e-01 2.287234e-01 
6.676795e-01 2.293737e-01 
6.719056e-01 2.300240e-01 
6.761317e-01 2.306743e-01 
6.803577e-01 2.313246e-01 
6.845838e-01 2.319749e-01 
6.888098e-01 2.326251e-01 
6.930359e-01 2.332754e-01 
6.972619e-01 2.339257e-01 
7.014880e-01 2.345760e-01 
7.057141e-01 2.352263e-01 
7.099401e-01 2.358766e-01 
7.141662e-01 2.365269e-01 
7.183922e-01 2.371771e-01 
7.226183e-01 2.378274e-01 
7.268443e-01 2.384777e-01 
7.310704e-01 2.391280e-01 
7.352965e-01 2.397783e-01 
7.395225e-01 2.404286e-01 
7.437486e-01 2.410789e-01 
7.479746e-01 2.417291e-01 
7.522007e-01 2.423794e-01 
7.564267e-01 2.430297e-01 
7.606528e-01 2.436800e-01 
7.648789e-01 2.443303e-01 
7.691049e-01 2.449806e-01 
7.733310e-01 2.456309e-01 
7.775570e-01 2.462811e-01 
7.817831e-01 2.469314e-01 
7.860091e-01 2.475817e-01 
7.902352e-01 2.482320e-01 
7.944613e-01 2.488823e-01 
7.986873e-01 2.495326e-01 
8.029134e-01 2.501829e-01 
8.071394e-01 2.508331e-01 
8.113655e-01 2.514834e-01 
8.155915e-01 2.521337e-01 
8.198176e-01 2.527840e-01 
8.240437e-01 2.534343e-01 
8.282697e-01 2.540846e-01 
8.324958e-01 2.547349e-01 
8.367218e-01 2.553851e-01 
8.409479e-01 2.560354e-01 
8.451739e-01 2.566857e-01 
8.494000e-01 2.573360e-01 
5.444712e-01 2.135629e-01 
5.487063e-01 2.141915e-01 
5.529415e-01 2.148201e-01 
5.571766e-01 2.154487e-01 
5.614117e-01 2.160774e-01 
5.656468e-01 2.167060e-01 
5.698820e-01 2.173346e-01 
5.741171e-01 2.179632e-01 
5.783522e-01 2.185918e-01 
5.825873e-01 2.192204e-01 
5.868224e-01 2.198490e-01 
5.910576e-01 2.204776e-01 
5.952927e-01 2.211062e-01 
5.995278e-01 2.217348e-01 
6.037629e-01 2.223634e-01 
6.079981e-01 2.229921e-01 
6.122332e-01 2.236207e-01 
6.164683e-01 2.242493e-01 
6.207034e-01 2.248779e-01 
6.249385e-01 2.255065e-01 
6.291737e-01 2.261351e-01 
6.334088e-01 2.267637e-01 
6.376439e-01 2.273923e-01 
6.418790e-01 2.280209e-01 
6.461141e-01 2.286495e-01 
6.503493e-01 2.292782e-01 
6.545844e-01 2.299068e-01 
6.588195e-01 2.305354e-01 
6.630546e-01 2.311640e-01 
6.672898e-01 2.317926e-01 
6.715249e-01 2.324212e-01 
6.757600e-01 2.330498e-01 
6.799951e-01 2.336784e-01 
6.842302e-01 2.343070e-01 
6.884654e-01 2.349356e-01 
6.927005e-01 2.355642e-01 
6.969356e-01 2.361929e-01 
7.011707e-01 2.368215e-01 
7.054059e-01 2.374501e-01 
7.096410e-01 2.380787e-01 
7.138761e-01 2.387073e-01 
7.181112e-01 2.393359e-01 
7.223463e-01 2.399645e-01 
7.265815e-01 2.405931e-01 
7.308166e-01 2.412217e-01 
7.350517e-01 2.418503e-01 
7.392868e-01 2.424790e-01 
7.435220e-01 2.431076e-01 
7.477571e-01 2.437362e-01 
7.519922e-01 2.443648e-01 
7.562273e-01 2.449934e-01 
7.604624e-01 2.456220e-01 
7.646976e-01 2.462506e-01 
7.689327e-01 2.468792e-01 
7.731678e-01 2.475078e-01 
7.774029e-01 2.481364e-01 
7.816380e-01 2.487650e-01 
7.858732e-01 2.493937e-01 
7.901083e-01 2.500223e-01 
7.943434e-01 2.506509e-01 
7.985785e-01 2.512795e-01 
8.028137e-01 2.519081e-01 
8.070488e-01 2.525367e-01 
8.112839e-01 2.531653e-01 
8.155190e-01 2.537939e-01 
8.197541e-01 2.544225e-01 
8.239893e-01 2.550511e-01 
8.282244e-01 2.556798e-01 
8.324595e-01 2.563084e-01 
8.366946e-01 2.569370e-01 
8.409298e-01 2.575656e-01 
8.451649e-01 2.581942e-01 
8.494000e-01 2.588228e-01 
5.438186e-01 2.166104e-01 
5.480627e-01 2.172173e-01 
5.523069e-01 2.178243e-01 
5.565511e-01 2.184312e-01 
5.607953e-01 2.190381e-01 
5.650395e-01 2.196451e-01 
5.692837e-01 2.202520e-01 
5.735279e-01 2.208589e-01 
5.777721e-01 2.214659e-01 
5.820162e-01 2.220728e-01 
5.862604e-01 2.226797e-01 
5.905046e-01 2.232867e-01 
5.947488e-01 2.238936e-01 
5.989930e-01 2.245005e-01 
6.032372e-01 2.251075e-01 
6.074814e-01 2.257144e-01 
6.117255e-01 2.263213e-01 
6.159697e-01 2.269283e-01 
6.202139e-01 2.275352e-01 
6.244581e-01 2.281421e-01 
6.287023e-01 2.287491e-01 
6.329465e-01 2.293560e-01 
6.371907e-01 2.299629e-01 
6.414349e-01 2.305699e-01 
6.456790e-01 2.311768e-01 
6.499232e-01 2.317837e-01 
6.541674e-01 2.323907e-01 
6.584116e-01 2.329976e-01 
6.626558e-01 2.336045e-01 
6.669000e-01 2.342115e-01 
6.711442e-01 2.348184e-01 
6.753883e-01 2.354253e-01 
6.796325e-01 2.360323e-01 
6.838767e-01 2.366392e-01 
6.881209e-01 2.372461e-01 
6.923651e-01 2.378531e-01 
6.966093e-01 2.384600e-01 
7.008535e-01 2.390669e-01 
7.050977e-01 2.396739e-01 
7.093418e-01 2.402808e-01 
7.135860e-01 2.408877e-01 
7.178302e-01 2.414947e-01 
7.220744e-01 2.421016e-01 
7.263186e-01 2.427085e-01 
7.305628e-01 2.433155e-01 
7.348070e-01 2.439224e-01 
7.390511e-01 2.445293e-01 
7.432953e-01 2.451363e-01 
7.475395e-01 2.457432e-01 
7.517837e-01 2.463501e-01 
7.560279e-01 2.469571e-01 
7.602721e-01 2.475640e-01 
7.645163e-01 2.481709e-01 
7.687605e-01 2.487779e-01 
7.730046e-01 2.493848e-01 
7.772488e-01 2.499917e-01 
7.814930e-01 2.505987e-01 
7.857372e-01 2.512056e-01 
7.899814e-01 2.518125e-01 
7.942256e-01 2.524195e-01 
7.984698e-01 2.530264e-01 
8.027139e-01 2.536333e-01 
8.069581e-01 2.542403e-01 
8.112023e-01 2.548472e-01 
8.154465e-01 2.554541e-01 
8.196907e-01 2.560611e-01 
8.239349e-01 2.566680e-01 
8.281791e-01 2.572749e-01 
8.324233e-01 2.578819e-01 
8.366674e-01 2.584888e-01 
8.409116e-01 2.590957e-01 
8.451558e-01 2.597027e-01 
8.494000e-01 2.603096e-01 
5.431659e-01 2.196579e-01 
5.474191e-01 2.202431e-01 
5.516724e-01 2.208284e-01 
5.559257e-01 2.214137e-01 
5.601789e-01 2.219989e-01 
5.644322e-01 2.225842e-01 
5.686854e-01 2.231694e-01 
5.729387e-01 2.237547e-01 
5.771919e-01 2.243399e-01 
5.814452e-01 2.249252e-01 
5.856984e-01 2.255105e-01 
5.899517e-01 2.260957e-01 
5.942049e-01 2.266810e-01 
5.984582e-01 2.272662e-01 
6.027114e-01 2.278515e-01 
6.069647e-01 2.284367e-01 
6.112179e-01 2.290220e-01 
6.154712e-01 2.296073e-01 
6.197244e-01 2.301925e-01 
6.239777e-01 2.307778e-01 
6.282309e-01 2.313630e-01 
6.324842e-01 2.319483e-01 
6.367374e-01 2.325335e-01 
6.409907e-01 2.331188e-01 
6.452439e-01 2.337041e-01 
6.494972e-01 2.342893e-01 
6.537504e-01 2.348746e-01 
6.580037e-01 2.354598e-01 
6.622569e-01 2.360451e-01 
6.665102e-01 2.366303e-01 
6.707634e-01 2.372156e-01 
6.750167e-01 2.378009e-01 
6.792699e-01 2.383861e-01 
6.835232e-01 2.389714e-01 
6.877764e-01 2.395566e-01 
6.920297e-01 2.401419e-01 
6.962829e-01 2.407271e-01 
7.005362e-01 2.413124e-01 
7.047895e-01 2.418977e-01 
7.090427e-01 2.424829e-01 
7.132960e-01 2.430682e-01 
7.175492e-01 2.436534e-01 
7.218025e-01 2.442387e-01 
7.260557e-01 2.448239e-01 
7.303090e-01 2.454092e-01 
7.345622e-01 2.459945e-01 
7.388155e-01 2.465797e-01 
7.430687e-01 2.471650e-01 
7.473220e-01 2.477502e-01 
7.515752e-01 2.483355e-01 
7.558285e-01 2.489207e-01 
7.600817e-01 2.495060e-01 
7.643350e-01 2.500913e-01 
7.685882e-01 2.506765e-01 
7.728415e-01 2.512618e-01 
7.770947e-01 2.518470e-01 
7.813480e-01 2.524323e-01 
7.856012e-01 2.530175e-01 
7.898545e-01 2.536028e-01 
7.941077e-01 2.541881e-01 
7.983610e-01 2.547733e-01 
8.026142e-01 2.553586e-01 
8.068675e-01 2.559438e-01 
8.111207e-01 2.565291e-01 
8.153740e-01 2.571143e-01 
8.196272e-01 2.576996e-01 
8.238805e-01 2.582849e-01 
8.281337e-01 2.588701e-01 
8.323870e-01 2.594554e-01 
8.366402e-01 2.600406e-01 
8.408935e-01 2.606259e-01 
8.451467e-01 2.612111e-01 
8.494000e-01 2.617964e-01 
5.425132e-01 2.227054e-01 
5.467756e-01 2.232690e-01 
5.510379e-01 2.238325e-01 
5.553002e-01 2.243961e-01 
5.595625e-01 2.249597e-01 
5.638248e-01 2.255233e-01 
5.680871e-01 2.260869e-01 
5.723494e-01 2.266504e-01 
5.766118e-01 2.272140e-01 
5.808741e-01 2.277776e-01 
5.851364e-01 2.283412e-01 
5.893987e-01 2.289048e-01 
5.936610e-01 2.294683e-01 
5.979233e-01 2.300319e-01 
6.021857e-01 2.305955e-01 
6.064480e-01 2.311591e-01 
6.107103e-01 2.317227e-01 
6.149726e-01 2.322862e-01 
6.192349e-01 2.328498e-01 
6.234972e-01 2.334134e-01 
6.277596e-01 2.339770e-01 
6.320219e-01 2.345406e-01 
6.362842e-01 2.351042e-01 
6.405465e-01 2.356677e-01 
6.448088e-01 2.362313e-01 
6.490711e-01 2.367949e-01 
6.533335e-01 2.373585e-01 
6.575958e-01 2.379221e-01 
6.618581e-01 2.384856e-01 
6.661204e-01 2.390492e-01 
6.703827e-01 2.396128e-01 
6.746450e-01 2.401764e-01 
6.789074e-01 2.407400e-01 
6.831697e-01 2.413035e-01 
6.874320e-01 2.418671e-01 
6.916943e-01 2.424307e-01 
6.959566e-01 2.429943e-01 
7.002189e-01 2.435579e-01 
7.044812e-01 2.441214e-01 
7.087436e-01 2.446850e-01 
7.130059e-01 2.452486e-01 
7.172682e-01 2.458122e-01 
7.215305e-01 2.463758e-01 
7.257928e-01 2.469394e-01 
7.300551e-01 2.475029e-01 
7.343175e-01 2.480665e-01 
7.385798e-01 2.486301e-01 
7.428421e-01 2.491937e-01 
7.471044e-01 2.497573e-01 
7.513667e-01 2.503208e-01 
7.556290e-01 2.508844e-01 
7.598914e-01 2.514480e-01 
7.641537e-01 2.520116e-01 
7.684160e-01 2.525752e-01 
7.726783e-01 2.531387e-01 
7.769406e-01 2.537023e-01 
7.812029e-01 2.542659e-01 
7.854653e-01 2.548295e-01 
7.897276e-01 2.553931e-01 
7.939899e-01 2.559566e-01 
7.982522e-01 2.565202e-01 
8.025145e-01 2.570838e-01 
8.067768e-01 2.576474e-01 
8.110392e-01 2.582110e-01 
8.153015e-01 2.587746e-01 
8.195638e-01 2.593381e-01 
8.238261e-01 2.599017e-01 
8.280884e-01 2.604653e-01 
8.323507e-01 2.610289e-01 
8.366131e-01 2.615925e-01 
8.408754e-01 2.621560e-01 
8.451377e-01 2.627196e-01 
8.494000e-01 2.632832e-01 
5.418606e-01 2.257529e-01 
5.461320e-01 2.262948e-01 
5.504033e-01 2.268367e-01 
5.546747e-01 2.273786e-01 
5.589461e-01 2.279205e-01 
5.632175e-01 2.284624e-01 
5.674889e-01 2.290043e-01 
5.717602e-01 2.295462e-01 
5.760316e-01 2.300881e-01 
5.803030e-01 2.306300e-01 
5.845744e-01 2.311719e-01 
5.888458e-01 2.317138e-01 
5.931171e-01 2.322557e-01 
5.973885e-01 2.327976e-01 
6.016599e-01 2.333395e-01 
6.059313e-01 2.338814e-01 
6.102027e-01 2.344233e-01 
6.144740e-01 2.349652e-01 
6.187454e-01 2.355071e-01 
6.230168e-01 2.360490e-01 
6.272882e-01 2.365910e-01 
6.315596e-01 2.371329e-01 
6.358310e-01 2.376748e-01 
6.401023e-01 2.382167e-01 
6.443737e-01 2.387586e-01 
6.486451e-01 2.393005e-01 
6.529165e-01 2.398424e-01 
6.571879e-01 2.403843e-01 
6.614592e-01 2.409262e-01 
6.657306e-01 2.414681e-01 
6.700020e-01 2.420100e-01 
6.742734e-01 2.425519e-01 
6.785448e-01 2.430938e-01 
6.828161e-01 2.436357e-01 
6.870875e-01 2.441776e-01 
6.913589e-01 2.447195e-01 
6.956303e-01 2.452614e-01 
6.999017e-01 2.458033e-01 
7.041730e-01 2.463452e-01 
7.084444e-01 2.468871e-01 
7.127158e-01 2.474290e-01 
7.169872e-01 2.479710e-01 
7.212586e-01 2.485129e-01 
7.255300e-01 2.490548e-01 
7.298013e-01 2.495967e-01 
7.340727e-01 2.501386e-01 
7.383441e-01 2.506805e-01 
7.426155e-01 2.512224e-01 
7.468869e-01 2.517643e-01 
7.511582e-01 2.523062e-01 
7.554296e-01 2.528481e-01 
7.597010e-01 2.533900e-01 
7.639724e-01 2.539319e-01 
7.682438e-01 2.544738e-01 
7.725151e-01 2.550157e-01 
7.767865e-01 2.555576e-01 
7.810579e-01 2.560995e-01 
7.853293e-01 2.566414e-01 
7.896007e-01 2.571833e-01 
7.938720e-01 2.577252e-01 
7.981434e-01 2.582671e-01 
8.024148e-01 2.588090e-01 
8.066862e-01 2.593510e-01 
8.109576e-01 2.598929e-01 
8.152290e-01 2.604348e-01 
8.195003e-01 2.609767e-01 
8.237717e-01 2.615186e-01 
8.280431e-01 2.620605e-01 
8.323145e-01 2.626024e-01 
8.365859e-01 2.631443e-01 
8.408572e-01 2.636862e-01 
8.451286e-01 2.642281e-01 
8.494000e-01 2.647700e-01 
5.412079e-01 2.288003e-01 
5.454884e-01 2.293206e-01 
5.497688e-01 2.298408e-01 
5.540492e-01 2.303610e-01 
5.583297e-01 2.308813e-01 
5.626101e-01 2.314015e-01 
5.668906e-01 2.319217e-01 
5.711710e-01 2.324419e-01 
5.754515e-01 2.329622e-01 
5.797319e-01 2.334824e-01 
5.840124e-01 2.340026e-01 
5.882928e-01 2.345229e-01 
5.925733e-01 2.350431e-01 
5.968537e-01 2.355633e-01 
6.011341e-01 2.360835e-01 
6.054146e-01 2.366038e-01 
6.096950e-01 2.371240e-01 
6.139755e-01 2.376442e-01 
6.182559e-01 2.381645e-01 
6.225364e-01 2.386847e-01 
6.268168e-01 2.392049e-01 
6.310973e-01 2.397251e-01 
6.353777e-01 2.402454e-01 
6.396582e-01 2.407656e-01 
6.439386e-01 2.412858e-01 
6.482191e-01 2.418061e-01 
6.524995e-01 2.423263e-01 
6.567799e-01 2.428465e-01 
6.610604e-01 2.433667e-01 
6.653408e-01 2.438870e-01 
6.696213e-01 2.444072e-01 
6.739017e-01 2.449274e-01 
6.781822e-01 2.454477e-01 
6.824626e-01 2.459679e-01 
6.867431e-01 2.464881e-01 
6.910235e-01 2.470083e-01 
6.953040e-01 2.475286e-01 
6.995844e-01 2.480488e-01 
7.038648e-01 2.485690e-01 
7.081453e-01 2.490893e-01 
7.124257e-01 2.496095e-01 
7.167062e-01 2.501297e-01 
7.209866e-01 2.506499e-01 
7.252671e-01 2.511702e-01 
7.295475e-01 2.516904e-01 
7.338280e-01 2.522106e-01 
7.381084e-01 2.527309e-01 
7.423889e-01 2.532511e-01 
7.466693e-01 2.537713e-01 
7.509497e-01 2.542915e-01 
7.552302e-01 2.548118e-01 
7.595106e-01 2.553320e-01 
7.637911e-01 2.558522e-01 
7.680715e-01 2.563725e-01 
7.723520e-01 2.568927e-01 
7.766324e-01 2.574129e-01 
7.809129e-01 2.579331e-01 
7.851933e-01 2.584534e-01 
7.894738e-01 2.589736e-01 
7.937542e-01 2.594938e-01 
7.980347e-01 2.600141e-01 
8.023151e-01 2.605343e-01 
8.065955e-01 2.610545e-01 
8.108760e-01 2.615747e-01 
8.151564e-01 2.620950e-01 
8.194369e-01 2.626152e-01 
8.237173e-01 2.631354e-01 
8.279978e-01 2.636557e-01 
8.322782e-01 2.641759e-01 
8.365587e-01 2.646961e-01 
8.408391e-01 2.652163e-01 
8.451196e-01 2.657366e-01 
8.494000e-01 2.662568e-01 
BC
4
4
4
4
4
4
4
4
4
4
4
4
4
4
4
4
4
4
4
4
4
4
4
4
4
4
4
4
4
4
4
4
4
4
4
4
4
4
4
4
4
4
4
4
4
4
4
4
4
4
4
4
4
4
4
4
4
4
4
4
4
4
4
4
4
4
4
4
4
4
4
4
-1
-1
-1
-1
-1
-1
-1
-1
-1
-1
-1
-1
-1
-1
-1
-1
-1
-1
-1
-1
-1
-1
-1
-1
-1
-1
-1
-1
-1
-1
-1
-1
-1
-1
-1
-1
-1
-1
-1
-1
-1
-1
-1
-1
-1
-1
-1
-1
-1
-1
-1
-1
-1
-1
-1
-1
-1
-1
-1
-1
-1
-1
-1
-1
-1
-1
-1
-1
-1
-1
-1
-1
-1
-1
-1
-1
-1
-1
-1
-1
-1
-1
-1
-1
-1
-1
-1
-1
-1
-1
-1
-1
-1
-1
-1
-1
-1
-1
-1
-1
-1
-1
-1
-1
-1
-1
-1
-1
-1
-1
-1
-1
-1
-1
-1
-1
-1
-1
-1
-1
-1
-1
-1
-1
