npartb: 1 1 
ipartb: 0 0 
ngrid: 20 50 
-1.000000e-01 5.400000e-02 
-9.473684e-02 5.400000e-02 
-8.947368e-02 5.400000e-02 
-8.421053e-02 5.400000e-02 
-7.894737e-02 5.400000e-02 
-7.368421e-02 5.400000e-02 
-6.842105e-02 5.400000e-02 
-6.315789e-02 5.400000e-02 
-5.789474e-02 5.400000e-02 
-5.263158e-02 5.400000e-02 
-4.736842e-02 5.400000e-02 
-4.210526e-02 5.400000e-02 
-3.684211e-02 5.400000e-02 
-3.157895e-02 5.400000e-02 
-2.631579e-02 5.400000e-02 
-2.105263e-02 5.400000e-02 
-1.578947e-02 5.400000e-02 
-1.052632e-02 5.400000e-02 
-5.263158e-03 5.400000e-02 
0.000000e+00 5.400000e-02 
-1.000000e-01 5.595918e-02 
-9.473684e-02 5.595918e-02 
-8.947368e-02 5.595918e-02 
-8.421053e-02 5.595918e-02 
-7.894737e-02 5.595918e-02 
-7.368421e-02 5.595918e-02 
-6.842105e-02 5.595918e-02 
-6.315789e-02 5.595918e-02 
-5.789474e-02 5.595918e-02 
-5.263158e-02 5.595918e-02 
-4.736842e-02 5.595918e-02 
-4.210526e-02 5.595918e-02 
-3.684211e-02 5.595918e-02 
-3.157895e-02 5.595918e-02 
-2.631579e-02 5.595918e-02 
-2.105263e-02 5.595918e-02 
-1.578947e-02 5.595918e-02 
-1.052632e-02 5.595918e-02 
-5.263158e-03 5.595918e-02 
0.000000e+00 5.595918e-02 
-1.000000e-01 5.791837e-02 
-9.473684e-02 5.791837e-02 
-8.947368e-02 5.791837e-02 
-8.421053e-02 5.791837e-02 
-7.894737e-02 5.791837e-02 
-7.368421e-02 5.791837e-02 
-6.842105e-02 5.791837e-02 
-6.315789e-02 5.791837e-02 
-5.789474e-02 5.791837e-02 
-5.263158e-02 5.791837e-02 
-4.736842e-02 5.791837e-02 
-4.210526e-02 5.791837e-02 
-3.684211e-02 5.791837e-02 
-3.157895e-02 5.791837e-02 
-2.631579e-02 5.791837e-02 
-2.105263e-02 5.791837e-02 
-1.578947e-02 5.791837e-02 
-1.052632e-02 5.791837e-02 
-5.263158e-03 5.791837e-02 
0.000000e+00 5.791837e-02 
-1.000000e-01 5.987755e-02 
-9.473684e-02 5.987755e-02 
-8.947368e-02 5.987755e-02 
-8.421053e-02 5.987755e-02 
-7.894737e-02 5.987755e-02 
-7.368421e-02 5.987755e-02 
-6.842105e-02 5.987755e-02 
-6.315789e-02 5.987755e-02 
-5.789474e-02 5.987755e-02 
-5.263158e-02 5.987755e-02 
-4.736842e-02 5.987755e-02 
-4.210526e-02 5.987755e-02 
-3.684211e-02 5.987755e-02 
-3.157895e-02 5.987755e-02 
-2.631579e-02 5.987755e-02 
-2.105263e-02 5.987755e-02 
-1.578947e-02 5.987755e-02 
-1.052632e-02 5.987755e-02 
-5.263158e-03 5.987755e-02 
0.000000e+00 5.987755e-02 
-1.000000e-01 6.183673e-02 
-9.473684e-02 6.183673e-02 
-8.947368e-02 6.183673e-02 
-8.421053e-02 6.183673e-02 
-7.894737e-02 6.183673e-02 
-7.368421e-02 6.183673e-02 
-6.842105e-02 6.183673e-02 
-6.315789e-02 6.183673e-02 
-5.789474e-02 6.183673e-02 
-5.263158e-02 6.183673e-02 
-4.736842e-02 6.183673e-02 
-4.210526e-02 6.183673e-02 
-3.684211e-02 6.183673e-02 
-3.157895e-02 6.183673e-02 
-2.631579e-02 6.183673e-02 
-2.105263e-02 6.183673e-02 
-1.578947e-02 6.183673e-02 
-1.052632e-02 6.183673e-02 
-5.263158e-03 6.183673e-02 
0.000000e+00 6.183673e-02 
-1.000000e-01 6.379592e-02 
-9.473684e-02 6.379592e-02 
-8.947368e-02 6.379592e-02 
-8.421053e-02 6.379592e-02 
-7.894737e-02 6.379592e-02 
-7.368421e-02 6.379592e-02 
-6.842105e-02 6.379592e-02 
-6.315789e-02 6.379592e-02 
-5.789474e-02 6.379592e-02 
-5.263158e-02 6.379592e-02 
-4.736842e-02 6.379592e-02 
-4.210526e-02 6.379592e-02 
-3.684211e-02 6.379592e-02 
-3.157895e-02 6.379592e-02 
-2.631579e-02 6.379592e-02 
-2.105263e-02 6.379592e-02 
-1.578947e-02 6.379592e-02 
-1.052632e-02 6.379592e-02 
-5.263158e-03 6.379592e-02 
0.000000e+00 6.379592e-02 
-1.000000e-01 6.575510e-02 
-9.473684e-02 6.575510e-02 
-8.947368e-02 6.575510e-02 
-8.421053e-02 6.575510e-02 
-7.894737e-02 6.575510e-02 
-7.368421e-02 6.575510e-02 
-6.842105e-02 6.575510e-02 
-6.315789e-02 6.575510e-02 
-5.789474e-02 6.575510e-02 
-5.263158e-02 6.575510e-02 
-4.736842e-02 6.575510e-02 
-4.210526e-02 6.575510e-02 
-3.684211e-02 6.575510e-02 
-3.157895e-02 6.575510e-02 
-2.631579e-02 6.575510e-02 
-2.105263e-02 6.575510e-02 
-1.578947e-02 6.575510e-02 
-1.052632e-02 6.575510e-02 
-5.263158e-03 6.575510e-02 
0.000000e+00 6.575510e-02 
-1.000000e-01 6.771429e-02 
-9.473684e-02 6.771429e-02 
-8.947368e-02 6.771429e-02 
-8.421053e-02 6.771429e-02 
-7.894737e-02 6.771429e-02 
-7.368421e-02 6.771429e-02 
-6.842105e-02 6.771429e-02 
-6.315789e-02 6.771429e-02 
-5.789474e-02 6.771429e-02 
-5.263158e-02 6.771429e-02 
-4.736842e-02 6.771429e-02 
-4.210526e-02 6.771429e-02 
-3.684211e-02 6.771429e-02 
-3.157895e-02 6.771429e-02 
-2.631579e-02 6.771429e-02 
-2.105263e-02 6.771429e-02 
-1.578947e-02 6.771429e-02 
-1.052632e-02 6.771429e-02 
-5.263158e-03 6.771429e-02 
0.000000e+00 6.771429e-02 
-1.000000e-01 6.967347e-02 
-9.473684e-02 6.967347e-02 
-8.947368e-02 6.967347e-02 
-8.421053e-02 6.967347e-02 
-7.894737e-02 6.967347e-02 
-7.368421e-02 6.967347e-02 
-6.842105e-02 6.967347e-02 
-6.315789e-02 6.967347e-02 
-5.789474e-02 6.967347e-02 
-5.263158e-02 6.967347e-02 
-4.736842e-02 6.967347e-02 
-4.210526e-02 6.967347e-02 
-3.684211e-02 6.967347e-02 
-3.157895e-02 6.967347e-02 
-2.631579e-02 6.967347e-02 
-2.105263e-02 6.967347e-02 
-1.578947e-02 6.967347e-02 
-1.052632e-02 6.967347e-02 
-5.263158e-03 6.967347e-02 
0.000000e+00 6.967347e-02 
-1.000000e-01 7.163265e-02 
-9.473684e-02 7.163265e-02 
-8.947368e-02 7.163265e-02 
-8.421053e-02 7.163265e-02 
-7.894737e-02 7.163265e-02 
-7.368421e-02 7.163265e-02 
-6.842105e-02 7.163265e-02 
-6.315789e-02 7.163265e-02 
-5.789474e-02 7.163265e-02 
-5.263158e-02 7.163265e-02 
-4.736842e-02 7.163265e-02 
-4.210526e-02 7.163265e-02 
-3.684211e-02 7.163265e-02 
-3.157895e-02 7.163265e-02 
-2.631579e-02 7.163265e-02 
-2.105263e-02 7.163265e-02 
-1.578947e-02 7.163265e-02 
-1.052632e-02 7.163265e-02 
-5.263158e-03 7.163265e-02 
0.000000e+00 7.163265e-02 
-1.000000e-01 7.359184e-02 
-9.473684e-02 7.359184e-02 
-8.947368e-02 7.359184e-02 
-8.421053e-02 7.359184e-02 
-7.894737e-02 7.359184e-02 
-7.368421e-02 7.359184e-02 
-6.842105e-02 7.359184e-02 
-6.315789e-02 7.359184e-02 
-5.789474e-02 7.359184e-02 
-5.263158e-02 7.359184e-02 
-4.736842e-02 7.359184e-02 
-4.210526e-02 7.359184e-02 
-3.684211e-02 7.359184e-02 
-3.157895e-02 7.359184e-02 
-2.631579e-02 7.359184e-02 
-2.105263e-02 7.359184e-02 
-1.578947e-02 7.359184e-02 
-1.052632e-02 7.359184e-02 
-5.263158e-03 7.359184e-02 
0.000000e+00 7.359184e-02 
-1.000000e-01 7.555102e-02 
-9.473684e-02 7.555102e-02 
-8.947368e-02 7.555102e-02 
-8.421053e-02 7.555102e-02 
-7.894737e-02 7.555102e-02 
-7.368421e-02 7.555102e-02 
-6.842105e-02 7.555102e-02 
-6.315789e-02 7.555102e-02 
-5.789474e-02 7.555102e-02 
-5.263158e-02 7.555102e-02 
-4.736842e-02 7.555102e-02 
-4.210526e-02 7.555102e-02 
-3.684211e-02 7.555102e-02 
-3.157895e-02 7.555102e-02 
-2.631579e-02 7.555102e-02 
-2.105263e-02 7.555102e-02 
-1.578947e-02 7.555102e-02 
-1.052632e-02 7.555102e-02 
-5.263158e-03 7.555102e-02 
0.000000e+00 7.555102e-02 
-1.000000e-01 7.751020e-02 
-9.473684e-02 7.751020e-02 
-8.947368e-02 7.751020e-02 
-8.421053e-02 7.751020e-02 
-7.894737e-02 7.751020e-02 
-7.368421e-02 7.751020e-02 
-6.842105e-02 7.751020e-02 
-6.315789e-02 7.751020e-02 
-5.789474e-02 7.751020e-02 
-5.263158e-02 7.751020e-02 
-4.736842e-02 7.751020e-02 
-4.210526e-02 7.751020e-02 
-3.684211e-02 7.751020e-02 
-3.157895e-02 7.751020e-02 
-2.631579e-02 7.751020e-02 
-2.105263e-02 7.751020e-02 
-1.578947e-02 7.751020e-02 
-1.052632e-02 7.751020e-02 
-5.263158e-03 7.751020e-02 
0.000000e+00 7.751020e-02 
-1.000000e-01 7.946939e-02 
-9.473684e-02 7.946939e-02 
-8.947368e-02 7.946939e-02 
-8.421053e-02 7.946939e-02 
-7.894737e-02 7.946939e-02 
-7.368421e-02 7.946939e-02 
-6.842105e-02 7.946939e-02 
-6.315789e-02 7.946939e-02 
-5.789474e-02 7.946939e-02 
-5.263158e-02 7.946939e-02 
-4.736842e-02 7.946939e-02 
-4.210526e-02 7.946939e-02 
-3.684211e-02 7.946939e-02 
-3.157895e-02 7.946939e-02 
-2.631579e-02 7.946939e-02 
-2.105263e-02 7.946939e-02 
-1.578947e-02 7.946939e-02 
-1.052632e-02 7.946939e-02 
-5.263158e-03 7.946939e-02 
0.000000e+00 7.946939e-02 
-1.000000e-01 8.142857e-02 
-9.473684e-02 8.142857e-02 
-8.947368e-02 8.142857e-02 
-8.421053e-02 8.142857e-02 
-7.894737e-02 8.142857e-02 
-7.368421e-02 8.142857e-02 
-6.842105e-02 8.142857e-02 
-6.315789e-02 8.142857e-02 
-5.789474e-02 8.142857e-02 
-5.263158e-02 8.142857e-02 
-4.736842e-02 8.142857e-02 
-4.210526e-02 8.142857e-02 
-3.684211e-02 8.142857e-02 
-3.157895e-02 8.142857e-02 
-2.631579e-02 8.142857e-02 
-2.105263e-02 8.142857e-02 
-1.578947e-02 8.142857e-02 
-1.052632e-02 8.142857e-02 
-5.263158e-03 8.142857e-02 
0.000000e+00 8.142857e-02 
-1.000000e-01 8.338776e-02 
-9.473684e-02 8.338776e-02 
-8.947368e-02 8.338776e-02 
-8.421053e-02 8.338776e-02 
-7.894737e-02 8.338776e-02 
-7.368421e-02 8.338776e-02 
-6.842105e-02 8.338776e-02 
-6.315789e-02 8.338776e-02 
-5.789474e-02 8.338776e-02 
-5.263158e-02 8.338776e-02 
-4.736842e-02 8.338776e-02 
-4.210526e-02 8.338776e-02 
-3.684211e-02 8.338776e-02 
-3.157895e-02 8.338776e-02 
-2.631579e-02 8.338776e-02 
-2.105263e-02 8.338776e-02 
-1.578947e-02 8.338776e-02 
-1.052632e-02 8.338776e-02 
-5.263158e-03 8.338776e-02 
0.000000e+00 8.338776e-02 
-1.000000e-01 8.534694e-02 
-9.473684e-02 8.534694e-02 
-8.947368e-02 8.534694e-02 
-8.421053e-02 8.534694e-02 
-7.894737e-02 8.534694e-02 
-7.368421e-02 8.534694e-02 
-6.842105e-02 8.534694e-02 
-6.315789e-02 8.534694e-02 
-5.789474e-02 8.534694e-02 
-5.263158e-02 8.534694e-02 
-4.736842e-02 8.534694e-02 
-4.210526e-02 8.534694e-02 
-3.684211e-02 8.534694e-02 
-3.157895e-02 8.534694e-02 
-2.631579e-02 8.534694e-02 
-2.105263e-02 8.534694e-02 
-1.578947e-02 8.534694e-02 
-1.052632e-02 8.534694e-02 
-5.263158e-03 8.534694e-02 
0.000000e+00 8.534694e-02 
-1.000000e-01 8.730612e-02 
-9.473684e-02 8.730612e-02 
-8.947368e-02 8.730612e-02 
-8.421053e-02 8.730612e-02 
-7.894737e-02 8.730612e-02 
-7.368421e-02 8.730612e-02 
-6.842105e-02 8.730612e-02 
-6.315789e-02 8.730612e-02 
-5.789474e-02 8.730612e-02 
-5.263158e-02 8.730612e-02 
-4.736842e-02 8.730612e-02 
-4.210526e-02 8.730612e-02 
-3.684211e-02 8.730612e-02 
-3.157895e-02 8.730612e-02 
-2.631579e-02 8.730612e-02 
-2.105263e-02 8.730612e-02 
-1.578947e-02 8.730612e-02 
-1.052632e-02 8.730612e-02 
-5.263158e-03 8.730612e-02 
0.000000e+00 8.730612e-02 
-1.000000e-01 8.926531e-02 
-9.473684e-02 8.926531e-02 
-8.947368e-02 8.926531e-02 
-8.421053e-02 8.926531e-02 
-7.894737e-02 8.926531e-02 
-7.368421e-02 8.926531e-02 
-6.842105e-02 8.926531e-02 
-6.315789e-02 8.926531e-02 
-5.789474e-02 8.926531e-02 
-5.263158e-02 8.926531e-02 
-4.736842e-02 8.926531e-02 
-4.210526e-02 8.926531e-02 
-3.684211e-02 8.926531e-02 
-3.157895e-02 8.926531e-02 
-2.631579e-02 8.926531e-02 
-2.105263e-02 8.926531e-02 
-1.578947e-02 8.926531e-02 
-1.052632e-02 8.926531e-02 
-5.263158e-03 8.926531e-02 
0.000000e+00 8.926531e-02 
-1.000000e-01 9.122449e-02 
-9.473684e-02 9.122449e-02 
-8.947368e-02 9.122449e-02 
-8.421053e-02 9.122449e-02 
-7.894737e-02 9.122449e-02 
-7.368421e-02 9.122449e-02 
-6.842105e-02 9.122449e-02 
-6.315789e-02 9.122449e-02 
-5.789474e-02 9.122449e-02 
-5.263158e-02 9.122449e-02 
-4.736842e-02 9.122449e-02 
-4.210526e-02 9.122449e-02 
-3.684211e-02 9.122449e-02 
-3.157895e-02 9.122449e-02 
-2.631579e-02 9.122449e-02 
-2.105263e-02 9.122449e-02 
-1.578947e-02 9.122449e-02 
-1.052632e-02 9.122449e-02 
-5.263158e-03 9.122449e-02 
0.000000e+00 9.122449e-02 
-1.000000e-01 9.318367e-02 
-9.473684e-02 9.318367e-02 
-8.947368e-02 9.318367e-02 
-8.421053e-02 9.318367e-02 
-7.894737e-02 9.318367e-02 
-7.368421e-02 9.318367e-02 
-6.842105e-02 9.318367e-02 
-6.315789e-02 9.318367e-02 
-5.789474e-02 9.318367e-02 
-5.263158e-02 9.318367e-02 
-4.736842e-02 9.318367e-02 
-4.210526e-02 9.318367e-02 
-3.684211e-02 9.318367e-02 
-3.157895e-02 9.318367e-02 
-2.631579e-02 9.318367e-02 
-2.105263e-02 9.318367e-02 
-1.578947e-02 9.318367e-02 
-1.052632e-02 9.318367e-02 
-5.263158e-03 9.318367e-02 
0.000000e+00 9.318367e-02 
-1.000000e-01 9.514286e-02 
-9.473684e-02 9.514286e-02 
-8.947368e-02 9.514286e-02 
-8.421053e-02 9.514286e-02 
-7.894737e-02 9.514286e-02 
-7.368421e-02 9.514286e-02 
-6.842105e-02 9.514286e-02 
-6.315789e-02 9.514286e-02 
-5.789474e-02 9.514286e-02 
-5.263158e-02 9.514286e-02 
-4.736842e-02 9.514286e-02 
-4.210526e-02 9.514286e-02 
-3.684211e-02 9.514286e-02 
-3.157895e-02 9.514286e-02 
-2.631579e-02 9.514286e-02 
-2.105263e-02 9.514286e-02 
-1.578947e-02 9.514286e-02 
-1.052632e-02 9.514286e-02 
-5.263158e-03 9.514286e-02 
0.000000e+00 9.514286e-02 
-1.000000e-01 9.710204e-02 
-9.473684e-02 9.710204e-02 
-8.947368e-02 9.710204e-02 
-8.421053e-02 9.710204e-02 
-7.894737e-02 9.710204e-02 
-7.368421e-02 9.710204e-02 
-6.842105e-02 9.710204e-02 
-6.315789e-02 9.710204e-02 
-5.789474e-02 9.710204e-02 
-5.263158e-02 9.710204e-02 
-4.736842e-02 9.710204e-02 
-4.210526e-02 9.710204e-02 
-3.684211e-02 9.710204e-02 
-3.157895e-02 9.710204e-02 
-2.631579e-02 9.710204e-02 
-2.105263e-02 9.710204e-02 
-1.578947e-02 9.710204e-02 
-1.052632e-02 9.710204e-02 
-5.263158e-03 9.710204e-02 
0.000000e+00 9.710204e-02 
-1.000000e-01 9.906122e-02 
-9.473684e-02 9.906122e-02 
-8.947368e-02 9.906122e-02 
-8.421053e-02 9.906122e-02 
-7.894737e-02 9.906122e-02 
-7.368421e-02 9.906122e-02 
-6.842105e-02 9.906122e-02 
-6.315789e-02 9.906122e-02 
-5.789474e-02 9.906122e-02 
-5.263158e-02 9.906122e-02 
-4.736842e-02 9.906122e-02 
-4.210526e-02 9.906122e-02 
-3.684211e-02 9.906122e-02 
-3.157895e-02 9.906122e-02 
-2.631579e-02 9.906122e-02 
-2.105263e-02 9.906122e-02 
-1.578947e-02 9.906122e-02 
-1.052632e-02 9.906122e-02 
-5.263158e-03 9.906122e-02 
0.000000e+00 9.906122e-02 
-1.000000e-01 1.010204e-01 
-9.473684e-02 1.010204e-01 
-8.947368e-02 1.010204e-01 
-8.421053e-02 1.010204e-01 
-7.894737e-02 1.010204e-01 
-7.368421e-02 1.010204e-01 
-6.842105e-02 1.010204e-01 
-6.315789e-02 1.010204e-01 
-5.789474e-02 1.010204e-01 
-5.263158e-02 1.010204e-01 
-4.736842e-02 1.010204e-01 
-4.210526e-02 1.010204e-01 
-3.684211e-02 1.010204e-01 
-3.157895e-02 1.010204e-01 
-2.631579e-02 1.010204e-01 
-2.105263e-02 1.010204e-01 
-1.578947e-02 1.010204e-01 
-1.052632e-02 1.010204e-01 
-5.263158e-03 1.010204e-01 
0.000000e+00 1.010204e-01 
-1.000000e-01 1.029796e-01 
-9.473684e-02 1.029796e-01 
-8.947368e-02 1.029796e-01 
-8.421053e-02 1.029796e-01 
-7.894737e-02 1.029796e-01 
-7.368421e-02 1.029796e-01 
-6.842105e-02 1.029796e-01 
-6.315789e-02 1.029796e-01 
-5.789474e-02 1.029796e-01 
-5.263158e-02 1.029796e-01 
-4.736842e-02 1.029796e-01 
-4.210526e-02 1.029796e-01 
-3.684211e-02 1.029796e-01 
-3.157895e-02 1.029796e-01 
-2.631579e-02 1.029796e-01 
-2.105263e-02 1.029796e-01 
-1.578947e-02 1.029796e-01 
-1.052632e-02 1.029796e-01 
-5.263158e-03 1.029796e-01 
0.000000e+00 1.029796e-01 
-1.000000e-01 1.049388e-01 
-9.473684e-02 1.049388e-01 
-8.947368e-02 1.049388e-01 
-8.421053e-02 1.049388e-01 
-7.894737e-02 1.049388e-01 
-7.368421e-02 1.049388e-01 
-6.842105e-02 1.049388e-01 
-6.315789e-02 1.049388e-01 
-5.789474e-02 1.049388e-01 
-5.263158e-02 1.049388e-01 
-4.736842e-02 1.049388e-01 
-4.210526e-02 1.049388e-01 
-3.684211e-02 1.049388e-01 
-3.157895e-02 1.049388e-01 
-2.631579e-02 1.049388e-01 
-2.105263e-02 1.049388e-01 
-1.578947e-02 1.049388e-01 
-1.052632e-02 1.049388e-01 
-5.263158e-03 1.049388e-01 
0.000000e+00 1.049388e-01 
-1.000000e-01 1.068980e-01 
-9.473684e-02 1.068980e-01 
-8.947368e-02 1.068980e-01 
-8.421053e-02 1.068980e-01 
-7.894737e-02 1.068980e-01 
-7.368421e-02 1.068980e-01 
-6.842105e-02 1.068980e-01 
-6.315789e-02 1.068980e-01 
-5.789474e-02 1.068980e-01 
-5.263158e-02 1.068980e-01 
-4.736842e-02 1.068980e-01 
-4.210526e-02 1.068980e-01 
-3.684211e-02 1.068980e-01 
-3.157895e-02 1.068980e-01 
-2.631579e-02 1.068980e-01 
-2.105263e-02 1.068980e-01 
-1.578947e-02 1.068980e-01 
-1.052632e-02 1.068980e-01 
-5.263158e-03 1.068980e-01 
0.000000e+00 1.068980e-01 
-1.000000e-01 1.088571e-01 
-9.473684e-02 1.088571e-01 
-8.947368e-02 1.088571e-01 
-8.421053e-02 1.088571e-01 
-7.894737e-02 1.088571e-01 
-7.368421e-02 1.088571e-01 
-6.842105e-02 1.088571e-01 
-6.315789e-02 1.088571e-01 
-5.789474e-02 1.088571e-01 
-5.263158e-02 1.088571e-01 
-4.736842e-02 1.088571e-01 
-4.210526e-02 1.088571e-01 
-3.684211e-02 1.088571e-01 
-3.157895e-02 1.088571e-01 
-2.631579e-02 1.088571e-01 
-2.105263e-02 1.088571e-01 
-1.578947e-02 1.088571e-01 
-1.052632e-02 1.088571e-01 
-5.263158e-03 1.088571e-01 
0.000000e+00 1.088571e-01 
-1.000000e-01 1.108163e-01 
-9.473684e-02 1.108163e-01 
-8.947368e-02 1.108163e-01 
-8.421053e-02 1.108163e-01 
-7.894737e-02 1.108163e-01 
-7.368421e-02 1.108163e-01 
-6.842105e-02 1.108163e-01 
-6.315789e-02 1.108163e-01 
-5.789474e-02 1.108163e-01 
-5.263158e-02 1.108163e-01 
-4.736842e-02 1.108163e-01 
-4.210526e-02 1.108163e-01 
-3.684211e-02 1.108163e-01 
-3.157895e-02 1.108163e-01 
-2.631579e-02 1.108163e-01 
-2.105263e-02 1.108163e-01 
-1.578947e-02 1.108163e-01 
-1.052632e-02 1.108163e-01 
-5.263158e-03 1.108163e-01 
0.000000e+00 1.108163e-01 
-1.000000e-01 1.127755e-01 
-9.473684e-02 1.127755e-01 
-8.947368e-02 1.127755e-01 
-8.421053e-02 1.127755e-01 
-7.894737e-02 1.127755e-01 
-7.368421e-02 1.127755e-01 
-6.842105e-02 1.127755e-01 
-6.315789e-02 1.127755e-01 
-5.789474e-02 1.127755e-01 
-5.263158e-02 1.127755e-01 
-4.736842e-02 1.127755e-01 
-4.210526e-02 1.127755e-01 
-3.684211e-02 1.127755e-01 
-3.157895e-02 1.127755e-01 
-2.631579e-02 1.127755e-01 
-2.105263e-02 1.127755e-01 
-1.578947e-02 1.127755e-01 
-1.052632e-02 1.127755e-01 
-5.263158e-03 1.127755e-01 
0.000000e+00 1.127755e-01 
-1.000000e-01 1.147347e-01 
-9.473684e-02 1.147347e-01 
-8.947368e-02 1.147347e-01 
-8.421053e-02 1.147347e-01 
-7.894737e-02 1.147347e-01 
-7.368421e-02 1.147347e-01 
-6.842105e-02 1.147347e-01 
-6.315789e-02 1.147347e-01 
-5.789474e-02 1.147347e-01 
-5.263158e-02 1.147347e-01 
-4.736842e-02 1.147347e-01 
-4.210526e-02 1.147347e-01 
-3.684211e-02 1.147347e-01 
-3.157895e-02 1.147347e-01 
-2.631579e-02 1.147347e-01 
-2.105263e-02 1.147347e-01 
-1.578947e-02 1.147347e-01 
-1.052632e-02 1.147347e-01 
-5.263158e-03 1.147347e-01 
0.000000e+00 1.147347e-01 
-1.000000e-01 1.166939e-01 
-9.473684e-02 1.166939e-01 
-8.947368e-02 1.166939e-01 
-8.421053e-02 1.166939e-01 
-7.894737e-02 1.166939e-01 
-7.368421e-02 1.166939e-01 
-6.842105e-02 1.166939e-01 
-6.315789e-02 1.166939e-01 
-5.789474e-02 1.166939e-01 
-5.263158e-02 1.166939e-01 
-4.736842e-02 1.166939e-01 
-4.210526e-02 1.166939e-01 
-3.684211e-02 1.166939e-01 
-3.157895e-02 1.166939e-01 
-2.631579e-02 1.166939e-01 
-2.105263e-02 1.166939e-01 
-1.578947e-02 1.166939e-01 
-1.052632e-02 1.166939e-01 
-5.263158e-03 1.166939e-01 
0.000000e+00 1.166939e-01 
-1.000000e-01 1.186531e-01 
-9.473684e-02 1.186531e-01 
-8.947368e-02 1.186531e-01 
-8.421053e-02 1.186531e-01 
-7.894737e-02 1.186531e-01 
-7.368421e-02 1.186531e-01 
-6.842105e-02 1.186531e-01 
-6.315789e-02 1.186531e-01 
-5.789474e-02 1.186531e-01 
-5.263158e-02 1.186531e-01 
-4.736842e-02 1.186531e-01 
-4.210526e-02 1.186531e-01 
-3.684211e-02 1.186531e-01 
-3.157895e-02 1.186531e-01 
-2.631579e-02 1.186531e-01 
-2.105263e-02 1.186531e-01 
-1.578947e-02 1.186531e-01 
-1.052632e-02 1.186531e-01 
-5.263158e-03 1.186531e-01 
0.000000e+00 1.186531e-01 
-1.000000e-01 1.206122e-01 
-9.473684e-02 1.206122e-01 
-8.947368e-02 1.206122e-01 
-8.421053e-02 1.206122e-01 
-7.894737e-02 1.206122e-01 
-7.368421e-02 1.206122e-01 
-6.842105e-02 1.206122e-01 
-6.315789e-02 1.206122e-01 
-5.789474e-02 1.206122e-01 
-5.263158e-02 1.206122e-01 
-4.736842e-02 1.206122e-01 
-4.210526e-02 1.206122e-01 
-3.684211e-02 1.206122e-01 
-3.157895e-02 1.206122e-01 
-2.631579e-02 1.206122e-01 
-2.105263e-02 1.206122e-01 
-1.578947e-02 1.206122e-01 
-1.052632e-02 1.206122e-01 
-5.263158e-03 1.206122e-01 
0.000000e+00 1.206122e-01 
-1.000000e-01 1.225714e-01 
-9.473684e-02 1.225714e-01 
-8.947368e-02 1.225714e-01 
-8.421053e-02 1.225714e-01 
-7.894737e-02 1.225714e-01 
-7.368421e-02 1.225714e-01 
-6.842105e-02 1.225714e-01 
-6.315789e-02 1.225714e-01 
-5.789474e-02 1.225714e-01 
-5.263158e-02 1.225714e-01 
-4.736842e-02 1.225714e-01 
-4.210526e-02 1.225714e-01 
-3.684211e-02 1.225714e-01 
-3.157895e-02 1.225714e-01 
-2.631579e-02 1.225714e-01 
-2.105263e-02 1.225714e-01 
-1.578947e-02 1.225714e-01 
-1.052632e-02 1.225714e-01 
-5.263158e-03 1.225714e-01 
0.000000e+00 1.225714e-01 
-1.000000e-01 1.245306e-01 
-9.473684e-02 1.245306e-01 
-8.947368e-02 1.245306e-01 
-8.421053e-02 1.245306e-01 
-7.894737e-02 1.245306e-01 
-7.368421e-02 1.245306e-01 
-6.842105e-02 1.245306e-01 
-6.315789e-02 1.245306e-01 
-5.789474e-02 1.245306e-01 
-5.263158e-02 1.245306e-01 
-4.736842e-02 1.245306e-01 
-4.210526e-02 1.245306e-01 
-3.684211e-02 1.245306e-01 
-3.157895e-02 1.245306e-01 
-2.631579e-02 1.245306e-01 
-2.105263e-02 1.245306e-01 
-1.578947e-02 1.245306e-01 
-1.052632e-02 1.245306e-01 
-5.263158e-03 1.245306e-01 
0.000000e+00 1.245306e-01 
-1.000000e-01 1.264898e-01 
-9.473684e-02 1.264898e-01 
-8.947368e-02 1.264898e-01 
-8.421053e-02 1.264898e-01 
-7.894737e-02 1.264898e-01 
-7.368421e-02 1.264898e-01 
-6.842105e-02 1.264898e-01 
-6.315789e-02 1.264898e-01 
-5.789474e-02 1.264898e-01 
-5.263158e-02 1.264898e-01 
-4.736842e-02 1.264898e-01 
-4.210526e-02 1.264898e-01 
-3.684211e-02 1.264898e-01 
-3.157895e-02 1.264898e-01 
-2.631579e-02 1.264898e-01 
-2.105263e-02 1.264898e-01 
-1.578947e-02 1.264898e-01 
-1.052632e-02 1.264898e-01 
-5.263158e-03 1.264898e-01 
0.000000e+00 1.264898e-01 
-1.000000e-01 1.284490e-01 
-9.473684e-02 1.284490e-01 
-8.947368e-02 1.284490e-01 
-8.421053e-02 1.284490e-01 
-7.894737e-02 1.284490e-01 
-7.368421e-02 1.284490e-01 
-6.842105e-02 1.284490e-01 
-6.315789e-02 1.284490e-01 
-5.789474e-02 1.284490e-01 
-5.263158e-02 1.284490e-01 
-4.736842e-02 1.284490e-01 
-4.210526e-02 1.284490e-01 
-3.684211e-02 1.284490e-01 
-3.157895e-02 1.284490e-01 
-2.631579e-02 1.284490e-01 
-2.105263e-02 1.284490e-01 
-1.578947e-02 1.284490e-01 
-1.052632e-02 1.284490e-01 
-5.263158e-03 1.284490e-01 
0.000000e+00 1.284490e-01 
-1.000000e-01 1.304082e-01 
-9.473684e-02 1.304082e-01 
-8.947368e-02 1.304082e-01 
-8.421053e-02 1.304082e-01 
-7.894737e-02 1.304082e-01 
-7.368421e-02 1.304082e-01 
-6.842105e-02 1.304082e-01 
-6.315789e-02 1.304082e-01 
-5.789474e-02 1.304082e-01 
-5.263158e-02 1.304082e-01 
-4.736842e-02 1.304082e-01 
-4.210526e-02 1.304082e-01 
-3.684211e-02 1.304082e-01 
-3.157895e-02 1.304082e-01 
-2.631579e-02 1.304082e-01 
-2.105263e-02 1.304082e-01 
-1.578947e-02 1.304082e-01 
-1.052632e-02 1.304082e-01 
-5.263158e-03 1.304082e-01 
0.000000e+00 1.304082e-01 
-1.000000e-01 1.323673e-01 
-9.473684e-02 1.323673e-01 
-8.947368e-02 1.323673e-01 
-8.421053e-02 1.323673e-01 
-7.894737e-02 1.323673e-01 
-7.368421e-02 1.323673e-01 
-6.842105e-02 1.323673e-01 
-6.315789e-02 1.323673e-01 
-5.789474e-02 1.323673e-01 
-5.263158e-02 1.323673e-01 
-4.736842e-02 1.323673e-01 
-4.210526e-02 1.323673e-01 
-3.684211e-02 1.323673e-01 
-3.157895e-02 1.323673e-01 
-2.631579e-02 1.323673e-01 
-2.105263e-02 1.323673e-01 
-1.578947e-02 1.323673e-01 
-1.052632e-02 1.323673e-01 
-5.263158e-03 1.323673e-01 
0.000000e+00 1.323673e-01 
-1.000000e-01 1.343265e-01 
-9.473684e-02 1.343265e-01 
-8.947368e-02 1.343265e-01 
-8.421053e-02 1.343265e-01 
-7.894737e-02 1.343265e-01 
-7.368421e-02 1.343265e-01 
-6.842105e-02 1.343265e-01 
-6.315789e-02 1.343265e-01 
-5.789474e-02 1.343265e-01 
-5.263158e-02 1.343265e-01 
-4.736842e-02 1.343265e-01 
-4.210526e-02 1.343265e-01 
-3.684211e-02 1.343265e-01 
-3.157895e-02 1.343265e-01 
-2.631579e-02 1.343265e-01 
-2.105263e-02 1.343265e-01 
-1.578947e-02 1.343265e-01 
-1.052632e-02 1.343265e-01 
-5.263158e-03 1.343265e-01 
0.000000e+00 1.343265e-01 
-1.000000e-01 1.362857e-01 
-9.473684e-02 1.362857e-01 
-8.947368e-02 1.362857e-01 
-8.421053e-02 1.362857e-01 
-7.894737e-02 1.362857e-01 
-7.368421e-02 1.362857e-01 
-6.842105e-02 1.362857e-01 
-6.315789e-02 1.362857e-01 
-5.789474e-02 1.362857e-01 
-5.263158e-02 1.362857e-01 
-4.736842e-02 1.362857e-01 
-4.210526e-02 1.362857e-01 
-3.684211e-02 1.362857e-01 
-3.157895e-02 1.362857e-01 
-2.631579e-02 1.362857e-01 
-2.105263e-02 1.362857e-01 
-1.578947e-02 1.362857e-01 
-1.052632e-02 1.362857e-01 
-5.263158e-03 1.362857e-01 
0.000000e+00 1.362857e-01 
-1.000000e-01 1.382449e-01 
-9.473684e-02 1.382449e-01 
-8.947368e-02 1.382449e-01 
-8.421053e-02 1.382449e-01 
-7.894737e-02 1.382449e-01 
-7.368421e-02 1.382449e-01 
-6.842105e-02 1.382449e-01 
-6.315789e-02 1.382449e-01 
-5.789474e-02 1.382449e-01 
-5.263158e-02 1.382449e-01 
-4.736842e-02 1.382449e-01 
-4.210526e-02 1.382449e-01 
-3.684211e-02 1.382449e-01 
-3.157895e-02 1.382449e-01 
-2.631579e-02 1.382449e-01 
-2.105263e-02 1.382449e-01 
-1.578947e-02 1.382449e-01 
-1.052632e-02 1.382449e-01 
-5.263158e-03 1.382449e-01 
0.000000e+00 1.382449e-01 
-1.000000e-01 1.402041e-01 
-9.473684e-02 1.402041e-01 
-8.947368e-02 1.402041e-01 
-8.421053e-02 1.402041e-01 
-7.894737e-02 1.402041e-01 
-7.368421e-02 1.402041e-01 
-6.842105e-02 1.402041e-01 
-6.315789e-02 1.402041e-01 
-5.789474e-02 1.402041e-01 
-5.263158e-02 1.402041e-01 
-4.736842e-02 1.402041e-01 
-4.210526e-02 1.402041e-01 
-3.684211e-02 1.402041e-01 
-3.157895e-02 1.402041e-01 
-2.631579e-02 1.402041e-01 
-2.105263e-02 1.402041e-01 
-1.578947e-02 1.402041e-01 
-1.052632e-02 1.402041e-01 
-5.263158e-03 1.402041e-01 
0.000000e+00 1.402041e-01 
-1.000000e-01 1.421633e-01 
-9.473684e-02 1.421633e-01 
-8.947368e-02 1.421633e-01 
-8.421053e-02 1.421633e-01 
-7.894737e-02 1.421633e-01 
-7.368421e-02 1.421633e-01 
-6.842105e-02 1.421633e-01 
-6.315789e-02 1.421633e-01 
-5.789474e-02 1.421633e-01 
-5.263158e-02 1.421633e-01 
-4.736842e-02 1.421633e-01 
-4.210526e-02 1.421633e-01 
-3.684211e-02 1.421633e-01 
-3.157895e-02 1.421633e-01 
-2.631579e-02 1.421633e-01 
-2.105263e-02 1.421633e-01 
-1.578947e-02 1.421633e-01 
-1.052632e-02 1.421633e-01 
-5.263158e-03 1.421633e-01 
0.000000e+00 1.421633e-01 
-1.000000e-01 1.441224e-01 
-9.473684e-02 1.441224e-01 
-8.947368e-02 1.441224e-01 
-8.421053e-02 1.441224e-01 
-7.894737e-02 1.441224e-01 
-7.368421e-02 1.441224e-01 
-6.842105e-02 1.441224e-01 
-6.315789e-02 1.441224e-01 
-5.789474e-02 1.441224e-01 
-5.263158e-02 1.441224e-01 
-4.736842e-02 1.441224e-01 
-4.210526e-02 1.441224e-01 
-3.684211e-02 1.441224e-01 
-3.157895e-02 1.441224e-01 
-2.631579e-02 1.441224e-01 
-2.105263e-02 1.441224e-01 
-1.578947e-02 1.441224e-01 
-1.052632e-02 1.441224e-01 
-5.263158e-03 1.441224e-01 
0.000000e+00 1.441224e-01 
-1.000000e-01 1.460816e-01 
-9.473684e-02 1.460816e-01 
-8.947368e-02 1.460816e-01 
-8.421053e-02 1.460816e-01 
-7.894737e-02 1.460816e-01 
-7.368421e-02 1.460816e-01 
-6.842105e-02 1.460816e-01 
-6.315789e-02 1.460816e-01 
-5.789474e-02 1.460816e-01 
-5.263158e-02 1.460816e-01 
-4.736842e-02 1.460816e-01 
-4.210526e-02 1.460816e-01 
-3.684211e-02 1.460816e-01 
-3.157895e-02 1.460816e-01 
-2.631579e-02 1.460816e-01 
-2.105263e-02 1.460816e-01 
-1.578947e-02 1.460816e-01 
-1.052632e-02 1.460816e-01 
-5.263158e-03 1.460816e-01 
0.000000e+00 1.460816e-01 
-1.000000e-01 1.480408e-01 
-9.473684e-02 1.480408e-01 
-8.947368e-02 1.480408e-01 
-8.421053e-02 1.480408e-01 
-7.894737e-02 1.480408e-01 
-7.368421e-02 1.480408e-01 
-6.842105e-02 1.480408e-01 
-6.315789e-02 1.480408e-01 
-5.789474e-02 1.480408e-01 
-5.263158e-02 1.480408e-01 
-4.736842e-02 1.480408e-01 
-4.210526e-02 1.480408e-01 
-3.684211e-02 1.480408e-01 
-3.157895e-02 1.480408e-01 
-2.631579e-02 1.480408e-01 
-2.105263e-02 1.480408e-01 
-1.578947e-02 1.480408e-01 
-1.052632e-02 1.480408e-01 
-5.263158e-03 1.480408e-01 
0.000000e+00 1.480408e-01 
-1.000000e-01 1.500000e-01 
-9.473684e-02 1.500000e-01 
-8.947368e-02 1.500000e-01 
-8.421053e-02 1.500000e-01 
-7.894737e-02 1.500000e-01 
-7.368421e-02 1.500000e-01 
-6.842105e-02 1.500000e-01 
-6.315789e-02 1.500000e-01 
-5.789474e-02 1.500000e-01 
-5.263158e-02 1.500000e-01 
-4.736842e-02 1.500000e-01 
-4.210526e-02 1.500000e-01 
-3.684211e-02 1.500000e-01 
-3.157895e-02 1.500000e-01 
-2.631579e-02 1.500000e-01 
-2.105263e-02 1.500000e-01 
-1.578947e-02 1.500000e-01 
-1.052632e-02 1.500000e-01 
-5.263158e-03 1.500000e-01 
0.000000e+00 1.500000e-01 
BC
4
4
4
4
4
4
4
4
4
4
4
4
4
4
4
4
4
4
4
-1
-1
-1
-1
-1
-1
-1
-1
-1
-1
-1
-1
-1
-1
-1
-1
-1
-1
-1
-1
-1
-1
-1
-1
-1
-1
-1
-1
-1
-1
-1
-1
-1
-1
-1
-1
-1
-1
-1
-1
-1
-1
-1
-1
-1
-1
-1
-1
-1
1
1
1
1
1
1
1
1
1
1
1
1
1
1
1
1
1
1
1
1
1
1
1
1
1
1
1
1
1
1
1
1
1
1
1
1
1
1
1
1
1
1
1
1
1
1
1
1
1
1
1
1
1
1
1
1
1
1
1
1
1
1
1
1
1
1
1
1
