npart: 8 3 
ipart: 7 0 
ngrid: 48 48 
2.649170e+00 2.000000e-01 
2.656635e+00 2.000000e-01 
2.664099e+00 2.000000e-01 
2.671564e+00 2.000000e-01 
2.679028e+00 2.000000e-01 
2.686493e+00 2.000000e-01 
2.693957e+00 2.000000e-01 
2.701422e+00 2.000000e-01 
2.708886e+00 2.000000e-01 
2.716350e+00 2.000000e-01 
2.723815e+00 2.000000e-01 
2.731279e+00 2.000000e-01 
2.738744e+00 2.000000e-01 
2.746208e+00 2.000000e-01 
2.753673e+00 2.000000e-01 
2.761137e+00 2.000000e-01 
2.768602e+00 2.000000e-01 
2.776066e+00 2.000000e-01 
2.783531e+00 2.000000e-01 
2.790995e+00 2.000000e-01 
2.798460e+00 2.000000e-01 
2.805924e+00 2.000000e-01 
2.813388e+00 2.000000e-01 
2.820853e+00 2.000000e-01 
2.828317e+00 2.000000e-01 
2.835782e+00 2.000000e-01 
2.843246e+00 2.000000e-01 
2.850711e+00 2.000000e-01 
2.858175e+00 2.000000e-01 
2.865640e+00 2.000000e-01 
2.873104e+00 2.000000e-01 
2.880569e+00 2.000000e-01 
2.888033e+00 2.000000e-01 
2.895498e+00 2.000000e-01 
2.902962e+00 2.000000e-01 
2.910426e+00 2.000000e-01 
2.917891e+00 2.000000e-01 
2.925355e+00 2.000000e-01 
2.932820e+00 2.000000e-01 
2.940284e+00 2.000000e-01 
2.947749e+00 2.000000e-01 
2.955213e+00 2.000000e-01 
2.962678e+00 2.000000e-01 
2.970142e+00 2.000000e-01 
2.977607e+00 2.000000e-01 
2.985071e+00 2.000000e-01 
2.992536e+00 2.000000e-01 
3.000000e+00 2.000000e-01 
2.649170e+00 2.058128e-01 
2.656635e+00 2.058090e-01 
2.664099e+00 2.058053e-01 
2.671564e+00 2.058016e-01 
2.679028e+00 2.057979e-01 
2.686493e+00 2.057941e-01 
2.693957e+00 2.057904e-01 
2.701422e+00 2.057867e-01 
2.708886e+00 2.057829e-01 
2.716350e+00 2.057792e-01 
2.723815e+00 2.057754e-01 
2.731279e+00 2.057717e-01 
2.738744e+00 2.057679e-01 
2.746208e+00 2.057641e-01 
2.753673e+00 2.057603e-01 
2.761137e+00 2.057565e-01 
2.768602e+00 2.057527e-01 
2.776066e+00 2.057489e-01 
2.783531e+00 2.057451e-01 
2.790995e+00 2.057413e-01 
2.798460e+00 2.057375e-01 
2.805924e+00 2.057338e-01 
2.813388e+00 2.057300e-01 
2.820853e+00 2.057263e-01 
2.828317e+00 2.057225e-01 
2.835782e+00 2.057187e-01 
2.843246e+00 2.057150e-01 
2.850711e+00 2.057112e-01 
2.858175e+00 2.057075e-01 
2.865640e+00 2.057037e-01 
2.873104e+00 2.057000e-01 
2.880569e+00 2.056963e-01 
2.888033e+00 2.056926e-01 
2.895498e+00 2.056889e-01 
2.902962e+00 2.056852e-01 
2.910426e+00 2.056816e-01 
2.917891e+00 2.056779e-01 
2.925355e+00 2.056743e-01 
2.932820e+00 2.056706e-01 
2.940284e+00 2.056670e-01 
2.947749e+00 2.056634e-01 
2.955213e+00 2.056598e-01 
2.962678e+00 2.056562e-01 
2.970142e+00 2.056526e-01 
2.977607e+00 2.056489e-01 
2.985071e+00 2.056451e-01 
2.992536e+00 2.056411e-01 
3.000000e+00 2.056385e-01 
2.649169e+00 2.115667e-01 
2.656634e+00 2.115606e-01 
2.664098e+00 2.115544e-01 
2.671563e+00 2.115483e-01 
2.679027e+00 2.115421e-01 
2.686492e+00 2.115359e-01 
2.693956e+00 2.115297e-01 
2.701421e+00 2.115235e-01 
2.708885e+00 2.115174e-01 
2.716350e+00 2.115112e-01 
2.723814e+00 2.115049e-01 
2.731278e+00 2.114987e-01 
2.738743e+00 2.114925e-01 
2.746207e+00 2.114862e-01 
2.753672e+00 2.114799e-01 
2.761136e+00 2.114736e-01 
2.768601e+00 2.114673e-01 
2.776065e+00 2.114610e-01 
2.783530e+00 2.114547e-01 
2.790994e+00 2.114484e-01 
2.798459e+00 2.114422e-01 
2.805923e+00 2.114359e-01 
2.813388e+00 2.114297e-01 
2.820852e+00 2.114234e-01 
2.828317e+00 2.114172e-01 
2.835781e+00 2.114109e-01 
2.843246e+00 2.114047e-01 
2.850710e+00 2.113984e-01 
2.858175e+00 2.113922e-01 
2.865639e+00 2.113859e-01 
2.873104e+00 2.113797e-01 
2.880568e+00 2.113735e-01 
2.888033e+00 2.113673e-01 
2.895497e+00 2.113610e-01 
2.902962e+00 2.113548e-01 
2.910426e+00 2.113486e-01 
2.917891e+00 2.113424e-01 
2.925355e+00 2.113362e-01 
2.932820e+00 2.113299e-01 
2.940284e+00 2.113236e-01 
2.947749e+00 2.113173e-01 
2.955213e+00 2.113109e-01 
2.962678e+00 2.113045e-01 
2.970142e+00 2.112980e-01 
2.977607e+00 2.112915e-01 
2.985071e+00 2.112849e-01 
2.992535e+00 2.112789e-01 
3.000000e+00 2.112771e-01 
2.649167e+00 2.172810e-01 
2.656632e+00 2.172732e-01 
2.664096e+00 2.172655e-01 
2.671561e+00 2.172577e-01 
2.679025e+00 2.172500e-01 
2.686490e+00 2.172422e-01 
2.693954e+00 2.172344e-01 
2.701419e+00 2.172266e-01 
2.708883e+00 2.172188e-01 
2.716348e+00 2.172110e-01 
2.723812e+00 2.172032e-01 
2.731277e+00 2.171954e-01 
2.738742e+00 2.171875e-01 
2.746206e+00 2.171797e-01 
2.753671e+00 2.171718e-01 
2.761135e+00 2.171638e-01 
2.768600e+00 2.171559e-01 
2.776064e+00 2.171480e-01 
2.783529e+00 2.171400e-01 
2.790993e+00 2.171322e-01 
2.798458e+00 2.171243e-01 
2.805922e+00 2.171164e-01 
2.813387e+00 2.171085e-01 
2.820851e+00 2.171006e-01 
2.828316e+00 2.170927e-01 
2.835780e+00 2.170848e-01 
2.843245e+00 2.170769e-01 
2.850709e+00 2.170690e-01 
2.858174e+00 2.170611e-01 
2.865639e+00 2.170532e-01 
2.873103e+00 2.170453e-01 
2.880568e+00 2.170374e-01 
2.888032e+00 2.170295e-01 
2.895497e+00 2.170216e-01 
2.902961e+00 2.170136e-01 
2.910426e+00 2.170057e-01 
2.917890e+00 2.169977e-01 
2.925355e+00 2.169896e-01 
2.932819e+00 2.169815e-01 
2.940284e+00 2.169733e-01 
2.947748e+00 2.169651e-01 
2.955213e+00 2.169567e-01 
2.962677e+00 2.169483e-01 
2.970142e+00 2.169398e-01 
2.977606e+00 2.169313e-01 
2.985071e+00 2.169232e-01 
2.992535e+00 2.169166e-01 
3.000000e+00 2.169156e-01 
2.649165e+00 2.229684e-01 
2.656629e+00 2.229597e-01 
2.664094e+00 2.229509e-01 
2.671558e+00 2.229421e-01 
2.679023e+00 2.229334e-01 
2.686488e+00 2.229246e-01 
2.693952e+00 2.229158e-01 
2.701417e+00 2.229070e-01 
2.708881e+00 2.228981e-01 
2.716346e+00 2.228893e-01 
2.723810e+00 2.228804e-01 
2.731275e+00 2.228716e-01 
2.738740e+00 2.228627e-01 
2.746204e+00 2.228538e-01 
2.753669e+00 2.228448e-01 
2.761133e+00 2.228359e-01 
2.768598e+00 2.228269e-01 
2.776063e+00 2.228179e-01 
2.783527e+00 2.228089e-01 
2.790992e+00 2.228000e-01 
2.798456e+00 2.227910e-01 
2.805921e+00 2.227821e-01 
2.813385e+00 2.227732e-01 
2.820850e+00 2.227642e-01 
2.828315e+00 2.227553e-01 
2.835779e+00 2.227463e-01 
2.843244e+00 2.227373e-01 
2.850708e+00 2.227284e-01 
2.858173e+00 2.227194e-01 
2.865638e+00 2.227104e-01 
2.873102e+00 2.227013e-01 
2.880567e+00 2.226923e-01 
2.888031e+00 2.226833e-01 
2.895496e+00 2.226742e-01 
2.902961e+00 2.226651e-01 
2.910425e+00 2.226559e-01 
2.917890e+00 2.226467e-01 
2.925354e+00 2.226374e-01 
2.932819e+00 2.226279e-01 
2.940283e+00 2.226184e-01 
2.947748e+00 2.226088e-01 
2.955213e+00 2.225991e-01 
2.962677e+00 2.225893e-01 
2.970142e+00 2.225795e-01 
2.977606e+00 2.225700e-01 
2.985071e+00 2.225611e-01 
2.992535e+00 2.225547e-01 
3.000000e+00 2.225542e-01 
2.649162e+00 2.286378e-01 
2.656626e+00 2.286284e-01 
2.664091e+00 2.286190e-01 
2.671556e+00 2.286096e-01 
2.679020e+00 2.286002e-01 
2.686485e+00 2.285907e-01 
2.693950e+00 2.285813e-01 
2.701414e+00 2.285718e-01 
2.708879e+00 2.285623e-01 
2.716344e+00 2.285528e-01 
2.723808e+00 2.285433e-01 
2.731273e+00 2.285338e-01 
2.738737e+00 2.285242e-01 
2.746202e+00 2.285147e-01 
2.753667e+00 2.285051e-01 
2.761131e+00 2.284955e-01 
2.768596e+00 2.284858e-01 
2.776061e+00 2.284762e-01 
2.783525e+00 2.284666e-01 
2.790990e+00 2.284570e-01 
2.798455e+00 2.284474e-01 
2.805919e+00 2.284377e-01 
2.813384e+00 2.284281e-01 
2.820849e+00 2.284185e-01 
2.828313e+00 2.284089e-01 
2.835778e+00 2.283992e-01 
2.843243e+00 2.283896e-01 
2.850707e+00 2.283799e-01 
2.858172e+00 2.283702e-01 
2.865637e+00 2.283605e-01 
2.873101e+00 2.283507e-01 
2.880566e+00 2.283410e-01 
2.888030e+00 2.283312e-01 
2.895495e+00 2.283213e-01 
2.902960e+00 2.283114e-01 
2.910424e+00 2.283014e-01 
2.917889e+00 2.282913e-01 
2.925354e+00 2.282812e-01 
2.932818e+00 2.282709e-01 
2.940283e+00 2.282605e-01 
2.947748e+00 2.282499e-01 
2.955212e+00 2.282393e-01 
2.962677e+00 2.282287e-01 
2.970141e+00 2.282181e-01 
2.977606e+00 2.282080e-01 
2.985071e+00 2.281990e-01 
2.992535e+00 2.281929e-01 
3.000000e+00 2.281927e-01 
2.649158e+00 2.342950e-01 
2.656623e+00 2.342852e-01 
2.664088e+00 2.342754e-01 
2.671553e+00 2.342656e-01 
2.679017e+00 2.342558e-01 
2.686482e+00 2.342459e-01 
2.693947e+00 2.342361e-01 
2.701412e+00 2.342262e-01 
2.708876e+00 2.342163e-01 
2.716341e+00 2.342065e-01 
2.723806e+00 2.341965e-01 
2.731270e+00 2.341866e-01 
2.738735e+00 2.341767e-01 
2.746200e+00 2.341667e-01 
2.753665e+00 2.341567e-01 
2.761129e+00 2.341467e-01 
2.768594e+00 2.341367e-01 
2.776059e+00 2.341267e-01 
2.783523e+00 2.341167e-01 
2.790988e+00 2.341067e-01 
2.798453e+00 2.340966e-01 
2.805918e+00 2.340866e-01 
2.813382e+00 2.340766e-01 
2.820847e+00 2.340665e-01 
2.828312e+00 2.340565e-01 
2.835777e+00 2.340464e-01 
2.843241e+00 2.340363e-01 
2.850706e+00 2.340262e-01 
2.858171e+00 2.340161e-01 
2.865635e+00 2.340059e-01 
2.873100e+00 2.339957e-01 
2.880565e+00 2.339855e-01 
2.888030e+00 2.339752e-01 
2.895494e+00 2.339648e-01 
2.902959e+00 2.339544e-01 
2.910424e+00 2.339438e-01 
2.917888e+00 2.339332e-01 
2.925353e+00 2.339224e-01 
2.932818e+00 2.339115e-01 
2.940283e+00 2.339005e-01 
2.947747e+00 2.338894e-01 
2.955212e+00 2.338782e-01 
2.962677e+00 2.338670e-01 
2.970141e+00 2.338561e-01 
2.977606e+00 2.338458e-01 
2.985071e+00 2.338369e-01 
2.992535e+00 2.338312e-01 
3.000000e+00 2.338313e-01 
2.649155e+00 2.399441e-01 
2.656620e+00 2.399340e-01 
2.664085e+00 2.399240e-01 
2.671550e+00 2.399140e-01 
2.679014e+00 2.399039e-01 
2.686479e+00 2.398938e-01 
2.693944e+00 2.398838e-01 
2.701409e+00 2.398737e-01 
2.708873e+00 2.398636e-01 
2.716338e+00 2.398535e-01 
2.723803e+00 2.398433e-01 
2.731268e+00 2.398332e-01 
2.738733e+00 2.398230e-01 
2.746197e+00 2.398129e-01 
2.753662e+00 2.398026e-01 
2.761127e+00 2.397924e-01 
2.768592e+00 2.397822e-01 
2.776057e+00 2.397719e-01 
2.783521e+00 2.397617e-01 
2.790986e+00 2.397514e-01 
2.798451e+00 2.397412e-01 
2.805916e+00 2.397309e-01 
2.813381e+00 2.397207e-01 
2.820845e+00 2.397104e-01 
2.828310e+00 2.397001e-01 
2.835775e+00 2.396898e-01 
2.843240e+00 2.396794e-01 
2.850705e+00 2.396691e-01 
2.858169e+00 2.396586e-01 
2.865634e+00 2.396482e-01 
2.873099e+00 2.396377e-01 
2.880564e+00 2.396271e-01 
2.888029e+00 2.396165e-01 
2.895493e+00 2.396058e-01 
2.902958e+00 2.395950e-01 
2.910423e+00 2.395841e-01 
2.917888e+00 2.395731e-01 
2.925352e+00 2.395620e-01 
2.932817e+00 2.395506e-01 
2.940282e+00 2.395393e-01 
2.947747e+00 2.395278e-01 
2.955212e+00 2.395162e-01 
2.962676e+00 2.395048e-01 
2.970141e+00 2.394938e-01 
2.977606e+00 2.394836e-01 
2.985071e+00 2.394749e-01 
2.992535e+00 2.394695e-01 
3.000000e+00 2.394698e-01 
2.649152e+00 2.455877e-01 
2.656617e+00 2.455775e-01 
2.664081e+00 2.455674e-01 
2.671546e+00 2.455572e-01 
2.679011e+00 2.455471e-01 
2.686476e+00 2.455369e-01 
2.693941e+00 2.455267e-01 
2.701406e+00 2.455165e-01 
2.708871e+00 2.455063e-01 
2.716335e+00 2.454961e-01 
2.723800e+00 2.454858e-01 
2.731265e+00 2.454756e-01 
2.738730e+00 2.454653e-01 
2.746195e+00 2.454550e-01 
2.753660e+00 2.454447e-01 
2.761125e+00 2.454344e-01 
2.768590e+00 2.454240e-01 
2.776054e+00 2.454137e-01 
2.783519e+00 2.454033e-01 
2.790984e+00 2.453930e-01 
2.798449e+00 2.453826e-01 
2.805914e+00 2.453722e-01 
2.813379e+00 2.453618e-01 
2.820844e+00 2.453514e-01 
2.828309e+00 2.453410e-01 
2.835773e+00 2.453305e-01 
2.843238e+00 2.453200e-01 
2.850703e+00 2.453095e-01 
2.858168e+00 2.452990e-01 
2.865633e+00 2.452883e-01 
2.873098e+00 2.452777e-01 
2.880563e+00 2.452669e-01 
2.888028e+00 2.452561e-01 
2.895492e+00 2.452452e-01 
2.902957e+00 2.452342e-01 
2.910422e+00 2.452231e-01 
2.917887e+00 2.452118e-01 
2.925352e+00 2.452004e-01 
2.932817e+00 2.451889e-01 
2.940282e+00 2.451772e-01 
2.947746e+00 2.451655e-01 
2.955211e+00 2.451538e-01 
2.962676e+00 2.451423e-01 
2.970141e+00 2.451313e-01 
2.977606e+00 2.451213e-01 
2.985070e+00 2.451129e-01 
2.992535e+00 2.451079e-01 
3.000000e+00 2.451084e-01 
2.649148e+00 2.512277e-01 
2.656613e+00 2.512175e-01 
2.664078e+00 2.512073e-01 
2.671543e+00 2.511971e-01 
2.679008e+00 2.511869e-01 
2.686473e+00 2.511767e-01 
2.693938e+00 2.511665e-01 
2.701403e+00 2.511563e-01 
2.708868e+00 2.511460e-01 
2.716333e+00 2.511358e-01 
2.723798e+00 2.511255e-01 
2.731262e+00 2.511152e-01 
2.738727e+00 2.511049e-01 
2.746192e+00 2.510946e-01 
2.753657e+00 2.510842e-01 
2.761122e+00 2.510739e-01 
2.768587e+00 2.510635e-01 
2.776052e+00 2.510531e-01 
2.783517e+00 2.510427e-01 
2.790982e+00 2.510323e-01 
2.798447e+00 2.510219e-01 
2.805912e+00 2.510115e-01 
2.813377e+00 2.510010e-01 
2.820842e+00 2.509906e-01 
2.828307e+00 2.509801e-01 
2.835772e+00 2.509696e-01 
2.843237e+00 2.509590e-01 
2.850702e+00 2.509484e-01 
2.858167e+00 2.509378e-01 
2.865632e+00 2.509271e-01 
2.873097e+00 2.509163e-01 
2.880561e+00 2.509055e-01 
2.888026e+00 2.508946e-01 
2.895491e+00 2.508836e-01 
2.902956e+00 2.508724e-01 
2.910421e+00 2.508611e-01 
2.917886e+00 2.508497e-01 
2.925351e+00 2.508382e-01 
2.932816e+00 2.508265e-01 
2.940281e+00 2.508147e-01 
2.947746e+00 2.508029e-01 
2.955211e+00 2.507912e-01 
2.962676e+00 2.507797e-01 
2.970141e+00 2.507688e-01 
2.977605e+00 2.507590e-01 
2.985070e+00 2.507510e-01 
2.992535e+00 2.507463e-01 
3.000000e+00 2.507469e-01 
2.649144e+00 2.568654e-01 
2.656609e+00 2.568552e-01 
2.664074e+00 2.568451e-01 
2.671539e+00 2.568349e-01 
2.679004e+00 2.568247e-01 
2.686469e+00 2.568145e-01 
2.693935e+00 2.568043e-01 
2.701400e+00 2.567941e-01 
2.708865e+00 2.567838e-01 
2.716330e+00 2.567736e-01 
2.723795e+00 2.567633e-01 
2.731260e+00 2.567531e-01 
2.738725e+00 2.567428e-01 
2.746190e+00 2.567325e-01 
2.753655e+00 2.567221e-01 
2.761120e+00 2.567118e-01 
2.768585e+00 2.567014e-01 
2.776050e+00 2.566911e-01 
2.783515e+00 2.566807e-01 
2.790980e+00 2.566703e-01 
2.798445e+00 2.566599e-01 
2.805910e+00 2.566495e-01 
2.813375e+00 2.566390e-01 
2.820840e+00 2.566285e-01 
2.828305e+00 2.566181e-01 
2.835770e+00 2.566075e-01 
2.843235e+00 2.565970e-01 
2.850700e+00 2.565864e-01 
2.858165e+00 2.565757e-01 
2.865630e+00 2.565650e-01 
2.873095e+00 2.565542e-01 
2.880560e+00 2.565433e-01 
2.888025e+00 2.565323e-01 
2.895490e+00 2.565212e-01 
2.902955e+00 2.565100e-01 
2.910420e+00 2.564987e-01 
2.917885e+00 2.564872e-01 
2.925350e+00 2.564755e-01 
2.932815e+00 2.564637e-01 
2.940280e+00 2.564519e-01 
2.947745e+00 2.564401e-01 
2.955210e+00 2.564284e-01 
2.962675e+00 2.564170e-01 
2.970140e+00 2.564062e-01 
2.977605e+00 2.563967e-01 
2.985070e+00 2.563890e-01 
2.992535e+00 2.563847e-01 
3.000000e+00 2.563855e-01 
2.649141e+00 2.625017e-01 
2.656606e+00 2.624916e-01 
2.664071e+00 2.624814e-01 
2.671536e+00 2.624713e-01 
2.679001e+00 2.624612e-01 
2.686466e+00 2.624510e-01 
2.693931e+00 2.624408e-01 
2.701396e+00 2.624307e-01 
2.708861e+00 2.624205e-01 
2.716327e+00 2.624103e-01 
2.723792e+00 2.624001e-01 
2.731257e+00 2.623898e-01 
2.738722e+00 2.623796e-01 
2.746187e+00 2.623693e-01 
2.753652e+00 2.623590e-01 
2.761117e+00 2.623488e-01 
2.768582e+00 2.623384e-01 
2.776047e+00 2.623281e-01 
2.783513e+00 2.623178e-01 
2.790978e+00 2.623074e-01 
2.798443e+00 2.622970e-01 
2.805908e+00 2.622867e-01 
2.813373e+00 2.622762e-01 
2.820838e+00 2.622658e-01 
2.828303e+00 2.622553e-01 
2.835768e+00 2.622448e-01 
2.843234e+00 2.622343e-01 
2.850699e+00 2.622237e-01 
2.858164e+00 2.622130e-01 
2.865629e+00 2.622023e-01 
2.873094e+00 2.621915e-01 
2.880559e+00 2.621806e-01 
2.888024e+00 2.621696e-01 
2.895489e+00 2.621585e-01 
2.902954e+00 2.621473e-01 
2.910420e+00 2.621359e-01 
2.917885e+00 2.621243e-01 
2.925350e+00 2.621126e-01 
2.932815e+00 2.621008e-01 
2.940280e+00 2.620890e-01 
2.947745e+00 2.620772e-01 
2.955210e+00 2.620655e-01 
2.962675e+00 2.620542e-01 
2.970140e+00 2.620437e-01 
2.977605e+00 2.620344e-01 
2.985070e+00 2.620271e-01 
2.992535e+00 2.620231e-01 
3.000000e+00 2.620240e-01 
2.649137e+00 2.681372e-01 
2.656602e+00 2.681271e-01 
2.664067e+00 2.681171e-01 
2.671532e+00 2.681070e-01 
2.678998e+00 2.680969e-01 
2.686463e+00 2.680868e-01 
2.693928e+00 2.680767e-01 
2.701393e+00 2.680666e-01 
2.708858e+00 2.680565e-01 
2.716323e+00 2.680463e-01 
2.723789e+00 2.680362e-01 
2.731254e+00 2.680260e-01 
2.738719e+00 2.680158e-01 
2.746184e+00 2.680056e-01 
2.753649e+00 2.679954e-01 
2.761115e+00 2.679852e-01 
2.768580e+00 2.679749e-01 
2.776045e+00 2.679646e-01 
2.783510e+00 2.679544e-01 
2.790975e+00 2.679441e-01 
2.798441e+00 2.679337e-01 
2.805906e+00 2.679234e-01 
2.813371e+00 2.679130e-01 
2.820836e+00 2.679026e-01 
2.828301e+00 2.678922e-01 
2.835767e+00 2.678818e-01 
2.843232e+00 2.678713e-01 
2.850697e+00 2.678607e-01 
2.858162e+00 2.678501e-01 
2.865627e+00 2.678394e-01 
2.873093e+00 2.678286e-01 
2.880558e+00 2.678177e-01 
2.888023e+00 2.678067e-01 
2.895488e+00 2.677956e-01 
2.902953e+00 2.677844e-01 
2.910419e+00 2.677730e-01 
2.917884e+00 2.677614e-01 
2.925349e+00 2.677497e-01 
2.932814e+00 2.677379e-01 
2.940279e+00 2.677260e-01 
2.947744e+00 2.677142e-01 
2.955210e+00 2.677026e-01 
2.962675e+00 2.676914e-01 
2.970140e+00 2.676810e-01 
2.977605e+00 2.676721e-01 
2.985070e+00 2.676651e-01 
2.992535e+00 2.676615e-01 
3.000000e+00 2.676626e-01 
2.649133e+00 2.737723e-01 
2.656598e+00 2.737624e-01 
2.664063e+00 2.737524e-01 
2.671529e+00 2.737423e-01 
2.678994e+00 2.737323e-01 
2.686459e+00 2.737223e-01 
2.693925e+00 2.737123e-01 
2.701390e+00 2.737022e-01 
2.708855e+00 2.736922e-01 
2.716320e+00 2.736821e-01 
2.723786e+00 2.736720e-01 
2.731251e+00 2.736619e-01 
2.738716e+00 2.736518e-01 
2.746181e+00 2.736417e-01 
2.753647e+00 2.736315e-01 
2.761112e+00 2.736213e-01 
2.768577e+00 2.736112e-01 
2.776043e+00 2.736010e-01 
2.783508e+00 2.735907e-01 
2.790973e+00 2.735805e-01 
2.798438e+00 2.735702e-01 
2.805904e+00 2.735600e-01 
2.813369e+00 2.735497e-01 
2.820834e+00 2.735393e-01 
2.828300e+00 2.735290e-01 
2.835765e+00 2.735185e-01 
2.843230e+00 2.735081e-01 
2.850695e+00 2.734976e-01 
2.858161e+00 2.734870e-01 
2.865626e+00 2.734763e-01 
2.873091e+00 2.734656e-01 
2.880557e+00 2.734547e-01 
2.888022e+00 2.734438e-01 
2.895487e+00 2.734327e-01 
2.902952e+00 2.734214e-01 
2.910418e+00 2.734100e-01 
2.917883e+00 2.733984e-01 
2.925348e+00 2.733867e-01 
2.932814e+00 2.733749e-01 
2.940279e+00 2.733630e-01 
2.947744e+00 2.733512e-01 
2.955209e+00 2.733396e-01 
2.962674e+00 2.733285e-01 
2.970140e+00 2.733183e-01 
2.977605e+00 2.733096e-01 
2.985070e+00 2.733029e-01 
2.992535e+00 2.732997e-01 
3.000000e+00 2.733011e-01 
2.649129e+00 2.794074e-01 
2.656594e+00 2.793975e-01 
2.664060e+00 2.793876e-01 
2.671525e+00 2.793776e-01 
2.678990e+00 2.793677e-01 
2.686456e+00 2.793577e-01 
2.693921e+00 2.793477e-01 
2.701386e+00 2.793378e-01 
2.708852e+00 2.793278e-01 
2.716317e+00 2.793178e-01 
2.723783e+00 2.793078e-01 
2.731248e+00 2.792977e-01 
2.738713e+00 2.792877e-01 
2.746179e+00 2.792776e-01 
2.753644e+00 2.792675e-01 
2.761109e+00 2.792575e-01 
2.768575e+00 2.792473e-01 
2.776040e+00 2.792372e-01 
2.783505e+00 2.792271e-01 
2.790971e+00 2.792169e-01 
2.798436e+00 2.792067e-01 
2.805902e+00 2.791965e-01 
2.813367e+00 2.791862e-01 
2.820832e+00 2.791760e-01 
2.828298e+00 2.791657e-01 
2.835763e+00 2.791553e-01 
2.843228e+00 2.791449e-01 
2.850694e+00 2.791344e-01 
2.858159e+00 2.791239e-01 
2.865625e+00 2.791133e-01 
2.873090e+00 2.791025e-01 
2.880555e+00 2.790917e-01 
2.888021e+00 2.790808e-01 
2.895486e+00 2.790697e-01 
2.902951e+00 2.790585e-01 
2.910417e+00 2.790471e-01 
2.917882e+00 2.790355e-01 
2.925348e+00 2.790238e-01 
2.932813e+00 2.790120e-01 
2.940278e+00 2.790001e-01 
2.947744e+00 2.789883e-01 
2.955209e+00 2.789767e-01 
2.962674e+00 2.789656e-01 
2.970139e+00 2.789554e-01 
2.977605e+00 2.789469e-01 
2.985070e+00 2.789405e-01 
2.992535e+00 2.789377e-01 
3.000000e+00 2.789397e-01 
2.649125e+00 2.850426e-01 
2.656590e+00 2.850328e-01 
2.664056e+00 2.850229e-01 
2.671521e+00 2.850130e-01 
2.678987e+00 2.850031e-01 
2.686452e+00 2.849932e-01 
2.693918e+00 2.849833e-01 
2.701383e+00 2.849734e-01 
2.708848e+00 2.849635e-01 
2.716314e+00 2.849536e-01 
2.723779e+00 2.849436e-01 
2.731245e+00 2.849337e-01 
2.738710e+00 2.849237e-01 
2.746176e+00 2.849137e-01 
2.753641e+00 2.849037e-01 
2.761107e+00 2.848937e-01 
2.768572e+00 2.848836e-01 
2.776038e+00 2.848736e-01 
2.783503e+00 2.848635e-01 
2.790968e+00 2.848534e-01 
2.798434e+00 2.848432e-01 
2.805899e+00 2.848331e-01 
2.813365e+00 2.848229e-01 
2.820830e+00 2.848127e-01 
2.828296e+00 2.848024e-01 
2.835761e+00 2.847921e-01 
2.843227e+00 2.847818e-01 
2.850692e+00 2.847714e-01 
2.858158e+00 2.847609e-01 
2.865623e+00 2.847503e-01 
2.873089e+00 2.847396e-01 
2.880554e+00 2.847288e-01 
2.888019e+00 2.847179e-01 
2.895485e+00 2.847069e-01 
2.902950e+00 2.846957e-01 
2.910416e+00 2.846843e-01 
2.917881e+00 2.846727e-01 
2.925347e+00 2.846610e-01 
2.932812e+00 2.846491e-01 
2.940278e+00 2.846372e-01 
2.947743e+00 2.846253e-01 
2.955208e+00 2.846137e-01 
2.962674e+00 2.846025e-01 
2.970139e+00 2.845923e-01 
2.977604e+00 2.845838e-01 
2.985070e+00 2.845777e-01 
2.992535e+00 2.845754e-01 
3.000000e+00 2.845782e-01 
2.649121e+00 2.906781e-01 
2.656586e+00 2.906683e-01 
2.664052e+00 2.906585e-01 
2.671517e+00 2.906487e-01 
2.678983e+00 2.906389e-01 
2.686448e+00 2.906290e-01 
2.693914e+00 2.906192e-01 
2.701380e+00 2.906093e-01 
2.708845e+00 2.905995e-01 
2.716311e+00 2.905896e-01 
2.723776e+00 2.905797e-01 
2.731242e+00 2.905698e-01 
2.738707e+00 2.905599e-01 
2.746173e+00 2.905500e-01 
2.753638e+00 2.905400e-01 
2.761104e+00 2.905301e-01 
2.768569e+00 2.905201e-01 
2.776035e+00 2.905101e-01 
2.783501e+00 2.905001e-01 
2.790966e+00 2.904900e-01 
2.798432e+00 2.904799e-01 
2.805897e+00 2.904698e-01 
2.813363e+00 2.904597e-01 
2.820828e+00 2.904496e-01 
2.828294e+00 2.904393e-01 
2.835759e+00 2.904291e-01 
2.843225e+00 2.904188e-01 
2.850690e+00 2.904084e-01 
2.858156e+00 2.903980e-01 
2.865622e+00 2.903874e-01 
2.873087e+00 2.903768e-01 
2.880553e+00 2.903661e-01 
2.888018e+00 2.903552e-01 
2.895484e+00 2.903442e-01 
2.902949e+00 2.903330e-01 
2.910415e+00 2.903216e-01 
2.917880e+00 2.903101e-01 
2.925346e+00 2.902983e-01 
2.932811e+00 2.902864e-01 
2.940277e+00 2.902744e-01 
2.947743e+00 2.902624e-01 
2.955208e+00 2.902506e-01 
2.962673e+00 2.902393e-01 
2.970139e+00 2.902289e-01 
2.977604e+00 2.902202e-01 
2.985070e+00 2.902142e-01 
2.992535e+00 2.902123e-01 
3.000000e+00 2.902168e-01 
2.649117e+00 2.963139e-01 
2.656582e+00 2.963042e-01 
2.664048e+00 2.962945e-01 
2.671514e+00 2.962847e-01 
2.678979e+00 2.962749e-01 
2.686445e+00 2.962652e-01 
2.693910e+00 2.962554e-01 
2.701376e+00 2.962456e-01 
2.708842e+00 2.962358e-01 
2.716307e+00 2.962260e-01 
2.723773e+00 2.962161e-01 
2.731239e+00 2.962063e-01 
2.738704e+00 2.961964e-01 
2.746170e+00 2.961865e-01 
2.753635e+00 2.961767e-01 
2.761101e+00 2.961667e-01 
2.768567e+00 2.961568e-01 
2.776032e+00 2.961469e-01 
2.783498e+00 2.961369e-01 
2.790964e+00 2.961269e-01 
2.798429e+00 2.961169e-01 
2.805895e+00 2.961068e-01 
2.813361e+00 2.960968e-01 
2.820826e+00 2.960866e-01 
2.828292e+00 2.960765e-01 
2.835757e+00 2.960663e-01 
2.843223e+00 2.960560e-01 
2.850689e+00 2.960457e-01 
2.858154e+00 2.960353e-01 
2.865620e+00 2.960248e-01 
2.873086e+00 2.960142e-01 
2.880551e+00 2.960035e-01 
2.888017e+00 2.959927e-01 
2.895483e+00 2.959817e-01 
2.902948e+00 2.959705e-01 
2.910414e+00 2.959591e-01 
2.917880e+00 2.959476e-01 
2.925345e+00 2.959358e-01 
2.932811e+00 2.959238e-01 
2.940276e+00 2.959118e-01 
2.947742e+00 2.958996e-01 
2.955208e+00 2.958876e-01 
2.962673e+00 2.958761e-01 
2.970139e+00 2.958654e-01 
2.977604e+00 2.958564e-01 
2.985070e+00 2.958501e-01 
2.992535e+00 2.958484e-01 
3.000000e+00 2.958553e-01 
2.649112e+00 3.019502e-01 
2.656578e+00 3.019405e-01 
2.664044e+00 3.019308e-01 
2.671510e+00 3.019211e-01 
2.678975e+00 3.019114e-01 
2.686441e+00 3.019017e-01 
2.693907e+00 3.018919e-01 
2.701372e+00 3.018822e-01 
2.708838e+00 3.018724e-01 
2.716304e+00 3.018627e-01 
2.723770e+00 3.018529e-01 
2.731235e+00 3.018431e-01 
2.738701e+00 3.018333e-01 
2.746167e+00 3.018234e-01 
2.753633e+00 3.018136e-01 
2.761098e+00 3.018037e-01 
2.768564e+00 3.017938e-01 
2.776030e+00 3.017839e-01 
2.783495e+00 3.017740e-01 
2.790961e+00 3.017640e-01 
2.798427e+00 3.017541e-01 
2.805893e+00 3.017441e-01 
2.813358e+00 3.017340e-01 
2.820824e+00 3.017239e-01 
2.828290e+00 3.017138e-01 
2.835756e+00 3.017037e-01 
2.843221e+00 3.016934e-01 
2.850687e+00 3.016832e-01 
2.858153e+00 3.016728e-01 
2.865619e+00 3.016623e-01 
2.873084e+00 3.016518e-01 
2.880550e+00 3.016411e-01 
2.888016e+00 3.016303e-01 
2.895481e+00 3.016194e-01 
2.902947e+00 3.016082e-01 
2.910413e+00 3.015969e-01 
2.917879e+00 3.015853e-01 
2.925344e+00 3.015736e-01 
2.932810e+00 3.015616e-01 
2.940276e+00 3.015495e-01 
2.947741e+00 3.015373e-01 
2.955207e+00 3.015252e-01 
2.962673e+00 3.015136e-01 
2.970138e+00 3.015027e-01 
2.977604e+00 3.014935e-01 
2.985070e+00 3.014870e-01 
2.992535e+00 3.014847e-01 
3.000000e+00 3.014939e-01 
2.649108e+00 3.075870e-01 
2.656574e+00 3.075773e-01 
2.664040e+00 3.075677e-01 
2.671506e+00 3.075580e-01 
2.678971e+00 3.075483e-01 
2.686437e+00 3.075386e-01 
2.693903e+00 3.075289e-01 
2.701369e+00 3.075192e-01 
2.708835e+00 3.075095e-01 
2.716300e+00 3.074997e-01 
2.723766e+00 3.074900e-01 
2.731232e+00 3.074802e-01 
2.738698e+00 3.074704e-01 
2.746164e+00 3.074606e-01 
2.753630e+00 3.074508e-01 
2.761095e+00 3.074410e-01 
2.768561e+00 3.074312e-01 
2.776027e+00 3.074213e-01 
2.783493e+00 3.074114e-01 
2.790959e+00 3.074015e-01 
2.798424e+00 3.073915e-01 
2.805890e+00 3.073816e-01 
2.813356e+00 3.073716e-01 
2.820822e+00 3.073615e-01 
2.828288e+00 3.073514e-01 
2.835754e+00 3.073413e-01 
2.843219e+00 3.073311e-01 
2.850685e+00 3.073209e-01 
2.858151e+00 3.073105e-01 
2.865617e+00 3.073001e-01 
2.873083e+00 3.072896e-01 
2.880549e+00 3.072790e-01 
2.888014e+00 3.072683e-01 
2.895480e+00 3.072574e-01 
2.902946e+00 3.072463e-01 
2.910412e+00 3.072351e-01 
2.917878e+00 3.072237e-01 
2.925344e+00 3.072121e-01 
2.932809e+00 3.072004e-01 
2.940275e+00 3.071886e-01 
2.947741e+00 3.071769e-01 
2.955207e+00 3.071654e-01 
2.962672e+00 3.071546e-01 
2.970138e+00 3.071451e-01 
2.977604e+00 3.071377e-01 
2.985069e+00 3.071336e-01 
2.992535e+00 3.071331e-01 
3.000000e+00 3.071324e-01 
2.649104e+00 3.133444e-01 
2.656570e+00 3.133351e-01 
2.664036e+00 3.133258e-01 
2.671501e+00 3.133164e-01 
2.678967e+00 3.133071e-01 
2.686433e+00 3.132978e-01 
2.693899e+00 3.132884e-01 
2.701365e+00 3.132790e-01 
2.708831e+00 3.132697e-01 
2.716297e+00 3.132603e-01 
2.723763e+00 3.132509e-01 
2.731229e+00 3.132415e-01 
2.738695e+00 3.132320e-01 
2.746161e+00 3.132226e-01 
2.753626e+00 3.132131e-01 
2.761092e+00 3.132036e-01 
2.768558e+00 3.131941e-01 
2.776024e+00 3.131846e-01 
2.783490e+00 3.131751e-01 
2.790956e+00 3.131655e-01 
2.798422e+00 3.131559e-01 
2.805888e+00 3.131463e-01 
2.813354e+00 3.131366e-01 
2.820820e+00 3.131269e-01 
2.828286e+00 3.131172e-01 
2.835752e+00 3.131074e-01 
2.843218e+00 3.130976e-01 
2.850683e+00 3.130877e-01 
2.858149e+00 3.130777e-01 
2.865615e+00 3.130676e-01 
2.873081e+00 3.130575e-01 
2.880547e+00 3.130472e-01 
2.888013e+00 3.130368e-01 
2.895479e+00 3.130263e-01 
2.902945e+00 3.130155e-01 
2.910411e+00 3.130046e-01 
2.917877e+00 3.129935e-01 
2.925343e+00 3.129822e-01 
2.932809e+00 3.129707e-01 
2.940274e+00 3.129591e-01 
2.947740e+00 3.129475e-01 
2.955206e+00 3.129359e-01 
2.962672e+00 3.129247e-01 
2.970138e+00 3.129143e-01 
2.977604e+00 3.129056e-01 
2.985069e+00 3.128994e-01 
2.992535e+00 3.128973e-01 
3.000000e+00 3.129063e-01 
2.649099e+00 3.191023e-01 
2.656565e+00 3.190934e-01 
2.664031e+00 3.190844e-01 
2.671497e+00 3.190754e-01 
2.678963e+00 3.190664e-01 
2.686429e+00 3.190574e-01 
2.693895e+00 3.190484e-01 
2.701361e+00 3.190393e-01 
2.708827e+00 3.190303e-01 
2.716293e+00 3.190212e-01 
2.723759e+00 3.190122e-01 
2.731225e+00 3.190031e-01 
2.738691e+00 3.189940e-01 
2.746157e+00 3.189849e-01 
2.753623e+00 3.189758e-01 
2.761089e+00 3.189666e-01 
2.768555e+00 3.189575e-01 
2.776021e+00 3.189483e-01 
2.783487e+00 3.189391e-01 
2.790953e+00 3.189298e-01 
2.798419e+00 3.189206e-01 
2.805885e+00 3.189113e-01 
2.813351e+00 3.189020e-01 
2.820817e+00 3.188926e-01 
2.828284e+00 3.188832e-01 
2.835750e+00 3.188738e-01 
2.843216e+00 3.188643e-01 
2.850682e+00 3.188547e-01 
2.858148e+00 3.188451e-01 
2.865614e+00 3.188354e-01 
2.873080e+00 3.188256e-01 
2.880546e+00 3.188157e-01 
2.888012e+00 3.188057e-01 
2.895478e+00 3.187955e-01 
2.902944e+00 3.187852e-01 
2.910410e+00 3.187747e-01 
2.917876e+00 3.187640e-01 
2.925342e+00 3.187531e-01 
2.932808e+00 3.187421e-01 
2.940274e+00 3.187311e-01 
2.947740e+00 3.187199e-01 
2.955206e+00 3.187090e-01 
2.962672e+00 3.186984e-01 
2.970137e+00 3.186887e-01 
2.977603e+00 3.186806e-01 
2.985069e+00 3.186750e-01 
2.992535e+00 3.186736e-01 
3.000000e+00 3.186802e-01 
2.649095e+00 3.248608e-01 
2.656561e+00 3.248521e-01 
2.664027e+00 3.248435e-01 
2.671493e+00 3.248348e-01 
2.678959e+00 3.248261e-01 
2.686425e+00 3.248174e-01 
2.693891e+00 3.248088e-01 
2.701358e+00 3.248001e-01 
2.708824e+00 3.247913e-01 
2.716290e+00 3.247826e-01 
2.723756e+00 3.247739e-01 
2.731222e+00 3.247651e-01 
2.738688e+00 3.247564e-01 
2.746154e+00 3.247476e-01 
2.753620e+00 3.247388e-01 
2.761086e+00 3.247300e-01 
2.768552e+00 3.247211e-01 
2.776019e+00 3.247123e-01 
2.783485e+00 3.247034e-01 
2.790951e+00 3.246945e-01 
2.798417e+00 3.246856e-01 
2.805883e+00 3.246766e-01 
2.813349e+00 3.246676e-01 
2.820815e+00 3.246586e-01 
2.828281e+00 3.246495e-01 
2.835747e+00 3.246404e-01 
2.843214e+00 3.246313e-01 
2.850680e+00 3.246220e-01 
2.858146e+00 3.246128e-01 
2.865612e+00 3.246034e-01 
2.873078e+00 3.245939e-01 
2.880544e+00 3.245844e-01 
2.888010e+00 3.245747e-01 
2.895476e+00 3.245650e-01 
2.902943e+00 3.245550e-01 
2.910409e+00 3.245450e-01 
2.917875e+00 3.245347e-01 
2.925341e+00 3.245244e-01 
2.932807e+00 3.245139e-01 
2.940273e+00 3.245034e-01 
2.947739e+00 3.244929e-01 
2.955205e+00 3.244826e-01 
2.962671e+00 3.244728e-01 
2.970137e+00 3.244639e-01 
2.977603e+00 3.244565e-01 
2.985069e+00 3.244514e-01 
2.992535e+00 3.244500e-01 
3.000000e+00 3.244541e-01 
2.649090e+00 3.306197e-01 
2.656557e+00 3.306114e-01 
2.664023e+00 3.306030e-01 
2.671489e+00 3.305947e-01 
2.678955e+00 3.305863e-01 
2.686421e+00 3.305780e-01 
2.693888e+00 3.305696e-01 
2.701354e+00 3.305612e-01 
2.708820e+00 3.305528e-01 
2.716286e+00 3.305444e-01 
2.723752e+00 3.305360e-01 
2.731219e+00 3.305276e-01 
2.738685e+00 3.305191e-01 
2.746151e+00 3.305106e-01 
2.753617e+00 3.305022e-01 
2.761083e+00 3.304937e-01 
2.768550e+00 3.304851e-01 
2.776016e+00 3.304766e-01 
2.783482e+00 3.304680e-01 
2.790948e+00 3.304595e-01 
2.798414e+00 3.304508e-01 
2.805881e+00 3.304422e-01 
2.813347e+00 3.304335e-01 
2.820813e+00 3.304248e-01 
2.828279e+00 3.304161e-01 
2.835745e+00 3.304073e-01 
2.843212e+00 3.303985e-01 
2.850678e+00 3.303896e-01 
2.858144e+00 3.303806e-01 
2.865610e+00 3.303716e-01 
2.873077e+00 3.303625e-01 
2.880543e+00 3.303533e-01 
2.888009e+00 3.303440e-01 
2.895475e+00 3.303346e-01 
2.902941e+00 3.303251e-01 
2.910408e+00 3.303154e-01 
2.917874e+00 3.303056e-01 
2.925340e+00 3.302957e-01 
2.932806e+00 3.302858e-01 
2.940272e+00 3.302758e-01 
2.947738e+00 3.302659e-01 
2.955204e+00 3.302563e-01 
2.962671e+00 3.302471e-01 
2.970137e+00 3.302388e-01 
2.977603e+00 3.302320e-01 
2.985069e+00 3.302272e-01 
2.992534e+00 3.302255e-01 
3.000000e+00 3.302280e-01 
2.649086e+00 3.363792e-01 
2.656552e+00 3.363711e-01 
2.664018e+00 3.363631e-01 
2.671485e+00 3.363551e-01 
2.678951e+00 3.363470e-01 
2.686417e+00 3.363389e-01 
2.693884e+00 3.363309e-01 
2.701350e+00 3.363228e-01 
2.708816e+00 3.363147e-01 
2.716283e+00 3.363066e-01 
2.723749e+00 3.362985e-01 
2.731215e+00 3.362904e-01 
2.738681e+00 3.362822e-01 
2.746148e+00 3.362741e-01 
2.753614e+00 3.362659e-01 
2.761080e+00 3.362577e-01 
2.768547e+00 3.362495e-01 
2.776013e+00 3.362412e-01 
2.783479e+00 3.362330e-01 
2.790946e+00 3.362247e-01 
2.798412e+00 3.362164e-01 
2.805878e+00 3.362081e-01 
2.813344e+00 3.361997e-01 
2.820811e+00 3.361913e-01 
2.828277e+00 3.361829e-01 
2.835743e+00 3.361744e-01 
2.843210e+00 3.361659e-01 
2.850676e+00 3.361574e-01 
2.858142e+00 3.361487e-01 
2.865609e+00 3.361400e-01 
2.873075e+00 3.361313e-01 
2.880541e+00 3.361224e-01 
2.888008e+00 3.361135e-01 
2.895474e+00 3.361044e-01 
2.902940e+00 3.360953e-01 
2.910406e+00 3.360860e-01 
2.917873e+00 3.360767e-01 
2.925339e+00 3.360672e-01 
2.932805e+00 3.360577e-01 
2.940271e+00 3.360483e-01 
2.947738e+00 3.360389e-01 
2.955204e+00 3.360298e-01 
2.962670e+00 3.360212e-01 
2.970136e+00 3.360135e-01 
2.977602e+00 3.360070e-01 
2.985068e+00 3.360023e-01 
2.992534e+00 3.360004e-01 
3.000000e+00 3.360019e-01 
2.649081e+00 3.421391e-01 
2.656548e+00 3.421314e-01 
2.664014e+00 3.421236e-01 
2.671481e+00 3.421159e-01 
2.678947e+00 3.421081e-01 
2.686413e+00 3.421004e-01 
2.693880e+00 3.420926e-01 
2.701346e+00 3.420848e-01 
2.708813e+00 3.420770e-01 
2.716279e+00 3.420692e-01 
2.723745e+00 3.420614e-01 
2.731212e+00 3.420536e-01 
2.738678e+00 3.420457e-01 
2.746145e+00 3.420378e-01 
2.753611e+00 3.420300e-01 
2.761077e+00 3.420221e-01 
2.768544e+00 3.420142e-01 
2.776010e+00 3.420062e-01 
2.783477e+00 3.419983e-01 
2.790943e+00 3.419903e-01 
2.798409e+00 3.419823e-01 
2.805876e+00 3.419743e-01 
2.813342e+00 3.419662e-01 
2.820809e+00 3.419581e-01 
2.828275e+00 3.419500e-01 
2.835741e+00 3.419418e-01 
2.843208e+00 3.419336e-01 
2.850674e+00 3.419254e-01 
2.858141e+00 3.419171e-01 
2.865607e+00 3.419087e-01 
2.873073e+00 3.419002e-01 
2.880540e+00 3.418917e-01 
2.888006e+00 3.418831e-01 
2.895473e+00 3.418744e-01 
2.902939e+00 3.418657e-01 
2.910405e+00 3.418568e-01 
2.917872e+00 3.418478e-01 
2.925338e+00 3.418388e-01 
2.932804e+00 3.418298e-01 
2.940271e+00 3.418208e-01 
2.947737e+00 3.418119e-01 
2.955203e+00 3.418033e-01 
2.962669e+00 3.417952e-01 
2.970136e+00 3.417878e-01 
2.977602e+00 3.417816e-01 
2.985068e+00 3.417770e-01 
2.992534e+00 3.417748e-01 
3.000000e+00 3.417758e-01 
2.649077e+00 3.478995e-01 
2.656544e+00 3.478921e-01 
2.664010e+00 3.478846e-01 
2.671477e+00 3.478772e-01 
2.678943e+00 3.478697e-01 
2.686410e+00 3.478622e-01 
2.693876e+00 3.478547e-01 
2.701342e+00 3.478472e-01 
2.708809e+00 3.478397e-01 
2.716275e+00 3.478322e-01 
2.723742e+00 3.478247e-01 
2.731208e+00 3.478171e-01 
2.738675e+00 3.478096e-01 
2.746141e+00 3.478020e-01 
2.753608e+00 3.477944e-01 
2.761074e+00 3.477868e-01 
2.768541e+00 3.477792e-01 
2.776007e+00 3.477715e-01 
2.783474e+00 3.477638e-01 
2.790940e+00 3.477562e-01 
2.798407e+00 3.477484e-01 
2.805873e+00 3.477407e-01 
2.813340e+00 3.477329e-01 
2.820806e+00 3.477252e-01 
2.828273e+00 3.477173e-01 
2.835739e+00 3.477095e-01 
2.843206e+00 3.477015e-01 
2.850672e+00 3.476936e-01 
2.858139e+00 3.476856e-01 
2.865605e+00 3.476775e-01 
2.873072e+00 3.476694e-01 
2.880538e+00 3.476612e-01 
2.888005e+00 3.476529e-01 
2.895471e+00 3.476446e-01 
2.902938e+00 3.476362e-01 
2.910404e+00 3.476277e-01 
2.917871e+00 3.476191e-01 
2.925337e+00 3.476105e-01 
2.932804e+00 3.476018e-01 
2.940270e+00 3.475933e-01 
2.947736e+00 3.475849e-01 
2.955203e+00 3.475767e-01 
2.962669e+00 3.475690e-01 
2.970135e+00 3.475619e-01 
2.977601e+00 3.475560e-01 
2.985068e+00 3.475514e-01 
2.992534e+00 3.475490e-01 
3.000000e+00 3.475497e-01 
2.649073e+00 3.536604e-01 
2.656539e+00 3.536532e-01 
2.664006e+00 3.536461e-01 
2.671473e+00 3.536389e-01 
2.678939e+00 3.536317e-01 
2.686406e+00 3.536245e-01 
2.693872e+00 3.536173e-01 
2.701339e+00 3.536100e-01 
2.708805e+00 3.536028e-01 
2.716272e+00 3.535956e-01 
2.723739e+00 3.535883e-01 
2.731205e+00 3.535810e-01 
2.738672e+00 3.535738e-01 
2.746138e+00 3.535665e-01 
2.753605e+00 3.535591e-01 
2.761071e+00 3.535518e-01 
2.768538e+00 3.535445e-01 
2.776005e+00 3.535371e-01 
2.783471e+00 3.535297e-01 
2.790938e+00 3.535223e-01 
2.798404e+00 3.535149e-01 
2.805871e+00 3.535074e-01 
2.813338e+00 3.534999e-01 
2.820804e+00 3.534924e-01 
2.828271e+00 3.534849e-01 
2.835737e+00 3.534773e-01 
2.843204e+00 3.534697e-01 
2.850671e+00 3.534620e-01 
2.858137e+00 3.534543e-01 
2.865604e+00 3.534466e-01 
2.873070e+00 3.534387e-01 
2.880537e+00 3.534309e-01 
2.888004e+00 3.534229e-01 
2.895470e+00 3.534149e-01 
2.902937e+00 3.534068e-01 
2.910403e+00 3.533987e-01 
2.917870e+00 3.533904e-01 
2.925336e+00 3.533822e-01 
2.932803e+00 3.533740e-01 
2.940269e+00 3.533658e-01 
2.947736e+00 3.533578e-01 
2.955202e+00 3.533500e-01 
2.962668e+00 3.533426e-01 
2.970135e+00 3.533359e-01 
2.977601e+00 3.533301e-01 
2.985067e+00 3.533256e-01 
2.992534e+00 3.533231e-01 
3.000000e+00 3.533236e-01 
2.649069e+00 3.594217e-01 
2.656535e+00 3.594148e-01 
2.664002e+00 3.594079e-01 
2.671469e+00 3.594010e-01 
2.678935e+00 3.593941e-01 
2.686402e+00 3.593871e-01 
2.693869e+00 3.593802e-01 
2.701335e+00 3.593732e-01 
2.708802e+00 3.593663e-01 
2.716269e+00 3.593593e-01 
2.723735e+00 3.593523e-01 
2.731202e+00 3.593453e-01 
2.738669e+00 3.593383e-01 
2.746135e+00 3.593313e-01 
2.753602e+00 3.593242e-01 
2.761069e+00 3.593171e-01 
2.768535e+00 3.593101e-01 
2.776002e+00 3.593030e-01 
2.783469e+00 3.592959e-01 
2.790935e+00 3.592887e-01 
2.798402e+00 3.592816e-01 
2.805869e+00 3.592744e-01 
2.813335e+00 3.592672e-01 
2.820802e+00 3.592599e-01 
2.828269e+00 3.592527e-01 
2.835735e+00 3.592454e-01 
2.843202e+00 3.592380e-01 
2.850669e+00 3.592307e-01 
2.858136e+00 3.592232e-01 
2.865602e+00 3.592158e-01 
2.873069e+00 3.592082e-01 
2.880536e+00 3.592007e-01 
2.888002e+00 3.591930e-01 
2.895469e+00 3.591853e-01 
2.902936e+00 3.591776e-01 
2.910402e+00 3.591697e-01 
2.917869e+00 3.591619e-01 
2.925335e+00 3.591540e-01 
2.932802e+00 3.591461e-01 
2.940268e+00 3.591383e-01 
2.947735e+00 3.591306e-01 
2.955201e+00 3.591232e-01 
2.962668e+00 3.591161e-01 
2.970134e+00 3.591097e-01 
2.977601e+00 3.591041e-01 
2.985067e+00 3.590996e-01 
2.992533e+00 3.590972e-01 
3.000000e+00 3.590975e-01 
2.649065e+00 3.651835e-01 
2.656531e+00 3.651769e-01 
2.663998e+00 3.651702e-01 
2.671465e+00 3.651635e-01 
2.678932e+00 3.651569e-01 
2.686398e+00 3.651502e-01 
2.693865e+00 3.651435e-01 
2.701332e+00 3.651368e-01 
2.708799e+00 3.651301e-01 
2.716265e+00 3.651234e-01 
2.723732e+00 3.651166e-01 
2.731199e+00 3.651099e-01 
2.738666e+00 3.651031e-01 
2.746132e+00 3.650964e-01 
2.753599e+00 3.650896e-01 
2.761066e+00 3.650828e-01 
2.768533e+00 3.650760e-01 
2.775999e+00 3.650691e-01 
2.783466e+00 3.650623e-01 
2.790933e+00 3.650554e-01 
2.798400e+00 3.650485e-01 
2.805866e+00 3.650416e-01 
2.813333e+00 3.650346e-01 
2.820800e+00 3.650277e-01 
2.828267e+00 3.650207e-01 
2.835734e+00 3.650136e-01 
2.843200e+00 3.650066e-01 
2.850667e+00 3.649995e-01 
2.858134e+00 3.649923e-01 
2.865601e+00 3.649851e-01 
2.873067e+00 3.649779e-01 
2.880534e+00 3.649706e-01 
2.888001e+00 3.649633e-01 
2.895468e+00 3.649559e-01 
2.902934e+00 3.649484e-01 
2.910401e+00 3.649409e-01 
2.917868e+00 3.649334e-01 
2.925335e+00 3.649258e-01 
2.932801e+00 3.649183e-01 
2.940268e+00 3.649109e-01 
2.947734e+00 3.649035e-01 
2.955201e+00 3.648964e-01 
2.962667e+00 3.648896e-01 
2.970134e+00 3.648834e-01 
2.977600e+00 3.648779e-01 
2.985067e+00 3.648736e-01 
2.992533e+00 3.648712e-01 
3.000000e+00 3.648714e-01 
2.649061e+00 3.709457e-01 
2.656527e+00 3.709393e-01 
2.663994e+00 3.709329e-01 
2.671461e+00 3.709264e-01 
2.678928e+00 3.709200e-01 
2.686395e+00 3.709136e-01 
2.693862e+00 3.709071e-01 
2.701328e+00 3.709007e-01 
2.708795e+00 3.708942e-01 
2.716262e+00 3.708878e-01 
2.723729e+00 3.708813e-01 
2.731196e+00 3.708748e-01 
2.738663e+00 3.708683e-01 
2.746129e+00 3.708618e-01 
2.753596e+00 3.708552e-01 
2.761063e+00 3.708487e-01 
2.768530e+00 3.708421e-01 
2.775997e+00 3.708355e-01 
2.783464e+00 3.708289e-01 
2.790931e+00 3.708223e-01 
2.798397e+00 3.708157e-01 
2.805864e+00 3.708090e-01 
2.813331e+00 3.708023e-01 
2.820798e+00 3.707956e-01 
2.828265e+00 3.707889e-01 
2.835732e+00 3.707821e-01 
2.843199e+00 3.707753e-01 
2.850666e+00 3.707685e-01 
2.858132e+00 3.707616e-01 
2.865599e+00 3.707547e-01 
2.873066e+00 3.707477e-01 
2.880533e+00 3.707407e-01 
2.888000e+00 3.707337e-01 
2.895467e+00 3.707266e-01 
2.902933e+00 3.707194e-01 
2.910400e+00 3.707122e-01 
2.917867e+00 3.707050e-01 
2.925334e+00 3.706978e-01 
2.932800e+00 3.706905e-01 
2.940267e+00 3.706834e-01 
2.947734e+00 3.706764e-01 
2.955200e+00 3.706696e-01 
2.962667e+00 3.706630e-01 
2.970133e+00 3.706570e-01 
2.977600e+00 3.706518e-01 
2.985067e+00 3.706476e-01 
2.992533e+00 3.706451e-01 
3.000000e+00 3.706453e-01 
2.649057e+00 3.767083e-01 
2.656524e+00 3.767021e-01 
2.663991e+00 3.766959e-01 
2.671457e+00 3.766897e-01 
2.678924e+00 3.766836e-01 
2.686391e+00 3.766774e-01 
2.693858e+00 3.766712e-01 
2.701325e+00 3.766649e-01 
2.708792e+00 3.766587e-01 
2.716259e+00 3.766525e-01 
2.723726e+00 3.766463e-01 
2.731193e+00 3.766400e-01 
2.738660e+00 3.766338e-01 
2.746127e+00 3.766275e-01 
2.753594e+00 3.766212e-01 
2.761061e+00 3.766149e-01 
2.768527e+00 3.766086e-01 
2.775994e+00 3.766022e-01 
2.783461e+00 3.765959e-01 
2.790928e+00 3.765895e-01 
2.798395e+00 3.765831e-01 
2.805862e+00 3.765767e-01 
2.813329e+00 3.765702e-01 
2.820796e+00 3.765638e-01 
2.828263e+00 3.765573e-01 
2.835730e+00 3.765508e-01 
2.843197e+00 3.765442e-01 
2.850664e+00 3.765377e-01 
2.858131e+00 3.765311e-01 
2.865598e+00 3.765244e-01 
2.873065e+00 3.765177e-01 
2.880532e+00 3.765110e-01 
2.887999e+00 3.765042e-01 
2.895466e+00 3.764974e-01 
2.902932e+00 3.764905e-01 
2.910399e+00 3.764836e-01 
2.917866e+00 3.764767e-01 
2.925333e+00 3.764697e-01 
2.932800e+00 3.764628e-01 
2.940266e+00 3.764560e-01 
2.947733e+00 3.764492e-01 
2.955200e+00 3.764427e-01 
2.962666e+00 3.764364e-01 
2.970133e+00 3.764307e-01 
2.977600e+00 3.764256e-01 
2.985066e+00 3.764215e-01 
2.992533e+00 3.764191e-01 
3.000000e+00 3.764192e-01 
2.649053e+00 3.824712e-01 
2.656520e+00 3.824653e-01 
2.663987e+00 3.824593e-01 
2.671454e+00 3.824534e-01 
2.678921e+00 3.824474e-01 
2.686388e+00 3.824415e-01 
2.693855e+00 3.824355e-01 
2.701322e+00 3.824295e-01 
2.708789e+00 3.824235e-01 
2.716256e+00 3.824175e-01 
2.723723e+00 3.824115e-01 
2.731190e+00 3.824055e-01 
2.738657e+00 3.823995e-01 
2.746124e+00 3.823935e-01 
2.753591e+00 3.823874e-01 
2.761058e+00 3.823813e-01 
2.768525e+00 3.823752e-01 
2.775992e+00 3.823691e-01 
2.783459e+00 3.823630e-01 
2.790926e+00 3.823569e-01 
2.798393e+00 3.823507e-01 
2.805860e+00 3.823446e-01 
2.813327e+00 3.823384e-01 
2.820794e+00 3.823321e-01 
2.828261e+00 3.823259e-01 
2.835728e+00 3.823196e-01 
2.843195e+00 3.823133e-01 
2.850662e+00 3.823070e-01 
2.858129e+00 3.823007e-01 
2.865596e+00 3.822943e-01 
2.873063e+00 3.822878e-01 
2.880530e+00 3.822814e-01 
2.887997e+00 3.822748e-01 
2.895464e+00 3.822683e-01 
2.902931e+00 3.822617e-01 
2.910398e+00 3.822551e-01 
2.917865e+00 3.822484e-01 
2.925332e+00 3.822418e-01 
2.932799e+00 3.822351e-01 
2.940266e+00 3.822286e-01 
2.947733e+00 3.822221e-01 
2.955199e+00 3.822158e-01 
2.962666e+00 3.822098e-01 
2.970133e+00 3.822043e-01 
2.977599e+00 3.821993e-01 
2.985066e+00 3.821954e-01 
2.992533e+00 3.821930e-01 
3.000000e+00 3.821931e-01 
2.649049e+00 3.882345e-01 
2.656516e+00 3.882288e-01 
2.663984e+00 3.882231e-01 
2.671451e+00 3.882174e-01 
2.678918e+00 3.882117e-01 
2.686385e+00 3.882059e-01 
2.693852e+00 3.882002e-01 
2.701319e+00 3.881944e-01 
2.708786e+00 3.881887e-01 
2.716253e+00 3.881829e-01 
2.723720e+00 3.881771e-01 
2.731187e+00 3.881713e-01 
2.738654e+00 3.881655e-01 
2.746121e+00 3.881597e-01 
2.753589e+00 3.881539e-01 
2.761056e+00 3.881480e-01 
2.768523e+00 3.881422e-01 
2.775990e+00 3.881363e-01 
2.783457e+00 3.881304e-01 
2.790924e+00 3.881245e-01 
2.798391e+00 3.881186e-01 
2.805858e+00 3.881127e-01 
2.813325e+00 3.881067e-01 
2.820792e+00 3.881007e-01 
2.828260e+00 3.880947e-01 
2.835727e+00 3.880887e-01 
2.843194e+00 3.880826e-01 
2.850661e+00 3.880765e-01 
2.858128e+00 3.880704e-01 
2.865595e+00 3.880643e-01 
2.873062e+00 3.880581e-01 
2.880529e+00 3.880519e-01 
2.887996e+00 3.880456e-01 
2.895463e+00 3.880393e-01 
2.902930e+00 3.880330e-01 
2.910398e+00 3.880266e-01 
2.917865e+00 3.880202e-01 
2.925331e+00 3.880139e-01 
2.932798e+00 3.880075e-01 
2.940265e+00 3.880012e-01 
2.947732e+00 3.879950e-01 
2.955199e+00 3.879890e-01 
2.962666e+00 3.879832e-01 
2.970132e+00 3.879778e-01 
2.977599e+00 3.879731e-01 
2.985066e+00 3.879692e-01 
2.992533e+00 3.879670e-01 
3.000000e+00 3.879670e-01 
2.649046e+00 3.939982e-01 
2.656513e+00 3.939927e-01 
2.663980e+00 3.939872e-01 
2.671447e+00 3.939817e-01 
2.678915e+00 3.939762e-01 
2.686382e+00 3.939707e-01 
2.693849e+00 3.939652e-01 
2.701316e+00 3.939596e-01 
2.708783e+00 3.939541e-01 
2.716250e+00 3.939485e-01 
2.723717e+00 3.939430e-01 
2.731185e+00 3.939374e-01 
2.738652e+00 3.939318e-01 
2.746119e+00 3.939262e-01 
2.753586e+00 3.939206e-01 
2.761053e+00 3.939150e-01 
2.768520e+00 3.939094e-01 
2.775988e+00 3.939037e-01 
2.783455e+00 3.938980e-01 
2.790922e+00 3.938924e-01 
2.798389e+00 3.938867e-01 
2.805856e+00 3.938809e-01 
2.813323e+00 3.938752e-01 
2.820791e+00 3.938694e-01 
2.828258e+00 3.938637e-01 
2.835725e+00 3.938579e-01 
2.843192e+00 3.938520e-01 
2.850659e+00 3.938462e-01 
2.858127e+00 3.938403e-01 
2.865594e+00 3.938344e-01 
2.873061e+00 3.938285e-01 
2.880528e+00 3.938225e-01 
2.887995e+00 3.938165e-01 
2.895462e+00 3.938104e-01 
2.902930e+00 3.938044e-01 
2.910397e+00 3.937983e-01 
2.917864e+00 3.937921e-01 
2.925331e+00 3.937860e-01 
2.932798e+00 3.937799e-01 
2.940265e+00 3.937739e-01 
2.947732e+00 3.937679e-01 
2.955199e+00 3.937621e-01 
2.962665e+00 3.937566e-01 
2.970132e+00 3.937514e-01 
2.977599e+00 3.937468e-01 
2.985066e+00 3.937431e-01 
2.992533e+00 3.937409e-01 
3.000000e+00 3.937408e-01 
2.649043e+00 3.997623e-01 
2.656510e+00 3.997570e-01 
2.663977e+00 3.997517e-01 
2.671444e+00 3.997464e-01 
2.678911e+00 3.997411e-01 
2.686379e+00 3.997358e-01 
2.693846e+00 3.997305e-01 
2.701313e+00 3.997251e-01 
2.708780e+00 3.997198e-01 
2.716248e+00 3.997145e-01 
2.723715e+00 3.997091e-01 
2.731182e+00 3.997038e-01 
2.738649e+00 3.996984e-01 
2.746117e+00 3.996930e-01 
2.753584e+00 3.996876e-01 
2.761051e+00 3.996822e-01 
2.768518e+00 3.996768e-01 
2.775985e+00 3.996713e-01 
2.783453e+00 3.996659e-01 
2.790920e+00 3.996604e-01 
2.798387e+00 3.996549e-01 
2.805854e+00 3.996494e-01 
2.813322e+00 3.996439e-01 
2.820789e+00 3.996384e-01 
2.828256e+00 3.996328e-01 
2.835724e+00 3.996272e-01 
2.843191e+00 3.996216e-01 
2.850658e+00 3.996160e-01 
2.858125e+00 3.996103e-01 
2.865593e+00 3.996047e-01 
2.873060e+00 3.995990e-01 
2.880527e+00 3.995932e-01 
2.887994e+00 3.995875e-01 
2.895462e+00 3.995817e-01 
2.902929e+00 3.995758e-01 
2.910396e+00 3.995700e-01 
2.917863e+00 3.995641e-01 
2.925330e+00 3.995582e-01 
2.932797e+00 3.995523e-01 
2.940264e+00 3.995465e-01 
2.947731e+00 3.995408e-01 
2.955198e+00 3.995353e-01 
2.962665e+00 3.995299e-01 
2.970132e+00 3.995250e-01 
2.977599e+00 3.995206e-01 
2.985066e+00 3.995170e-01 
2.992533e+00 3.995148e-01 
3.000000e+00 3.995147e-01 
2.649039e+00 4.055266e-01 
2.656507e+00 4.055215e-01 
2.663974e+00 4.055164e-01 
2.671441e+00 4.055114e-01 
2.678909e+00 4.055063e-01 
2.686376e+00 4.055012e-01 
2.693843e+00 4.054960e-01 
2.701310e+00 4.054909e-01 
2.708778e+00 4.054858e-01 
2.716245e+00 4.054807e-01 
2.723712e+00 4.054755e-01 
2.731180e+00 4.054703e-01 
2.738647e+00 4.054652e-01 
2.746114e+00 4.054600e-01 
2.753582e+00 4.054548e-01 
2.761049e+00 4.054496e-01 
2.768516e+00 4.054444e-01 
2.775983e+00 4.054392e-01 
2.783451e+00 4.054339e-01 
2.790918e+00 4.054287e-01 
2.798385e+00 4.054234e-01 
2.805853e+00 4.054181e-01 
2.813320e+00 4.054128e-01 
2.820787e+00 4.054075e-01 
2.828255e+00 4.054021e-01 
2.835722e+00 4.053967e-01 
2.843189e+00 4.053914e-01 
2.850657e+00 4.053860e-01 
2.858124e+00 4.053805e-01 
2.865591e+00 4.053751e-01 
2.873059e+00 4.053696e-01 
2.880526e+00 4.053641e-01 
2.887993e+00 4.053585e-01 
2.895461e+00 4.053530e-01 
2.902928e+00 4.053474e-01 
2.910395e+00 4.053417e-01 
2.917862e+00 4.053361e-01 
2.925330e+00 4.053305e-01 
2.932797e+00 4.053248e-01 
2.940264e+00 4.053193e-01 
2.947731e+00 4.053138e-01 
2.955198e+00 4.053084e-01 
2.962665e+00 4.053033e-01 
2.970132e+00 4.052985e-01 
2.977599e+00 4.052943e-01 
2.985066e+00 4.052908e-01 
2.992533e+00 4.052887e-01 
3.000000e+00 4.052886e-01 
2.649036e+00 4.112913e-01 
2.656504e+00 4.112864e-01 
2.663971e+00 4.112815e-01 
2.671438e+00 4.112766e-01 
2.678906e+00 4.112717e-01 
2.686373e+00 4.112668e-01 
2.693840e+00 4.112619e-01 
2.701308e+00 4.112570e-01 
2.708775e+00 4.112520e-01 
2.716243e+00 4.112471e-01 
2.723710e+00 4.112421e-01 
2.731177e+00 4.112372e-01 
2.738645e+00 4.112322e-01 
2.746112e+00 4.112272e-01 
2.753579e+00 4.112222e-01 
2.761047e+00 4.112172e-01 
2.768514e+00 4.112122e-01 
2.775981e+00 4.112072e-01 
2.783449e+00 4.112021e-01 
2.790916e+00 4.111971e-01 
2.798384e+00 4.111920e-01 
2.805851e+00 4.111869e-01 
2.813318e+00 4.111818e-01 
2.820786e+00 4.111767e-01 
2.828253e+00 4.111716e-01 
2.835721e+00 4.111664e-01 
2.843188e+00 4.111612e-01 
2.850655e+00 4.111560e-01 
2.858123e+00 4.111508e-01 
2.865590e+00 4.111456e-01 
2.873058e+00 4.111403e-01 
2.880525e+00 4.111350e-01 
2.887992e+00 4.111297e-01 
2.895460e+00 4.111243e-01 
2.902927e+00 4.111190e-01 
2.910394e+00 4.111136e-01 
2.917862e+00 4.111082e-01 
2.925329e+00 4.111028e-01 
2.932796e+00 4.110974e-01 
2.940263e+00 4.110920e-01 
2.947730e+00 4.110867e-01 
2.955198e+00 4.110816e-01 
2.962665e+00 4.110767e-01 
2.970132e+00 4.110721e-01 
2.977599e+00 4.110680e-01 
2.985066e+00 4.110647e-01 
2.992533e+00 4.110626e-01 
3.000000e+00 4.110625e-01 
2.649033e+00 4.170562e-01 
2.656501e+00 4.170515e-01 
2.663968e+00 4.170468e-01 
2.671436e+00 4.170421e-01 
2.678903e+00 4.170374e-01 
2.686370e+00 4.170327e-01 
2.693838e+00 4.170280e-01 
2.701305e+00 4.170232e-01 
2.708773e+00 4.170185e-01 
2.716240e+00 4.170137e-01 
2.723708e+00 4.170090e-01 
2.731175e+00 4.170042e-01 
2.738642e+00 4.169995e-01 
2.746110e+00 4.169947e-01 
2.753577e+00 4.169899e-01 
2.761045e+00 4.169851e-01 
2.768512e+00 4.169802e-01 
2.775980e+00 4.169754e-01 
2.783447e+00 4.169705e-01 
2.790914e+00 4.169657e-01 
2.798382e+00 4.169608e-01 
2.805849e+00 4.169559e-01 
2.813317e+00 4.169510e-01 
2.820784e+00 4.169461e-01 
2.828252e+00 4.169412e-01 
2.835719e+00 4.169362e-01 
2.843187e+00 4.169312e-01 
2.850654e+00 4.169262e-01 
2.858122e+00 4.169212e-01 
2.865589e+00 4.169162e-01 
2.873057e+00 4.169111e-01 
2.880524e+00 4.169060e-01 
2.887991e+00 4.169009e-01 
2.895459e+00 4.168958e-01 
2.902926e+00 4.168907e-01 
2.910394e+00 4.168855e-01 
2.917861e+00 4.168803e-01 
2.925328e+00 4.168751e-01 
2.932796e+00 4.168699e-01 
2.940263e+00 4.168648e-01 
2.947730e+00 4.168597e-01 
2.955197e+00 4.168548e-01 
2.962664e+00 4.168501e-01 
2.970132e+00 4.168457e-01 
2.977599e+00 4.168417e-01 
2.985066e+00 4.168385e-01 
2.992533e+00 4.168365e-01 
3.000000e+00 4.168364e-01 
2.649030e+00 4.228215e-01 
2.656498e+00 4.228169e-01 
2.663965e+00 4.228124e-01 
2.671433e+00 4.228079e-01 
2.678900e+00 4.228034e-01 
2.686368e+00 4.227988e-01 
2.693835e+00 4.227943e-01 
2.701303e+00 4.227898e-01 
2.708770e+00 4.227852e-01 
2.716238e+00 4.227806e-01 
2.723705e+00 4.227761e-01 
2.731173e+00 4.227715e-01 
2.738640e+00 4.227669e-01 
2.746108e+00 4.227623e-01 
2.753575e+00 4.227577e-01 
2.761043e+00 4.227531e-01 
2.768510e+00 4.227484e-01 
2.775978e+00 4.227438e-01 
2.783445e+00 4.227391e-01 
2.790913e+00 4.227345e-01 
2.798380e+00 4.227298e-01 
2.805848e+00 4.227251e-01 
2.813315e+00 4.227204e-01 
2.820783e+00 4.227156e-01 
2.828250e+00 4.227109e-01 
2.835718e+00 4.227061e-01 
2.843185e+00 4.227014e-01 
2.850653e+00 4.226966e-01 
2.858121e+00 4.226917e-01 
2.865588e+00 4.226869e-01 
2.873056e+00 4.226820e-01 
2.880523e+00 4.226772e-01 
2.887991e+00 4.226723e-01 
2.895458e+00 4.226674e-01 
2.902926e+00 4.226624e-01 
2.910393e+00 4.226574e-01 
2.917860e+00 4.226525e-01 
2.925328e+00 4.226475e-01 
2.932795e+00 4.226425e-01 
2.940263e+00 4.226376e-01 
2.947730e+00 4.226328e-01 
2.955197e+00 4.226280e-01 
2.962664e+00 4.226235e-01 
2.970131e+00 4.226192e-01 
2.977599e+00 4.226154e-01 
2.985066e+00 4.226123e-01 
2.992533e+00 4.226104e-01 
3.000000e+00 4.226103e-01 
2.649028e+00 4.285870e-01 
2.656495e+00 4.285826e-01 
2.663963e+00 4.285783e-01 
2.671430e+00 4.285739e-01 
2.678898e+00 4.285696e-01 
2.686365e+00 4.285652e-01 
2.693833e+00 4.285609e-01 
2.701300e+00 4.285565e-01 
2.708768e+00 4.285521e-01 
2.716236e+00 4.285477e-01 
2.723703e+00 4.285434e-01 
2.731171e+00 4.285390e-01 
2.738638e+00 4.285345e-01 
2.746106e+00 4.285301e-01 
2.753573e+00 4.285257e-01 
2.761041e+00 4.285213e-01 
2.768508e+00 4.285168e-01 
2.775976e+00 4.285123e-01 
2.783444e+00 4.285079e-01 
2.790911e+00 4.285034e-01 
2.798379e+00 4.284989e-01 
2.805846e+00 4.284944e-01 
2.813314e+00 4.284898e-01 
2.820782e+00 4.284853e-01 
2.828249e+00 4.284808e-01 
2.835717e+00 4.284762e-01 
2.843184e+00 4.284716e-01 
2.850652e+00 4.284670e-01 
2.858119e+00 4.284624e-01 
2.865587e+00 4.284577e-01 
2.873055e+00 4.284531e-01 
2.880522e+00 4.284484e-01 
2.887990e+00 4.284437e-01 
2.895457e+00 4.284390e-01 
2.902925e+00 4.284342e-01 
2.910392e+00 4.284295e-01 
2.917860e+00 4.284247e-01 
2.925327e+00 4.284199e-01 
2.932795e+00 4.284152e-01 
2.940262e+00 4.284104e-01 
2.947729e+00 4.284058e-01 
2.955197e+00 4.284012e-01 
2.962664e+00 4.283969e-01 
2.970131e+00 4.283928e-01 
2.977598e+00 4.283892e-01 
2.985066e+00 4.283862e-01 
2.992533e+00 4.283843e-01 
3.000000e+00 4.283842e-01 
2.649025e+00 4.343527e-01 
2.656493e+00 4.343485e-01 
2.663960e+00 4.343444e-01 
2.671428e+00 4.343402e-01 
2.678895e+00 4.343360e-01 
2.686363e+00 4.343318e-01 
2.693831e+00 4.343276e-01 
2.701298e+00 4.343235e-01 
2.708766e+00 4.343193e-01 
2.716233e+00 4.343150e-01 
2.723701e+00 4.343108e-01 
2.731169e+00 4.343066e-01 
2.738636e+00 4.343024e-01 
2.746104e+00 4.342981e-01 
2.753572e+00 4.342939e-01 
2.761039e+00 4.342896e-01 
2.768507e+00 4.342853e-01 
2.775974e+00 4.342811e-01 
2.783442e+00 4.342768e-01 
2.790910e+00 4.342725e-01 
2.798377e+00 4.342681e-01 
2.805845e+00 4.342638e-01 
2.813313e+00 4.342595e-01 
2.820780e+00 4.342551e-01 
2.828248e+00 4.342507e-01 
2.835715e+00 4.342464e-01 
2.843183e+00 4.342419e-01 
2.850651e+00 4.342375e-01 
2.858118e+00 4.342331e-01 
2.865586e+00 4.342286e-01 
2.873054e+00 4.342242e-01 
2.880521e+00 4.342197e-01 
2.887989e+00 4.342152e-01 
2.895457e+00 4.342107e-01 
2.902924e+00 4.342061e-01 
2.910392e+00 4.342015e-01 
2.917859e+00 4.341970e-01 
2.925327e+00 4.341924e-01 
2.932794e+00 4.341878e-01 
2.940262e+00 4.341833e-01 
2.947729e+00 4.341788e-01 
2.955196e+00 4.341745e-01 
2.962664e+00 4.341703e-01 
2.970131e+00 4.341664e-01 
2.977598e+00 4.341629e-01 
2.985066e+00 4.341600e-01 
2.992533e+00 4.341582e-01 
3.000000e+00 4.341581e-01 
2.649023e+00 4.401187e-01 
2.656490e+00 4.401147e-01 
2.663958e+00 4.401107e-01 
2.671425e+00 4.401067e-01 
2.678893e+00 4.401027e-01 
2.686361e+00 4.400987e-01 
2.693828e+00 4.400946e-01 
2.701296e+00 4.400906e-01 
2.708764e+00 4.400866e-01 
2.716231e+00 4.400826e-01 
2.723699e+00 4.400785e-01 
2.731167e+00 4.400745e-01 
2.738634e+00 4.400704e-01 
2.746102e+00 4.400663e-01 
2.753570e+00 4.400622e-01 
2.761037e+00 4.400582e-01 
2.768505e+00 4.400541e-01 
2.775973e+00 4.400499e-01 
2.783440e+00 4.400458e-01 
2.790908e+00 4.400417e-01 
2.798376e+00 4.400375e-01 
2.805844e+00 4.400334e-01 
2.813311e+00 4.400292e-01 
2.820779e+00 4.400250e-01 
2.828247e+00 4.400208e-01 
2.835714e+00 4.400166e-01 
2.843182e+00 4.400124e-01 
2.850650e+00 4.400082e-01 
2.858117e+00 4.400039e-01 
2.865585e+00 4.399996e-01 
2.873053e+00 4.399954e-01 
2.880521e+00 4.399911e-01 
2.887988e+00 4.399867e-01 
2.895456e+00 4.399824e-01 
2.902924e+00 4.399780e-01 
2.910391e+00 4.399737e-01 
2.917859e+00 4.399693e-01 
2.925326e+00 4.399649e-01 
2.932794e+00 4.399605e-01 
2.940261e+00 4.399562e-01 
2.947729e+00 4.399519e-01 
2.955196e+00 4.399477e-01 
2.962664e+00 4.399437e-01 
2.970131e+00 4.399400e-01 
2.977598e+00 4.399366e-01 
2.985066e+00 4.399339e-01 
2.992533e+00 4.399321e-01 
3.000000e+00 4.399320e-01 
2.649020e+00 4.458849e-01 
2.656488e+00 4.458811e-01 
2.663955e+00 4.458772e-01 
2.671423e+00 4.458734e-01 
2.678891e+00 4.458695e-01 
2.686359e+00 4.458657e-01 
2.693826e+00 4.458618e-01 
2.701294e+00 4.458580e-01 
2.708762e+00 4.458541e-01 
2.716229e+00 4.458502e-01 
2.723697e+00 4.458464e-01 
2.731165e+00 4.458425e-01 
2.738633e+00 4.458386e-01 
2.746100e+00 4.458347e-01 
2.753568e+00 4.458308e-01 
2.761036e+00 4.458268e-01 
2.768503e+00 4.458229e-01 
2.775971e+00 4.458190e-01 
2.783439e+00 4.458150e-01 
2.790907e+00 4.458110e-01 
2.798374e+00 4.458071e-01 
2.805842e+00 4.458031e-01 
2.813310e+00 4.457991e-01 
2.820778e+00 4.457951e-01 
2.828245e+00 4.457911e-01 
2.835713e+00 4.457870e-01 
2.843181e+00 4.457830e-01 
2.850649e+00 4.457789e-01 
2.858116e+00 4.457748e-01 
2.865584e+00 4.457707e-01 
2.873052e+00 4.457666e-01 
2.880520e+00 4.457625e-01 
2.887987e+00 4.457584e-01 
2.895455e+00 4.457542e-01 
2.902923e+00 4.457500e-01 
2.910391e+00 4.457459e-01 
2.917858e+00 4.457417e-01 
2.925326e+00 4.457375e-01 
2.932793e+00 4.457333e-01 
2.940261e+00 4.457291e-01 
2.947729e+00 4.457250e-01 
2.955196e+00 4.457210e-01 
2.962663e+00 4.457172e-01 
2.970131e+00 4.457136e-01 
2.977598e+00 4.457103e-01 
2.985066e+00 4.457077e-01 
2.992533e+00 4.457060e-01 
3.000000e+00 4.457059e-01 
2.649018e+00 4.516513e-01 
2.656485e+00 4.516477e-01 
2.663953e+00 4.516440e-01 
2.671421e+00 4.516403e-01 
2.678889e+00 4.516366e-01 
2.686357e+00 4.516329e-01 
2.693824e+00 4.516292e-01 
2.701292e+00 4.516255e-01 
2.708760e+00 4.516218e-01 
2.716228e+00 4.516181e-01 
2.723695e+00 4.516144e-01 
2.731163e+00 4.516107e-01 
2.738631e+00 4.516069e-01 
2.746099e+00 4.516032e-01 
2.753566e+00 4.515994e-01 
2.761034e+00 4.515957e-01 
2.768502e+00 4.515919e-01 
2.775970e+00 4.515881e-01 
2.783438e+00 4.515843e-01 
2.790905e+00 4.515805e-01 
2.798373e+00 4.515767e-01 
2.805841e+00 4.515729e-01 
2.813309e+00 4.515691e-01 
2.820777e+00 4.515652e-01 
2.828244e+00 4.515614e-01 
2.835712e+00 4.515575e-01 
2.843180e+00 4.515536e-01 
2.850648e+00 4.515497e-01 
2.858116e+00 4.515458e-01 
2.865583e+00 4.515419e-01 
2.873051e+00 4.515380e-01 
2.880519e+00 4.515340e-01 
2.887987e+00 4.515301e-01 
2.895455e+00 4.515261e-01 
2.902922e+00 4.515221e-01 
2.910390e+00 4.515181e-01 
2.917858e+00 4.515141e-01 
2.925325e+00 4.515100e-01 
2.932793e+00 4.515060e-01 
2.940261e+00 4.515021e-01 
2.947728e+00 4.514981e-01 
2.955196e+00 4.514943e-01 
2.962663e+00 4.514906e-01 
2.970131e+00 4.514872e-01 
2.977598e+00 4.514841e-01 
2.985066e+00 4.514815e-01 
2.992533e+00 4.514799e-01 
3.000000e+00 4.514798e-01 
2.649015e+00 4.574180e-01 
2.656483e+00 4.574144e-01 
2.663951e+00 4.574109e-01 
2.671419e+00 4.574074e-01 
2.678887e+00 4.574039e-01 
2.686355e+00 4.574003e-01 
2.693822e+00 4.573968e-01 
2.701290e+00 4.573933e-01 
2.708758e+00 4.573897e-01 
2.716226e+00 4.573861e-01 
2.723694e+00 4.573826e-01 
2.731161e+00 4.573790e-01 
2.738629e+00 4.573754e-01 
2.746097e+00 4.573718e-01 
2.753565e+00 4.573683e-01 
2.761033e+00 4.573647e-01 
2.768500e+00 4.573610e-01 
2.775968e+00 4.573574e-01 
2.783436e+00 4.573538e-01 
2.790904e+00 4.573502e-01 
2.798372e+00 4.573465e-01 
2.805840e+00 4.573428e-01 
2.813308e+00 4.573392e-01 
2.820775e+00 4.573355e-01 
2.828243e+00 4.573318e-01 
2.835711e+00 4.573281e-01 
2.843179e+00 4.573244e-01 
2.850647e+00 4.573207e-01 
2.858115e+00 4.573169e-01 
2.865583e+00 4.573132e-01 
2.873050e+00 4.573094e-01 
2.880518e+00 4.573056e-01 
2.887986e+00 4.573018e-01 
2.895454e+00 4.572980e-01 
2.902922e+00 4.572942e-01 
2.910390e+00 4.572904e-01 
2.917857e+00 4.572865e-01 
2.925325e+00 4.572827e-01 
2.932793e+00 4.572788e-01 
2.940260e+00 4.572750e-01 
2.947728e+00 4.572713e-01 
2.955196e+00 4.572676e-01 
2.962663e+00 4.572641e-01 
2.970131e+00 4.572608e-01 
2.977598e+00 4.572578e-01 
2.985066e+00 4.572554e-01 
2.992533e+00 4.572538e-01 
3.000000e+00 4.572537e-01 
2.649013e+00 4.631848e-01 
2.656481e+00 4.631814e-01 
2.663949e+00 4.631781e-01 
2.671417e+00 4.631747e-01 
2.678885e+00 4.631713e-01 
2.686353e+00 4.631679e-01 
2.693820e+00 4.631645e-01 
2.701288e+00 4.631612e-01 
2.708756e+00 4.631578e-01 
2.716224e+00 4.631543e-01 
2.723692e+00 4.631509e-01 
2.731160e+00 4.631475e-01 
2.738628e+00 4.631441e-01 
2.746095e+00 4.631407e-01 
2.753563e+00 4.631372e-01 
2.761031e+00 4.631338e-01 
2.768499e+00 4.631303e-01 
2.775967e+00 4.631268e-01 
2.783435e+00 4.631234e-01 
2.790903e+00 4.631199e-01 
2.798371e+00 4.631164e-01 
2.805839e+00 4.631129e-01 
2.813306e+00 4.631094e-01 
2.820774e+00 4.631059e-01 
2.828242e+00 4.631023e-01 
2.835710e+00 4.630988e-01 
2.843178e+00 4.630952e-01 
2.850646e+00 4.630917e-01 
2.858114e+00 4.630881e-01 
2.865582e+00 4.630845e-01 
2.873050e+00 4.630809e-01 
2.880518e+00 4.630773e-01 
2.887985e+00 4.630736e-01 
2.895453e+00 4.630700e-01 
2.902921e+00 4.630663e-01 
2.910389e+00 4.630627e-01 
2.917857e+00 4.630590e-01 
2.925325e+00 4.630553e-01 
2.932792e+00 4.630517e-01 
2.940260e+00 4.630480e-01 
2.947728e+00 4.630444e-01 
2.955195e+00 4.630409e-01 
2.962663e+00 4.630375e-01 
2.970130e+00 4.630344e-01 
2.977598e+00 4.630315e-01 
2.985065e+00 4.630292e-01 
2.992533e+00 4.630277e-01 
3.000000e+00 4.630276e-01 
2.649011e+00 4.689519e-01 
2.656479e+00 4.689486e-01 
2.663947e+00 4.689454e-01 
2.671415e+00 4.689422e-01 
2.678883e+00 4.689389e-01 
2.686351e+00 4.689357e-01 
2.693819e+00 4.689325e-01 
2.701287e+00 4.689292e-01 
2.708754e+00 4.689260e-01 
2.716222e+00 4.689227e-01 
2.723690e+00 4.689194e-01 
2.731158e+00 4.689162e-01 
2.738626e+00 4.689129e-01 
2.746094e+00 4.689096e-01 
2.753562e+00 4.689063e-01 
2.761030e+00 4.689030e-01 
2.768498e+00 4.688997e-01 
2.775966e+00 4.688964e-01 
2.783434e+00 4.688931e-01 
2.790902e+00 4.688897e-01 
2.798369e+00 4.688864e-01 
2.805837e+00 4.688831e-01 
2.813305e+00 4.688797e-01 
2.820773e+00 4.688763e-01 
2.828241e+00 4.688729e-01 
2.835709e+00 4.688696e-01 
2.843177e+00 4.688662e-01 
2.850645e+00 4.688627e-01 
2.858113e+00 4.688593e-01 
2.865581e+00 4.688559e-01 
2.873049e+00 4.688524e-01 
2.880517e+00 4.688490e-01 
2.887985e+00 4.688455e-01 
2.895453e+00 4.688420e-01 
2.902921e+00 4.688385e-01 
2.910389e+00 4.688350e-01 
2.917856e+00 4.688315e-01 
2.925324e+00 4.688280e-01 
2.932792e+00 4.688245e-01 
2.940260e+00 4.688210e-01 
2.947727e+00 4.688176e-01 
2.955195e+00 4.688142e-01 
2.962663e+00 4.688110e-01 
2.970130e+00 4.688080e-01 
2.977598e+00 4.688053e-01 
2.985065e+00 4.688030e-01 
2.992533e+00 4.688016e-01 
3.000000e+00 4.688015e-01 
BC
4
4
4
4
4
4
4
4
4
4
4
4
4
4
4
4
4
4
4
4
4
4
4
4
4
4
4
4
4
4
4
4
4
4
4
4
4
4
4
4
4
4
4
4
4
4
4
3
3
3
3
3
3
3
3
3
3
3
3
3
3
3
3
3
3
3
3
3
3
3
3
3
3
3
3
3
3
3
3
3
3
3
3
3
3
3
3
3
3
3
3
3
3
3
-1
-1
-1
-1
-1
-1
-1
-1
-1
-1
-1
-1
-1
-1
-1
-1
-1
-1
-1
-1
-1
-1
-1
-1
-1
-1
-1
-1
-1
-1
-1
-1
-1
-1
-1
-1
-1
-1
-1
-1
-1
-1
-1
-1
-1
-1
-1
-1
-1
-1
-1
-1
-1
-1
-1
-1
-1
-1
-1
-1
-1
-1
-1
-1
-1
-1
-1
-1
-1
-1
-1
-1
-1
-1
-1
-1
-1
-1
-1
-1
-1
-1
-1
-1
-1
-1
-1
-1
-1
-1
-1
-1
-1
-1
