npartb: 4 2 
ipartb: 2 0 
ngrid: 77 27 
2.507752e-01 6.719619e-02 
2.548200e-01 6.828000e-02 
2.588648e-01 6.936381e-02 
2.629095e-01 7.044762e-02 
2.669543e-01 7.153143e-02 
2.709990e-01 7.261524e-02 
2.750438e-01 7.369905e-02 
2.790886e-01 7.478286e-02 
2.831333e-01 7.586667e-02 
2.871781e-01 7.695048e-02 
2.912229e-01 7.803429e-02 
2.952676e-01 7.911810e-02 
2.993124e-01 8.020190e-02 
3.033571e-01 8.128571e-02 
3.074019e-01 8.236952e-02 
3.114467e-01 8.345333e-02 
3.154914e-01 8.453714e-02 
3.195362e-01 8.562095e-02 
3.235810e-01 8.670476e-02 
3.276257e-01 8.778857e-02 
3.316705e-01 8.887238e-02 
3.357152e-01 8.995619e-02 
3.397600e-01 9.104000e-02 
3.438048e-01 9.212381e-02 
3.478495e-01 9.320762e-02 
3.518943e-01 9.429143e-02 
3.559390e-01 9.537524e-02 
3.599838e-01 9.645905e-02 
3.640286e-01 9.754286e-02 
3.680733e-01 9.862667e-02 
3.721181e-01 9.971048e-02 
3.761629e-01 1.007943e-01 
3.802076e-01 1.018781e-01 
3.842524e-01 1.029619e-01 
3.882971e-01 1.040457e-01 
3.923419e-01 1.051295e-01 
3.963867e-01 1.062133e-01 
4.004314e-01 1.072971e-01 
4.044762e-01 1.083810e-01 
4.085210e-01 1.094648e-01 
4.125657e-01 1.105486e-01 
4.166105e-01 1.116324e-01 
4.206552e-01 1.127162e-01 
4.247000e-01 1.138000e-01 
4.287448e-01 1.148838e-01 
4.327895e-01 1.159676e-01 
4.368343e-01 1.170514e-01 
4.408790e-01 1.181352e-01 
4.449238e-01 1.192190e-01 
4.489686e-01 1.203029e-01 
4.530133e-01 1.213867e-01 
4.570581e-01 1.224705e-01 
4.611029e-01 1.235543e-01 
4.651476e-01 1.246381e-01 
4.691924e-01 1.257219e-01 
4.732371e-01 1.268057e-01 
4.772819e-01 1.278895e-01 
4.813267e-01 1.289733e-01 
4.853714e-01 1.300571e-01 
4.894162e-01 1.311410e-01 
4.934610e-01 1.322248e-01 
4.975057e-01 1.333086e-01 
5.015505e-01 1.343924e-01 
5.055952e-01 1.354762e-01 
5.096400e-01 1.365600e-01 
5.136848e-01 1.376438e-01 
5.177295e-01 1.387276e-01 
5.217743e-01 1.398114e-01 
5.258190e-01 1.408952e-01 
5.298638e-01 1.419790e-01 
5.339086e-01 1.430629e-01 
5.379533e-01 1.441467e-01 
5.419981e-01 1.452305e-01 
5.460429e-01 1.463143e-01 
5.500876e-01 1.473981e-01 
5.541324e-01 1.484819e-01 
5.581771e-01 1.495657e-01 
2.494337e-01 7.189107e-02 
2.534875e-01 7.295320e-02 
2.575413e-01 7.401533e-02 
2.615951e-01 7.507747e-02 
2.656490e-01 7.613960e-02 
2.697028e-01 7.720173e-02 
2.737566e-01 7.826387e-02 
2.778104e-01 7.932600e-02 
2.818643e-01 8.038813e-02 
2.859181e-01 8.145027e-02 
2.899719e-01 8.251240e-02 
2.940257e-01 8.357453e-02 
2.980796e-01 8.463667e-02 
3.021334e-01 8.569880e-02 
3.061872e-01 8.676093e-02 
3.102411e-01 8.782307e-02 
3.142949e-01 8.888520e-02 
3.183487e-01 8.994733e-02 
3.224025e-01 9.100947e-02 
3.264564e-01 9.207160e-02 
3.305102e-01 9.313373e-02 
3.345640e-01 9.419587e-02 
3.386178e-01 9.525800e-02 
3.426717e-01 9.632013e-02 
3.467255e-01 9.738227e-02 
3.507793e-01 9.844440e-02 
3.548331e-01 9.950653e-02 
3.588870e-01 1.005687e-01 
3.629408e-01 1.016308e-01 
3.669946e-01 1.026929e-01 
3.710485e-01 1.037551e-01 
3.751023e-01 1.048172e-01 
3.791561e-01 1.058793e-01 
3.832099e-01 1.069415e-01 
3.872638e-01 1.080036e-01 
3.913176e-01 1.090657e-01 
3.953714e-01 1.101279e-01 
3.994252e-01 1.111900e-01 
4.034791e-01 1.122521e-01 
4.075329e-01 1.133143e-01 
4.115867e-01 1.143764e-01 
4.156405e-01 1.154385e-01 
4.196944e-01 1.165007e-01 
4.237482e-01 1.175628e-01 
4.278020e-01 1.186249e-01 
4.318559e-01 1.196871e-01 
4.359097e-01 1.207492e-01 
4.399635e-01 1.218113e-01 
4.440173e-01 1.228735e-01 
4.480712e-01 1.239356e-01 
4.521250e-01 1.249977e-01 
4.561788e-01 1.260599e-01 
4.602326e-01 1.271220e-01 
4.642865e-01 1.281841e-01 
4.683403e-01 1.292463e-01 
4.723941e-01 1.303084e-01 
4.764479e-01 1.313705e-01 
4.805018e-01 1.324327e-01 
4.845556e-01 1.334948e-01 
4.886094e-01 1.345569e-01 
4.926633e-01 1.356191e-01 
4.967171e-01 1.366812e-01 
5.007709e-01 1.377433e-01 
5.048247e-01 1.388055e-01 
5.088786e-01 1.398676e-01 
5.129324e-01 1.409297e-01 
5.169862e-01 1.419919e-01 
5.210400e-01 1.430540e-01 
5.250939e-01 1.441161e-01 
5.291477e-01 1.451783e-01 
5.332015e-01 1.462404e-01 
5.372553e-01 1.473025e-01 
5.413092e-01 1.483647e-01 
5.453630e-01 1.494268e-01 
5.494168e-01 1.504889e-01 
5.534707e-01 1.515511e-01 
5.575245e-01 1.526132e-01 
2.480921e-01 7.658594e-02 
2.521550e-01 7.762640e-02 
2.562179e-01 7.866686e-02 
2.602807e-01 7.970731e-02 
2.643436e-01 8.074777e-02 
2.684065e-01 8.178823e-02 
2.724694e-01 8.282869e-02 
2.765323e-01 8.386914e-02 
2.805952e-01 8.490960e-02 
2.846581e-01 8.595006e-02 
2.887210e-01 8.699051e-02 
2.927839e-01 8.803097e-02 
2.968468e-01 8.907143e-02 
3.009097e-01 9.011189e-02 
3.049725e-01 9.115234e-02 
3.090354e-01 9.219280e-02 
3.130983e-01 9.323326e-02 
3.171612e-01 9.427371e-02 
3.212241e-01 9.531417e-02 
3.252870e-01 9.635463e-02 
3.293499e-01 9.739509e-02 
3.334128e-01 9.843554e-02 
3.374757e-01 9.947600e-02 
3.415386e-01 1.005165e-01 
3.456015e-01 1.015569e-01 
3.496644e-01 1.025974e-01 
3.537272e-01 1.036378e-01 
3.577901e-01 1.046783e-01 
3.618530e-01 1.057187e-01 
3.659159e-01 1.067592e-01 
3.699788e-01 1.077997e-01 
3.740417e-01 1.088401e-01 
3.781046e-01 1.098806e-01 
3.821675e-01 1.109210e-01 
3.862304e-01 1.119615e-01 
3.902933e-01 1.130019e-01 
3.943562e-01 1.140424e-01 
3.984191e-01 1.150829e-01 
4.024819e-01 1.161233e-01 
4.065448e-01 1.171638e-01 
4.106077e-01 1.182042e-01 
4.146706e-01 1.192447e-01 
4.187335e-01 1.202851e-01 
4.227964e-01 1.213256e-01 
4.268593e-01 1.223661e-01 
4.309222e-01 1.234065e-01 
4.349851e-01 1.244470e-01 
4.390480e-01 1.254874e-01 
4.431109e-01 1.265279e-01 
4.471737e-01 1.275683e-01 
4.512366e-01 1.286088e-01 
4.552995e-01 1.296493e-01 
4.593624e-01 1.306897e-01 
4.634253e-01 1.317302e-01 
4.674882e-01 1.327706e-01 
4.715511e-01 1.338111e-01 
4.756140e-01 1.348515e-01 
4.796769e-01 1.358920e-01 
4.837398e-01 1.369325e-01 
4.878027e-01 1.379729e-01 
4.918656e-01 1.390134e-01 
4.959284e-01 1.400538e-01 
4.999913e-01 1.410943e-01 
5.040542e-01 1.421347e-01 
5.081171e-01 1.431752e-01 
5.121800e-01 1.442157e-01 
5.162429e-01 1.452561e-01 
5.203058e-01 1.462966e-01 
5.243687e-01 1.473370e-01 
5.284316e-01 1.483775e-01 
5.324945e-01 1.494179e-01 
5.365574e-01 1.504584e-01 
5.406203e-01 1.514989e-01 
5.446831e-01 1.525393e-01 
5.487460e-01 1.535798e-01 
5.528089e-01 1.546202e-01 
5.568718e-01 1.556607e-01 
2.467505e-01 8.128082e-02 
2.508224e-01 8.229960e-02 
2.548944e-01 8.331838e-02 
2.589664e-01 8.433716e-02 
2.630383e-01 8.535594e-02 
2.671103e-01 8.637472e-02 
2.711822e-01 8.739350e-02 
2.752542e-01 8.841229e-02 
2.793261e-01 8.943107e-02 
2.833981e-01 9.044985e-02 
2.874700e-01 9.146863e-02 
2.915420e-01 9.248741e-02 
2.956140e-01 9.350619e-02 
2.996859e-01 9.452497e-02 
3.037579e-01 9.554375e-02 
3.078298e-01 9.656253e-02 
3.119018e-01 9.758131e-02 
3.159737e-01 9.860010e-02 
3.200457e-01 9.961888e-02 
3.241177e-01 1.006377e-01 
3.281896e-01 1.016564e-01 
3.322616e-01 1.026752e-01 
3.363335e-01 1.036940e-01 
3.404055e-01 1.047128e-01 
3.444774e-01 1.057316e-01 
3.485494e-01 1.067503e-01 
3.526213e-01 1.077691e-01 
3.566933e-01 1.087879e-01 
3.607653e-01 1.098067e-01 
3.648372e-01 1.108255e-01 
3.689092e-01 1.118442e-01 
3.729811e-01 1.128630e-01 
3.770531e-01 1.138818e-01 
3.811250e-01 1.149006e-01 
3.851970e-01 1.159194e-01 
3.892690e-01 1.169382e-01 
3.933409e-01 1.179569e-01 
3.974129e-01 1.189757e-01 
4.014848e-01 1.199945e-01 
4.055568e-01 1.210133e-01 
4.096287e-01 1.220321e-01 
4.137007e-01 1.230508e-01 
4.177726e-01 1.240696e-01 
4.218446e-01 1.250884e-01 
4.259166e-01 1.261072e-01 
4.299885e-01 1.271260e-01 
4.340605e-01 1.281447e-01 
4.381324e-01 1.291635e-01 
4.422044e-01 1.301823e-01 
4.462763e-01 1.312011e-01 
4.503483e-01 1.322199e-01 
4.544202e-01 1.332386e-01 
4.584922e-01 1.342574e-01 
4.625642e-01 1.352762e-01 
4.666361e-01 1.362950e-01 
4.707081e-01 1.373138e-01 
4.747800e-01 1.383326e-01 
4.788520e-01 1.393513e-01 
4.829239e-01 1.403701e-01 
4.869959e-01 1.413889e-01 
4.910679e-01 1.424077e-01 
4.951398e-01 1.434265e-01 
4.992118e-01 1.444452e-01 
5.032837e-01 1.454640e-01 
5.073557e-01 1.464828e-01 
5.114276e-01 1.475016e-01 
5.154996e-01 1.485204e-01 
5.195715e-01 1.495391e-01 
5.236435e-01 1.505579e-01 
5.277155e-01 1.515767e-01 
5.317874e-01 1.525955e-01 
5.358594e-01 1.536143e-01 
5.399313e-01 1.546330e-01 
5.440033e-01 1.556518e-01 
5.480752e-01 1.566706e-01 
5.521472e-01 1.576894e-01 
5.562192e-01 1.587082e-01 
2.454089e-01 8.597570e-02 
2.494899e-01 8.697280e-02 
2.535709e-01 8.796990e-02 
2.576520e-01 8.896701e-02 
2.617330e-01 8.996411e-02 
2.658140e-01 9.096122e-02 
2.698950e-01 9.195832e-02 
2.739760e-01 9.295543e-02 
2.780571e-01 9.395253e-02 
2.821381e-01 9.494964e-02 
2.862191e-01 9.594674e-02 
2.903001e-01 9.694385e-02 
2.943812e-01 9.794095e-02 
2.984622e-01 9.893806e-02 
3.025432e-01 9.993516e-02 
3.066242e-01 1.009323e-01 
3.107052e-01 1.019294e-01 
3.147863e-01 1.029265e-01 
3.188673e-01 1.039236e-01 
3.229483e-01 1.049207e-01 
3.270293e-01 1.059178e-01 
3.311103e-01 1.069149e-01 
3.351914e-01 1.079120e-01 
3.392724e-01 1.089091e-01 
3.433534e-01 1.099062e-01 
3.474344e-01 1.109033e-01 
3.515154e-01 1.119004e-01 
3.555965e-01 1.128975e-01 
3.596775e-01 1.138946e-01 
3.637585e-01 1.148917e-01 
3.678395e-01 1.158888e-01 
3.719205e-01 1.168859e-01 
3.760016e-01 1.178830e-01 
3.800826e-01 1.188802e-01 
3.841636e-01 1.198773e-01 
3.882446e-01 1.208744e-01 
3.923257e-01 1.218715e-01 
3.964067e-01 1.228686e-01 
4.004877e-01 1.238657e-01 
4.045687e-01 1.248628e-01 
4.086497e-01 1.258599e-01 
4.127308e-01 1.268570e-01 
4.168118e-01 1.278541e-01 
4.208928e-01 1.288512e-01 
4.249738e-01 1.298483e-01 
4.290548e-01 1.308454e-01 
4.331359e-01 1.318425e-01 
4.372169e-01 1.328396e-01 
4.412979e-01 1.338367e-01 
4.453789e-01 1.348338e-01 
4.494599e-01 1.358309e-01 
4.535410e-01 1.368280e-01 
4.576220e-01 1.378251e-01 
4.617030e-01 1.388222e-01 
4.657840e-01 1.398194e-01 
4.698651e-01 1.408165e-01 
4.739461e-01 1.418136e-01 
4.780271e-01 1.428107e-01 
4.821081e-01 1.438078e-01 
4.861891e-01 1.448049e-01 
4.902702e-01 1.458020e-01 
4.943512e-01 1.467991e-01 
4.984322e-01 1.477962e-01 
5.025132e-01 1.487933e-01 
5.065942e-01 1.497904e-01 
5.106753e-01 1.507875e-01 
5.147563e-01 1.517846e-01 
5.188373e-01 1.527817e-01 
5.229183e-01 1.537788e-01 
5.269993e-01 1.547759e-01 
5.310804e-01 1.557730e-01 
5.351614e-01 1.567701e-01 
5.392424e-01 1.577672e-01 
5.433234e-01 1.587643e-01 
5.474044e-01 1.597614e-01 
5.514855e-01 1.607586e-01 
5.555665e-01 1.617557e-01 
2.440673e-01 9.067057e-02 
2.481574e-01 9.164600e-02 
2.522475e-01 9.262143e-02 
2.563376e-01 9.359686e-02 
2.604277e-01 9.457229e-02 
2.645177e-01 9.554771e-02 
2.686078e-01 9.652314e-02 
2.726979e-01 9.749857e-02 
2.767880e-01 9.847400e-02 
2.808781e-01 9.944943e-02 
2.849682e-01 1.004249e-01 
2.890583e-01 1.014003e-01 
2.931483e-01 1.023757e-01 
2.972384e-01 1.033511e-01 
3.013285e-01 1.043266e-01 
3.054186e-01 1.053020e-01 
3.095087e-01 1.062774e-01 
3.135988e-01 1.072529e-01 
3.176889e-01 1.082283e-01 
3.217789e-01 1.092037e-01 
3.258690e-01 1.101791e-01 
3.299591e-01 1.111546e-01 
3.340492e-01 1.121300e-01 
3.381393e-01 1.131054e-01 
3.422294e-01 1.140809e-01 
3.463195e-01 1.150563e-01 
3.504095e-01 1.160317e-01 
3.544996e-01 1.170071e-01 
3.585897e-01 1.179826e-01 
3.626798e-01 1.189580e-01 
3.667699e-01 1.199334e-01 
3.708600e-01 1.209089e-01 
3.749501e-01 1.218843e-01 
3.790401e-01 1.228597e-01 
3.831302e-01 1.238351e-01 
3.872203e-01 1.248106e-01 
3.913104e-01 1.257860e-01 
3.954005e-01 1.267614e-01 
3.994906e-01 1.277369e-01 
4.035807e-01 1.287123e-01 
4.076707e-01 1.296877e-01 
4.117608e-01 1.306631e-01 
4.158509e-01 1.316386e-01 
4.199410e-01 1.326140e-01 
4.240311e-01 1.335894e-01 
4.281212e-01 1.345649e-01 
4.322113e-01 1.355403e-01 
4.363013e-01 1.365157e-01 
4.403914e-01 1.374911e-01 
4.444815e-01 1.384666e-01 
4.485716e-01 1.394420e-01 
4.526617e-01 1.404174e-01 
4.567518e-01 1.413929e-01 
4.608419e-01 1.423683e-01 
4.649319e-01 1.433437e-01 
4.690220e-01 1.443191e-01 
4.731121e-01 1.452946e-01 
4.772022e-01 1.462700e-01 
4.812923e-01 1.472454e-01 
4.853824e-01 1.482209e-01 
4.894725e-01 1.491963e-01 
4.935625e-01 1.501717e-01 
4.976526e-01 1.511471e-01 
5.017427e-01 1.521226e-01 
5.058328e-01 1.530980e-01 
5.099229e-01 1.540734e-01 
5.140130e-01 1.550489e-01 
5.181031e-01 1.560243e-01 
5.221931e-01 1.569997e-01 
5.262832e-01 1.579751e-01 
5.303733e-01 1.589506e-01 
5.344634e-01 1.599260e-01 
5.385535e-01 1.609014e-01 
5.426436e-01 1.618769e-01 
5.467337e-01 1.628523e-01 
5.508237e-01 1.638277e-01 
5.549138e-01 1.648031e-01 
2.427257e-01 9.536545e-02 
2.468249e-01 9.631920e-02 
2.509240e-01 9.727295e-02 
2.550232e-01 9.822670e-02 
2.591223e-01 9.918046e-02 
2.632215e-01 1.001342e-01 
2.673206e-01 1.010880e-01 
2.714198e-01 1.020417e-01 
2.755189e-01 1.029955e-01 
2.796181e-01 1.039492e-01 
2.837172e-01 1.049030e-01 
2.878164e-01 1.058567e-01 
2.919155e-01 1.068105e-01 
2.960147e-01 1.077642e-01 
3.001138e-01 1.087180e-01 
3.042130e-01 1.096717e-01 
3.083121e-01 1.106255e-01 
3.124113e-01 1.115792e-01 
3.165104e-01 1.125330e-01 
3.206096e-01 1.134867e-01 
3.247087e-01 1.144405e-01 
3.288079e-01 1.153942e-01 
3.329070e-01 1.163480e-01 
3.370062e-01 1.173018e-01 
3.411053e-01 1.182555e-01 
3.452045e-01 1.192093e-01 
3.493036e-01 1.201630e-01 
3.534028e-01 1.211168e-01 
3.575019e-01 1.220705e-01 
3.616011e-01 1.230243e-01 
3.657002e-01 1.239780e-01 
3.697994e-01 1.249318e-01 
3.738985e-01 1.258855e-01 
3.779977e-01 1.268393e-01 
3.820968e-01 1.277930e-01 
3.861960e-01 1.287468e-01 
3.902951e-01 1.297005e-01 
3.943943e-01 1.306543e-01 
3.984934e-01 1.316080e-01 
4.025926e-01 1.325618e-01 
4.066917e-01 1.335155e-01 
4.107909e-01 1.344693e-01 
4.148900e-01 1.354230e-01 
4.189892e-01 1.363768e-01 
4.230884e-01 1.373306e-01 
4.271875e-01 1.382843e-01 
4.312867e-01 1.392381e-01 
4.353858e-01 1.401918e-01 
4.394850e-01 1.411456e-01 
4.435841e-01 1.420993e-01 
4.476833e-01 1.430531e-01 
4.517824e-01 1.440068e-01 
4.558816e-01 1.449606e-01 
4.599807e-01 1.459143e-01 
4.640799e-01 1.468681e-01 
4.681790e-01 1.478218e-01 
4.722782e-01 1.487756e-01 
4.763773e-01 1.497293e-01 
4.804765e-01 1.506831e-01 
4.845756e-01 1.516368e-01 
4.886748e-01 1.525906e-01 
4.927739e-01 1.535443e-01 
4.968731e-01 1.544981e-01 
5.009722e-01 1.554518e-01 
5.050714e-01 1.564056e-01 
5.091705e-01 1.573594e-01 
5.132697e-01 1.583131e-01 
5.173688e-01 1.592669e-01 
5.214680e-01 1.602206e-01 
5.255671e-01 1.611744e-01 
5.296663e-01 1.621281e-01 
5.337654e-01 1.630819e-01 
5.378646e-01 1.640356e-01 
5.419637e-01 1.649894e-01 
5.460629e-01 1.659431e-01 
5.501620e-01 1.668969e-01 
5.542612e-01 1.678506e-01 
2.413841e-01 1.000603e-01 
2.454924e-01 1.009924e-01 
2.496006e-01 1.019245e-01 
2.537088e-01 1.028566e-01 
2.578170e-01 1.037886e-01 
2.619252e-01 1.047207e-01 
2.660334e-01 1.056528e-01 
2.701417e-01 1.065849e-01 
2.742499e-01 1.075169e-01 
2.783581e-01 1.084490e-01 
2.824663e-01 1.093811e-01 
2.865745e-01 1.103132e-01 
2.906827e-01 1.112452e-01 
2.947909e-01 1.121773e-01 
2.988992e-01 1.131094e-01 
3.030074e-01 1.140415e-01 
3.071156e-01 1.149735e-01 
3.112238e-01 1.159056e-01 
3.153320e-01 1.168377e-01 
3.194402e-01 1.177698e-01 
3.235484e-01 1.187018e-01 
3.276567e-01 1.196339e-01 
3.317649e-01 1.205660e-01 
3.358731e-01 1.214981e-01 
3.399813e-01 1.224302e-01 
3.440895e-01 1.233622e-01 
3.481977e-01 1.242943e-01 
3.523060e-01 1.252264e-01 
3.564142e-01 1.261585e-01 
3.605224e-01 1.270905e-01 
3.646306e-01 1.280226e-01 
3.687388e-01 1.289547e-01 
3.728470e-01 1.298868e-01 
3.769552e-01 1.308188e-01 
3.810635e-01 1.317509e-01 
3.851717e-01 1.326830e-01 
3.892799e-01 1.336151e-01 
3.933881e-01 1.345471e-01 
3.974963e-01 1.354792e-01 
4.016045e-01 1.364113e-01 
4.057128e-01 1.373434e-01 
4.098210e-01 1.382754e-01 
4.139292e-01 1.392075e-01 
4.180374e-01 1.401396e-01 
4.221456e-01 1.410717e-01 
4.262538e-01 1.420038e-01 
4.303620e-01 1.429358e-01 
4.344703e-01 1.438679e-01 
4.385785e-01 1.448000e-01 
4.426867e-01 1.457321e-01 
4.467949e-01 1.466641e-01 
4.509031e-01 1.475962e-01 
4.550113e-01 1.485283e-01 
4.591196e-01 1.494604e-01 
4.632278e-01 1.503924e-01 
4.673360e-01 1.513245e-01 
4.714442e-01 1.522566e-01 
4.755524e-01 1.531887e-01 
4.796606e-01 1.541207e-01 
4.837688e-01 1.550528e-01 
4.878771e-01 1.559849e-01 
4.919853e-01 1.569170e-01 
4.960935e-01 1.578490e-01 
5.002017e-01 1.587811e-01 
5.043099e-01 1.597132e-01 
5.084181e-01 1.606453e-01 
5.125264e-01 1.615774e-01 
5.166346e-01 1.625094e-01 
5.207428e-01 1.634415e-01 
5.248510e-01 1.643736e-01 
5.289592e-01 1.653057e-01 
5.330674e-01 1.662377e-01 
5.371756e-01 1.671698e-01 
5.412839e-01 1.681019e-01 
5.453921e-01 1.690340e-01 
5.495003e-01 1.699660e-01 
5.536085e-01 1.708981e-01 
2.400426e-01 1.047552e-01 
2.441598e-01 1.056656e-01 
2.482771e-01 1.065760e-01 
2.523944e-01 1.074864e-01 
2.565117e-01 1.083968e-01 
2.606290e-01 1.093072e-01 
2.647462e-01 1.102176e-01 
2.688635e-01 1.111280e-01 
2.729808e-01 1.120384e-01 
2.770981e-01 1.129488e-01 
2.812154e-01 1.138592e-01 
2.853326e-01 1.147696e-01 
2.894499e-01 1.156800e-01 
2.935672e-01 1.165904e-01 
2.976845e-01 1.175008e-01 
3.018018e-01 1.184112e-01 
3.059190e-01 1.193216e-01 
3.100363e-01 1.202320e-01 
3.141536e-01 1.211424e-01 
3.182709e-01 1.220528e-01 
3.223882e-01 1.229632e-01 
3.265054e-01 1.238736e-01 
3.306227e-01 1.247840e-01 
3.347400e-01 1.256944e-01 
3.388573e-01 1.266048e-01 
3.429746e-01 1.275152e-01 
3.470918e-01 1.284256e-01 
3.512091e-01 1.293360e-01 
3.553264e-01 1.302464e-01 
3.594437e-01 1.311568e-01 
3.635610e-01 1.320672e-01 
3.676782e-01 1.329776e-01 
3.717955e-01 1.338880e-01 
3.759128e-01 1.347984e-01 
3.800301e-01 1.357088e-01 
3.841474e-01 1.366192e-01 
3.882646e-01 1.375296e-01 
3.923819e-01 1.384400e-01 
3.964992e-01 1.393504e-01 
4.006165e-01 1.402608e-01 
4.047338e-01 1.411712e-01 
4.088510e-01 1.420816e-01 
4.129683e-01 1.429920e-01 
4.170856e-01 1.439024e-01 
4.212029e-01 1.448128e-01 
4.253202e-01 1.457232e-01 
4.294374e-01 1.466336e-01 
4.335547e-01 1.475440e-01 
4.376720e-01 1.484544e-01 
4.417893e-01 1.493648e-01 
4.459066e-01 1.502752e-01 
4.500238e-01 1.511856e-01 
4.541411e-01 1.520960e-01 
4.582584e-01 1.530064e-01 
4.623757e-01 1.539168e-01 
4.664930e-01 1.548272e-01 
4.706102e-01 1.557376e-01 
4.747275e-01 1.566480e-01 
4.788448e-01 1.575584e-01 
4.829621e-01 1.584688e-01 
4.870794e-01 1.593792e-01 
4.911966e-01 1.602896e-01 
4.953139e-01 1.612000e-01 
4.994312e-01 1.621104e-01 
5.035485e-01 1.630208e-01 
5.076658e-01 1.639312e-01 
5.117830e-01 1.648416e-01 
5.159003e-01 1.657520e-01 
5.200176e-01 1.666624e-01 
5.241349e-01 1.675728e-01 
5.282522e-01 1.684832e-01 
5.323694e-01 1.693936e-01 
5.364867e-01 1.703040e-01 
5.406040e-01 1.712144e-01 
5.447213e-01 1.721248e-01 
5.488386e-01 1.730352e-01 
5.529558e-01 1.739456e-01 
2.387010e-01 1.094501e-01 
2.428273e-01 1.103388e-01 
2.469537e-01 1.112275e-01 
2.510800e-01 1.121162e-01 
2.552064e-01 1.130050e-01 
2.593327e-01 1.138937e-01 
2.634590e-01 1.147824e-01 
2.675854e-01 1.156711e-01 
2.717117e-01 1.165599e-01 
2.758381e-01 1.174486e-01 
2.799644e-01 1.183373e-01 
2.840908e-01 1.192260e-01 
2.882171e-01 1.201148e-01 
2.923435e-01 1.210035e-01 
2.964698e-01 1.218922e-01 
3.005961e-01 1.227809e-01 
3.047225e-01 1.236697e-01 
3.088488e-01 1.245584e-01 
3.129752e-01 1.254471e-01 
3.171015e-01 1.263358e-01 
3.212279e-01 1.272246e-01 
3.253542e-01 1.281133e-01 
3.294806e-01 1.290020e-01 
3.336069e-01 1.298907e-01 
3.377332e-01 1.307794e-01 
3.418596e-01 1.316682e-01 
3.459859e-01 1.325569e-01 
3.501123e-01 1.334456e-01 
3.542386e-01 1.343343e-01 
3.583650e-01 1.352231e-01 
3.624913e-01 1.361118e-01 
3.666177e-01 1.370005e-01 
3.707440e-01 1.378892e-01 
3.748704e-01 1.387780e-01 
3.789967e-01 1.396667e-01 
3.831230e-01 1.405554e-01 
3.872494e-01 1.414441e-01 
3.913757e-01 1.423329e-01 
3.955021e-01 1.432216e-01 
3.996284e-01 1.441103e-01 
4.037548e-01 1.449990e-01 
4.078811e-01 1.458878e-01 
4.120075e-01 1.467765e-01 
4.161338e-01 1.476652e-01 
4.202601e-01 1.485539e-01 
4.243865e-01 1.494426e-01 
4.285128e-01 1.503314e-01 
4.326392e-01 1.512201e-01 
4.367655e-01 1.521088e-01 
4.408919e-01 1.529975e-01 
4.450182e-01 1.538863e-01 
4.491446e-01 1.547750e-01 
4.532709e-01 1.556637e-01 
4.573972e-01 1.565524e-01 
4.615236e-01 1.574412e-01 
4.656499e-01 1.583299e-01 
4.697763e-01 1.592186e-01 
4.739026e-01 1.601073e-01 
4.780290e-01 1.609961e-01 
4.821553e-01 1.618848e-01 
4.862817e-01 1.627735e-01 
4.904080e-01 1.636622e-01 
4.945344e-01 1.645510e-01 
4.986607e-01 1.654397e-01 
5.027870e-01 1.663284e-01 
5.069134e-01 1.672171e-01 
5.110397e-01 1.681058e-01 
5.151661e-01 1.689946e-01 
5.192924e-01 1.698833e-01 
5.234188e-01 1.707720e-01 
5.275451e-01 1.716607e-01 
5.316715e-01 1.725495e-01 
5.357978e-01 1.734382e-01 
5.399241e-01 1.743269e-01 
5.440505e-01 1.752156e-01 
5.481768e-01 1.761044e-01 
5.523032e-01 1.769931e-01 
2.373594e-01 1.141450e-01 
2.414948e-01 1.150120e-01 
2.456302e-01 1.158790e-01 
2.497656e-01 1.167461e-01 
2.539010e-01 1.176131e-01 
2.580364e-01 1.184802e-01 
2.621718e-01 1.193472e-01 
2.663073e-01 1.202143e-01 
2.704427e-01 1.210813e-01 
2.745781e-01 1.219484e-01 
2.787135e-01 1.228154e-01 
2.828489e-01 1.236825e-01 
2.869843e-01 1.245495e-01 
2.911197e-01 1.254166e-01 
2.952551e-01 1.262836e-01 
2.993905e-01 1.271507e-01 
3.035259e-01 1.280177e-01 
3.076614e-01 1.288848e-01 
3.117968e-01 1.297518e-01 
3.159322e-01 1.306189e-01 
3.200676e-01 1.314859e-01 
3.242030e-01 1.323530e-01 
3.283384e-01 1.332200e-01 
3.324738e-01 1.340870e-01 
3.366092e-01 1.349541e-01 
3.407446e-01 1.358211e-01 
3.448800e-01 1.366882e-01 
3.490154e-01 1.375552e-01 
3.531509e-01 1.384223e-01 
3.572863e-01 1.392893e-01 
3.614217e-01 1.401564e-01 
3.655571e-01 1.410234e-01 
3.696925e-01 1.418905e-01 
3.738279e-01 1.427575e-01 
3.779633e-01 1.436246e-01 
3.820987e-01 1.444916e-01 
3.862341e-01 1.453587e-01 
3.903695e-01 1.462257e-01 
3.945050e-01 1.470928e-01 
3.986404e-01 1.479598e-01 
4.027758e-01 1.488269e-01 
4.069112e-01 1.496939e-01 
4.110466e-01 1.505610e-01 
4.151820e-01 1.514280e-01 
4.193174e-01 1.522950e-01 
4.234528e-01 1.531621e-01 
4.275882e-01 1.540291e-01 
4.317236e-01 1.548962e-01 
4.358590e-01 1.557632e-01 
4.399945e-01 1.566303e-01 
4.441299e-01 1.574973e-01 
4.482653e-01 1.583644e-01 
4.524007e-01 1.592314e-01 
4.565361e-01 1.600985e-01 
4.606715e-01 1.609655e-01 
4.648069e-01 1.618326e-01 
4.689423e-01 1.626996e-01 
4.730777e-01 1.635667e-01 
4.772131e-01 1.644337e-01 
4.813486e-01 1.653008e-01 
4.854840e-01 1.661678e-01 
4.896194e-01 1.670349e-01 
4.937548e-01 1.679019e-01 
4.978902e-01 1.687690e-01 
5.020256e-01 1.696360e-01 
5.061610e-01 1.705030e-01 
5.102964e-01 1.713701e-01 
5.144318e-01 1.722371e-01 
5.185672e-01 1.731042e-01 
5.227026e-01 1.739712e-01 
5.268381e-01 1.748383e-01 
5.309735e-01 1.757053e-01 
5.351089e-01 1.765724e-01 
5.392443e-01 1.774394e-01 
5.433797e-01 1.783065e-01 
5.475151e-01 1.791735e-01 
5.516505e-01 1.800406e-01 
2.360178e-01 1.188398e-01 
2.401623e-01 1.196852e-01 
2.443068e-01 1.205306e-01 
2.484512e-01 1.213759e-01 
2.525957e-01 1.222213e-01 
2.567402e-01 1.230667e-01 
2.608847e-01 1.239121e-01 
2.650291e-01 1.247574e-01 
2.691736e-01 1.256028e-01 
2.733181e-01 1.264482e-01 
2.774625e-01 1.272935e-01 
2.816070e-01 1.281389e-01 
2.857515e-01 1.289843e-01 
2.898960e-01 1.298297e-01 
2.940404e-01 1.306750e-01 
2.981849e-01 1.315204e-01 
3.023294e-01 1.323658e-01 
3.064739e-01 1.332111e-01 
3.106183e-01 1.340565e-01 
3.147628e-01 1.349019e-01 
3.189073e-01 1.357473e-01 
3.230518e-01 1.365926e-01 
3.271962e-01 1.374380e-01 
3.313407e-01 1.382834e-01 
3.354852e-01 1.391287e-01 
3.396297e-01 1.399741e-01 
3.437741e-01 1.408195e-01 
3.479186e-01 1.416649e-01 
3.520631e-01 1.425102e-01 
3.562076e-01 1.433556e-01 
3.603520e-01 1.442010e-01 
3.644965e-01 1.450463e-01 
3.686410e-01 1.458917e-01 
3.727855e-01 1.467371e-01 
3.769299e-01 1.475825e-01 
3.810744e-01 1.484278e-01 
3.852189e-01 1.492732e-01 
3.893634e-01 1.501186e-01 
3.935078e-01 1.509639e-01 
3.976523e-01 1.518093e-01 
4.017968e-01 1.526547e-01 
4.059413e-01 1.535001e-01 
4.100857e-01 1.543454e-01 
4.142302e-01 1.551908e-01 
4.183747e-01 1.560362e-01 
4.225191e-01 1.568815e-01 
4.266636e-01 1.577269e-01 
4.308081e-01 1.585723e-01 
4.349526e-01 1.594177e-01 
4.390970e-01 1.602630e-01 
4.432415e-01 1.611084e-01 
4.473860e-01 1.619538e-01 
4.515305e-01 1.627991e-01 
4.556749e-01 1.636445e-01 
4.598194e-01 1.644899e-01 
4.639639e-01 1.653353e-01 
4.681084e-01 1.661806e-01 
4.722528e-01 1.670260e-01 
4.763973e-01 1.678714e-01 
4.805418e-01 1.687167e-01 
4.846863e-01 1.695621e-01 
4.888307e-01 1.704075e-01 
4.929752e-01 1.712529e-01 
4.971197e-01 1.720982e-01 
5.012642e-01 1.729436e-01 
5.054086e-01 1.737890e-01 
5.095531e-01 1.746343e-01 
5.136976e-01 1.754797e-01 
5.178421e-01 1.763251e-01 
5.219865e-01 1.771705e-01 
5.261310e-01 1.780158e-01 
5.302755e-01 1.788612e-01 
5.344200e-01 1.797066e-01 
5.385644e-01 1.805519e-01 
5.427089e-01 1.813973e-01 
5.468534e-01 1.822427e-01 
5.509979e-01 1.830881e-01 
2.346762e-01 1.235347e-01 
2.388298e-01 1.243584e-01 
2.429833e-01 1.251821e-01 
2.471368e-01 1.260058e-01 
2.512904e-01 1.268295e-01 
2.554439e-01 1.276532e-01 
2.595975e-01 1.284769e-01 
2.637510e-01 1.293006e-01 
2.679045e-01 1.301243e-01 
2.720581e-01 1.309480e-01 
2.762116e-01 1.317717e-01 
2.803652e-01 1.325954e-01 
2.845187e-01 1.334190e-01 
2.886722e-01 1.342427e-01 
2.928258e-01 1.350664e-01 
2.969793e-01 1.358901e-01 
3.011328e-01 1.367138e-01 
3.052864e-01 1.375375e-01 
3.094399e-01 1.383612e-01 
3.135935e-01 1.391849e-01 
3.177470e-01 1.400086e-01 
3.219005e-01 1.408323e-01 
3.260541e-01 1.416560e-01 
3.302076e-01 1.424797e-01 
3.343612e-01 1.433034e-01 
3.385147e-01 1.441271e-01 
3.426682e-01 1.449508e-01 
3.468218e-01 1.457745e-01 
3.509753e-01 1.465982e-01 
3.551289e-01 1.474219e-01 
3.592824e-01 1.482456e-01 
3.634359e-01 1.490693e-01 
3.675895e-01 1.498930e-01 
3.717430e-01 1.507166e-01 
3.758965e-01 1.515403e-01 
3.800501e-01 1.523640e-01 
3.842036e-01 1.531877e-01 
3.883572e-01 1.540114e-01 
3.925107e-01 1.548351e-01 
3.966642e-01 1.556588e-01 
4.008178e-01 1.564825e-01 
4.049713e-01 1.573062e-01 
4.091249e-01 1.581299e-01 
4.132784e-01 1.589536e-01 
4.174319e-01 1.597773e-01 
4.215855e-01 1.606010e-01 
4.257390e-01 1.614247e-01 
4.298926e-01 1.622484e-01 
4.340461e-01 1.630721e-01 
4.381996e-01 1.638958e-01 
4.423532e-01 1.647195e-01 
4.465067e-01 1.655432e-01 
4.506603e-01 1.663669e-01 
4.548138e-01 1.671906e-01 
4.589673e-01 1.680142e-01 
4.631209e-01 1.688379e-01 
4.672744e-01 1.696616e-01 
4.714279e-01 1.704853e-01 
4.755815e-01 1.713090e-01 
4.797350e-01 1.721327e-01 
4.838886e-01 1.729564e-01 
4.880421e-01 1.737801e-01 
4.921956e-01 1.746038e-01 
4.963492e-01 1.754275e-01 
5.005027e-01 1.762512e-01 
5.046563e-01 1.770749e-01 
5.088098e-01 1.778986e-01 
5.129633e-01 1.787223e-01 
5.171169e-01 1.795460e-01 
5.212704e-01 1.803697e-01 
5.254240e-01 1.811934e-01 
5.295775e-01 1.820171e-01 
5.337310e-01 1.828408e-01 
5.378846e-01 1.836645e-01 
5.420381e-01 1.844882e-01 
5.461916e-01 1.853118e-01 
5.503452e-01 1.861355e-01 
2.333346e-01 1.282296e-01 
2.374972e-01 1.290316e-01 
2.416598e-01 1.298336e-01 
2.458224e-01 1.306356e-01 
2.499851e-01 1.314377e-01 
2.541477e-01 1.322397e-01 
2.583103e-01 1.330417e-01 
2.624729e-01 1.338437e-01 
2.666355e-01 1.346457e-01 
2.707981e-01 1.354478e-01 
2.749607e-01 1.362498e-01 
2.791233e-01 1.370518e-01 
2.832859e-01 1.378538e-01 
2.874485e-01 1.386558e-01 
2.916111e-01 1.394578e-01 
2.957737e-01 1.402599e-01 
2.999363e-01 1.410619e-01 
3.040989e-01 1.418639e-01 
3.082615e-01 1.426659e-01 
3.124241e-01 1.434679e-01 
3.165867e-01 1.442700e-01 
3.207493e-01 1.450720e-01 
3.249119e-01 1.458740e-01 
3.290745e-01 1.466760e-01 
3.332371e-01 1.474780e-01 
3.373997e-01 1.482801e-01 
3.415623e-01 1.490821e-01 
3.457249e-01 1.498841e-01 
3.498875e-01 1.506861e-01 
3.540501e-01 1.514881e-01 
3.582128e-01 1.522902e-01 
3.623754e-01 1.530922e-01 
3.665380e-01 1.538942e-01 
3.707006e-01 1.546962e-01 
3.748632e-01 1.554982e-01 
3.790258e-01 1.563002e-01 
3.831884e-01 1.571023e-01 
3.873510e-01 1.579043e-01 
3.915136e-01 1.587063e-01 
3.956762e-01 1.595083e-01 
3.998388e-01 1.603103e-01 
4.040014e-01 1.611124e-01 
4.081640e-01 1.619144e-01 
4.123266e-01 1.627164e-01 
4.164892e-01 1.635184e-01 
4.206518e-01 1.643204e-01 
4.248144e-01 1.651225e-01 
4.289770e-01 1.659245e-01 
4.331396e-01 1.667265e-01 
4.373022e-01 1.675285e-01 
4.414648e-01 1.683305e-01 
4.456274e-01 1.691326e-01 
4.497900e-01 1.699346e-01 
4.539526e-01 1.707366e-01 
4.581152e-01 1.715386e-01 
4.622778e-01 1.723406e-01 
4.664404e-01 1.731426e-01 
4.706031e-01 1.739447e-01 
4.747657e-01 1.747467e-01 
4.789283e-01 1.755487e-01 
4.830909e-01 1.763507e-01 
4.872535e-01 1.771527e-01 
4.914161e-01 1.779548e-01 
4.955787e-01 1.787568e-01 
4.997413e-01 1.795588e-01 
5.039039e-01 1.803608e-01 
5.080665e-01 1.811628e-01 
5.122291e-01 1.819649e-01 
5.163917e-01 1.827669e-01 
5.205543e-01 1.835689e-01 
5.247169e-01 1.843709e-01 
5.288795e-01 1.851729e-01 
5.330421e-01 1.859750e-01 
5.372047e-01 1.867770e-01 
5.413673e-01 1.875790e-01 
5.455299e-01 1.883810e-01 
5.496925e-01 1.891830e-01 
2.319931e-01 1.329245e-01 
2.361647e-01 1.337048e-01 
2.403364e-01 1.344851e-01 
2.445081e-01 1.352655e-01 
2.486797e-01 1.360458e-01 
2.528514e-01 1.368262e-01 
2.570231e-01 1.376065e-01 
2.611947e-01 1.383869e-01 
2.653664e-01 1.391672e-01 
2.695381e-01 1.399475e-01 
2.737097e-01 1.407279e-01 
2.778814e-01 1.415082e-01 
2.820531e-01 1.422886e-01 
2.862247e-01 1.430689e-01 
2.903964e-01 1.438493e-01 
2.945681e-01 1.446296e-01 
2.987397e-01 1.454099e-01 
3.029114e-01 1.461903e-01 
3.070831e-01 1.469706e-01 
3.112548e-01 1.477510e-01 
3.154264e-01 1.485313e-01 
3.195981e-01 1.493117e-01 
3.237698e-01 1.500920e-01 
3.279414e-01 1.508723e-01 
3.321131e-01 1.516527e-01 
3.362848e-01 1.524330e-01 
3.404564e-01 1.532134e-01 
3.446281e-01 1.539937e-01 
3.487998e-01 1.547741e-01 
3.529714e-01 1.555544e-01 
3.571431e-01 1.563347e-01 
3.613148e-01 1.571151e-01 
3.654864e-01 1.578954e-01 
3.696581e-01 1.586758e-01 
3.738298e-01 1.594561e-01 
3.780015e-01 1.602365e-01 
3.821731e-01 1.610168e-01 
3.863448e-01 1.617971e-01 
3.905165e-01 1.625775e-01 
3.946881e-01 1.633578e-01 
3.988598e-01 1.641382e-01 
4.030315e-01 1.649185e-01 
4.072031e-01 1.656989e-01 
4.113748e-01 1.664792e-01 
4.155465e-01 1.672595e-01 
4.197181e-01 1.680399e-01 
4.238898e-01 1.688202e-01 
4.280615e-01 1.696006e-01 
4.322331e-01 1.703809e-01 
4.364048e-01 1.711613e-01 
4.405765e-01 1.719416e-01 
4.447481e-01 1.727219e-01 
4.489198e-01 1.735023e-01 
4.530915e-01 1.742826e-01 
4.572632e-01 1.750630e-01 
4.614348e-01 1.758433e-01 
4.656065e-01 1.766237e-01 
4.697782e-01 1.774040e-01 
4.739498e-01 1.781843e-01 
4.781215e-01 1.789647e-01 
4.822932e-01 1.797450e-01 
4.864648e-01 1.805254e-01 
4.906365e-01 1.813057e-01 
4.948082e-01 1.820861e-01 
4.989798e-01 1.828664e-01 
5.031515e-01 1.836467e-01 
5.073232e-01 1.844271e-01 
5.114948e-01 1.852074e-01 
5.156665e-01 1.859878e-01 
5.198382e-01 1.867681e-01 
5.240099e-01 1.875485e-01 
5.281815e-01 1.883288e-01 
5.323532e-01 1.891091e-01 
5.365249e-01 1.898895e-01 
5.406965e-01 1.906698e-01 
5.448682e-01 1.914502e-01 
5.490399e-01 1.922305e-01 
2.306515e-01 1.376193e-01 
2.348322e-01 1.383780e-01 
2.390129e-01 1.391367e-01 
2.431937e-01 1.398953e-01 
2.473744e-01 1.406540e-01 
2.515551e-01 1.414127e-01 
2.557359e-01 1.421713e-01 
2.599166e-01 1.429300e-01 
2.640973e-01 1.436887e-01 
2.682781e-01 1.444473e-01 
2.724588e-01 1.452060e-01 
2.766395e-01 1.459647e-01 
2.808203e-01 1.467233e-01 
2.850010e-01 1.474820e-01 
2.891817e-01 1.482407e-01 
2.933625e-01 1.489993e-01 
2.975432e-01 1.497580e-01 
3.017239e-01 1.505167e-01 
3.059047e-01 1.512753e-01 
3.100854e-01 1.520340e-01 
3.142661e-01 1.527927e-01 
3.184469e-01 1.535513e-01 
3.226276e-01 1.543100e-01 
3.268083e-01 1.550687e-01 
3.309891e-01 1.558273e-01 
3.351698e-01 1.565860e-01 
3.393505e-01 1.573447e-01 
3.435313e-01 1.581033e-01 
3.477120e-01 1.588620e-01 
3.518927e-01 1.596207e-01 
3.560735e-01 1.603793e-01 
3.602542e-01 1.611380e-01 
3.644349e-01 1.618967e-01 
3.686157e-01 1.626553e-01 
3.727964e-01 1.634140e-01 
3.769771e-01 1.641727e-01 
3.811579e-01 1.649313e-01 
3.853386e-01 1.656900e-01 
3.895193e-01 1.664487e-01 
3.937001e-01 1.672073e-01 
3.978808e-01 1.679660e-01 
4.020615e-01 1.687247e-01 
4.062423e-01 1.694833e-01 
4.104230e-01 1.702420e-01 
4.146037e-01 1.710007e-01 
4.187845e-01 1.717593e-01 
4.229652e-01 1.725180e-01 
4.271459e-01 1.732767e-01 
4.313267e-01 1.740353e-01 
4.355074e-01 1.747940e-01 
4.396881e-01 1.755527e-01 
4.438689e-01 1.763113e-01 
4.480496e-01 1.770700e-01 
4.522303e-01 1.778287e-01 
4.564111e-01 1.785873e-01 
4.605918e-01 1.793460e-01 
4.647725e-01 1.801047e-01 
4.689533e-01 1.808633e-01 
4.731340e-01 1.816220e-01 
4.773147e-01 1.823807e-01 
4.814955e-01 1.831393e-01 
4.856762e-01 1.838980e-01 
4.898569e-01 1.846567e-01 
4.940377e-01 1.854153e-01 
4.982184e-01 1.861740e-01 
5.023991e-01 1.869327e-01 
5.065799e-01 1.876913e-01 
5.107606e-01 1.884500e-01 
5.149413e-01 1.892087e-01 
5.191221e-01 1.899673e-01 
5.233028e-01 1.907260e-01 
5.274835e-01 1.914847e-01 
5.316643e-01 1.922433e-01 
5.358450e-01 1.930020e-01 
5.400257e-01 1.937607e-01 
5.442065e-01 1.945193e-01 
5.483872e-01 1.952780e-01 
2.293099e-01 1.423142e-01 
2.334997e-01 1.430512e-01 
2.376895e-01 1.437882e-01 
2.418793e-01 1.445252e-01 
2.460691e-01 1.452622e-01 
2.502589e-01 1.459992e-01 
2.544487e-01 1.467362e-01 
2.586385e-01 1.474731e-01 
2.628283e-01 1.482101e-01 
2.670181e-01 1.489471e-01 
2.712079e-01 1.496841e-01 
2.753977e-01 1.504211e-01 
2.795875e-01 1.511581e-01 
2.837773e-01 1.518951e-01 
2.879671e-01 1.526321e-01 
2.921569e-01 1.533691e-01 
2.963467e-01 1.541061e-01 
3.005364e-01 1.548430e-01 
3.047262e-01 1.555800e-01 
3.089160e-01 1.563170e-01 
3.131058e-01 1.570540e-01 
3.172956e-01 1.577910e-01 
3.214854e-01 1.585280e-01 
3.256752e-01 1.592650e-01 
3.298650e-01 1.600020e-01 
3.340548e-01 1.607390e-01 
3.382446e-01 1.614760e-01 
3.424344e-01 1.622130e-01 
3.466242e-01 1.629499e-01 
3.508140e-01 1.636869e-01 
3.550038e-01 1.644239e-01 
3.591936e-01 1.651609e-01 
3.633834e-01 1.658979e-01 
3.675732e-01 1.666349e-01 
3.717630e-01 1.673719e-01 
3.759528e-01 1.681089e-01 
3.801426e-01 1.688459e-01 
3.843324e-01 1.695829e-01 
3.885222e-01 1.703198e-01 
3.927120e-01 1.710568e-01 
3.969018e-01 1.717938e-01 
4.010916e-01 1.725308e-01 
4.052814e-01 1.732678e-01 
4.094712e-01 1.740048e-01 
4.136610e-01 1.747418e-01 
4.178508e-01 1.754788e-01 
4.220406e-01 1.762158e-01 
4.262304e-01 1.769528e-01 
4.304202e-01 1.776898e-01 
4.346100e-01 1.784267e-01 
4.387998e-01 1.791637e-01 
4.429896e-01 1.799007e-01 
4.471794e-01 1.806377e-01 
4.513692e-01 1.813747e-01 
4.555590e-01 1.821117e-01 
4.597488e-01 1.828487e-01 
4.639386e-01 1.835857e-01 
4.681284e-01 1.843227e-01 
4.723182e-01 1.850597e-01 
4.765080e-01 1.857966e-01 
4.806978e-01 1.865336e-01 
4.848876e-01 1.872706e-01 
4.890774e-01 1.880076e-01 
4.932672e-01 1.887446e-01 
4.974570e-01 1.894816e-01 
5.016468e-01 1.902186e-01 
5.058366e-01 1.909556e-01 
5.100264e-01 1.916926e-01 
5.142162e-01 1.924296e-01 
5.184060e-01 1.931666e-01 
5.225957e-01 1.939035e-01 
5.267855e-01 1.946405e-01 
5.309753e-01 1.953775e-01 
5.351651e-01 1.961145e-01 
5.393549e-01 1.968515e-01 
5.435447e-01 1.975885e-01 
5.477345e-01 1.983255e-01 
2.279683e-01 1.470091e-01 
2.321672e-01 1.477244e-01 
2.363660e-01 1.484397e-01 
2.405649e-01 1.491550e-01 
2.447637e-01 1.498703e-01 
2.489626e-01 1.505857e-01 
2.531615e-01 1.513010e-01 
2.573603e-01 1.520163e-01 
2.615592e-01 1.527316e-01 
2.657581e-01 1.534469e-01 
2.699569e-01 1.541622e-01 
2.741558e-01 1.548775e-01 
2.783547e-01 1.555929e-01 
2.825535e-01 1.563082e-01 
2.867524e-01 1.570235e-01 
2.909512e-01 1.577388e-01 
2.951501e-01 1.584541e-01 
2.993490e-01 1.591694e-01 
3.035478e-01 1.598847e-01 
3.077467e-01 1.606001e-01 
3.119456e-01 1.613154e-01 
3.161444e-01 1.620307e-01 
3.203433e-01 1.627460e-01 
3.245421e-01 1.634613e-01 
3.287410e-01 1.641766e-01 
3.329399e-01 1.648919e-01 
3.371387e-01 1.656073e-01 
3.413376e-01 1.663226e-01 
3.455365e-01 1.670379e-01 
3.497353e-01 1.677532e-01 
3.539342e-01 1.684685e-01 
3.581330e-01 1.691838e-01 
3.623319e-01 1.698991e-01 
3.665308e-01 1.706145e-01 
3.707296e-01 1.713298e-01 
3.749285e-01 1.720451e-01 
3.791274e-01 1.727604e-01 
3.833262e-01 1.734757e-01 
3.875251e-01 1.741910e-01 
3.917239e-01 1.749063e-01 
3.959228e-01 1.756217e-01 
4.001217e-01 1.763370e-01 
4.043205e-01 1.770523e-01 
4.085194e-01 1.777676e-01 
4.127183e-01 1.784829e-01 
4.169171e-01 1.791982e-01 
4.211160e-01 1.799135e-01 
4.253149e-01 1.806289e-01 
4.295137e-01 1.813442e-01 
4.337126e-01 1.820595e-01 
4.379114e-01 1.827748e-01 
4.421103e-01 1.834901e-01 
4.463092e-01 1.842054e-01 
4.505080e-01 1.849207e-01 
4.547069e-01 1.856361e-01 
4.589058e-01 1.863514e-01 
4.631046e-01 1.870667e-01 
4.673035e-01 1.877820e-01 
4.715023e-01 1.884973e-01 
4.757012e-01 1.892126e-01 
4.799001e-01 1.899279e-01 
4.840989e-01 1.906433e-01 
4.882978e-01 1.913586e-01 
4.924967e-01 1.920739e-01 
4.966955e-01 1.927892e-01 
5.008944e-01 1.935045e-01 
5.050932e-01 1.942198e-01 
5.092921e-01 1.949351e-01 
5.134910e-01 1.956505e-01 
5.176898e-01 1.963658e-01 
5.218887e-01 1.970811e-01 
5.260876e-01 1.977964e-01 
5.302864e-01 1.985117e-01 
5.344853e-01 1.992270e-01 
5.386841e-01 1.999423e-01 
5.428830e-01 2.006577e-01 
5.470819e-01 2.013730e-01 
2.266267e-01 1.517040e-01 
2.308346e-01 1.523976e-01 
2.350426e-01 1.530912e-01 
2.392505e-01 1.537849e-01 
2.434584e-01 1.544785e-01 
2.476664e-01 1.551722e-01 
2.518743e-01 1.558658e-01 
2.560822e-01 1.565594e-01 
2.602901e-01 1.572531e-01 
2.644981e-01 1.579467e-01 
2.687060e-01 1.586403e-01 
2.729139e-01 1.593340e-01 
2.771218e-01 1.600276e-01 
2.813298e-01 1.607213e-01 
2.855377e-01 1.614149e-01 
2.897456e-01 1.621085e-01 
2.939536e-01 1.628022e-01 
2.981615e-01 1.634958e-01 
3.023694e-01 1.641894e-01 
3.065773e-01 1.648831e-01 
3.107853e-01 1.655767e-01 
3.149932e-01 1.662704e-01 
3.192011e-01 1.669640e-01 
3.234090e-01 1.676576e-01 
3.276170e-01 1.683513e-01 
3.318249e-01 1.690449e-01 
3.360328e-01 1.697386e-01 
3.402408e-01 1.704322e-01 
3.444487e-01 1.711258e-01 
3.486566e-01 1.718195e-01 
3.528645e-01 1.725131e-01 
3.570725e-01 1.732067e-01 
3.612804e-01 1.739004e-01 
3.654883e-01 1.745940e-01 
3.696963e-01 1.752877e-01 
3.739042e-01 1.759813e-01 
3.781121e-01 1.766749e-01 
3.823200e-01 1.773686e-01 
3.865280e-01 1.780622e-01 
3.907359e-01 1.787558e-01 
3.949438e-01 1.794495e-01 
3.991517e-01 1.801431e-01 
4.033597e-01 1.808368e-01 
4.075676e-01 1.815304e-01 
4.117755e-01 1.822240e-01 
4.159835e-01 1.829177e-01 
4.201914e-01 1.836113e-01 
4.243993e-01 1.843050e-01 
4.286072e-01 1.849986e-01 
4.328152e-01 1.856922e-01 
4.370231e-01 1.863859e-01 
4.412310e-01 1.870795e-01 
4.454389e-01 1.877731e-01 
4.496469e-01 1.884668e-01 
4.538548e-01 1.891604e-01 
4.580627e-01 1.898541e-01 
4.622707e-01 1.905477e-01 
4.664786e-01 1.912413e-01 
4.706865e-01 1.919350e-01 
4.748944e-01 1.926286e-01 
4.791024e-01 1.933222e-01 
4.833103e-01 1.940159e-01 
4.875182e-01 1.947095e-01 
4.917262e-01 1.954032e-01 
4.959341e-01 1.960968e-01 
5.001420e-01 1.967904e-01 
5.043499e-01 1.974841e-01 
5.085579e-01 1.981777e-01 
5.127658e-01 1.988714e-01 
5.169737e-01 1.995650e-01 
5.211816e-01 2.002586e-01 
5.253896e-01 2.009523e-01 
5.295975e-01 2.016459e-01 
5.338054e-01 2.023395e-01 
5.380134e-01 2.030332e-01 
5.422213e-01 2.037268e-01 
5.464292e-01 2.044205e-01 
2.252851e-01 1.563988e-01 
2.295021e-01 1.570708e-01 
2.337191e-01 1.577428e-01 
2.379361e-01 1.584147e-01 
2.421531e-01 1.590867e-01 
2.463701e-01 1.597586e-01 
2.505871e-01 1.604306e-01 
2.548041e-01 1.611026e-01 
2.590211e-01 1.617745e-01 
2.632381e-01 1.624465e-01 
2.674551e-01 1.631185e-01 
2.716720e-01 1.637904e-01 
2.758890e-01 1.644624e-01 
2.801060e-01 1.651343e-01 
2.843230e-01 1.658063e-01 
2.885400e-01 1.664783e-01 
2.927570e-01 1.671502e-01 
2.969740e-01 1.678222e-01 
3.011910e-01 1.684942e-01 
3.054080e-01 1.691661e-01 
3.096250e-01 1.698381e-01 
3.138420e-01 1.705100e-01 
3.180590e-01 1.711820e-01 
3.222760e-01 1.718540e-01 
3.264929e-01 1.725259e-01 
3.307099e-01 1.731979e-01 
3.349269e-01 1.738698e-01 
3.391439e-01 1.745418e-01 
3.433609e-01 1.752138e-01 
3.475779e-01 1.758857e-01 
3.517949e-01 1.765577e-01 
3.560119e-01 1.772297e-01 
3.602289e-01 1.779016e-01 
3.644459e-01 1.785736e-01 
3.686629e-01 1.792455e-01 
3.728799e-01 1.799175e-01 
3.770969e-01 1.805895e-01 
3.813138e-01 1.812614e-01 
3.855308e-01 1.819334e-01 
3.897478e-01 1.826054e-01 
3.939648e-01 1.832773e-01 
3.981818e-01 1.839493e-01 
4.023988e-01 1.846212e-01 
4.066158e-01 1.852932e-01 
4.108328e-01 1.859652e-01 
4.150498e-01 1.866371e-01 
4.192668e-01 1.873091e-01 
4.234838e-01 1.879810e-01 
4.277008e-01 1.886530e-01 
4.319178e-01 1.893250e-01 
4.361347e-01 1.899969e-01 
4.403517e-01 1.906689e-01 
4.445687e-01 1.913409e-01 
4.487857e-01 1.920128e-01 
4.530027e-01 1.926848e-01 
4.572197e-01 1.933567e-01 
4.614367e-01 1.940287e-01 
4.656537e-01 1.947007e-01 
4.698707e-01 1.953726e-01 
4.740877e-01 1.960446e-01 
4.783047e-01 1.967166e-01 
4.825217e-01 1.973885e-01 
4.867387e-01 1.980605e-01 
4.909556e-01 1.987324e-01 
4.951726e-01 1.994044e-01 
4.993896e-01 2.000764e-01 
5.036066e-01 2.007483e-01 
5.078236e-01 2.014203e-01 
5.120406e-01 2.020922e-01 
5.162576e-01 2.027642e-01 
5.204746e-01 2.034362e-01 
5.246916e-01 2.041081e-01 
5.289086e-01 2.047801e-01 
5.331256e-01 2.054521e-01 
5.373426e-01 2.061240e-01 
5.415596e-01 2.067960e-01 
5.457765e-01 2.074679e-01 
2.239435e-01 1.610937e-01 
2.281696e-01 1.617440e-01 
2.323957e-01 1.623943e-01 
2.366217e-01 1.630446e-01 
2.408478e-01 1.636949e-01 
2.450738e-01 1.643451e-01 
2.492999e-01 1.649954e-01 
2.535259e-01 1.656457e-01 
2.577520e-01 1.662960e-01 
2.619781e-01 1.669463e-01 
2.662041e-01 1.675966e-01 
2.704302e-01 1.682469e-01 
2.746562e-01 1.688971e-01 
2.788823e-01 1.695474e-01 
2.831083e-01 1.701977e-01 
2.873344e-01 1.708480e-01 
2.915605e-01 1.714983e-01 
2.957865e-01 1.721486e-01 
3.000126e-01 1.727989e-01 
3.042386e-01 1.734491e-01 
3.084647e-01 1.740994e-01 
3.126907e-01 1.747497e-01 
3.169168e-01 1.754000e-01 
3.211429e-01 1.760503e-01 
3.253689e-01 1.767006e-01 
3.295950e-01 1.773509e-01 
3.338210e-01 1.780011e-01 
3.380471e-01 1.786514e-01 
3.422731e-01 1.793017e-01 
3.464992e-01 1.799520e-01 
3.507253e-01 1.806023e-01 
3.549513e-01 1.812526e-01 
3.591774e-01 1.819029e-01 
3.634034e-01 1.825531e-01 
3.676295e-01 1.832034e-01 
3.718555e-01 1.838537e-01 
3.760816e-01 1.845040e-01 
3.803077e-01 1.851543e-01 
3.845337e-01 1.858046e-01 
3.887598e-01 1.864549e-01 
3.929858e-01 1.871051e-01 
3.972119e-01 1.877554e-01 
4.014379e-01 1.884057e-01 
4.056640e-01 1.890560e-01 
4.098901e-01 1.897063e-01 
4.141161e-01 1.903566e-01 
4.183422e-01 1.910069e-01 
4.225682e-01 1.916571e-01 
4.267943e-01 1.923074e-01 
4.310203e-01 1.929577e-01 
4.352464e-01 1.936080e-01 
4.394725e-01 1.942583e-01 
4.436985e-01 1.949086e-01 
4.479246e-01 1.955589e-01 
4.521506e-01 1.962091e-01 
4.563767e-01 1.968594e-01 
4.606027e-01 1.975097e-01 
4.648288e-01 1.981600e-01 
4.690549e-01 1.988103e-01 
4.732809e-01 1.994606e-01 
4.775070e-01 2.001109e-01 
4.817330e-01 2.007611e-01 
4.859591e-01 2.014114e-01 
4.901851e-01 2.020617e-01 
4.944112e-01 2.027120e-01 
4.986373e-01 2.033623e-01 
5.028633e-01 2.040126e-01 
5.070894e-01 2.046629e-01 
5.113154e-01 2.053131e-01 
5.155415e-01 2.059634e-01 
5.197675e-01 2.066137e-01 
5.239936e-01 2.072640e-01 
5.282197e-01 2.079143e-01 
5.324457e-01 2.085646e-01 
5.366718e-01 2.092149e-01 
5.408978e-01 2.098651e-01 
5.451239e-01 2.105154e-01 
2.226020e-01 1.657886e-01 
2.268371e-01 1.664172e-01 
2.310722e-01 1.670458e-01 
2.353073e-01 1.676744e-01 
2.395424e-01 1.683030e-01 
2.437776e-01 1.689316e-01 
2.480127e-01 1.695602e-01 
2.522478e-01 1.701889e-01 
2.564829e-01 1.708175e-01 
2.607181e-01 1.714461e-01 
2.649532e-01 1.720747e-01 
2.691883e-01 1.727033e-01 
2.734234e-01 1.733319e-01 
2.776585e-01 1.739605e-01 
2.818937e-01 1.745891e-01 
2.861288e-01 1.752177e-01 
2.903639e-01 1.758463e-01 
2.945990e-01 1.764750e-01 
2.988342e-01 1.771036e-01 
3.030693e-01 1.777322e-01 
3.073044e-01 1.783608e-01 
3.115395e-01 1.789894e-01 
3.157746e-01 1.796180e-01 
3.200098e-01 1.802466e-01 
3.242449e-01 1.808752e-01 
3.284800e-01 1.815038e-01 
3.327151e-01 1.821324e-01 
3.369502e-01 1.827610e-01 
3.411854e-01 1.833897e-01 
3.454205e-01 1.840183e-01 
3.496556e-01 1.846469e-01 
3.538907e-01 1.852755e-01 
3.581259e-01 1.859041e-01 
3.623610e-01 1.865327e-01 
3.665961e-01 1.871613e-01 
3.708312e-01 1.877899e-01 
3.750663e-01 1.884185e-01 
3.793015e-01 1.890471e-01 
3.835366e-01 1.896758e-01 
3.877717e-01 1.903044e-01 
3.920068e-01 1.909330e-01 
3.962420e-01 1.915616e-01 
4.004771e-01 1.921902e-01 
4.047122e-01 1.928188e-01 
4.089473e-01 1.934474e-01 
4.131824e-01 1.940760e-01 
4.174176e-01 1.947046e-01 
4.216527e-01 1.953332e-01 
4.258878e-01 1.959618e-01 
4.301229e-01 1.965905e-01 
4.343581e-01 1.972191e-01 
4.385932e-01 1.978477e-01 
4.428283e-01 1.984763e-01 
4.470634e-01 1.991049e-01 
4.512985e-01 1.997335e-01 
4.555337e-01 2.003621e-01 
4.597688e-01 2.009907e-01 
4.640039e-01 2.016193e-01 
4.682390e-01 2.022479e-01 
4.724742e-01 2.028766e-01 
4.767093e-01 2.035052e-01 
4.809444e-01 2.041338e-01 
4.851795e-01 2.047624e-01 
4.894146e-01 2.053910e-01 
4.936498e-01 2.060196e-01 
4.978849e-01 2.066482e-01 
5.021200e-01 2.072768e-01 
5.063551e-01 2.079054e-01 
5.105902e-01 2.085340e-01 
5.148254e-01 2.091626e-01 
5.190605e-01 2.097913e-01 
5.232956e-01 2.104199e-01 
5.275307e-01 2.110485e-01 
5.317659e-01 2.116771e-01 
5.360010e-01 2.123057e-01 
5.402361e-01 2.129343e-01 
5.444712e-01 2.135629e-01 
2.212604e-01 1.704835e-01 
2.255046e-01 1.710904e-01 
2.297487e-01 1.716973e-01 
2.339929e-01 1.723043e-01 
2.382371e-01 1.729112e-01 
2.424813e-01 1.735181e-01 
2.467255e-01 1.741251e-01 
2.509697e-01 1.747320e-01 
2.552139e-01 1.753389e-01 
2.594581e-01 1.759459e-01 
2.637022e-01 1.765528e-01 
2.679464e-01 1.771597e-01 
2.721906e-01 1.777667e-01 
2.764348e-01 1.783736e-01 
2.806790e-01 1.789805e-01 
2.849232e-01 1.795875e-01 
2.891674e-01 1.801944e-01 
2.934115e-01 1.808013e-01 
2.976557e-01 1.814083e-01 
3.018999e-01 1.820152e-01 
3.061441e-01 1.826221e-01 
3.103883e-01 1.832291e-01 
3.146325e-01 1.838360e-01 
3.188767e-01 1.844429e-01 
3.231209e-01 1.850499e-01 
3.273650e-01 1.856568e-01 
3.316092e-01 1.862637e-01 
3.358534e-01 1.868707e-01 
3.400976e-01 1.874776e-01 
3.443418e-01 1.880845e-01 
3.485860e-01 1.886915e-01 
3.528302e-01 1.892984e-01 
3.570743e-01 1.899053e-01 
3.613185e-01 1.905123e-01 
3.655627e-01 1.911192e-01 
3.698069e-01 1.917261e-01 
3.740511e-01 1.923331e-01 
3.782953e-01 1.929400e-01 
3.825395e-01 1.935469e-01 
3.867837e-01 1.941539e-01 
3.910278e-01 1.947608e-01 
3.952720e-01 1.953677e-01 
3.995162e-01 1.959747e-01 
4.037604e-01 1.965816e-01 
4.080046e-01 1.971885e-01 
4.122488e-01 1.977955e-01 
4.164930e-01 1.984024e-01 
4.207371e-01 1.990093e-01 
4.249813e-01 1.996163e-01 
4.292255e-01 2.002232e-01 
4.334697e-01 2.008301e-01 
4.377139e-01 2.014371e-01 
4.419581e-01 2.020440e-01 
4.462023e-01 2.026509e-01 
4.504465e-01 2.032579e-01 
4.546906e-01 2.038648e-01 
4.589348e-01 2.044717e-01 
4.631790e-01 2.050787e-01 
4.674232e-01 2.056856e-01 
4.716674e-01 2.062925e-01 
4.759116e-01 2.068995e-01 
4.801558e-01 2.075064e-01 
4.843999e-01 2.081133e-01 
4.886441e-01 2.087203e-01 
4.928883e-01 2.093272e-01 
4.971325e-01 2.099341e-01 
5.013767e-01 2.105411e-01 
5.056209e-01 2.111480e-01 
5.098651e-01 2.117549e-01 
5.141093e-01 2.123619e-01 
5.183534e-01 2.129688e-01 
5.225976e-01 2.135757e-01 
5.268418e-01 2.141827e-01 
5.310860e-01 2.147896e-01 
5.353302e-01 2.153965e-01 
5.395744e-01 2.160035e-01 
5.438186e-01 2.166104e-01 
2.199188e-01 1.751783e-01 
2.241720e-01 1.757636e-01 
2.284253e-01 1.763489e-01 
2.326785e-01 1.769341e-01 
2.369318e-01 1.775194e-01 
2.411850e-01 1.781046e-01 
2.454383e-01 1.786899e-01 
2.496915e-01 1.792751e-01 
2.539448e-01 1.798604e-01 
2.581981e-01 1.804457e-01 
2.624513e-01 1.810309e-01 
2.667046e-01 1.816162e-01 
2.709578e-01 1.822014e-01 
2.752111e-01 1.827867e-01 
2.794643e-01 1.833719e-01 
2.837176e-01 1.839572e-01 
2.879708e-01 1.845425e-01 
2.922241e-01 1.851277e-01 
2.964773e-01 1.857130e-01 
3.007306e-01 1.862982e-01 
3.049838e-01 1.868835e-01 
3.092371e-01 1.874687e-01 
3.134903e-01 1.880540e-01 
3.177436e-01 1.886393e-01 
3.219968e-01 1.892245e-01 
3.262501e-01 1.898098e-01 
3.305033e-01 1.903950e-01 
3.347566e-01 1.909803e-01 
3.390098e-01 1.915655e-01 
3.432631e-01 1.921508e-01 
3.475163e-01 1.927361e-01 
3.517696e-01 1.933213e-01 
3.560228e-01 1.939066e-01 
3.602761e-01 1.944918e-01 
3.645293e-01 1.950771e-01 
3.687826e-01 1.956623e-01 
3.730358e-01 1.962476e-01 
3.772891e-01 1.968329e-01 
3.815423e-01 1.974181e-01 
3.857956e-01 1.980034e-01 
3.900488e-01 1.985886e-01 
3.943021e-01 1.991739e-01 
3.985553e-01 1.997591e-01 
4.028086e-01 2.003444e-01 
4.070619e-01 2.009297e-01 
4.113151e-01 2.015149e-01 
4.155684e-01 2.021002e-01 
4.198216e-01 2.026854e-01 
4.240749e-01 2.032707e-01 
4.283281e-01 2.038559e-01 
4.325814e-01 2.044412e-01 
4.368346e-01 2.050265e-01 
4.410879e-01 2.056117e-01 
4.453411e-01 2.061970e-01 
4.495944e-01 2.067822e-01 
4.538476e-01 2.073675e-01 
4.581009e-01 2.079527e-01 
4.623541e-01 2.085380e-01 
4.666074e-01 2.091233e-01 
4.708606e-01 2.097085e-01 
4.751139e-01 2.102938e-01 
4.793671e-01 2.108790e-01 
4.836204e-01 2.114643e-01 
4.878736e-01 2.120495e-01 
4.921269e-01 2.126348e-01 
4.963801e-01 2.132201e-01 
5.006334e-01 2.138053e-01 
5.048866e-01 2.143906e-01 
5.091399e-01 2.149758e-01 
5.133931e-01 2.155611e-01 
5.176464e-01 2.161463e-01 
5.218996e-01 2.167316e-01 
5.261529e-01 2.173169e-01 
5.304061e-01 2.179021e-01 
5.346594e-01 2.184874e-01 
5.389126e-01 2.190726e-01 
5.431659e-01 2.196579e-01 
2.185772e-01 1.798732e-01 
2.228395e-01 1.804368e-01 
2.271018e-01 1.810004e-01 
2.313642e-01 1.815640e-01 
2.356265e-01 1.821275e-01 
2.398888e-01 1.826911e-01 
2.441511e-01 1.832547e-01 
2.484134e-01 1.838183e-01 
2.526757e-01 1.843819e-01 
2.569380e-01 1.849454e-01 
2.612004e-01 1.855090e-01 
2.654627e-01 1.860726e-01 
2.697250e-01 1.866362e-01 
2.739873e-01 1.871998e-01 
2.782496e-01 1.877634e-01 
2.825119e-01 1.883269e-01 
2.867743e-01 1.888905e-01 
2.910366e-01 1.894541e-01 
2.952989e-01 1.900177e-01 
2.995612e-01 1.905813e-01 
3.038235e-01 1.911448e-01 
3.080858e-01 1.917084e-01 
3.123482e-01 1.922720e-01 
3.166105e-01 1.928356e-01 
3.208728e-01 1.933992e-01 
3.251351e-01 1.939627e-01 
3.293974e-01 1.945263e-01 
3.336597e-01 1.950899e-01 
3.379221e-01 1.956535e-01 
3.421844e-01 1.962171e-01 
3.464467e-01 1.967806e-01 
3.507090e-01 1.973442e-01 
3.549713e-01 1.979078e-01 
3.592336e-01 1.984714e-01 
3.634960e-01 1.990350e-01 
3.677583e-01 1.995986e-01 
3.720206e-01 2.001621e-01 
3.762829e-01 2.007257e-01 
3.805452e-01 2.012893e-01 
3.848075e-01 2.018529e-01 
3.890699e-01 2.024165e-01 
3.933322e-01 2.029800e-01 
3.975945e-01 2.035436e-01 
4.018568e-01 2.041072e-01 
4.061191e-01 2.046708e-01 
4.103814e-01 2.052344e-01 
4.146437e-01 2.057979e-01 
4.189061e-01 2.063615e-01 
4.231684e-01 2.069251e-01 
4.274307e-01 2.074887e-01 
4.316930e-01 2.080523e-01 
4.359553e-01 2.086158e-01 
4.402176e-01 2.091794e-01 
4.444800e-01 2.097430e-01 
4.487423e-01 2.103066e-01 
4.530046e-01 2.108702e-01 
4.572669e-01 2.114338e-01 
4.615292e-01 2.119973e-01 
4.657915e-01 2.125609e-01 
4.700539e-01 2.131245e-01 
4.743162e-01 2.136881e-01 
4.785785e-01 2.142517e-01 
4.828408e-01 2.148152e-01 
4.871031e-01 2.153788e-01 
4.913654e-01 2.159424e-01 
4.956278e-01 2.165060e-01 
4.998901e-01 2.170696e-01 
5.041524e-01 2.176331e-01 
5.084147e-01 2.181967e-01 
5.126770e-01 2.187603e-01 
5.169393e-01 2.193239e-01 
5.212017e-01 2.198875e-01 
5.254640e-01 2.204510e-01 
5.297263e-01 2.210146e-01 
5.339886e-01 2.215782e-01 
5.382509e-01 2.221418e-01 
5.425132e-01 2.227054e-01 
2.172356e-01 1.845681e-01 
2.215070e-01 1.851100e-01 
2.257784e-01 1.856519e-01 
2.300498e-01 1.861938e-01 
2.343211e-01 1.867357e-01 
2.385925e-01 1.872776e-01 
2.428639e-01 1.878195e-01 
2.471353e-01 1.883614e-01 
2.514067e-01 1.889033e-01 
2.556780e-01 1.894452e-01 
2.599494e-01 1.899871e-01 
2.642208e-01 1.905290e-01 
2.684922e-01 1.910710e-01 
2.727636e-01 1.916129e-01 
2.770350e-01 1.921548e-01 
2.813063e-01 1.926967e-01 
2.855777e-01 1.932386e-01 
2.898491e-01 1.937805e-01 
2.941205e-01 1.943224e-01 
2.983919e-01 1.948643e-01 
3.026632e-01 1.954062e-01 
3.069346e-01 1.959481e-01 
3.112060e-01 1.964900e-01 
3.154774e-01 1.970319e-01 
3.197488e-01 1.975738e-01 
3.240201e-01 1.981157e-01 
3.282915e-01 1.986576e-01 
3.325629e-01 1.991995e-01 
3.368343e-01 1.997414e-01 
3.411057e-01 2.002833e-01 
3.453770e-01 2.008252e-01 
3.496484e-01 2.013671e-01 
3.539198e-01 2.019090e-01 
3.581912e-01 2.024510e-01 
3.624626e-01 2.029929e-01 
3.667340e-01 2.035348e-01 
3.710053e-01 2.040767e-01 
3.752767e-01 2.046186e-01 
3.795481e-01 2.051605e-01 
3.838195e-01 2.057024e-01 
3.880909e-01 2.062443e-01 
3.923622e-01 2.067862e-01 
3.966336e-01 2.073281e-01 
4.009050e-01 2.078700e-01 
4.051764e-01 2.084119e-01 
4.094478e-01 2.089538e-01 
4.137191e-01 2.094957e-01 
4.179905e-01 2.100376e-01 
4.222619e-01 2.105795e-01 
4.265333e-01 2.111214e-01 
4.308047e-01 2.116633e-01 
4.350760e-01 2.122052e-01 
4.393474e-01 2.127471e-01 
4.436188e-01 2.132890e-01 
4.478902e-01 2.138310e-01 
4.521616e-01 2.143729e-01 
4.564330e-01 2.149148e-01 
4.607043e-01 2.154567e-01 
4.649757e-01 2.159986e-01 
4.692471e-01 2.165405e-01 
4.735185e-01 2.170824e-01 
4.777899e-01 2.176243e-01 
4.820612e-01 2.181662e-01 
4.863326e-01 2.187081e-01 
4.906040e-01 2.192500e-01 
4.948754e-01 2.197919e-01 
4.991468e-01 2.203338e-01 
5.034181e-01 2.208757e-01 
5.076895e-01 2.214176e-01 
5.119609e-01 2.219595e-01 
5.162323e-01 2.225014e-01 
5.205037e-01 2.230433e-01 
5.247750e-01 2.235852e-01 
5.290464e-01 2.241271e-01 
5.333178e-01 2.246690e-01 
5.375892e-01 2.252110e-01 
5.418606e-01 2.257529e-01 
2.158940e-01 1.892630e-01 
2.201745e-01 1.897832e-01 
2.244549e-01 1.903034e-01 
2.287354e-01 1.908237e-01 
2.330158e-01 1.913439e-01 
2.372963e-01 1.918641e-01 
2.415767e-01 1.923843e-01 
2.458572e-01 1.929046e-01 
2.501376e-01 1.934248e-01 
2.544180e-01 1.939450e-01 
2.586985e-01 1.944653e-01 
2.629789e-01 1.949855e-01 
2.672594e-01 1.955057e-01 
2.715398e-01 1.960259e-01 
2.758203e-01 1.965462e-01 
2.801007e-01 1.970664e-01 
2.843812e-01 1.975866e-01 
2.886616e-01 1.981069e-01 
2.929421e-01 1.986271e-01 
2.972225e-01 1.991473e-01 
3.015029e-01 1.996675e-01 
3.057834e-01 2.001878e-01 
3.100638e-01 2.007080e-01 
3.143443e-01 2.012282e-01 
3.186247e-01 2.017485e-01 
3.229052e-01 2.022687e-01 
3.271856e-01 2.027889e-01 
3.314661e-01 2.033091e-01 
3.357465e-01 2.038294e-01 
3.400270e-01 2.043496e-01 
3.443074e-01 2.048698e-01 
3.485879e-01 2.053901e-01 
3.528683e-01 2.059103e-01 
3.571487e-01 2.064305e-01 
3.614292e-01 2.069507e-01 
3.657096e-01 2.074710e-01 
3.699901e-01 2.079912e-01 
3.742705e-01 2.085114e-01 
3.785510e-01 2.090317e-01 
3.828314e-01 2.095519e-01 
3.871119e-01 2.100721e-01 
3.913923e-01 2.105923e-01 
3.956728e-01 2.111126e-01 
3.999532e-01 2.116328e-01 
4.042336e-01 2.121530e-01 
4.085141e-01 2.126733e-01 
4.127945e-01 2.131935e-01 
4.170750e-01 2.137137e-01 
4.213554e-01 2.142339e-01 
4.256359e-01 2.147542e-01 
4.299163e-01 2.152744e-01 
4.341968e-01 2.157946e-01 
4.384772e-01 2.163149e-01 
4.427577e-01 2.168351e-01 
4.470381e-01 2.173553e-01 
4.513185e-01 2.178755e-01 
4.555990e-01 2.183958e-01 
4.598794e-01 2.189160e-01 
4.641599e-01 2.194362e-01 
4.684403e-01 2.199565e-01 
4.727208e-01 2.204767e-01 
4.770012e-01 2.209969e-01 
4.812817e-01 2.215171e-01 
4.855621e-01 2.220374e-01 
4.898426e-01 2.225576e-01 
4.941230e-01 2.230778e-01 
4.984035e-01 2.235981e-01 
5.026839e-01 2.241183e-01 
5.069643e-01 2.246385e-01 
5.112448e-01 2.251587e-01 
5.155252e-01 2.256790e-01 
5.198057e-01 2.261992e-01 
5.240861e-01 2.267194e-01 
5.283666e-01 2.272397e-01 
5.326470e-01 2.277599e-01 
5.369275e-01 2.282801e-01 
5.412079e-01 2.288003e-01 
BC
4
4
4
4
4
4
4
4
4
4
4
4
4
4
4
4
4
4
4
4
4
4
4
4
4
4
4
4
4
4
4
4
4
4
4
4
4
4
4
4
4
4
4
4
4
4
4
4
4
4
4
4
4
4
4
4
4
4
4
4
4
4
4
4
4
4
4
4
4
4
4
4
4
4
4
4
-1
-1
-1
-1
-1
-1
-1
-1
-1
-1
-1
-1
-1
-1
-1
-1
-1
-1
-1
-1
-1
-1
-1
-1
-1
-1
-1
-1
-1
-1
-1
-1
-1
-1
-1
-1
-1
-1
-1
-1
-1
-1
-1
-1
-1
-1
-1
-1
-1
-1
-1
-1
-1
-1
-1
-1
-1
-1
-1
-1
-1
-1
-1
-1
-1
-1
-1
-1
-1
-1
-1
-1
-1
-1
-1
-1
-1
-1
-1
-1
-1
-1
-1
-1
-1
-1
-1
-1
-1
-1
-1
-1
-1
-1
-1
-1
-1
-1
-1
-1
-1
-1
-1
-1
-1
-1
-1
-1
-1
-1
-1
-1
-1
-1
-1
-1
-1
-1
-1
-1
-1
-1
-1
-1
-1
-1
-1
-1
