npartb: 4 2 
ipartb: 2 1 
ngrid: 80 40 
-1.020208e+00 -1.019833e-03 
-1.018745e+00 5.651801e-02 
-1.013951e+00 1.165437e-01 
-1.005431e+00 1.786254e-01 
-9.928466e-01 2.422412e-01 
-9.759365e-01 3.067894e-01 
-9.545413e-01 3.716071e-01 
-9.286204e-01 4.359957e-01 
-8.982574e-01 4.992489e-01 
-8.636655e-01 5.606869e-01 
-8.251761e-01 6.196864e-01 
-7.832193e-01 6.757061e-01 
-7.383027e-01 7.283080e-01 
-6.909810e-01 7.771675e-01 
-6.418282e-01 8.220782e-01 
-5.914106e-01 8.629489e-01 
-5.402615e-01 8.997923e-01 
-4.888625e-01 9.327122e-01 
-4.376297e-01 9.618859e-01 
-3.869043e-01 9.875453e-01 
-3.369500e-01 1.009959e+00 
-2.879535e-01 1.029415e+00 
-2.400303e-01 1.046209e+00 
-1.932312e-01 1.060628e+00 
-1.475525e-01 1.072945e+00 
-1.029462e-01 1.083412e+00 
-5.933061e-02 1.092255e+00 
-1.660193e-02 1.099674e+00 
2.535594e-02 1.105841e+00 
6.666126e-02 1.110903e+00 
1.074258e-01 1.114984e+00 
1.477472e-01 1.118190e+00 
1.877020e-01 1.120607e+00 
2.273416e-01 1.122312e+00 
2.666877e-01 1.123371e+00 
3.057314e-01 1.123844e+00 
3.444327e-01 1.123788e+00 
3.827225e-01 1.123258e+00 
4.205055e-01 1.122308e+00 
4.576653e-01 1.120993e+00 
4.940696e-01 1.119366e+00 
5.295774e-01 1.117482e+00 
5.640454e-01 1.115391e+00 
5.973345e-01 1.113144e+00 
6.293161e-01 1.110788e+00 
6.598772e-01 1.108365e+00 
6.889240e-01 1.105915e+00 
7.163850e-01 1.103470e+00 
7.422122e-01 1.101061e+00 
7.663807e-01 1.098712e+00 
7.888886e-01 1.096444e+00 
8.097543e-01 1.094271e+00 
8.290143e-01 1.092207e+00 
8.467208e-01 1.090258e+00 
8.629382e-01 1.088431e+00 
8.777404e-01 1.086728e+00 
8.912078e-01 1.085148e+00 
9.034253e-01 1.083690e+00 
9.144792e-01 1.082350e+00 
9.244564e-01 1.081124e+00 
9.334421e-01 1.080005e+00 
9.415188e-01 1.078989e+00 
9.487656e-01 1.078068e+00 
9.552574e-01 1.077236e+00 
9.610646e-01 1.076486e+00 
9.662527e-01 1.075812e+00 
9.708825e-01 1.075206e+00 
9.750098e-01 1.074663e+00 
9.786859e-01 1.074178e+00 
9.819574e-01 1.073744e+00 
9.848669e-01 1.073357e+00 
9.874527e-01 1.073012e+00 
9.897495e-01 1.072705e+00 
9.917887e-01 1.072432e+00 
9.935985e-01 1.072190e+00 
9.952039e-01 1.071975e+00 
9.966277e-01 1.071785e+00 
9.978899e-01 1.071616e+00 
9.990086e-01 1.071467e+00 
1.000000e+00 1.071335e+00 
-1.094685e+00 -1.019833e-03 
-1.093115e+00 6.064544e-02 
-1.087982e+00 1.249716e-01 
-1.078864e+00 1.914957e-01 
-1.065402e+00 2.596586e-01 
-1.047317e+00 3.288160e-01 
-1.024442e+00 3.982584e-01 
-9.967357e-01 4.672384e-01 
-9.642902e-01 5.350001e-01 
-9.273356e-01 6.008159e-01 
-8.862286e-01 6.640185e-01 
-8.414320e-01 7.240278e-01 
-7.934915e-01 7.803737e-01 
-7.430042e-01 8.327075e-01 
-6.905883e-01 8.808068e-01 
-6.368544e-01 9.245726e-01 
-5.823784e-01 9.640171e-01 
-5.276819e-01 9.992508e-01 
-4.732166e-01 1.030463e+00 
-4.193542e-01 1.057901e+00 
-3.663840e-01 1.081854e+00 
-3.145131e-01 1.102631e+00 
-2.638721e-01 1.120550e+00 
-2.145224e-01 1.135919e+00 
-1.664666e-01 1.149034e+00 
-1.196592e-01 1.160165e+00 
-7.401850e-02 1.169559e+00 
-2.943761e-02 1.177432e+00 
1.420435e-02 1.183971e+00 
5.703205e-02 1.189338e+00 
9.916480e-02 1.193667e+00 
1.407085e-01 1.197073e+00 
1.817488e-01 1.199654e+00 
2.223460e-01 1.201492e+00 
2.625316e-01 1.202659e+00 
3.023060e-01 1.203221e+00 
3.416386e-01 1.203239e+00 
3.804694e-01 1.202770e+00 
4.187122e-01 1.201872e+00 
4.562591e-01 1.200602e+00 
4.929862e-01 1.199014e+00 
5.287603e-01 1.197163e+00 
5.634454e-01 1.195103e+00 
5.969092e-01 1.192884e+00 
6.290293e-01 1.190553e+00 
6.596984e-01 1.188154e+00 
6.888278e-01 1.185725e+00 
7.163505e-01 1.183300e+00 
7.422224e-01 1.180910e+00 
7.664221e-01 1.178579e+00 
7.889505e-01 1.176326e+00 
8.098283e-01 1.174169e+00 
8.290943e-01 1.172118e+00 
8.468021e-01 1.170182e+00 
8.630175e-01 1.168367e+00 
8.778154e-01 1.166674e+00 
8.912772e-01 1.165104e+00 
9.034882e-01 1.163655e+00 
9.145353e-01 1.162323e+00 
9.245057e-01 1.161104e+00 
9.334848e-01 1.159993e+00 
9.415553e-01 1.158983e+00 
9.487964e-01 1.158067e+00 
9.552831e-01 1.157240e+00 
9.610857e-01 1.156495e+00 
9.662698e-01 1.155824e+00 
9.708962e-01 1.155222e+00 
9.750205e-01 1.154682e+00 
9.786941e-01 1.154200e+00 
9.819636e-01 1.153768e+00 
9.848713e-01 1.153384e+00 
9.874558e-01 1.153041e+00 
9.897516e-01 1.152735e+00 
9.917900e-01 1.152464e+00 
9.935991e-01 1.152223e+00 
9.952042e-01 1.152009e+00 
9.966277e-01 1.151820e+00 
9.978898e-01 1.151653e+00 
9.990086e-01 1.151504e+00 
1.000000e+00 1.151373e+00 
-1.173884e+00 -1.019833e-03 
-1.172202e+00 6.503458e-02 
-1.166708e+00 1.339340e-01 
-1.156956e+00 2.051825e-01 
-1.142561e+00 2.781814e-01 
-1.123230e+00 3.522412e-01 
-1.098784e+00 4.266032e-01 
-1.069182e+00 5.004677e-01 
-1.034526e+00 5.730266e-01 
-9.950621e-01 6.435016e-01 
-9.511751e-01 7.111783e-01 
-9.033621e-01 7.754353e-01 
-8.522093e-01 8.357686e-01 
-7.983584e-01 8.918037e-01 
-7.424747e-01 9.433009e-01 
-6.852158e-01 9.901528e-01 
-6.272032e-01 1.032371e+00 
-5.690006e-01 1.070073e+00 
-5.110976e-01 1.103460e+00 
-4.538986e-01 1.132799e+00 
-3.977202e-01 1.158396e+00 
-3.427911e-01 1.180585e+00 
-2.892581e-01 1.199705e+00 
-2.371939e-01 1.216091e+00 
-1.866079e-01 1.230059e+00 
-1.374577e-01 1.241903e+00 
-8.966100e-02 1.251888e+00 
-4.310810e-02 1.260248e+00 
2.327042e-03 1.267187e+00 
4.677583e-02 1.272880e+00 
9.036557e-02 1.277475e+00 
1.332110e-01 1.281099e+00 
1.754073e-01 1.283856e+00 
2.170246e-01 1.285837e+00 
2.581044e-01 1.287121e+00 
2.986570e-01 1.287780e+00 
3.386621e-01 1.287877e+00 
3.780692e-01 1.287475e+00 
4.168018e-01 1.286633e+00 
4.547611e-01 1.285411e+00 
4.918321e-01 1.283865e+00 
5.278898e-01 1.282052e+00 
5.628061e-01 1.280026e+00 
5.964560e-01 1.277837e+00 
6.287236e-01 1.275534e+00 
6.595078e-01 1.273160e+00 
6.887253e-01 1.270755e+00 
7.163138e-01 1.268352e+00 
7.422333e-01 1.265982e+00 
7.664663e-01 1.263670e+00 
7.890164e-01 1.261435e+00 
8.099072e-01 1.259294e+00 
8.291795e-01 1.257258e+00 
8.468887e-01 1.255336e+00 
8.631020e-01 1.253534e+00 
8.778954e-01 1.251853e+00 
8.913511e-01 1.250293e+00 
9.035552e-01 1.248854e+00 
9.145951e-01 1.247531e+00 
9.245582e-01 1.246321e+00 
9.335303e-01 1.245217e+00 
9.415942e-01 1.244213e+00 
9.488293e-01 1.243304e+00 
9.553105e-01 1.242482e+00 
9.611082e-01 1.241741e+00 
9.662881e-01 1.241075e+00 
9.709107e-01 1.240477e+00 
9.750319e-01 1.239940e+00 
9.787029e-01 1.239461e+00 
9.819702e-01 1.239032e+00 
9.848761e-01 1.238650e+00 
9.874592e-01 1.238309e+00 
9.897538e-01 1.238006e+00 
9.917914e-01 1.237736e+00 
9.935999e-01 1.237497e+00 
9.952045e-01 1.237285e+00 
9.966278e-01 1.237097e+00 
9.978898e-01 1.236930e+00 
9.990085e-01 1.236783e+00 
1.000000e+00 1.236653e+00 
-1.258054e+00 -1.019833e-03 
-1.256251e+00 6.969918e-02 
-1.250376e+00 1.434589e-01 
-1.239950e+00 2.197285e-01 
-1.224567e+00 2.978676e-01 
-1.203913e+00 3.771385e-01 
-1.177801e+00 4.567303e-01 
-1.146188e+00 5.357881e-01 
-1.109185e+00 6.134484e-01 
-1.067059e+00 6.888788e-01 
-1.020222e+00 7.613151e-01 
-9.692066e-01 8.300921e-01 
-9.146432e-01 8.946694e-01 
-8.572206e-01 9.546451e-01 
-7.976539e-01 1.009761e+00 
-7.366507e-01 1.059901e+00 
-6.748807e-01 1.105075e+00 
-6.129525e-01 1.145409e+00 
-5.513958e-01 1.181116e+00 
-4.906501e-01 1.212481e+00 
-4.310609e-01 1.239834e+00 
-3.728800e-01 1.263530e+00 
-3.162716e-01 1.283936e+00 
-2.613204e-01 1.301408e+00 
-2.080430e-01 1.316290e+00 
-1.564004e-01 1.328896e+00 
-1.063099e-01 1.339513e+00 
-5.765875e-02 1.348395e+00 
-1.031547e-02 1.355763e+00 
3.585846e-02 1.361807e+00 
8.099883e-02 1.366689e+00 
1.252298e-01 1.370546e+00 
1.686565e-01 1.373493e+00 
2.113596e-01 1.375629e+00 
2.533911e-01 1.377040e+00 
2.947723e-01 1.377802e+00 
3.354931e-01 1.377986e+00 
3.755138e-01 1.377656e+00 
4.147678e-01 1.376876e+00 
4.531662e-01 1.375706e+00 
4.906033e-01 1.374206e+00 
5.269630e-01 1.372434e+00 
5.621255e-01 1.370444e+00 
5.959735e-01 1.368288e+00 
6.283982e-01 1.366016e+00 
6.593050e-01 1.363670e+00 
6.886161e-01 1.361290e+00 
7.162747e-01 1.358912e+00 
7.422450e-01 1.356564e+00 
7.665132e-01 1.354272e+00 
7.890866e-01 1.352057e+00 
8.099912e-01 1.349933e+00 
8.292702e-01 1.347914e+00 
8.469809e-01 1.346007e+00 
8.631919e-01 1.344219e+00 
8.779805e-01 1.342551e+00 
8.914298e-01 1.341003e+00 
9.036266e-01 1.339575e+00 
9.146587e-01 1.338262e+00 
9.246141e-01 1.337060e+00 
9.335787e-01 1.335964e+00 
9.416356e-01 1.334968e+00 
9.488643e-01 1.334065e+00 
9.553396e-01 1.333249e+00 
9.611322e-01 1.332514e+00 
9.663076e-01 1.331852e+00 
9.709263e-01 1.331258e+00 
9.750441e-01 1.330726e+00 
9.787122e-01 1.330249e+00 
9.819772e-01 1.329824e+00 
9.848812e-01 1.329444e+00 
9.874627e-01 1.329106e+00 
9.897562e-01 1.328805e+00 
9.917928e-01 1.328537e+00 
9.936007e-01 1.328299e+00 
9.952048e-01 1.328089e+00 
9.966278e-01 1.327902e+00 
9.978897e-01 1.327737e+00 
9.990084e-01 1.327590e+00 
1.000000e+00 1.327461e+00 
-1.347447e+00 -1.019833e-03 
-1.345517e+00 7.465327e-02 
-1.339237e+00 1.535750e-01 
-1.328098e+00 2.351778e-01 
-1.311666e+00 3.187765e-01 
-1.289610e+00 4.035831e-01 
-1.261731e+00 4.887309e-01 
-1.227986e+00 5.733068e-01 
-1.188496e+00 6.563883e-01 
-1.143546e+00 7.370858e-01 
-1.093579e+00 8.145821e-01 
-1.039167e+00 8.881655e-01 
-9.809850e-01 9.572570e-01 
-9.197723e-01 1.021425e+00 
-8.562966e-01 1.080393e+00 
-7.913186e-01 1.134033e+00 
-7.255592e-01 1.182356e+00 
-6.596746e-01 1.225493e+00 
-5.942375e-01 1.263673e+00 
-5.297243e-01 1.297200e+00 
-4.665113e-01 1.326425e+00 
-4.048751e-01 1.351730e+00 
-3.449982e-01 1.373508e+00 
-2.869784e-01 1.392142e+00 
-2.308402e-01 1.407999e+00 
-1.765478e-01 1.421421e+00 
-1.240185e-01 1.432715e+00 
-7.313615e-02 1.442157e+00 
-2.376372e-02 1.449985e+00 
2.424491e-02 1.456406e+00 
7.103447e-02 1.461595e+00 
1.167391e-01 1.465703e+00 
1.614746e-01 1.468854e+00 
2.053326e-01 1.471157e+00 
2.483767e-01 1.472704e+00 
2.906392e-01 1.473579e+00 
3.321215e-01 1.473856e+00 
3.727949e-01 1.473605e+00 
4.126036e-01 1.472891e+00 
4.514692e-01 1.471779e+00 
4.892958e-01 1.470329e+00 
5.259768e-01 1.468601e+00 
5.614013e-01 1.466651e+00 
5.954601e-01 1.464531e+00 
6.280520e-01 1.462292e+00 
6.590891e-01 1.459976e+00 
6.885000e-01 1.457625e+00 
7.162330e-01 1.455273e+00 
7.422573e-01 1.452949e+00 
7.665632e-01 1.450680e+00 
7.891612e-01 1.448485e+00 
8.100806e-01 1.446382e+00 
8.293668e-01 1.444380e+00 
8.470790e-01 1.442490e+00 
8.632876e-01 1.440717e+00 
8.780711e-01 1.439063e+00 
8.915136e-01 1.437529e+00 
9.037025e-01 1.436112e+00 
9.147264e-01 1.434809e+00 
9.246736e-01 1.433617e+00 
9.336303e-01 1.432530e+00 
9.416797e-01 1.431542e+00 
9.489015e-01 1.430646e+00 
9.553707e-01 1.429837e+00 
9.611577e-01 1.429107e+00 
9.663283e-01 1.428450e+00 
9.709428e-01 1.427861e+00 
9.750571e-01 1.427333e+00 
9.787222e-01 1.426860e+00 
9.819846e-01 1.426438e+00 
9.848867e-01 1.426062e+00 
9.874665e-01 1.425726e+00 
9.897587e-01 1.425427e+00 
9.917944e-01 1.425161e+00 
9.936015e-01 1.424925e+00 
9.952052e-01 1.424716e+00 
9.966279e-01 1.424531e+00 
9.978896e-01 1.424367e+00 
9.990083e-01 1.424222e+00 
1.000000e+00 1.424093e+00 
-1.442322e+00 -1.019833e-03 
-1.440256e+00 7.991116e-02 
-1.433547e+00 1.643117e-01 
-1.421653e+00 2.515748e-01 
-1.404111e+00 3.409686e-01 
-1.380569e+00 4.316515e-01 
-1.350819e+00 5.226978e-01 
-1.314815e+00 6.131328e-01 
-1.272688e+00 7.019713e-01 
-1.224746e+00 7.882633e-01 
-1.171462e+00 8.711354e-01 
-1.113449e+00 9.498263e-01 
-1.051430e+00 1.023716e+00 
-9.861985e-01 1.092342e+00 
-9.185769e-01 1.155406e+00 
-8.493824e-01 1.212770e+00 
-7.793903e-01 1.264444e+00 
-7.093073e-01 1.310566e+00 
-6.397516e-01 1.351380e+00 
-5.712390e-01 1.387210e+00 
-5.041787e-01 1.418431e+00 
-4.388734e-01 1.445453e+00 
-3.755255e-01 1.468694e+00 
-3.142464e-01 1.488568e+00 
-2.550691e-01 1.505469e+00 
-1.979616e-01 1.519762e+00 
-1.428410e-01 1.531781e+00 
-8.958790e-02 1.541821e+00 
-3.805913e-02 1.550142e+00 
1.189934e-02 1.556967e+00 
6.044170e-02 1.562486e+00 
1.077126e-01 1.566863e+00 
1.538393e-01 1.570234e+00 
1.989251e-01 1.572717e+00 
2.430455e-01 1.574412e+00 
2.862449e-01 1.575408e+00 
3.285368e-01 1.575786e+00 
3.699042e-01 1.575619e+00 
4.103027e-01 1.574978e+00 
4.496649e-01 1.573928e+00 
4.879056e-01 1.572533e+00 
5.249283e-01 1.570853e+00 
5.606312e-01 1.568946e+00 
5.949141e-01 1.566866e+00 
6.276838e-01 1.564662e+00 
6.588596e-01 1.562380e+00 
6.883765e-01 1.560059e+00 
7.161888e-01 1.557736e+00 
7.422705e-01 1.555439e+00 
7.666163e-01 1.553194e+00 
7.892406e-01 1.551023e+00 
8.101756e-01 1.548940e+00 
8.294694e-01 1.546958e+00 
8.471833e-01 1.545087e+00 
8.633894e-01 1.543330e+00 
8.781675e-01 1.541691e+00 
8.916027e-01 1.540171e+00 
9.037833e-01 1.538767e+00 
9.147984e-01 1.537476e+00 
9.247368e-01 1.536295e+00 
9.336851e-01 1.535217e+00 
9.417266e-01 1.534237e+00 
9.489411e-01 1.533349e+00 
9.554037e-01 1.532547e+00 
9.611849e-01 1.531823e+00 
9.663503e-01 1.531172e+00 
9.709604e-01 1.530588e+00 
9.750709e-01 1.530065e+00 
9.787328e-01 1.529596e+00 
9.819926e-01 1.529177e+00 
9.848924e-01 1.528804e+00 
9.874705e-01 1.528471e+00 
9.897614e-01 1.528175e+00 
9.917960e-01 1.527911e+00 
9.936024e-01 1.527677e+00 
9.952056e-01 1.527470e+00 
9.966279e-01 1.527286e+00 
9.978895e-01 1.527124e+00 
9.990082e-01 1.526980e+00 
1.000000e+00 1.526852e+00 
-1.542940e+00 -1.019833e-03 
-1.540731e+00 8.548735e-02 
-1.533569e+00 1.756983e-01 
-1.520875e+00 2.689649e-01 
-1.502157e+00 3.645054e-01 
-1.477043e+00 4.614214e-01 
-1.445311e+00 5.587254e-01 
-1.406916e+00 6.553769e-01 
-1.361997e+00 7.503246e-01 
-1.310886e+00 8.425544e-01 
-1.254089e+00 9.311333e-01 
-1.192261e+00 1.015248e+00 
-1.126178e+00 1.094234e+00 
-1.056687e+00 1.167596e+00 
-9.846716e-01 1.235013e+00 
-9.110076e-01 1.296336e+00 
-8.365279e-01 1.351574e+00 
-7.619929e-01 1.400872e+00 
-6.880691e-01 1.444490e+00 
-6.153142e-01 1.482771e+00 
-5.441722e-01 1.516119e+00 
-4.749738e-01 1.544970e+00 
-4.079422e-01 1.569772e+00 
-3.432039e-01 1.590969e+00 
-2.808006e-01 1.608983e+00 
-2.207046e-01 1.624207e+00 
-1.628329e-01 1.637001e+00 
-1.070624e-01 1.647681e+00 
-5.324387e-02 1.656530e+00 
-1.214723e-03 1.663787e+00 
4.918921e-02 1.669661e+00 
9.812376e-02 1.674327e+00 
1.457281e-01 1.677935e+00 
1.921180e-01 1.680610e+00 
2.373817e-01 1.682464e+00 
2.815765e-01 1.683591e+00 
3.247284e-01 1.684078e+00 
3.668330e-01 1.684004e+00 
4.078580e-01 1.683440e+00 
4.477479e-01 1.682458e+00 
4.864286e-01 1.681122e+00 
5.238142e-01 1.679495e+00 
5.598131e-01 1.677635e+00 
5.943341e-01 1.675597e+00 
6.272927e-01 1.673433e+00 
6.586157e-01 1.671187e+00 
6.882453e-01 1.668900e+00 
7.161417e-01 1.666607e+00 
7.422845e-01 1.664339e+00 
7.666728e-01 1.662121e+00 
7.893250e-01 1.659974e+00 
8.102766e-01 1.657915e+00 
8.295785e-01 1.655955e+00 
8.472942e-01 1.654103e+00 
8.634976e-01 1.652364e+00 
8.782698e-01 1.650742e+00 
8.916973e-01 1.649237e+00 
9.038691e-01 1.647847e+00 
9.148749e-01 1.646569e+00 
9.248041e-01 1.645399e+00 
9.337433e-01 1.644332e+00 
9.417764e-01 1.643361e+00 
9.489831e-01 1.642482e+00 
9.554388e-01 1.641687e+00 
9.612137e-01 1.640970e+00 
9.663736e-01 1.640326e+00 
9.709790e-01 1.639747e+00 
9.750855e-01 1.639228e+00 
9.787440e-01 1.638764e+00 
9.820010e-01 1.638349e+00 
9.848986e-01 1.637979e+00 
9.874748e-01 1.637650e+00 
9.897642e-01 1.637356e+00 
9.917978e-01 1.637095e+00 
9.936034e-01 1.636863e+00 
9.952060e-01 1.636658e+00 
9.966280e-01 1.636476e+00 
9.978894e-01 1.636315e+00 
9.990081e-01 1.636172e+00 
1.000000e+00 1.636046e+00 
-1.649565e+00 -1.019833e-03 
-1.647206e+00 9.139650e-02 
-1.639563e+00 1.877650e-01 
-1.626023e+00 2.873938e-01 
-1.606063e+00 3.894487e-01 
-1.579285e+00 4.929715e-01 
-1.545457e+00 5.969086e-01 
-1.504532e+00 7.001506e-01 
-1.456660e+00 8.015763e-01 
-1.402195e+00 9.001034e-01 
-1.341680e+00 9.947360e-01 
-1.275815e+00 1.084605e+00 
-1.205429e+00 1.168999e+00 
-1.131428e+00 1.247389e+00 
-1.054759e+00 1.319429e+00 
-9.763613e-01 1.384959e+00 
-8.971275e-01 1.443983e+00 
-8.178755e-01 1.496657e+00 
-7.393226e-01 1.543257e+00 
-6.620712e-01 1.584147e+00 
-5.866023e-01 1.619758e+00 
-5.132761e-01 1.650557e+00 
-4.423385e-01 1.677023e+00 
-3.739315e-01 1.699630e+00 
-3.081067e-01 1.718831e+00 
-2.448405e-01 1.735050e+00 
-1.840502e-01 1.748670e+00 
-1.256088e-01 1.760035e+00 
-6.936063e-02 1.769448e+00 
-1.513420e-02 1.777169e+00 
3.724526e-02 1.783422e+00 
8.794536e-02 1.788398e+00 
1.371179e-01 1.792259e+00 
1.848921e-01 1.795143e+00 
2.313693e-01 1.797167e+00 
2.766206e-01 1.798436e+00 
3.206854e-01 1.799041e+00 
3.635725e-01 1.799065e+00 
4.052627e-01 1.798587e+00 
4.457127e-01 1.797677e+00 
4.848605e-01 1.796405e+00 
5.226315e-01 1.794835e+00 
5.589445e-01 1.793026e+00 
5.937183e-01 1.791035e+00 
6.268773e-01 1.788913e+00 
6.583568e-01 1.786706e+00 
6.881060e-01 1.784455e+00 
7.160918e-01 1.782197e+00 
7.422993e-01 1.779960e+00 
7.667328e-01 1.777771e+00 
7.894146e-01 1.775652e+00 
8.103839e-01 1.773617e+00 
8.296943e-01 1.771681e+00 
8.474119e-01 1.769850e+00 
8.636124e-01 1.768131e+00 
8.783785e-01 1.766527e+00 
8.917978e-01 1.765039e+00 
9.039602e-01 1.763664e+00 
9.149562e-01 1.762400e+00 
9.248754e-01 1.761242e+00 
9.338052e-01 1.760186e+00 
9.418293e-01 1.759226e+00 
9.490278e-01 1.758356e+00 
9.554760e-01 1.757569e+00 
9.612444e-01 1.756860e+00 
9.663985e-01 1.756222e+00 
9.709988e-01 1.755649e+00 
9.751010e-01 1.755136e+00 
9.787560e-01 1.754677e+00 
9.820100e-01 1.754266e+00 
9.849051e-01 1.753900e+00 
9.874794e-01 1.753573e+00 
9.897672e-01 1.753283e+00 
9.917996e-01 1.753024e+00 
9.936044e-01 1.752795e+00 
9.952064e-01 1.752592e+00 
9.966281e-01 1.752411e+00 
9.978893e-01 1.752252e+00 
9.990080e-01 1.752111e+00 
1.000000e+00 1.751986e+00 
-1.762463e+00 -1.019833e-03 
-1.759944e+00 9.765328e-02 
-1.751795e+00 2.005417e-01 
-1.737360e+00 3.069073e-01 
-1.716086e+00 4.158607e-01 
-1.687551e+00 5.263802e-01 
-1.651508e+00 6.373429e-01 
-1.607907e+00 7.475663e-01 
-1.556913e+00 8.558550e-01 
-1.498903e+00 9.610551e-01 
-1.434456e+00 1.062104e+00 
-1.364322e+00 1.158073e+00 
-1.289383e+00 1.248203e+00 
-1.210612e+00 1.331926e+00 
-1.129020e+00 1.408872e+00 
-1.045612e+00 1.478865e+00 
-9.613457e-01 1.541910e+00 
-8.770997e-01 1.598171e+00 
-7.936454e-01 1.647938e+00 
-7.116319e-01 1.691602e+00 
-6.315799e-01 1.729621e+00 
-5.538810e-01 1.762492e+00 
-4.788049e-01 1.790728e+00 
-4.065104e-01 1.814837e+00 
-3.370594e-01 1.835304e+00 
-2.704333e-01 1.852582e+00 
-2.065492e-01 1.867085e+00 
-1.452765e-01 1.879181e+00 
-8.645242e-02 1.889197e+00 
-2.989627e-02 1.897413e+00 
2.457788e-02 1.904073e+00 
7.715018e-02 1.909382e+00 
1.279858e-01 1.913515e+00 
1.772279e-01 1.916622e+00 
2.249921e-01 1.918830e+00 
2.713639e-01 1.920250e+00 
3.163970e-01 1.920982e+00 
3.601141e-01 1.921114e+00 
4.025097e-01 1.920726e+00 
4.435539e-01 1.919896e+00 
4.831972e-01 1.918694e+00 
5.213768e-01 1.917185e+00 
5.580230e-01 1.915432e+00 
5.930651e-01 1.913491e+00 
6.264368e-01 1.911415e+00 
6.580821e-01 1.909251e+00 
6.879582e-01 1.907040e+00 
7.160388e-01 1.904817e+00 
7.423150e-01 1.902615e+00 
7.667964e-01 1.900458e+00 
7.895096e-01 1.898368e+00 
8.104976e-01 1.896361e+00 
8.298172e-01 1.894449e+00 
8.475368e-01 1.892642e+00 
8.637342e-01 1.890945e+00 
8.784938e-01 1.889360e+00 
8.919044e-01 1.887890e+00 
9.040568e-01 1.886531e+00 
9.150423e-01 1.885282e+00 
9.249511e-01 1.884138e+00 
9.338708e-01 1.883094e+00 
9.418854e-01 1.882145e+00 
9.490752e-01 1.881285e+00 
9.555155e-01 1.880508e+00 
9.612768e-01 1.879807e+00 
9.664248e-01 1.879176e+00 
9.710199e-01 1.878609e+00 
9.751175e-01 1.878102e+00 
9.787686e-01 1.877648e+00 
9.820194e-01 1.877242e+00 
9.849120e-01 1.876880e+00 
9.874842e-01 1.876557e+00 
9.897704e-01 1.876270e+00 
9.918016e-01 1.876014e+00 
9.936054e-01 1.875787e+00 
9.952068e-01 1.875586e+00 
9.966281e-01 1.875408e+00 
9.978892e-01 1.875250e+00 
9.990079e-01 1.875110e+00 
1.000000e+00 1.874987e+00 
-1.881898e+00 -1.019833e-03 
-1.879210e+00 1.042723e-01 
-1.870525e+00 2.140583e-01 
-1.855147e+00 3.275512e-01 
-1.832486e+00 4.438034e-01 
-1.802094e+00 5.617262e-01 
-1.763711e+00 6.801235e-01 
-1.717287e+00 7.977356e-01 
-1.662994e+00 9.132891e-01 
-1.601239e+00 1.025554e+00 
-1.532639e+00 1.133397e+00 
-1.457992e+00 1.235828e+00 
-1.378244e+00 1.332035e+00 
-1.294430e+00 1.421410e+00 
-1.207632e+00 1.503556e+00 
-1.118926e+00 1.578283e+00 
-1.029339e+00 1.645594e+00 
-9.398103e-01 1.705660e+00 
-8.511705e-01 1.758791e+00 
-7.641183e-01 1.805400e+00 
-6.792161e-01 1.845976e+00 
-5.968890e-01 1.881051e+00 
-5.174320e-01 1.911171e+00 
-4.410217e-01 1.936878e+00 
-3.677312e-01 1.958692e+00 
-2.975470e-01 1.977099e+00 
-2.303864e-01 1.992542e+00 
-1.661148e-01 2.005419e+00 
-1.045622e-01 2.016078e+00 
-4.553817e-02 2.024824e+00 
1.115512e-02 2.031918e+00 
6.571093e-02 2.037583e+00 
1.183086e-01 2.042008e+00 
1.691060e-01 2.045354e+00 
2.182340e-01 2.047760e+00 
2.657931e-01 2.049344e+00 
3.118522e-01 2.050212e+00 
3.564489e-01 2.050459e+00 
3.995922e-01 2.050171e+00 
4.412660e-01 2.049426e+00 
4.814343e-01 2.048298e+00 
5.200471e-01 2.046856e+00 
5.570465e-01 2.045163e+00 
5.923727e-01 2.043277e+00 
6.259698e-01 2.041251e+00 
6.577910e-01 2.039133e+00 
6.878016e-01 2.036965e+00 
7.159826e-01 2.034782e+00 
7.423317e-01 2.032617e+00 
7.668638e-01 2.030494e+00 
7.896104e-01 2.028436e+00 
8.106182e-01 2.026458e+00 
8.299474e-01 2.024574e+00 
8.476691e-01 2.022792e+00 
8.638633e-01 2.021118e+00 
8.786161e-01 2.019555e+00 
8.920174e-01 2.018104e+00 
9.041593e-01 2.016763e+00 
9.151337e-01 2.015530e+00 
9.250314e-01 2.014401e+00 
9.339403e-01 2.013371e+00 
9.419449e-01 2.012434e+00 
9.491254e-01 2.011585e+00 
9.555574e-01 2.010817e+00 
9.613113e-01 2.010125e+00 
9.664527e-01 2.009502e+00 
9.710422e-01 2.008942e+00 
9.751350e-01 2.008441e+00 
9.787821e-01 2.007992e+00 
9.820295e-01 2.007592e+00 
9.849193e-01 2.007234e+00 
9.874893e-01 2.006915e+00 
9.897738e-01 2.006631e+00 
9.918037e-01 2.006379e+00 
9.936066e-01 2.006155e+00 
9.952073e-01 2.005956e+00 
9.966282e-01 2.005780e+00 
9.978891e-01 2.005624e+00 
9.990077e-01 2.005486e+00 
1.000000e+00 2.005364e+00 
-2.008130e+00 -1.019833e-03 
-2.005264e+00 1.112681e-01 
-1.996015e+00 2.283444e-01 
-1.979641e+00 3.493707e-01 
-1.955516e+00 4.733379e-01 
-1.923167e+00 5.990868e-01 
-1.882316e+00 7.253443e-01 
-1.832911e+00 8.507691e-01 
-1.775138e+00 9.740055e-01 
-1.709431e+00 1.093743e+00 
-1.636446e+00 1.208775e+00 
-1.557036e+00 1.318043e+00 
-1.472209e+00 1.420683e+00 
-1.383070e+00 1.516042e+00 
-1.290774e+00 1.603695e+00 
-1.196472e+00 1.683438e+00 
-1.101261e+00 1.755270e+00 
-1.006151e+00 1.819371e+00 
-9.120299e-01 1.876068e+00 
-8.196512e-01 1.925804e+00 
-7.296210e-01 1.969095e+00 
-6.423997e-01 2.006509e+00 
-5.583095e-01 2.038630e+00 
-4.775459e-01 2.066036e+00 
-4.001938e-01 2.089284e+00 
-3.262451e-01 2.108893e+00 
-2.556177e-01 2.125338e+00 
-1.881728e-01 2.139046e+00 
-1.237328e-01 2.150392e+00 
-6.209684e-02 2.159703e+00 
-3.054801e-03 2.167261e+00 
5.360050e-02 2.173307e+00 
1.080634e-01 2.178044e+00 
1.605072e-01 2.181647e+00 
2.110788e-01 2.184264e+00 
2.598949e-01 2.186024e+00 
3.070402e-01 2.187039e+00 
3.525682e-01 2.187410e+00 
3.965030e-01 2.187228e+00 
4.388434e-01 2.186575e+00 
4.795677e-01 2.185529e+00 
5.186391e-01 2.184159e+00 
5.560124e-01 2.182531e+00 
5.916396e-01 2.180704e+00 
6.254754e-01 2.178732e+00 
6.574827e-01 2.176664e+00 
6.876357e-01 2.174542e+00 
7.159232e-01 2.172402e+00 
7.423494e-01 2.170277e+00 
7.669352e-01 2.168191e+00 
7.897170e-01 2.166168e+00 
8.107459e-01 2.164222e+00 
8.300853e-01 2.162368e+00 
8.478093e-01 2.160613e+00 
8.640001e-01 2.158964e+00 
8.787455e-01 2.157424e+00 
8.921370e-01 2.155994e+00 
9.042677e-01 2.154673e+00 
9.152304e-01 2.153457e+00 
9.251164e-01 2.152344e+00 
9.340140e-01 2.151328e+00 
9.420079e-01 2.150404e+00 
9.491786e-01 2.149567e+00 
9.556017e-01 2.148810e+00 
9.613478e-01 2.148127e+00 
9.664823e-01 2.147512e+00 
9.710658e-01 2.146961e+00 
9.751535e-01 2.146466e+00 
9.787963e-01 2.146024e+00 
9.820402e-01 2.145628e+00 
9.849270e-01 2.145275e+00 
9.874948e-01 2.144961e+00 
9.897774e-01 2.144681e+00 
9.918059e-01 2.144432e+00 
9.936078e-01 2.144211e+00 
9.952078e-01 2.144015e+00 
9.966283e-01 2.143841e+00 
9.978890e-01 2.143687e+00 
9.990076e-01 2.143551e+00 
1.000000e+00 2.143431e+00 
-2.141416e+00 -1.019833e-03 
-2.138363e+00 1.186549e-01 
-2.128518e+00 2.434289e-01 
-2.111095e+00 3.724100e-01 
-2.085428e+00 5.045242e-01 
-2.051015e+00 6.385383e-01 
-2.007562e+00 7.730977e-01 
-1.955015e+00 9.067753e-01 
-1.893574e+00 1.038129e+00 
-1.823699e+00 1.165763e+00 
-1.746091e+00 1.288392e+00 
-1.661659e+00 1.404889e+00 
-1.571474e+00 1.514330e+00 
-1.476717e+00 1.616020e+00 
-1.378620e+00 1.709500e+00 
-1.278411e+00 1.794551e+00 
-1.177265e+00 1.871169e+00 
-1.076261e+00 1.939544e+00 
-9.763535e-01 2.000022e+00 
-8.783496e-01 2.053070e+00 
-7.829028e-01 2.099241e+00 
-6.905114e-01 2.139138e+00 
-6.015260e-01 2.173383e+00 
-5.161622e-01 2.202594e+00 
-4.345177e-01 2.227364e+00 
-3.565904e-01 2.248251e+00 
-2.822984e-01 2.265762e+00 
-2.114989e-01 2.280355e+00 
-1.440062e-01 2.292432e+00 
-7.960869e-02 2.302346e+00 
-1.808317e-02 2.310400e+00 
4.079219e-02 2.316852e+00 
9.722743e-02 2.321923e+00 
1.514124e-01 2.325800e+00 
2.035109e-01 2.328644e+00 
2.536563e-01 2.330592e+00 
3.019505e-01 2.331766e+00 
3.484634e-01 2.332270e+00 
3.932354e-01 2.332203e+00 
4.362809e-01 2.331649e+00 
4.775932e-01 2.330690e+00 
5.171498e-01 2.329398e+00 
5.549186e-01 2.327840e+00 
5.908641e-01 2.326077e+00 
6.249524e-01 2.324164e+00 
6.571567e-01 2.322149e+00 
6.874603e-01 2.320077e+00 
7.158603e-01 2.317984e+00 
7.423681e-01 2.315902e+00 
7.670107e-01 2.313857e+00 
7.898299e-01 2.311870e+00 
8.108809e-01 2.309959e+00 
8.302312e-01 2.308137e+00 
8.479576e-01 2.306412e+00 
8.641447e-01 2.304790e+00 
8.788824e-01 2.303275e+00 
8.922636e-01 2.301868e+00 
9.043825e-01 2.300568e+00 
9.153328e-01 2.299371e+00 
9.252063e-01 2.298275e+00 
9.340919e-01 2.297275e+00 
9.420745e-01 2.296365e+00 
9.492349e-01 2.295540e+00 
9.556486e-01 2.294795e+00 
9.613863e-01 2.294122e+00 
9.665136e-01 2.293517e+00 
9.710907e-01 2.292973e+00 
9.751731e-01 2.292486e+00 
9.788113e-01 2.292050e+00 
9.820514e-01 2.291660e+00 
9.849352e-01 2.291313e+00 
9.875005e-01 2.291003e+00 
9.897812e-01 2.290727e+00 
9.918082e-01 2.290481e+00 
9.936090e-01 2.290264e+00 
9.952084e-01 2.290071e+00 
9.966284e-01 2.289899e+00 
9.978889e-01 2.289748e+00 
9.990075e-01 2.289614e+00 
1.000000e+00 2.289495e+00 
-2.282003e+00 -1.019833e-03 
-2.278753e+00 1.264463e-01 
-2.268282e+00 2.593400e-01 
-2.249754e+00 3.967122e-01 
-2.222464e+00 5.374207e-01 
-2.185878e+00 6.801545e-01 
-2.139686e+00 8.234731e-01 
-2.083831e+00 9.658595e-01 
-2.018526e+00 1.105779e+00 
-1.944262e+00 1.241750e+00 
-1.861784e+00 1.372400e+00 
-1.772059e+00 1.496531e+00 
-1.676229e+00 1.613157e+00 
-1.575551e+00 1.721535e+00 
-1.471339e+00 1.821175e+00 
-1.364903e+00 1.911838e+00 
-1.257499e+00 1.993519e+00 
-1.150280e+00 2.066416e+00 
-1.044268e+00 2.130894e+00 
-9.403291e-01 2.187451e+00 
-8.391671e-01 2.236672e+00 
-7.413196e-01 2.279200e+00 
-6.471675e-01 2.315697e+00 
-5.569479e-01 2.346822e+00 
-4.707718e-01 2.373210e+00 
-3.886437e-01 2.395453e+00 
-3.104822e-01 2.414097e+00 
-2.361401e-01 2.429631e+00 
-1.654235e-01 2.442487e+00 
-9.810924e-02 2.453042e+00 
-3.396052e-02 2.461624e+00 
2.725993e-02 2.468510e+00 
8.577875e-02 2.473937e+00 
1.418032e-01 2.478108e+00 
1.955146e-01 2.481195e+00 
2.470645e-01 2.483345e+00 
2.965725e-01 2.484688e+00 
3.441260e-01 2.485336e+00 
3.897826e-01 2.485391e+00 
4.335732e-01 2.484945e+00 
4.755068e-01 2.484080e+00 
5.155760e-01 2.482871e+00 
5.537628e-01 2.481389e+00 
5.900446e-01 2.479695e+00 
6.243997e-01 2.477845e+00 
6.568121e-01 2.475889e+00 
6.872749e-01 2.473870e+00 
7.157938e-01 2.471827e+00 
7.423878e-01 2.469792e+00 
7.670905e-01 2.467790e+00 
7.899491e-01 2.465844e+00 
8.110237e-01 2.463970e+00 
8.303853e-01 2.462182e+00 
8.481142e-01 2.460489e+00 
8.642976e-01 2.458897e+00 
8.790271e-01 2.457409e+00 
8.923974e-01 2.456027e+00 
9.045038e-01 2.454749e+00 
9.154409e-01 2.453573e+00 
9.253013e-01 2.452495e+00 
9.341742e-01 2.451512e+00 
9.421449e-01 2.450617e+00 
9.492943e-01 2.449806e+00 
9.556982e-01 2.449073e+00 
9.614271e-01 2.448411e+00 
9.665467e-01 2.447816e+00 
9.711171e-01 2.447281e+00 
9.751938e-01 2.446802e+00 
9.788272e-01 2.446373e+00 
9.820634e-01 2.445990e+00 
9.849439e-01 2.445648e+00 
9.875065e-01 2.445343e+00 
9.897852e-01 2.445071e+00 
9.918107e-01 2.444830e+00 
9.936104e-01 2.444615e+00 
9.952089e-01 2.444425e+00 
9.966285e-01 2.444257e+00 
9.978887e-01 2.444108e+00 
9.990073e-01 2.443976e+00 
1.000000e+00 2.443859e+00 
-2.430131e+00 -1.019833e-03 
-2.426673e+00 1.346556e-01 
-2.415543e+00 2.761045e-01 
-2.395853e+00 4.223184e-01 
-2.366856e+00 5.720832e-01 
-2.327985e+00 7.240060e-01 
-2.278912e+00 8.765565e-01 
-2.219577e+00 1.028123e+00 
-2.150208e+00 1.177074e+00 
-2.071326e+00 1.321833e+00 
-1.983723e+00 1.460944e+00 
-1.888428e+00 1.593128e+00 
-1.786656e+00 1.717336e+00 
-1.679745e+00 1.832773e+00 
-1.569094e+00 1.938915e+00 
-1.456101e+00 2.035507e+00 
-1.342105e+00 2.122536e+00 
-1.228338e+00 2.200211e+00 
-1.115894e+00 2.268919e+00 
-1.005701e+00 2.329187e+00 
-8.985154e-01 2.381636e+00 
-7.949164e-01 2.426949e+00 
-6.953171e-01 2.465831e+00 
-5.999773e-01 2.498985e+00 
-5.090225e-01 2.527086e+00 
-4.224640e-01 2.550770e+00 
-3.402210e-01 2.570616e+00 
-2.621420e-01 2.587149e+00 
-1.880242e-01 2.600832e+00 
-1.176327e-01 2.612071e+00 
-5.071628e-02 2.621215e+00 
1.297862e-02 2.628563e+00 
7.369605e-02 2.634371e+00 
1.316615e-01 2.638855e+00 
1.870751e-01 2.642201e+00 
2.401073e-01 2.644567e+00 
2.908962e-01 2.646091e+00 
3.395480e-01 2.646894e+00 
3.861382e-01 2.647081e+00 
4.307152e-01 2.646749e+00 
4.733046e-01 2.645985e+00 
5.139148e-01 2.644867e+00 
5.525427e-01 2.643465e+00 
5.891796e-01 2.641845e+00 
6.238163e-01 2.640063e+00 
6.564483e-01 2.638170e+00 
6.870792e-01 2.636210e+00 
7.157236e-01 2.634221e+00 
7.424087e-01 2.632236e+00 
7.671747e-01 2.630281e+00 
7.900750e-01 2.628378e+00 
8.111743e-01 2.626545e+00 
8.305481e-01 2.624794e+00 
8.482796e-01 2.623135e+00 
8.644589e-01 2.621575e+00 
8.791798e-01 2.620116e+00 
8.925386e-01 2.618760e+00 
9.046318e-01 2.617506e+00 
9.155551e-01 2.616352e+00 
9.254016e-01 2.615295e+00 
9.342611e-01 2.614330e+00 
9.422193e-01 2.613451e+00 
9.493571e-01 2.612655e+00 
9.557505e-01 2.611935e+00 
9.614702e-01 2.611285e+00 
9.665816e-01 2.610701e+00 
9.711450e-01 2.610175e+00 
9.752156e-01 2.609705e+00 
9.788440e-01 2.609283e+00 
9.820759e-01 2.608907e+00 
9.849530e-01 2.608571e+00 
9.875129e-01 2.608271e+00 
9.897895e-01 2.608005e+00 
9.918133e-01 2.607768e+00 
9.936118e-01 2.607557e+00 
9.952095e-01 2.607370e+00 
9.966286e-01 2.607205e+00 
9.978886e-01 2.607058e+00 
9.990072e-01 2.606929e+00 
1.000000e+00 2.606814e+00 
-2.586022e+00 -1.019833e-03 
-2.582347e+00 1.432952e-01 
-2.570524e+00 2.937481e-01 
-2.549615e+00 4.492674e-01 
-2.518824e+00 6.085644e-01 
-2.477552e+00 7.701597e-01 
-2.425452e+00 9.324288e-01 
-2.362462e+00 1.093660e+00 
-2.288822e+00 1.252122e+00 
-2.205087e+00 1.406138e+00 
-2.112098e+00 1.554161e+00 
-2.010948e+00 1.694831e+00 
-1.902928e+00 1.827028e+00 
-1.789463e+00 1.949908e+00 
-1.672040e+00 2.062908e+00 
-1.552149e+00 2.165752e+00 
-1.431217e+00 2.258425e+00 
-1.310561e+00 2.341145e+00 
-1.191347e+00 2.414320e+00 
-1.074571e+00 2.478508e+00 
-9.610440e-01 2.534368e+00 
-8.513890e-01 2.582626e+00 
-7.460534e-01 2.624031e+00 
-6.453212e-01 2.659332e+00 
-5.493327e-01 2.689249e+00 
-4.581070e-01 2.714457e+00 
-3.715640e-01 2.735578e+00 
-2.895476e-01 2.753171e+00 
-2.118460e-01 2.767733e+00 
-1.382117e-01 2.779698e+00 
-6.837844e-02 2.789439e+00 
-2.075665e-03 2.797279e+00 
6.095906e-02 2.803492e+00 
1.209704e-01 2.808310e+00 
1.781783e-01 2.811933e+00 
2.327728e-01 2.814530e+00 
2.849122e-01 2.816248e+00 
3.347217e-01 2.817215e+00 
3.822961e-01 2.817544e+00 
4.277021e-01 2.817335e+00 
4.709828e-01 2.816679e+00 
5.121634e-01 2.815658e+00 
5.512564e-01 2.814344e+00 
5.882676e-01 2.812803e+00 
6.232012e-01 2.811095e+00 
6.560648e-01 2.809269e+00 
6.868729e-01 2.807371e+00 
7.156496e-01 2.805441e+00 
7.424307e-01 2.803509e+00 
7.672635e-01 2.801604e+00 
7.902077e-01 2.799748e+00 
8.113332e-01 2.797958e+00 
8.307197e-01 2.796248e+00 
8.484540e-01 2.794626e+00 
8.646291e-01 2.793099e+00 
8.793409e-01 2.791672e+00 
8.926875e-01 2.790344e+00 
9.047668e-01 2.789117e+00 
9.156754e-01 2.787987e+00 
9.255073e-01 2.786951e+00 
9.343527e-01 2.786005e+00 
9.422977e-01 2.785144e+00 
9.494233e-01 2.784364e+00 
9.558057e-01 2.783658e+00 
9.615155e-01 2.783021e+00 
9.666184e-01 2.782448e+00 
9.711743e-01 2.781933e+00 
9.752387e-01 2.781472e+00 
9.788617e-01 2.781058e+00 
9.820892e-01 2.780689e+00 
9.849627e-01 2.780360e+00 
9.875197e-01 2.780066e+00 
9.897940e-01 2.779805e+00 
9.918160e-01 2.779572e+00 
9.936133e-01 2.779365e+00 
9.952101e-01 2.779182e+00 
9.966287e-01 2.779020e+00 
9.978884e-01 2.778876e+00 
9.990070e-01 2.778749e+00 
1.000000e+00 2.778636e+00 
-2.749886e+00 -1.019833e-03 
-2.745983e+00 1.523767e-01 
-2.733434e+00 3.122941e-01 
-2.711244e+00 4.775955e-01 
-2.678571e+00 6.469131e-01 
-2.634781e+00 8.186776e-01 
-2.579505e+00 9.911653e-01 
-2.512678e+00 1.162560e+00 
-2.434556e+00 1.331024e+00 
-2.345726e+00 1.494779e+00 
-2.247083e+00 1.652178e+00 
-2.139786e+00 1.801778e+00 
-2.025206e+00 1.942386e+00 
-1.904856e+00 2.073102e+00 
-1.780320e+00 2.193325e+00 
-1.653182e+00 2.302757e+00 
-1.524963e+00 2.401379e+00 
-1.397064e+00 2.489417e+00 
-1.270735e+00 2.567303e+00 
-1.147038e+00 2.635627e+00 
-1.026843e+00 2.695088e+00 
-9.108190e-01 2.746455e+00 
-7.994501e-01 2.790527e+00 
-6.930453e-01 2.828097e+00 
-5.917612e-01 2.859933e+00 
-4.956249e-01 2.886755e+00 
-4.045573e-01 2.909225e+00 
-3.183973e-01 2.927942e+00 
-2.369239e-01 2.943435e+00 
-1.598766e-01 2.956169e+00 
-8.697317e-02 2.966545e+00 
-1.792525e-02 2.974908e+00 
4.754886e-02 2.981551e+00 
1.097140e-01 2.986726e+00 
1.688108e-01 2.990643e+00 
2.250503e-01 2.993487e+00 
2.786113e-01 2.995412e+00 
3.296399e-01 2.996555e+00 
3.782505e-01 2.997035e+00 
4.245293e-01 2.996958e+00 
4.685380e-01 2.996418e+00 
5.103192e-01 2.995501e+00 
5.499020e-01 2.994281e+00 
5.873073e-01 2.992825e+00 
6.225535e-01 2.991195e+00 
6.556610e-01 2.989442e+00 
6.866556e-01 2.987611e+00 
7.155717e-01 2.985743e+00 
7.424538e-01 2.983869e+00 
7.673571e-01 2.982019e+00 
7.903474e-01 2.980213e+00 
8.115005e-01 2.978469e+00 
8.309003e-01 2.976802e+00 
8.486377e-01 2.975219e+00 
8.648082e-01 2.973729e+00 
8.795105e-01 2.972335e+00 
8.928443e-01 2.971039e+00 
9.049090e-01 2.969839e+00 
9.158022e-01 2.968734e+00 
9.256187e-01 2.967722e+00 
9.344492e-01 2.966797e+00 
9.423802e-01 2.965955e+00 
9.494930e-01 2.965191e+00 
9.558638e-01 2.964501e+00 
9.615633e-01 2.963878e+00 
9.666571e-01 2.963317e+00 
9.712053e-01 2.962813e+00 
9.752629e-01 2.962362e+00 
9.788803e-01 2.961957e+00 
9.821032e-01 2.961596e+00 
9.849728e-01 2.961274e+00 
9.875268e-01 2.960986e+00 
9.897987e-01 2.960730e+00 
9.918189e-01 2.960502e+00 
9.936148e-01 2.960300e+00 
9.952108e-01 2.960121e+00 
9.966288e-01 2.959962e+00 
9.978883e-01 2.959821e+00 
9.990068e-01 2.959697e+00 
1.000000e+00 2.959586e+00 
-2.921911e+00 -1.019833e-03 
-2.917768e+00 1.619105e-01 
-2.904458e+00 3.317640e-01 
-2.880927e+00 5.073351e-01 
-2.846282e+00 6.871736e-01 
-2.799853e+00 8.696157e-01 
-2.741249e+00 1.052834e+00 
-2.670400e+00 1.234903e+00 
-2.587580e+00 1.413874e+00 
-2.493410e+00 1.587859e+00 
-2.388838e+00 1.755111e+00 
-2.275095e+00 1.914096e+00 
-2.153635e+00 2.063548e+00 
-2.026064e+00 2.202503e+00 
-1.894065e+00 2.330324e+00 
-1.759323e+00 2.446688e+00 
-1.623454e+00 2.551570e+00 
-1.487955e+00 2.645208e+00 
-1.354155e+00 2.728057e+00 
-1.223192e+00 2.800738e+00 
-1.095993e+00 2.863995e+00 
-9.732807e-01 2.918642e+00 
-8.555741e-01 2.965526e+00 
-7.432099e-01 3.005492e+00 
-6.363618e-01 3.039354e+00 
-5.350654e-01 3.067882e+00 
-4.392428e-01 3.091779e+00 
-3.487280e-01 3.111685e+00 
-2.632902e-01 3.128164e+00 
-1.826553e-01 3.141713e+00 
-1.065244e-01 3.152761e+00 
-3.459056e-02 3.161679e+00 
3.344814e-02 3.168780e+00 
9.787776e-02 3.174332e+00 
1.589606e-01 3.178564e+00 
2.169296e-01 3.181669e+00 
2.719855e-01 3.183815e+00 
3.242959e-01 3.185146e+00 
3.739962e-01 3.185787e+00 
4.211928e-01 3.185851e+00 
4.659670e-01 3.185436e+00 
5.083798e-01 3.184630e+00 
5.484775e-01 3.183510e+00 
5.862974e-01 3.182146e+00 
6.218724e-01 3.180600e+00 
6.552363e-01 3.178924e+00 
6.864271e-01 3.177165e+00 
7.154898e-01 3.175364e+00 
7.424781e-01 3.173553e+00 
7.674554e-01 3.171760e+00 
7.904944e-01 3.170007e+00 
8.116764e-01 3.168314e+00 
8.310904e-01 3.166692e+00 
8.488308e-01 3.165152e+00 
8.649966e-01 3.163702e+00 
8.796888e-01 3.162343e+00 
8.930092e-01 3.161080e+00 
9.050585e-01 3.159910e+00 
9.159355e-01 3.158833e+00 
9.257358e-01 3.157845e+00 
9.345507e-01 3.156942e+00 
9.424670e-01 3.156121e+00 
9.495663e-01 3.155376e+00 
9.559249e-01 3.154701e+00 
9.616136e-01 3.154093e+00 
9.666979e-01 3.153546e+00 
9.712378e-01 3.153054e+00 
9.752884e-01 3.152612e+00 
9.788999e-01 3.152218e+00 
9.821179e-01 3.151865e+00 
9.849835e-01 3.151550e+00 
9.875343e-01 3.151269e+00 
9.898036e-01 3.151019e+00 
9.918220e-01 3.150796e+00 
9.936165e-01 3.150599e+00 
9.952115e-01 3.150424e+00 
9.966289e-01 3.150268e+00 
9.978881e-01 3.150131e+00 
9.990066e-01 3.150009e+00 
1.000000e+00 3.149902e+00 
-3.102262e+00 -1.019833e-03 
-3.097868e+00 1.719057e-01 
-3.083762e+00 3.521764e-01 
-3.058827e+00 5.385148e-01 
-3.022119e+00 7.293846e-01 
-2.972928e+00 9.230232e-01 
-2.910839e+00 1.117495e+00 
-2.835782e+00 1.310759e+00 
-2.748043e+00 1.500751e+00 
-2.648282e+00 1.685469e+00 
-2.537503e+00 1.863061e+00 
-2.417009e+00 2.031898e+00 
-2.288343e+00 2.190632e+00 
-2.153207e+00 2.338242e+00 
-2.013389e+00 2.474043e+00 
-1.870678e+00 2.597690e+00 
-1.726793e+00 2.709154e+00 
-1.583326e+00 2.808680e+00 
-1.441695e+00 2.896747e+00 
-1.303111e+00 2.974015e+00 
-1.168569e+00 3.041267e+00 
-1.038840e+00 3.099367e+00 
-9.144848e-01 3.149215e+00 
-7.958683e-01 3.191705e+00 
-6.831821e-01 3.227706e+00 
-5.764708e-01 3.258032e+00 
-4.756578e-01 3.283436e+00 
-3.805724e-01 3.304597e+00 
-2.909733e-01 3.322118e+00 
-2.065723e-01 3.336530e+00 
-1.270534e-01 3.348290e+00 
-5.208977e-02 3.357795e+00 
1.864150e-02 3.365381e+00 
8.544868e-02 3.371335e+00 
1.486168e-01 3.375900e+00 
2.084019e-01 3.379284e+00 
2.650275e-01 3.381665e+00 
3.186838e-01 3.383196e+00 
3.695284e-01 3.384010e+00 
4.176889e-01 3.384224e+00 
4.632669e-01 3.383941e+00 
5.063430e-01 3.383254e+00 
5.469816e-01 3.382241e+00 
5.852367e-01 3.380975e+00 
6.211570e-01 3.379518e+00 
6.547903e-01 3.377925e+00 
6.861871e-01 3.376244e+00 
7.154038e-01 3.374514e+00 
7.425037e-01 3.372769e+00 
7.675587e-01 3.371038e+00 
7.906488e-01 3.369343e+00 
8.118612e-01 3.367702e+00 
8.312900e-01 3.366130e+00 
8.490337e-01 3.364636e+00 
8.651946e-01 3.363227e+00 
8.798762e-01 3.361907e+00 
8.931824e-01 3.360679e+00 
9.052155e-01 3.359541e+00 
9.160755e-01 3.358493e+00 
9.258588e-01 3.357531e+00 
9.346573e-01 3.356653e+00 
9.425582e-01 3.355853e+00 
9.496433e-01 3.355127e+00 
9.559891e-01 3.354471e+00 
9.616664e-01 3.353878e+00 
9.667407e-01 3.353345e+00 
9.712720e-01 3.352866e+00 
9.753152e-01 3.352436e+00 
9.789205e-01 3.352051e+00 
9.821333e-01 3.351707e+00 
9.849948e-01 3.351400e+00 
9.875421e-01 3.351126e+00 
9.898088e-01 3.350883e+00 
9.918252e-01 3.350666e+00 
9.936182e-01 3.350473e+00 
9.952122e-01 3.350303e+00 
9.966290e-01 3.350151e+00 
9.978880e-01 3.350017e+00 
9.990064e-01 3.349899e+00 
1.000000e+00 3.349794e+00 
-3.291076e+00 -1.019833e-03 
-3.286420e+00 1.823701e-01 
-3.271482e+00 3.735470e-01 
-3.245081e+00 5.711586e-01 
-3.206216e+00 7.735785e-01 
-3.154138e+00 9.789412e-01 
-3.088408e+00 1.185197e+00 
-3.008951e+00 1.390187e+00 
-2.916071e+00 1.591724e+00 
-2.810465e+00 1.787687e+00 
-2.693195e+00 1.976114e+00 
-2.565641e+00 2.155276e+00 
-2.429437e+00 2.323742e+00 
-2.286388e+00 2.480426e+00 
-2.138390e+00 2.624598e+00 
-1.987339e+00 2.755888e+00 
-1.835065e+00 2.874259e+00 
-1.683257e+00 2.979967e+00 
-1.533426e+00 3.073516e+00 
-1.386863e+00 3.155602e+00 
-1.244630e+00 3.227053e+00 
-1.107552e+00 3.288785e+00 
-9.762328e-01 3.341750e+00 
-8.510659e-01 3.386898e+00 
-7.322625e-01 3.425149e+00 
-6.198769e-01 3.457371e+00 
-5.138342e-01 3.484363e+00 
-4.139583e-01 3.506848e+00 
-3.199976e-01 3.525469e+00 
-2.316489e-01 3.540791e+00 
-1.485782e-01 3.553304e+00 
-7.043835e-02 3.563431e+00 
3.115813e-03 3.571530e+00 
7.241573e-02 3.577909e+00 
1.377703e-01 3.582828e+00 
1.994595e-01 3.586508e+00 
2.577311e-01 3.589138e+00 
3.127987e-01 3.590881e+00 
3.648431e-01 3.591879e+00 
4.140144e-01 3.592253e+00 
4.604354e-01 3.592112e+00 
5.042070e-01 3.591550e+00 
5.454127e-01 3.590652e+00 
5.841244e-01 3.589490e+00 
6.204067e-01 3.588129e+00 
6.543225e-01 3.586625e+00 
6.859354e-01 3.585025e+00 
7.153135e-01 3.583372e+00 
7.425305e-01 3.581698e+00 
7.676671e-01 3.580033e+00 
7.908107e-01 3.578399e+00 
8.120550e-01 3.576815e+00 
8.314993e-01 3.575296e+00 
8.492465e-01 3.573850e+00 
8.654021e-01 3.572486e+00 
8.800727e-01 3.571207e+00 
8.933640e-01 3.570016e+00 
9.053802e-01 3.568912e+00 
9.162224e-01 3.567896e+00 
9.259878e-01 3.566962e+00 
9.347691e-01 3.566109e+00 
9.426538e-01 3.565333e+00 
9.497241e-01 3.564628e+00 
9.560564e-01 3.563990e+00 
9.617218e-01 3.563415e+00 
9.667856e-01 3.562896e+00 
9.713078e-01 3.562430e+00 
9.753433e-01 3.562013e+00 
9.789421e-01 3.561639e+00 
9.821495e-01 3.561304e+00 
9.850065e-01 3.561006e+00 
9.875503e-01 3.560740e+00 
9.898143e-01 3.560503e+00 
9.918285e-01 3.560292e+00 
9.936200e-01 3.560105e+00 
9.952130e-01 3.559939e+00 
9.966291e-01 3.559791e+00 
9.978878e-01 3.559661e+00 
9.990062e-01 3.559546e+00 
1.000000e+00 3.559444e+00 
-3.488461e+00 -1.019833e-03 
-3.483532e+00 1.933094e-01 
-3.467726e+00 3.958879e-01 
-3.439793e+00 6.052850e-01 
-3.398678e+00 8.197806e-01 
-3.343587e+00 1.037402e+00 
-3.274057e+00 1.255981e+00 
-3.190008e+00 1.473233e+00 
-3.091761e+00 1.686845e+00 
-2.980052e+00 1.894572e+00 
-2.856005e+00 2.094336e+00 
-2.721080e+00 2.284303e+00 
-2.577003e+00 2.462958e+00 
-2.425688e+00 2.629143e+00 
-2.269142e+00 2.782083e+00 
-2.109379e+00 2.921379e+00 
-1.948336e+00 3.046988e+00 
-1.787811e+00 3.159177e+00 
-1.629407e+00 3.258475e+00 
-1.474502e+00 3.345615e+00 
-1.324226e+00 3.421474e+00 
-1.179462e+00 3.487018e+00 
-1.040858e+00 3.543257e+00 
-9.088387e-01 3.591197e+00 
-7.836354e-01 3.631815e+00 
-6.653126e-01 3.666031e+00 
-5.537973e-01 3.694694e+00 
-4.489081e-01 3.718573e+00 
-3.503825e-01 3.738353e+00 
-2.579019e-01 3.754635e+00 
-1.711134e-01 3.767942e+00 
-8.964873e-02 3.778725e+00 
-1.313946e-02 3.787367e+00 
5.877005e-02 3.794195e+00 
1.264136e-01 3.799488e+00 
1.900964e-01 3.803481e+00 
2.500912e-01 3.806376e+00 
3.066366e-01 3.808345e+00 
3.599373e-01 3.809537e+00 
4.101668e-01 3.810081e+00 
4.574705e-01 3.810091e+00 
5.019704e-01 3.809664e+00 
5.437700e-01 3.808887e+00 
5.829596e-01 3.807836e+00 
6.196211e-01 3.806577e+00 
6.538327e-01 3.805167e+00 
6.856719e-01 3.803655e+00 
7.152190e-01 3.802082e+00 
7.425586e-01 3.800484e+00 
7.677805e-01 3.798889e+00 
7.909802e-01 3.797321e+00 
8.122580e-01 3.795798e+00 
8.317185e-01 3.794334e+00 
8.494693e-01 3.792940e+00 
8.656195e-01 3.791623e+00 
8.802784e-01 3.790388e+00 
8.935542e-01 3.789237e+00 
9.055527e-01 3.788170e+00 
9.163762e-01 3.787186e+00 
9.261229e-01 3.786283e+00 
9.348862e-01 3.785458e+00 
9.427540e-01 3.784706e+00 
9.498086e-01 3.784023e+00 
9.561269e-01 3.783405e+00 
9.617798e-01 3.782847e+00 
9.668326e-01 3.782345e+00 
9.713453e-01 3.781894e+00 
9.753728e-01 3.781489e+00 
9.789647e-01 3.781126e+00 
9.821664e-01 3.780802e+00 
9.850188e-01 3.780513e+00 
9.875590e-01 3.780255e+00 
9.898200e-01 3.780025e+00 
9.918320e-01 3.779821e+00 
9.936219e-01 3.779639e+00 
9.952138e-01 3.779478e+00 
9.966293e-01 3.779335e+00 
9.978876e-01 3.779209e+00 
9.990060e-01 3.779097e+00 
1.000000e+00 3.778998e+00 
-3.694489e+00 -1.019833e-03 
-3.689275e+00 2.047278e-01 
-3.672564e+00 4.192072e-01 
-3.643037e+00 6.409066e-01 
-3.599577e+00 8.680080e-01 
-3.541346e+00 1.098426e+00 
-3.467856e+00 1.329871e+00 
-3.379021e+00 1.559928e+00 
-3.275179e+00 1.786150e+00 
-3.157110e+00 2.006166e+00 
-3.025998e+00 2.217773e+00 
-2.883385e+00 2.419031e+00 
-2.731099e+00 2.608333e+00 
-2.571163e+00 2.784452e+00 
-2.405701e+00 2.946559e+00 
-2.236846e+00 3.094231e+00 
-2.066654e+00 3.227413e+00 
-1.897030e+00 3.346385e+00 
-1.729679e+00 3.451702e+00 
-1.566064e+00 3.544136e+00 
-1.407391e+00 3.624612e+00 
-1.254602e+00 3.694153e+00 
-1.108389e+00 3.753825e+00 
-9.692126e-01 3.804694e+00 
-8.373239e-01 3.847796e+00 
-7.127985e-01 3.884105e+00 
-5.955653e-01 3.914524e+00 
-4.854377e-01 3.939869e+00 
-3.821419e-01 3.960867e+00 
-2.853434e-01 3.978160e+00 
-1.946696e-01 3.992303e+00 
-1.097299e-01 4.003777e+00 
-3.013193e-02 4.012991e+00 
4.450523e-02 4.020294e+00 
1.145414e-01 4.025983e+00 
1.803082e-01 4.030307e+00 
2.421044e-01 4.033482e+00 
3.001944e-01 4.035690e+00 
3.548084e-01 4.037088e+00 
4.061443e-01 4.037813e+00 
4.543707e-01 4.037982e+00 
4.996320e-01 4.037697e+00 
5.420525e-01 4.037049e+00 
5.817418e-01 4.036117e+00 
6.187998e-01 4.034966e+00 
6.533205e-01 4.033656e+00 
6.853963e-01 4.032237e+00 
7.151202e-01 4.030750e+00 
7.425880e-01 4.029233e+00 
7.678992e-01 4.027712e+00 
7.911574e-01 4.026213e+00 
8.124702e-01 4.024754e+00 
8.319477e-01 4.023350e+00 
8.497022e-01 4.022011e+00 
8.658467e-01 4.020745e+00 
8.804935e-01 4.019556e+00 
8.937531e-01 4.018448e+00 
9.057330e-01 4.017419e+00 
9.165370e-01 4.016471e+00 
9.262642e-01 4.015600e+00 
9.350086e-01 4.014803e+00 
9.428587e-01 4.014078e+00 
9.498971e-01 4.013418e+00 
9.562006e-01 4.012822e+00 
9.618404e-01 4.012283e+00 
9.668817e-01 4.011798e+00 
9.713846e-01 4.011362e+00 
9.754035e-01 4.010971e+00 
9.789883e-01 4.010620e+00 
9.821841e-01 4.010307e+00 
9.850317e-01 4.010027e+00 
9.875680e-01 4.009778e+00 
9.898260e-01 4.009556e+00 
9.918357e-01 4.009358e+00 
9.936239e-01 4.009183e+00 
9.952146e-01 4.009027e+00 
9.966294e-01 4.008889e+00 
9.978874e-01 4.008767e+00 
9.990058e-01 4.008659e+00 
1.000000e+00 4.008563e+00 
-3.909194e+00 -1.019833e-03 
-3.903684e+00 2.166271e-01 
-3.886032e+00 4.435090e-01 
-3.854846e+00 6.780293e-01 
-3.808946e+00 9.182687e-01 
-3.747449e+00 1.162026e+00 
-3.669839e+00 1.406882e+00 
-3.576023e+00 1.650287e+00 
-3.466360e+00 1.889658e+00 
-3.341670e+00 2.122487e+00 
-3.203203e+00 2.346447e+00 
-3.052588e+00 2.559485e+00 
-2.891754e+00 2.759897e+00 
-2.722840e+00 2.946383e+00 
-2.548093e+00 3.118062e+00 
-2.369768e+00 3.274479e+00 
-2.190044e+00 3.415572e+00 
-2.010940e+00 3.541631e+00 
-1.834264e+00 3.653239e+00 
-1.661571e+00 3.751209e+00 
-1.494144e+00 3.836515e+00 
-1.332987e+00 3.910238e+00 
-1.178842e+00 3.973503e+00 
-1.032202e+00 4.027440e+00 
-8.933407e-01 4.073143e+00 
-7.623459e-01 4.111647e+00 
-6.391484e-01 4.143907e+00 
-5.235562e-01 4.170790e+00 
-4.152839e-01 4.193068e+00 
-3.139803e-01 4.211422e+00 
-2.192525e-01 4.226444e+00 
-1.306869e-01 4.238646e+00 
-4.786592e-02 4.248462e+00 
2.961764e-02 4.256265e+00 
1.021507e-01 4.262370e+00 
1.700922e-01 4.267044e+00 
2.337684e-01 4.270515e+00 
2.934706e-01 4.272975e+00 
3.494553e-01 4.274591e+00 
4.019458e-01 4.275507e+00 
4.511353e-01 4.275844e+00 
4.971913e-01 4.275711e+00 
5.402598e-01 4.275200e+00 
5.804707e-01 4.274392e+00 
6.179424e-01 4.273356e+00 
6.527860e-01 4.272152e+00 
6.851087e-01 4.270832e+00 
7.150171e-01 4.269437e+00 
7.426186e-01 4.268004e+00 
7.680230e-01 4.266563e+00 
7.913425e-01 4.265138e+00 
8.126917e-01 4.263747e+00 
8.321869e-01 4.262406e+00 
8.499454e-01 4.261125e+00 
8.660840e-01 4.259912e+00 
8.807181e-01 4.258773e+00 
8.939607e-01 4.257709e+00 
9.059213e-01 4.256722e+00 
9.167048e-01 4.255811e+00 
9.264117e-01 4.254974e+00 
9.351364e-01 4.254208e+00 
9.429680e-01 4.253510e+00 
9.499894e-01 4.252876e+00 
9.562776e-01 4.252302e+00 
9.619037e-01 4.251783e+00 
9.669331e-01 4.251316e+00 
9.714255e-01 4.250896e+00 
9.754356e-01 4.250519e+00 
9.790130e-01 4.250182e+00 
9.822026e-01 4.249880e+00 
9.850452e-01 4.249611e+00 
9.875774e-01 4.249371e+00 
9.898322e-01 4.249157e+00 
9.918395e-01 4.248966e+00 
9.936260e-01 4.248797e+00 
9.952155e-01 4.248647e+00 
9.966295e-01 4.248514e+00 
9.978872e-01 4.248396e+00 
9.990056e-01 4.248292e+00 
1.000000e+00 4.248200e+00 
-4.132569e+00 -1.019833e-03 
-4.126751e+00 2.290070e-01 
-4.108122e+00 4.687922e-01 
-4.075212e+00 7.166519e-01 
-4.026778e+00 9.705611e-01 
-3.961888e+00 1.228198e+00 
-3.879997e+00 1.487010e+00 
-3.781008e+00 1.744309e+00 
-3.665296e+00 1.997366e+00 
-3.533727e+00 2.243534e+00 
-3.387617e+00 2.480356e+00 
-3.228685e+00 2.705661e+00 
-3.058967e+00 2.917647e+00 
-2.880719e+00 3.114934e+00 
-2.696316e+00 3.296588e+00 
-2.508144e+00 3.462122e+00 
-2.318505e+00 3.611464e+00 
-2.129539e+00 3.744917e+00 
-1.943162e+00 3.863089e+00 
-1.761024e+00 3.966836e+00 
-1.584486e+00 4.057185e+00 
-1.414621e+00 4.135275e+00 
-1.252218e+00 4.202296e+00 
-1.097808e+00 4.259439e+00 
-9.516874e-01 4.307864e+00 
-8.139562e-01 4.348663e+00 
-6.845479e-01 4.382850e+00 
-5.632649e-01 4.411343e+00 
-4.498095e-01 4.434962e+00 
-3.438136e-01 4.454429e+00 
-2.448631e-01 4.470374e+00 
-1.525205e-01 4.483339e+00 
-6.634214e-02 4.493788e+00 
1.410665e-02 4.502116e+00 
8.924094e-02 4.508660e+00 
1.594481e-01 4.513702e+00 
2.250829e-01 4.517484e+00 
2.864648e-01 4.520211e+00 
3.438776e-01 4.522057e+00 
3.975711e-01 4.523174e+00 
4.477642e-01 4.523690e+00 
4.946481e-01 4.523716e+00 
5.383918e-01 4.523350e+00 
5.791463e-01 4.522674e+00 
6.170491e-01 4.521759e+00 
6.522290e-01 4.520668e+00 
6.848090e-01 4.519451e+00 
7.149096e-01 4.518153e+00 
7.426505e-01 4.516810e+00 
7.681520e-01 4.515453e+00 
7.915353e-01 4.514105e+00 
8.129225e-01 4.512787e+00 
8.324362e-01 4.511512e+00 
8.501988e-01 4.510293e+00 
8.663312e-01 4.509137e+00 
8.809521e-01 4.508050e+00 
8.941771e-01 4.507034e+00 
9.061174e-01 4.506090e+00 
9.168798e-01 4.505219e+00 
9.265653e-01 4.504417e+00 
9.352696e-01 4.503684e+00 
9.430819e-01 4.503015e+00 
9.500855e-01 4.502408e+00 
9.563578e-01 4.501857e+00 
9.619696e-01 4.501360e+00 
9.669865e-01 4.500912e+00 
9.714682e-01 4.500510e+00 
9.754691e-01 4.500148e+00 
9.790387e-01 4.499824e+00 
9.822219e-01 4.499535e+00 
9.850592e-01 4.499276e+00 
9.875872e-01 4.499046e+00 
9.898387e-01 4.498840e+00 
9.918435e-01 4.498657e+00 
9.936282e-01 4.498495e+00 
9.952164e-01 4.498351e+00 
9.966297e-01 4.498223e+00 
9.978870e-01 4.498110e+00 
9.990053e-01 4.498010e+00 
1.000000e+00 4.497921e+00 
-4.364559e+00 -1.019833e-03 
-4.358422e+00 2.418643e-01 
-4.338780e+00 4.950509e-01 
-4.304083e+00 7.567650e-01 
-4.253021e+00 1.024873e+00 
-4.184613e+00 1.296926e+00 
-4.098284e+00 1.570238e+00 
-3.993928e+00 1.841969e+00 
-3.871943e+00 2.109247e+00 
-3.733238e+00 2.369279e+00 
-3.579200e+00 2.619470e+00 
-3.411638e+00 2.857528e+00 
-3.232699e+00 3.081548e+00 
-3.044765e+00 3.290069e+00 
-2.850340e+00 3.482101e+00 
-2.651944e+00 3.657121e+00 
-2.452011e+00 3.815050e+00 
-2.252804e+00 3.956199e+00 
-2.056352e+00 4.081208e+00 
-1.864401e+00 4.190974e+00 
-1.678400e+00 4.286579e+00 
-1.499487e+00 4.369223e+00 
-1.328503e+00 4.440159e+00 
-1.166018e+00 4.500648e+00 
-1.012353e+00 4.551913e+00 
-8.676200e-01 4.595110e+00 
-7.317556e-01 4.631310e+00 
-6.045564e-01 4.661486e+00 
-4.857125e-01 4.686507e+00 
-3.748380e-01 4.707139e+00 
-2.714970e-01 4.724049e+00 
-1.752269e-01 4.737814e+00 
-8.555735e-02 4.748926e+00 
-2.025036e-03 4.757806e+00 
7.581433e-02 4.764810e+00 
1.483778e-01 4.770238e+00 
2.160495e-01 4.774348e+00 
2.791782e-01 4.777355e+00 
3.380763e-01 4.779443e+00 
3.930211e-01 4.780772e+00 
4.442578e-01 4.781476e+00 
4.920029e-01 4.781671e+00 
5.364489e-01 4.781457e+00 
5.777686e-01 4.780920e+00 
6.161199e-01 4.780134e+00 
6.516496e-01 4.779160e+00 
6.844972e-01 4.778054e+00 
7.147978e-01 4.776858e+00 
7.426837e-01 4.775610e+00 
7.682862e-01 4.774341e+00 
7.917358e-01 4.773075e+00 
8.131626e-01 4.771833e+00 
8.326955e-01 4.770629e+00 
8.504623e-01 4.769474e+00 
8.665883e-01 4.768378e+00 
8.811955e-01 4.767346e+00 
8.944021e-01 4.766380e+00 
9.063215e-01 4.765482e+00 
9.170617e-01 4.764653e+00 
9.267252e-01 4.763889e+00 
9.354081e-01 4.763190e+00 
9.432004e-01 4.762552e+00 
9.501856e-01 4.761973e+00 
9.564412e-01 4.761447e+00 
9.620382e-01 4.760973e+00 
9.670422e-01 4.760545e+00 
9.715126e-01 4.760160e+00 
9.755039e-01 4.759815e+00 
9.790655e-01 4.759506e+00 
9.822420e-01 4.759229e+00 
9.850738e-01 4.758982e+00 
9.875974e-01 4.758761e+00 
9.898455e-01 4.758565e+00 
9.918477e-01 4.758390e+00 
9.936304e-01 4.758235e+00 
9.952174e-01 4.758097e+00 
9.966298e-01 4.757975e+00 
9.978867e-01 4.757867e+00 
9.990051e-01 4.757771e+00 
1.000000e+00 4.757686e+00 
-4.605064e+00 -1.019833e-03 
-4.598597e+00 2.551936e-01 
-4.577905e+00 5.222736e-01 
-4.541359e+00 7.983513e-01 
-4.487577e+00 1.081180e+00 
-4.415527e+00 1.368182e+00 
-4.324602e+00 1.656527e+00 
-4.214691e+00 1.943228e+00 
-4.086211e+00 2.225255e+00 
-3.940116e+00 2.499668e+00 
-3.777867e+00 2.763729e+00 
-3.601367e+00 3.015021e+00 
-3.412878e+00 3.251531e+00 
-3.214908e+00 3.471715e+00 
-3.010099e+00 3.674521e+00 
-2.801109e+00 3.859395e+00 
-2.590507e+00 4.026244e+00 
-2.380684e+00 4.175392e+00 
-2.173786e+00 4.307507e+00 
-1.971663e+00 4.423532e+00 
-1.775848e+00 4.524604e+00 
-1.587550e+00 4.611985e+00 
-1.407667e+00 4.686998e+00 
-1.236805e+00 4.750970e+00 
-1.075313e+00 4.805193e+00 
-9.233160e-01 4.850888e+00 
-7.807527e-01 4.889188e+00 
-6.474145e-01 4.921120e+00 
-5.229789e-01 4.947604e+00 
-4.070414e-01 4.969452e+00 
-2.991436e-01 4.987370e+00 
-1.987974e-01 5.001971e+00 
-1.055041e-01 5.013778e+00 
-1.877116e-02 5.023234e+00 
6.187609e-02 5.030720e+00 
1.368854e-01 5.036554e+00 
2.066716e-01 5.041007e+00 
2.716137e-01 5.044308e+00 
3.320536e-01 5.046651e+00 
3.882973e-01 5.048202e+00 
4.406175e-01 5.049103e+00 
4.892567e-01 5.049475e+00 
5.344318e-01 5.049422e+00 
5.763384e-01 5.049031e+00 
6.151552e-01 5.048380e+00 
6.510481e-01 5.047531e+00 
6.841736e-01 5.046540e+00 
7.146818e-01 5.045451e+00 
7.427182e-01 5.044304e+00 
7.684256e-01 5.043128e+00 
7.919440e-01 5.041948e+00 
8.134118e-01 5.040786e+00 
8.329648e-01 5.039656e+00 
8.507360e-01 5.038570e+00 
8.668553e-01 5.037537e+00 
8.814482e-01 5.036562e+00 
8.946357e-01 5.035649e+00 
9.065333e-01 5.034800e+00 
9.172506e-01 5.034014e+00 
9.268912e-01 5.033290e+00 
9.355519e-01 5.032627e+00 
9.433234e-01 5.032022e+00 
9.502895e-01 5.031472e+00 
9.565278e-01 5.030973e+00 
9.621095e-01 5.030522e+00 
9.670999e-01 5.030116e+00 
9.715587e-01 5.029750e+00 
9.755401e-01 5.029422e+00 
9.790932e-01 5.029128e+00 
9.822628e-01 5.028865e+00 
9.850889e-01 5.028630e+00 
9.876080e-01 5.028420e+00 
9.898525e-01 5.028233e+00 
9.918520e-01 5.028067e+00 
9.936328e-01 5.027919e+00 
9.952184e-01 5.027788e+00 
9.966300e-01 5.027671e+00 
9.978865e-01 5.027569e+00 
9.990048e-01 5.027477e+00 
1.000000e+00 5.027397e+00 
-4.853929e+00 -1.019833e-03 
-4.847121e+00 2.689863e-01 
-4.825346e+00 5.504429e-01 
-4.786888e+00 8.413840e-01 
-4.730296e+00 1.139446e+00 
-4.654482e+00 1.441919e+00 
-4.558809e+00 1.745824e+00 
-4.443157e+00 2.048019e+00 
-4.307964e+00 2.345316e+00 
-4.154232e+00 2.634617e+00 
-3.983494e+00 2.913041e+00 
-3.797755e+00 3.178040e+00 
-3.599390e+00 3.427489e+00 
-3.391043e+00 3.659756e+00 
-3.175494e+00 3.873730e+00 
-2.955545e+00 4.068817e+00 
-2.733906e+00 4.244916e+00 
-2.513100e+00 4.402360e+00 
-2.295393e+00 4.541847e+00 
-2.082741e+00 4.664367e+00 
-1.876769e+00 4.771113e+00 
-1.678757e+00 4.863414e+00 
-1.489661e+00 4.942662e+00 
-1.310127e+00 5.010254e+00 
-1.140530e+00 5.067552e+00 
-9.810104e-01 5.115845e+00 
-8.315097e-01 5.156328e+00 
-6.918135e-01 5.190087e+00 
-5.615861e-01 5.218095e+00 
-4.404043e-01 5.241210e+00 
-3.277864e-01 5.260180e+00 
-2.232176e-01 5.275653e+00 
-1.261704e-01 5.288183e+00 
-3.612169e-02 5.298243e+00 
4.743457e-02 5.306232e+00 
1.249779e-01 5.312490e+00 
1.969549e-01 5.317302e+00 
2.637758e-01 5.320910e+00 
3.258132e-01 5.323520e+00 
3.834028e-01 5.325305e+00 
4.368456e-01 5.326413e+00 
4.864111e-01 5.326971e+00 
5.323417e-01 5.327085e+00 
5.748564e-01 5.326849e+00 
6.141555e-01 5.326338e+00 
6.504248e-01 5.325620e+00 
6.838382e-01 5.324751e+00 
7.145615e-01 5.323775e+00 
7.427540e-01 5.322732e+00 
7.685700e-01 5.321653e+00 
7.921598e-01 5.320565e+00 
8.136701e-01 5.319486e+00 
8.332438e-01 5.318434e+00 
8.510196e-01 5.317420e+00 
8.671319e-01 5.316453e+00 
8.817101e-01 5.315539e+00 
8.948779e-01 5.314682e+00 
9.067529e-01 5.313882e+00 
9.174464e-01 5.313143e+00 
9.270631e-01 5.312461e+00 
9.357010e-01 5.311836e+00 
9.434508e-01 5.311265e+00 
9.503971e-01 5.310746e+00 
9.566175e-01 5.310275e+00 
9.621833e-01 5.309849e+00 
9.671598e-01 5.309465e+00 
9.716065e-01 5.309119e+00 
9.755776e-01 5.308808e+00 
9.791220e-01 5.308530e+00 
9.822843e-01 5.308281e+00 
9.851046e-01 5.308059e+00 
9.876189e-01 5.307860e+00 
9.898598e-01 5.307683e+00 
9.918565e-01 5.307526e+00 
9.936352e-01 5.307386e+00 
9.952194e-01 5.307262e+00 
9.966302e-01 5.307152e+00 
9.978863e-01 5.307054e+00 
9.990045e-01 5.306968e+00 
1.000000e+00 5.306891e+00 
-5.110948e+00 -1.019833e-03 
-5.103788e+00 2.832308e-01 
-5.080895e+00 5.795352e-01 
-5.040466e+00 8.858275e-01 
-4.980976e+00 1.199624e+00 
-4.901281e+00 1.518077e+00 
-4.800710e+00 1.838055e+00 
-4.679136e+00 2.156256e+00 
-4.537018e+00 2.469329e+00 
-4.375406e+00 2.774016e+00 
-4.195912e+00 3.067284e+00 
-4.000637e+00 3.346450e+00 
-3.792082e+00 3.609276e+00 
-3.573024e+00 3.854039e+00 
-3.346389e+00 4.079562e+00 
-3.115126e+00 4.285216e+00 
-2.882091e+00 4.470886e+00 
-2.649943e+00 4.636916e+00 
-2.421073e+00 4.784036e+00 
-2.197547e+00 4.913282e+00 
-1.981081e+00 5.025907e+00 
-1.773034e+00 5.123305e+00 
-1.574418e+00 5.206942e+00 
-1.385923e+00 5.278287e+00 
-1.207951e+00 5.338775e+00 
-1.040656e+00 5.389764e+00 
-8.839854e-01 5.432514e+00 
-7.377172e-01 5.468171e+00 
-6.015029e-01 5.497762e+00 
-4.748998e-01 5.522193e+00 
-3.574023e-01 5.542257e+00 
-2.484679e-01 5.558638e+00 
-1.475396e-01 5.571922e+00 
-5.406259e-02 5.582609e+00 
3.250144e-02 5.591123e+00 
1.126648e-01 5.597823e+00 
1.869071e-01 5.603010e+00 
2.556707e-01 5.606939e+00 
3.193600e-01 5.609827e+00 
3.783413e-01 5.611856e+00 
4.329450e-01 5.613181e+00 
4.834684e-01 5.613933e+00 
5.301802e-01 5.614223e+00 
5.733238e-01 5.614147e+00 
6.131218e-01 5.613785e+00 
6.497802e-01 5.613204e+00 
6.834913e-01 5.612461e+00 
7.144371e-01 5.611603e+00 
7.427909e-01 5.610670e+00 
7.687193e-01 5.609694e+00 
7.923829e-01 5.608700e+00 
8.139372e-01 5.607710e+00 
8.335323e-01 5.606739e+00 
8.513128e-01 5.605800e+00 
8.674181e-01 5.604902e+00 
8.819810e-01 5.604051e+00 
8.951283e-01 5.603252e+00 
9.069799e-01 5.602506e+00 
9.176488e-01 5.601815e+00 
9.272410e-01 5.601177e+00 
9.358551e-01 5.600591e+00 
9.435827e-01 5.600056e+00 
9.505085e-01 5.599569e+00 
9.567103e-01 5.599127e+00 
9.622596e-01 5.598727e+00 
9.672217e-01 5.598366e+00 
9.716559e-01 5.598042e+00 
9.756163e-01 5.597750e+00 
9.791518e-01 5.597488e+00 
9.823067e-01 5.597254e+00 
9.851208e-01 5.597045e+00 
9.876303e-01 5.596858e+00 
9.898673e-01 5.596692e+00 
9.918611e-01 5.596544e+00 
9.936377e-01 5.596412e+00 
9.952205e-01 5.596295e+00 
9.966303e-01 5.596191e+00 
9.978860e-01 5.596100e+00 
9.990043e-01 5.596018e+00 
1.000000e+00 5.595946e+00 
-5.375857e+00 -1.019833e-03 
-5.368334e+00 2.979127e-01 
-5.344291e+00 6.095210e-01 
-5.301833e+00 9.316362e-01 
-5.239360e+00 1.261651e+00 
-5.155670e+00 1.596576e+00 
-5.050057e+00 1.933125e+00 
-4.922387e+00 2.267829e+00 
-4.773139e+00 2.597169e+00 
-4.603415e+00 2.917722e+00 
-4.414902e+00 3.226300e+00 
-4.209808e+00 3.520081e+00 
-3.990757e+00 3.796708e+00 
-3.760665e+00 4.054365e+00 
-3.522609e+00 4.291809e+00 
-3.279690e+00 4.508371e+00 
-3.034911e+00 4.703924e+00 
-2.791074e+00 4.878822e+00 
-2.550698e+00 5.033828e+00 
-2.315962e+00 5.170024e+00 
-2.088679e+00 5.288725e+00 
-1.870285e+00 5.391394e+00 
-1.661853e+00 5.479570e+00 
-1.464116e+00 5.554798e+00 
-1.277507e+00 5.618588e+00 
-1.102194e+00 5.672368e+00 
-9.381265e-01 5.717465e+00 
-7.850793e-01 5.755089e+00 
-6.426889e-01 5.786321e+00 
-5.104930e-01 5.812118e+00 
-3.879611e-01 5.833316e+00 
-2.745228e-01 5.850638e+00 
-1.695900e-01 5.864705e+00 
-7.257575e-02 5.876045e+00 
1.709178e-02 5.885105e+00 
9.995874e-02 5.892264e+00 
1.765384e-01 5.897842e+00 
2.473067e-01 5.902106e+00 
3.127006e-01 5.905284e+00 
3.731180e-01 5.907567e+00 
4.289196e-01 5.909117e+00 
4.804317e-01 5.910072e+00 
5.279496e-01 5.910546e+00 
5.717421e-01 5.910638e+00 
6.120549e-01 5.910430e+00 
6.491150e-01 5.909992e+00 
6.831334e-01 5.909381e+00 
7.143088e-01 5.908647e+00 
7.428290e-01 5.907828e+00 
7.688734e-01 5.906958e+00 
7.926132e-01 5.906063e+00 
8.142129e-01 5.905165e+00 
8.338301e-01 5.904279e+00 
8.516155e-01 5.903419e+00 
8.677133e-01 5.902593e+00 
8.822605e-01 5.901809e+00 
8.953867e-01 5.901070e+00 
9.072142e-01 5.900379e+00 
9.178578e-01 5.899738e+00 
9.274246e-01 5.899146e+00 
9.360142e-01 5.898602e+00 
9.437187e-01 5.898104e+00 
9.506234e-01 5.897651e+00 
9.568061e-01 5.897239e+00 
9.623384e-01 5.896866e+00 
9.672856e-01 5.896530e+00 
9.717069e-01 5.896227e+00 
9.756563e-01 5.895954e+00 
9.791825e-01 5.895710e+00 
9.823297e-01 5.895492e+00 
9.851376e-01 5.895297e+00 
9.876420e-01 5.895122e+00 
9.898751e-01 5.894967e+00 
9.918659e-01 5.894828e+00 
9.936403e-01 5.894705e+00 
9.952215e-01 5.894596e+00 
9.966305e-01 5.894499e+00 
9.978858e-01 5.894413e+00 
9.990040e-01 5.894337e+00 
1.000000e+00 5.894270e+00 
-5.648337e+00 -1.019833e-03 
-5.640442e+00 3.130142e-01 
-5.615217e+00 6.403639e-01 
-5.570675e+00 9.787549e-01 
-5.505137e+00 1.325453e+00 
-5.417343e+00 1.677324e+00 
-5.306550e+00 2.030919e+00 
-5.172617e+00 2.382602e+00 
-5.016043e+00 2.728680e+00 
-4.837981e+00 3.065561e+00 
-4.640201e+00 3.389896e+00 
-4.425015e+00 3.698721e+00 
-4.195174e+00 3.989557e+00 
-3.953740e+00 4.260492e+00 
-3.703941e+00 4.510214e+00 
-3.449036e+00 4.738013e+00 
-3.192182e+00 4.943748e+00 
-2.936323e+00 5.127786e+00 
-2.684112e+00 5.290920e+00 
-2.437845e+00 5.434283e+00 
-2.199432e+00 5.559250e+00 
-1.970392e+00 5.667357e+00 
-1.751859e+00 5.760217e+00 
-1.544613e+00 5.839454e+00 
-1.349114e+00 5.906652e+00 
-1.165547e+00 5.963315e+00 
-9.938678e-01 6.010838e+00 
-8.338424e-01 6.050495e+00 
-6.850944e-01 6.083423e+00 
-5.471408e-01 6.110633e+00 
-4.194261e-01 6.133005e+00 
-3.013507e-01 6.151303e+00 
-1.922950e-01 6.166181e+00 
-9.163877e-02 6.178197e+00 
1.224211e-03 6.187823e+00 
8.687491e-02 6.195459e+00 
1.658614e-01 6.201442e+00 
2.386939e-01 6.206053e+00 
3.058431e-01 6.209532e+00 
3.677393e-01 6.212080e+00 
4.247745e-01 6.213865e+00 
4.773045e-01 6.215030e+00 
5.256526e-01 6.215695e+00 
5.701134e-01 6.215962e+00 
6.109563e-01 6.215914e+00 
6.484300e-01 6.215625e+00 
6.827648e-01 6.215152e+00 
7.141766e-01 6.214546e+00 
7.428683e-01 6.213846e+00 
7.690321e-01 6.213087e+00 
7.928504e-01 6.212296e+00 
8.144968e-01 6.211493e+00 
8.341367e-01 6.210696e+00 
8.519272e-01 6.209916e+00 
8.680174e-01 6.209166e+00 
8.825483e-01 6.208450e+00 
8.956528e-01 6.207775e+00 
9.074555e-01 6.207142e+00 
9.180729e-01 6.206553e+00 
9.276136e-01 6.206009e+00 
9.361780e-01 6.205507e+00 
9.438589e-01 6.205049e+00 
9.507417e-01 6.204630e+00 
9.569048e-01 6.204250e+00 
9.624196e-01 6.203906e+00 
9.673514e-01 6.203595e+00 
9.717594e-01 6.203314e+00 
9.756975e-01 6.203062e+00 
9.792141e-01 6.202836e+00 
9.823534e-01 6.202634e+00 
9.851548e-01 6.202453e+00 
9.876541e-01 6.202291e+00 
9.898831e-01 6.202147e+00 
9.918708e-01 6.202019e+00 
9.936429e-01 6.201905e+00 
9.952227e-01 6.201803e+00 
9.966307e-01 6.201713e+00 
9.978855e-01 6.201634e+00 
9.990037e-01 6.201563e+00 
1.000000e+00 6.201501e+00 
-5.928010e+00 -1.019833e-03 
-5.919735e+00 3.285145e-01 
-5.893298e+00 6.720213e-01 
-5.846620e+00 1.027118e+00 
-5.777940e+00 1.390942e+00 
-5.685937e+00 1.760207e+00 
-5.569833e+00 2.131303e+00 
-5.429478e+00 2.500417e+00 
-5.265392e+00 2.863681e+00 
-5.078781e+00 3.217329e+00 
-4.871496e+00 3.557847e+00 
-4.645958e+00 3.882124e+00 
-4.405051e+00 4.187557e+00 
-4.151981e+00 4.472134e+00 
-3.890135e+00 4.734473e+00 
-3.622931e+00 4.973822e+00 
-3.353684e+00 5.190025e+00 
-3.085487e+00 5.383461e+00 
-2.821129e+00 5.554955e+00 
-2.563024e+00 5.705691e+00 
-2.313187e+00 5.837106e+00 
-2.073216e+00 5.950810e+00 
-1.844312e+00 6.048492e+00 
-1.627300e+00 6.131857e+00 
-1.422672e+00 6.202566e+00 
-1.230630e+00 6.262200e+00 
-1.051131e+00 6.312224e+00 
-8.839385e-01 6.353976e+00 
-7.286600e-01 6.388655e+00 
-5.847921e-01 6.417322e+00 
-4.517532e-01 6.440906e+00 
-3.289141e-01 6.460211e+00 
-2.156229e-01 6.475927e+00 
-1.112250e-01 6.488642e+00 
-1.507908e-02 6.498854e+00 
7.343165e-02 6.506983e+00 
1.548909e-01 6.513385e+00 
2.298443e-01 6.518356e+00 
2.987969e-01 6.522147e+00 
3.622126e-01 6.524969e+00 
4.205153e-01 6.526997e+00 
4.740912e-01 6.528381e+00 
5.232923e-01 6.529244e+00 
5.684398e-01 6.529692e+00 
6.098274e-01 6.529811e+00 
6.477261e-01 6.529676e+00 
6.823860e-01 6.529346e+00 
7.140408e-01 6.528873e+00 
7.429087e-01 6.528297e+00 
7.691952e-01 6.527653e+00 
7.930940e-01 6.526968e+00 
8.147885e-01 6.526264e+00 
8.344518e-01 6.525559e+00 
8.522475e-01 6.524865e+00 
8.683299e-01 6.524192e+00 
8.828441e-01 6.523548e+00 
8.959263e-01 6.522938e+00 
9.077035e-01 6.522364e+00 
9.182941e-01 6.521830e+00 
9.278079e-01 6.521335e+00 
9.363463e-01 6.520879e+00 
9.440029e-01 6.520460e+00 
9.508633e-01 6.520078e+00 
9.570061e-01 6.519731e+00 
9.625029e-01 6.519416e+00 
9.674190e-01 6.519131e+00 
9.718134e-01 6.518874e+00 
9.757398e-01 6.518643e+00 
9.792466e-01 6.518436e+00 
9.823778e-01 6.518251e+00 
9.851725e-01 6.518085e+00 
9.876664e-01 6.517936e+00 
9.898913e-01 6.517804e+00 
9.918758e-01 6.517686e+00 
9.936457e-01 6.517581e+00 
9.952238e-01 6.517488e+00 
9.966309e-01 6.517405e+00 
9.978852e-01 6.517332e+00 
9.990034e-01 6.517267e+00 
1.000000e+00 6.517210e+00 
-6.214444e+00 -1.019833e-03 
-6.205779e+00 3.443894e-01 
-6.178102e+00 7.044442e-01 
-6.129238e+00 1.076652e+00 
-6.057344e+00 1.458015e+00 
-5.961036e+00 1.845097e+00 
-5.839498e+00 2.234119e+00 
-5.692572e+00 2.621091e+00 
-5.520799e+00 3.001963e+00 
-5.325439e+00 3.372789e+00 
-5.108427e+00 3.729890e+00 
-4.872295e+00 4.070004e+00 
-4.620059e+00 4.390399e+00 
-4.355078e+00 4.688961e+00 
-4.080899e+00 4.964236e+00 
-3.801103e+00 5.215430e+00 
-3.519165e+00 5.442371e+00 
-3.238334e+00 5.645448e+00 
-2.961534e+00 5.825520e+00 
-2.691305e+00 5.983822e+00 
-2.429764e+00 6.121857e+00 
-2.178595e+00 6.241307e+00 
-1.939065e+00 6.343942e+00 
-1.712048e+00 6.431547e+00 
-1.498066e+00 6.505865e+00 
-1.297338e+00 6.568552e+00 
-1.109827e+00 6.621146e+00 
-9.352888e-01 6.665054e+00 
-7.733172e-01 6.701533e+00 
-6.233875e-01 6.731701e+00 
-4.848915e-01 6.756533e+00 
-3.571697e-01 6.776876e+00 
-2.395369e-01 6.793455e+00 
-1.313036e-01 6.806890e+00 
-3.179236e-02 6.817706e+00 
5.965019e-02 6.826344e+00 
1.436444e-01 6.833179e+00 
2.207719e-01 6.838522e+00 
2.915733e-01 6.842636e+00 
3.565467e-01 6.845740e+00 
4.161487e-01 6.848020e+00 
4.707970e-01 6.849630e+00 
5.208726e-01 6.850697e+00 
5.667239e-01 6.851332e+00 
6.086701e-01 6.851624e+00 
6.470044e-01 6.851648e+00 
6.819977e-01 6.851466e+00 
7.139016e-01 6.851130e+00 
7.429500e-01 6.850683e+00 
7.693623e-01 6.850158e+00 
7.933439e-01 6.849584e+00 
8.150876e-01 6.848983e+00 
8.347749e-01 6.848372e+00 
8.525758e-01 6.847765e+00 
8.686503e-01 6.847173e+00 
8.831474e-01 6.846603e+00 
8.962067e-01 6.846061e+00 
9.079577e-01 6.845549e+00 
9.185208e-01 6.845072e+00 
9.280070e-01 6.844627e+00 
9.365189e-01 6.844217e+00 
9.441505e-01 6.843841e+00 
9.509880e-01 6.843496e+00 
9.571100e-01 6.843182e+00 
9.625884e-01 6.842898e+00 
9.674883e-01 6.842641e+00 
9.718687e-01 6.842408e+00 
9.757832e-01 6.842199e+00 
9.792800e-01 6.842011e+00 
9.824028e-01 6.841843e+00 
9.851907e-01 6.841692e+00 
9.876792e-01 6.841557e+00 
9.898997e-01 6.841438e+00 
9.918810e-01 6.841330e+00 
9.936485e-01 6.841235e+00 
9.952250e-01 6.841151e+00 
9.966311e-01 6.841075e+00 
9.978850e-01 6.841009e+00 
9.990031e-01 6.840950e+00 
1.000000e+00 6.840898e+00 
-6.507150e+00 -1.019833e-03 
-6.498085e+00 3.606119e-01 
-6.469144e+00 7.375772e-01 
-6.418048e+00 1.127270e+00 
-6.342873e+00 1.526558e+00 
-6.242169e+00 1.931849e+00 
-6.115083e+00 2.339193e+00 
-5.961448e+00 2.744418e+00 
-5.781827e+00 3.143287e+00 
-5.577533e+00 3.531675e+00 
-5.350588e+00 3.905731e+00 
-5.103636e+00 4.262038e+00 
-4.839831e+00 4.597733e+00 
-4.562683e+00 4.910600e+00 
-4.275904e+00 5.199109e+00 
-3.983243e+00 5.462420e+00 
-3.688340e+00 5.700348e+00 
-3.394598e+00 5.913292e+00 
-3.105085e+00 6.102146e+00 
-2.822464e+00 6.268194e+00 
-2.548961e+00 6.413008e+00 
-2.286347e+00 6.538344e+00 
-2.035955e+00 6.646053e+00 
-1.798709e+00 6.738004e+00 
-1.575164e+00 6.816020e+00 
-1.365556e+00 6.881837e+00 
-1.169853e+00 6.937069e+00 
-9.878036e-01 6.983187e+00 
-8.189881e-01 7.021514e+00 
-6.628597e-01 7.053222e+00 
-5.187832e-01 7.079335e+00 
-3.860680e-01 7.100744e+00 
-2.639951e-01 7.118211e+00 
-1.518394e-01 7.132386e+00 
-4.888643e-02 7.143823e+00 
4.555460e-02 7.152985e+00 
1.321414e-01 7.160265e+00 
2.114926e-01 7.165991e+00 
2.841849e-01 7.170436e+00 
3.507515e-01 7.173833e+00 
4.116825e-01 7.176372e+00 
4.674275e-01 7.178214e+00 
5.183976e-01 7.179492e+00 
5.649689e-01 7.180320e+00 
6.074863e-01 7.180790e+00 
6.462662e-01 7.180978e+00 
6.816005e-01 7.180949e+00 
7.137591e-01 7.180755e+00 
7.429924e-01 7.180440e+00 
7.695334e-01 7.180038e+00 
7.935994e-01 7.179577e+00 
8.153936e-01 7.179082e+00 
8.351053e-01 7.178569e+00 
8.529117e-01 7.178053e+00 
8.689779e-01 7.177544e+00 
8.834576e-01 7.177050e+00 
8.964935e-01 7.176578e+00 
9.082178e-01 7.176130e+00 
9.187526e-01 7.175710e+00 
9.282107e-01 7.175318e+00 
9.366954e-01 7.174956e+00 
9.443015e-01 7.174622e+00 
9.511155e-01 7.174317e+00 
9.572164e-01 7.174038e+00 
9.626759e-01 7.173785e+00 
9.675592e-01 7.173556e+00 
9.719253e-01 7.173348e+00 
9.758275e-01 7.173161e+00 
9.793141e-01 7.172994e+00 
9.824283e-01 7.172843e+00 
9.852093e-01 7.172709e+00 
9.876921e-01 7.172588e+00 
9.899084e-01 7.172481e+00 
9.918863e-01 7.172385e+00 
9.936514e-01 7.172299e+00 
9.952262e-01 7.172224e+00 
9.966313e-01 7.172156e+00 
9.978847e-01 7.172097e+00 
9.990027e-01 7.172044e+00 
1.000000e+00 7.171997e+00 
-6.805583e+00 -1.019833e-03 
-6.796113e+00 3.771520e-01 
-6.765883e+00 7.713587e-01 
-6.712514e+00 1.178880e+00 
-6.633996e+00 1.596445e+00 
-6.528814e+00 2.020303e+00 
-6.396078e+00 2.446329e+00 
-6.235607e+00 2.870167e+00 
-6.047989e+00 3.287392e+00 
-5.834594e+00 3.693692e+00 
-5.597527e+00 4.085042e+00 
-5.339550e+00 4.457868e+00 
-5.063953e+00 4.809173e+00 
-4.774406e+00 5.136636e+00 
-4.474785e+00 5.438649e+00 
-4.169011e+00 5.714329e+00 
-3.860890e+00 5.963473e+00 
-3.553986e+00 6.186492e+00 
-3.251510e+00 6.384312e+00 
-2.956255e+00 6.558272e+00 
-2.670554e+00 6.710010e+00 
-2.396268e+00 6.841360e+00 
-2.134798e+00 6.954255e+00 
-1.887120e+00 7.050646e+00 
-1.653821e+00 7.132444e+00 
-1.435155e+00 7.201462e+00 
-1.231094e+00 7.259390e+00 
-1.041383e+00 7.307771e+00 
-8.655858e-01 7.347989e+00 
-7.031336e-01 7.381273e+00 
-5.533637e-01 7.408699e+00 
-4.155540e-01 7.431199e+00 
-2.889512e-01 7.449575e+00 
-1.727934e-01 7.464509e+00 
-6.632871e-02 7.476583e+00 
3.117176e-02 7.486282e+00 
1.204039e-01 7.494019e+00 
2.020241e-01 7.500137e+00 
2.766458e-01 7.504924e+00 
3.448380e-01 7.508620e+00 
4.071251e-01 7.511425e+00 
4.639892e-01 7.513506e+00 
5.158720e-01 7.515002e+00 
5.631781e-01 7.516028e+00 
6.062783e-01 7.516680e+00 
6.455130e-01 7.517038e+00 
6.811952e-01 7.517165e+00 
7.136138e-01 7.517117e+00 
7.430355e-01 7.516937e+00 
7.697079e-01 7.516661e+00 
7.938602e-01 7.516318e+00 
8.157057e-01 7.515932e+00 
8.354425e-01 7.515520e+00 
8.532545e-01 7.515096e+00 
8.693123e-01 7.514673e+00 
8.837742e-01 7.514257e+00 
8.967861e-01 7.513857e+00 
9.084831e-01 7.513474e+00 
9.189893e-01 7.513114e+00 
9.284186e-01 7.512777e+00 
9.368756e-01 7.512463e+00 
9.444556e-01 7.512174e+00 
9.512456e-01 7.511908e+00 
9.573248e-01 7.511665e+00 
9.627651e-01 7.511444e+00 
9.676315e-01 7.511244e+00 
9.719830e-01 7.511062e+00 
9.758728e-01 7.510899e+00 
9.793489e-01 7.510751e+00 
9.824544e-01 7.510619e+00 
9.852282e-01 7.510501e+00 
9.877054e-01 7.510395e+00 
9.899172e-01 7.510301e+00 
9.918917e-01 7.510216e+00 
9.936543e-01 7.510141e+00 
9.952275e-01 7.510074e+00 
9.966315e-01 7.510014e+00 
9.978844e-01 7.509962e+00 
9.990024e-01 7.509915e+00 
1.000000e+00 7.509874e+00 
-7.109152e+00 -1.019833e-03 
-7.099270e+00 3.939766e-01 
-7.067729e+00 8.057217e-01 
-7.012051e+00 1.231378e+00 
-6.930134e+00 1.667535e+00 
-6.820402e+00 2.110281e+00 
-6.681920e+00 2.555314e+00 
-6.514502e+00 2.998089e+00 
-6.318756e+00 3.433989e+00 
-6.096107e+00 3.858514e+00 
-5.848751e+00 4.267463e+00 
-5.579564e+00 4.657100e+00 
-5.291978e+00 5.024295e+00 
-4.989822e+00 5.366614e+00 
-4.677142e+00 5.682376e+00 
-4.358031e+00 5.970649e+00 
-4.036468e+00 6.231214e+00 
-3.716175e+00 6.464493e+00 
-3.400514e+00 6.671447e+00 
-3.092406e+00 6.853468e+00 
-2.794296e+00 7.012261e+00 
-2.508134e+00 7.149739e+00 
-2.235394e+00 7.267919e+00 
-1.977100e+00 7.368839e+00 
-1.733875e+00 7.454492e+00 
-1.505992e+00 7.526775e+00 
-1.293427e+00 7.587454e+00 
-1.095918e+00 7.638143e+00 
-9.130152e-01 7.680291e+00 
-7.441268e-01 7.715184e+00 
-5.885623e-01 7.743949e+00 
-4.455675e-01 7.767565e+00 
-3.143538e-01 7.786869e+00 
-1.941226e-01 7.802580e+00 
-8.408345e-02 7.815304e+00 
1.653116e-02 7.825552e+00 
1.084559e-01 7.833757e+00 
1.923857e-01 7.840277e+00 
2.689715e-01 7.845413e+00 
3.388184e-01 7.849415e+00 
4.024860e-01 7.852493e+00 
4.604892e-01 7.854819e+00 
5.133011e-01 7.856537e+00 
5.613551e-01 7.857766e+00 
6.050486e-01 7.858605e+00 
6.447462e-01 7.859136e+00 
6.807826e-01 7.859424e+00 
7.134659e-01 7.859525e+00 
7.430795e-01 7.859484e+00 
7.698855e-01 7.859338e+00 
7.941257e-01 7.859115e+00 
8.160235e-01 7.858839e+00 
8.357858e-01 7.858531e+00 
8.536034e-01 7.858202e+00 
8.696528e-01 7.857866e+00 
8.840964e-01 7.857531e+00 
8.970841e-01 7.857204e+00 
9.087533e-01 7.856889e+00 
9.192302e-01 7.856590e+00 
9.286303e-01 7.856308e+00 
9.370590e-01 7.856044e+00 
9.446124e-01 7.855800e+00 
9.513781e-01 7.855575e+00 
9.574353e-01 7.855369e+00 
9.628559e-01 7.855181e+00 
9.677052e-01 7.855011e+00 
9.720418e-01 7.854856e+00 
9.759189e-01 7.854715e+00 
9.793843e-01 7.854589e+00 
9.824809e-01 7.854476e+00 
9.852476e-01 7.854375e+00 
9.877189e-01 7.854283e+00 
9.899261e-01 7.854202e+00 
9.918972e-01 7.854130e+00 
9.936573e-01 7.854065e+00 
9.952287e-01 7.854007e+00 
9.966317e-01 7.853956e+00 
9.978841e-01 7.853911e+00 
9.990021e-01 7.853870e+00 
1.000000e+00 7.853835e+00 
-7.417217e+00 -1.019833e-03 
-7.406916e+00 4.110505e-01 
-7.374047e+00 8.405937e-01 
-7.316026e+00 1.284655e+00 
-7.230664e+00 1.739680e+00 
-7.116316e+00 2.201595e+00 
-6.972009e+00 2.665917e+00 
-6.797544e+00 3.127912e+00 
-6.593553e+00 3.582768e+00 
-6.361520e+00 4.025795e+00 
-6.103726e+00 4.452608e+00 
-5.823168e+00 4.859313e+00 
-5.523420e+00 5.242639e+00 
-5.208472e+00 5.600046e+00 
-4.882542e+00 5.929769e+00 
-4.549901e+00 6.230832e+00 
-4.214697e+00 6.502999e+00 
-3.880819e+00 6.746701e+00 
-3.551777e+00 6.962934e+00 
-3.230625e+00 7.153146e+00 
-2.919920e+00 7.319109e+00 
-2.621705e+00 7.462817e+00 
-2.337524e+00 7.586370e+00 
-2.068455e+00 7.691893e+00 
-1.815154e+00 7.781467e+00 
-1.577914e+00 7.857070e+00 
-1.356715e+00 7.920548e+00 
-1.151290e+00 7.973585e+00 
-9.611733e-01 8.017697e+00 
-7.857503e-01 8.054229e+00 
-6.243025e-01 8.084358e+00 
-4.760430e-01 8.109109e+00 
-3.401477e-01 8.129360e+00 
-2.157805e-01 8.145860e+00 
-1.021120e-01 8.159248e+00 
1.664696e-03 8.170057e+00 
9.632361e-02 8.178738e+00 
1.825985e-01 8.185668e+00 
2.611786e-01 8.191159e+00 
3.327058e-01 8.195475e+00 
3.977751e-01 8.198831e+00 
4.569351e-01 8.201406e+00 
5.106904e-01 8.203351e+00 
5.595039e-01 8.204788e+00 
6.037999e-01 8.205818e+00 
6.439676e-01 8.206525e+00 
6.803637e-01 8.206978e+00 
7.133156e-01 8.207231e+00 
7.431241e-01 8.207332e+00 
7.700659e-01 8.207318e+00 
7.943952e-01 8.207218e+00 
8.163463e-01 8.207056e+00 
8.361344e-01 8.206852e+00 
8.539577e-01 8.206620e+00 
8.699984e-01 8.206374e+00 
8.844236e-01 8.206121e+00 
8.973866e-01 8.205869e+00 
9.090276e-01 8.205622e+00 
9.194748e-01 8.205386e+00 
9.288452e-01 8.205160e+00 
9.372452e-01 8.204948e+00 
9.447717e-01 8.204751e+00 
9.515126e-01 8.204567e+00 
9.575474e-01 8.204399e+00 
9.629482e-01 8.204245e+00 
9.677800e-01 8.204104e+00 
9.721015e-01 8.203976e+00 
9.759658e-01 8.203860e+00 
9.794202e-01 8.203756e+00 
9.825079e-01 8.203662e+00 
9.852672e-01 8.203577e+00 
9.877326e-01 8.203501e+00 
9.899352e-01 8.203434e+00 
9.919028e-01 8.203373e+00 
9.936603e-01 8.203319e+00 
9.952300e-01 8.203271e+00 
9.966319e-01 8.203227e+00 
9.978838e-01 8.203190e+00 
9.990017e-01 8.203156e+00 
1.000000e+00 8.203126e+00 
-7.729095e+00 -1.019833e-03 
-7.718372e+00 4.283357e-01 
-7.684159e+00 8.758977e-01 
-7.623767e+00 1.338591e+00 
-7.534919e+00 1.812719e+00 
-7.415901e+00 2.294041e+00 
-7.265699e+00 2.777894e+00 
-7.084104e+00 3.259349e+00 
-6.871771e+00 3.733400e+00 
-6.630240e+00 4.195160e+00 
-6.361884e+00 4.640065e+00 
-6.069818e+00 5.064055e+00 
-5.757762e+00 5.463720e+00 
-5.429867e+00 5.836407e+00 
-5.090527e+00 6.180274e+00 
-4.744188e+00 6.494294e+00 
-4.395177e+00 6.778215e+00 
-4.047545e+00 7.032478e+00 
-3.704956e+00 7.258116e+00 
-3.370598e+00 7.456628e+00 
-3.047141e+00 7.629860e+00 
-2.736722e+00 7.779883e+00 
-2.440957e+00 7.908883e+00 
-2.160977e+00 8.019075e+00 
-1.897473e+00 8.112624e+00 
-1.650757e+00 8.191596e+00 
-1.420815e+00 8.257912e+00 
-1.207373e+00 8.313333e+00 
-1.009950e+00 8.359438e+00 
-8.279089e-01 8.397632e+00 
-6.605025e-01 8.429146e+00 
-5.069108e-01 8.455050e+00 
-3.662740e-01 8.476262e+00 
-2.377175e-01 8.493565e+00 
-1.203730e-01 8.507627e+00 
-1.339354e-02 8.519005e+00 
8.403472e-02 8.528171e+00 
1.726850e-01 8.535517e+00 
2.532850e-01 8.541371e+00 
3.265142e-01 8.546005e+00 
3.930034e-01 8.549643e+00 
4.533351e-01 8.552473e+00 
5.080460e-01 8.554649e+00 
5.576287e-01 8.556297e+00 
6.025351e-01 8.557521e+00 
6.431789e-01 8.558408e+00 
6.799393e-01 8.559027e+00 
7.131634e-01 8.559436e+00 
7.431694e-01 8.559682e+00 
7.702486e-01 8.559801e+00 
7.946683e-01 8.559826e+00 
8.166732e-01 8.559780e+00 
8.364875e-01 8.559683e+00 
8.543166e-01 8.559550e+00 
8.703486e-01 8.559395e+00 
8.847551e-01 8.559226e+00 
8.976931e-01 8.559050e+00 
9.093055e-01 8.558873e+00 
9.197226e-01 8.558700e+00 
9.290629e-01 8.558532e+00 
9.374339e-01 8.558372e+00 
9.449331e-01 8.558222e+00 
9.516489e-01 8.558081e+00 
9.576610e-01 8.557950e+00 
9.630416e-01 8.557831e+00 
9.678557e-01 8.557720e+00 
9.721620e-01 8.557620e+00 
9.760132e-01 8.557529e+00 
9.794567e-01 8.557446e+00 
9.825352e-01 8.557372e+00 
9.852870e-01 8.557305e+00 
9.877465e-01 8.557244e+00 
9.899444e-01 8.557190e+00 
9.919085e-01 8.557142e+00 
9.936634e-01 8.557099e+00 
9.952313e-01 8.557060e+00 
9.966321e-01 8.557025e+00 
9.978835e-01 8.556995e+00 
9.990014e-01 8.556968e+00 
1.000000e+00 8.556944e+00 
-8.044071e+00 -1.019833e-03 
-8.032920e+00 4.457926e-01 
-7.997351e+00 9.115523e-01 
-7.934566e+00 1.393063e+00 
-7.842198e+00 1.886484e+00 
-7.718466e+00 2.387407e+00 
-7.562313e+00 2.890986e+00 
-7.373520e+00 3.392097e+00 
-7.152766e+00 3.885535e+00 
-6.901647e+00 4.366218e+00 
-6.622626e+00 4.829399e+00 
-6.318942e+00 5.270851e+00 
-5.994459e+00 5.687022e+00 
-5.653491e+00 6.075148e+00 
-5.300609e+00 6.433306e+00 
-4.940439e+00 6.760419e+00 
-4.577484e+00 7.056218e+00 
-4.215963e+00 7.321156e+00 
-3.859693e+00 7.556298e+00 
-3.511997e+00 7.763202e+00 
-3.175661e+00 7.943781e+00 
-2.852914e+00 8.100188e+00 
-2.545449e+00 8.234696e+00 
-2.254447e+00 8.349609e+00 
-1.980637e+00 8.447180e+00 
-1.724348e+00 8.529558e+00 
-1.485574e+00 8.598746e+00 
-1.264033e+00 8.656578e+00 
-1.059229e+00 8.704699e+00 
-8.705022e-01 8.744576e+00 
-6.970760e-01 8.777492e+00 
-5.380974e-01 8.804563e+00 
-3.926701e-01 8.826748e+00 
-2.598813e-01 8.844865e+00 
-1.388228e-01 8.859609e+00 
-2.860757e-02 8.871563e+00 
7.161864e-02 8.881221e+00 
1.626689e-01 8.888989e+00 
2.453098e-01 8.895209e+00 
3.202585e-01 8.900166e+00 
3.881822e-01 8.904091e+00 
4.496978e-01 8.907179e+00 
5.053742e-01 8.909588e+00 
5.557342e-01 8.911450e+00 
6.012571e-01 8.912872e+00 
6.423820e-01 8.913941e+00 
6.795105e-01 8.914730e+00 
7.130097e-01 8.915296e+00 
7.432151e-01 8.915688e+00 
7.704333e-01 8.915944e+00 
7.949442e-01 8.916095e+00 
8.170035e-01 8.916166e+00 
8.368442e-01 8.916178e+00 
8.546793e-01 8.916145e+00 
8.707024e-01 8.916083e+00 
8.850900e-01 8.915998e+00 
8.980027e-01 8.915900e+00 
9.095862e-01 8.915793e+00 
9.199729e-01 8.915684e+00 
9.292828e-01 8.915575e+00 
9.376245e-01 8.915468e+00 
9.450961e-01 8.915365e+00 
9.517866e-01 8.915267e+00 
9.577758e-01 8.915176e+00 
9.631360e-01 8.915091e+00 
9.679323e-01 8.915012e+00 
9.722231e-01 8.914939e+00 
9.760611e-01 8.914873e+00 
9.794935e-01 8.914813e+00 
9.825628e-01 8.914758e+00 
9.853071e-01 8.914709e+00 
9.877605e-01 8.914664e+00 
9.899537e-01 8.914624e+00 
9.919142e-01 8.914588e+00 
9.936665e-01 8.914556e+00 
9.952326e-01 8.914527e+00 
9.966323e-01 8.914501e+00 
9.978832e-01 8.914478e+00 
9.990011e-01 8.914458e+00 
1.000000e+00 8.914440e+00 
-8.361397e+00 -1.019833e-03 
-8.349816e+00 4.633798e-01 
-8.312880e+00 9.474729e-01 
-8.247685e+00 1.447942e+00 
-8.151773e+00 1.960800e+00 
-8.023293e+00 2.481471e+00 
-7.861147e+00 3.004924e+00 
-7.665105e+00 3.525839e+00 
-7.435868e+00 4.038810e+00 
-7.175092e+00 4.538561e+00 
-6.885331e+00 5.020156e+00 
-6.569944e+00 5.479204e+00 
-6.232942e+00 5.912010e+00 
-5.878806e+00 6.315695e+00 
-5.512283e+00 6.688255e+00 
-5.138180e+00 7.028565e+00 
-4.761178e+00 7.336336e+00 
-4.385665e+00 7.612033e+00 
-4.015612e+00 7.856757e+00 
-3.654478e+00 8.072120e+00 
-3.305165e+00 8.260107e+00 
-2.969999e+00 8.422951e+00 
-2.650743e+00 8.563014e+00 
-2.348637e+00 8.682687e+00 
-2.064442e+00 8.784314e+00 
-1.798507e+00 8.870128e+00 
-1.550833e+00 8.942213e+00 
-1.321131e+00 9.002477e+00 
-1.108890e+00 9.052633e+00 
-9.134255e-01 9.094208e+00 
-7.339330e-01 9.128539e+00 
-5.695259e-01 9.156788e+00 
-4.192711e-01 9.179954e+00 
-2.822172e-01 9.198892e+00 
-1.574160e-01 9.214325e+00 
-4.393986e-02 9.226862e+00 
5.910601e-02 9.237015e+00 
1.525748e-01 9.245211e+00 
2.372724e-01 9.251801e+00 
3.139541e-01 9.257084e+00 
3.833235e-01 9.261299e+00 
4.460321e-01 9.264647e+00 
5.026816e-01 9.267293e+00 
5.538248e-01 9.269371e+00 
5.999692e-01 9.270992e+00 
6.415789e-01 9.272245e+00 
6.790783e-01 9.273205e+00 
7.128547e-01 9.273930e+00 
7.432611e-01 9.274470e+00 
7.706193e-01 9.274864e+00 
7.952223e-01 9.275143e+00 
8.173363e-01 9.275332e+00 
8.372038e-01 9.275454e+00 
8.550447e-01 9.275523e+00 
8.710589e-01 9.275553e+00 
8.854276e-01 9.275554e+00 
8.983148e-01 9.275534e+00 
9.098692e-01 9.275499e+00 
9.202252e-01 9.275455e+00 
9.295045e-01 9.275405e+00 
9.378166e-01 9.275351e+00 
9.452604e-01 9.275297e+00 
9.519253e-01 9.275242e+00 
9.578915e-01 9.275190e+00 
9.632312e-01 9.275140e+00 
9.680094e-01 9.275093e+00 
9.722847e-01 9.275048e+00 
9.761094e-01 9.275007e+00 
9.795306e-01 9.274969e+00 
9.825906e-01 9.274935e+00 
9.853273e-01 9.274903e+00 
9.877747e-01 9.274874e+00 
9.899631e-01 9.274849e+00 
9.919200e-01 9.274825e+00 
9.936696e-01 9.274804e+00 
9.952339e-01 9.274785e+00 
9.966325e-01 9.274767e+00 
9.978829e-01 9.274753e+00 
9.990007e-01 9.274739e+00 
1.000000e+00 9.274727e+00 
-8.680302e+00 -1.019833e-03 
-8.668288e+00 4.810545e-01 
-8.629979e+00 9.835724e-01 
-8.562364e+00 1.503094e+00 
-8.462891e+00 2.035486e+00 
-8.329640e+00 2.576004e+00 
-8.161472e+00 3.119430e+00 
-7.958146e+00 3.660249e+00 
-7.720387e+00 4.192853e+00 
-7.449907e+00 4.711767e+00 
-7.149353e+00 5.211872e+00 
-6.822207e+00 5.688605e+00 
-6.472626e+00 6.138131e+00 
-6.105258e+00 6.557455e+00 
-5.725027e+00 6.944493e+00 
-5.336923e+00 7.298069e+00 
-4.945805e+00 7.617876e+00 
-4.556230e+00 7.904390e+00 
-4.172325e+00 8.158747e+00 
-3.797686e+00 8.382616e+00 
-3.435331e+00 8.578051e+00 
-3.087682e+00 8.747368e+00 
-2.756578e+00 8.893016e+00 
-2.443310e+00 9.017476e+00 
-2.148677e+00 9.123182e+00 
-1.873049e+00 9.212452e+00 
-1.616428e+00 9.287451e+00 
-1.378524e+00 9.350161e+00 
-1.158807e+00 9.402364e+00 
-9.565706e-01 9.445647e+00 
-7.709807e-01 9.481401e+00 
-6.011171e-01 9.510835e+00 
-4.460099e-01 9.534990e+00 
-3.046688e-01 9.554754e+00 
-1.761056e-01 9.570881e+00 
-5.935167e-02 9.584004e+00 
4.652846e-02 9.594656e+00 
1.424284e-01 9.603281e+00 
2.291934e-01 9.610245e+00 
3.076170e-01 9.615855e+00 
3.784395e-01 9.620362e+00 
4.423474e-01 9.623973e+00 
4.999749e-01 9.626856e+00 
5.519056e-01 9.629153e+00 
5.986746e-01 9.630974e+00 
6.407717e-01 9.632413e+00 
6.786439e-01 9.633545e+00 
7.126989e-01 9.634430e+00 
7.433074e-01 9.635119e+00 
7.708064e-01 9.635651e+00 
7.955017e-01 9.636059e+00 
8.176709e-01 9.636368e+00 
8.375652e-01 9.636601e+00 
8.554121e-01 9.636771e+00 
8.714174e-01 9.636895e+00 
8.857669e-01 9.636982e+00 
8.986284e-01 9.637041e+00 
9.101536e-01 9.637078e+00 
9.204789e-01 9.637100e+00 
9.297273e-01 9.637109e+00 
9.380097e-01 9.637109e+00 
9.454256e-01 9.637103e+00 
9.520648e-01 9.637093e+00 
9.580078e-01 9.637080e+00 
9.633268e-01 9.637065e+00 
9.680870e-01 9.637050e+00 
9.723466e-01 9.637034e+00 
9.761579e-01 9.637018e+00 
9.795679e-01 9.637003e+00 
9.826186e-01 9.636988e+00 
9.853476e-01 9.636975e+00 
9.877889e-01 9.636962e+00 
9.899726e-01 9.636950e+00 
9.919257e-01 9.636940e+00 
9.936727e-01 9.636929e+00 
9.952352e-01 9.636920e+00 
9.966327e-01 9.636912e+00 
9.978826e-01 9.636905e+00 
9.990004e-01 9.636898e+00 
1.000000e+00 9.636892e+00 
-9.000000e+00 -1.019833e-03 
-8.987554e+00 4.987731e-01 
-8.947868e+00 1.019762e+00 
-8.877826e+00 1.558384e+00 
-8.774783e+00 2.110358e+00 
-8.636751e+00 2.670772e+00 
-8.462547e+00 3.234222e+00 
-8.251920e+00 3.794995e+00 
-8.005617e+00 4.347281e+00 
-7.725410e+00 4.885408e+00 
-7.414039e+00 5.404068e+00 
-7.075105e+00 5.898533e+00 
-6.712914e+00 6.364821e+00 
-6.332282e+00 6.799826e+00 
-5.938310e+00 7.201379e+00 
-5.536170e+00 7.568255e+00 
-5.130900e+00 7.900131e+00 
-4.727229e+00 8.197491e+00 
-4.329437e+00 8.461507e+00 
-3.941259e+00 8.693904e+00 
-3.565830e+00 8.896808e+00 
-3.205668e+00 9.072616e+00 
-2.862684e+00 9.223865e+00 
-2.538227e+00 9.353126e+00 
-2.233130e+00 9.462921e+00 
-1.947782e+00 9.555657e+00 
-1.682193e+00 9.633578e+00 
-1.436065e+00 9.698742e+00 
-1.208853e+00 9.752998e+00 
-9.998273e-01 9.797995e+00 
-8.081242e-01 9.835176e+00 
-6.327900e-01 9.865799e+00 
-4.728180e-01 9.890945e+00 
-3.271787e-01 9.911538e+00 
-1.948436e-01 9.928361e+00 
-7.480345e-02 9.942072e+00 
3.391828e-02 9.953225e+00 
1.322556e-01 9.962280e+00 
2.210933e-01 9.969619e+00 
3.012634e-01 9.975558e+00 
3.735428e-01 9.980358e+00 
4.386531e-01 9.984232e+00 
4.972613e-01 9.987354e+00 
5.499813e-01 9.989869e+00 
5.973766e-01 9.991892e+00 
6.399623e-01 9.993517e+00 
6.782084e-01 9.994822e+00 
7.125428e-01 9.995868e+00 
7.433538e-01 9.996706e+00 
7.709939e-01 9.997377e+00 
7.957820e-01 9.997914e+00 
8.180064e-01 9.998343e+00 
8.379276e-01 9.998687e+00 
8.557804e-01 9.998960e+00 
8.717767e-01 9.999178e+00 
8.861070e-01 9.999352e+00 
8.989429e-01 9.999490e+00 
9.104388e-01 9.999599e+00 
9.207332e-01 9.999686e+00 
9.299507e-01 9.999755e+00 
9.382033e-01 9.999809e+00 
9.455912e-01 9.999852e+00 
9.522046e-01 9.999886e+00 
9.581243e-01 9.999912e+00 
9.634227e-01 9.999933e+00 
9.681647e-01 9.999949e+00 
9.724087e-01 9.999962e+00 
9.762066e-01 9.999971e+00 
9.796053e-01 9.999979e+00 
9.826466e-01 9.999985e+00 
9.853680e-01 9.999990e+00 
9.878032e-01 9.999992e+00 
9.899820e-01 9.999995e+00 
9.919316e-01 9.999997e+00 
9.936759e-01 9.999998e+00 
9.952366e-01 9.999999e+00 
9.966329e-01 9.999999e+00 
9.978822e-01 1.000000e+01 
9.990000e-01 1.000000e+01 
1.000000e+00 1.000000e+01 
BC
-1
-1
-1
-1
-1
-1
-1
-1
-1
-1
-1
-1
-1
-1
-1
-1
-1
-1
-1
-1
-1
-1
-1
-1
-1
-1
-1
-1
-1
-1
-1
-1
-1
-1
-1
-1
-1
-1
-1
-1
-1
-1
-1
-1
-1
-1
-1
-1
-1
-1
-1
-1
-1
-1
-1
-1
-1
-1
-1
-1
-1
-1
-1
-1
-1
-1
-1
-1
-1
-1
-1
-1
-1
-1
-1
-1
-1
-1
-1
-1
-1
-1
-1
-1
-1
-1
-1
-1
-1
-1
-1
-1
-1
-1
-1
-1
-1
-1
-1
-1
-1
-1
-1
-1
-1
-1
-1
-1
-1
-1
-1
-1
-1
-1
-1
-1
-1
-1
1
1
1
1
1
1
1
1
1
1
1
1
1
1
1
1
1
1
1
1
1
1
1
1
1
1
1
1
1
1
1
1
1
1
1
1
1
1
1
1
1
1
1
1
1
1
1
1
1
1
1
1
1
1
1
1
1
1
1
1
1
1
1
1
1
1
1
1
1
1
1
1
1
1
1
1
1
1
1
-1
-1
-1
-1
-1
-1
-1
-1
-1
-1
-1
-1
-1
-1
-1
-1
-1
-1
-1
-1
-1
-1
-1
-1
-1
-1
-1
-1
-1
-1
-1
-1
-1
-1
-1
-1
-1
-1
-1
