npart: 8 3 
ipart: 4 2 
ngrid: 51 46 
1.528656e+00 7.399880e-01 
1.536125e+00 7.399893e-01 
1.543594e+00 7.399907e-01 
1.551064e+00 7.399920e-01 
1.558533e+00 7.399932e-01 
1.566002e+00 7.399945e-01 
1.573471e+00 7.399956e-01 
1.580940e+00 7.399968e-01 
1.588409e+00 7.399979e-01 
1.595878e+00 7.399990e-01 
1.603347e+00 7.400001e-01 
1.610816e+00 7.400012e-01 
1.618285e+00 7.400022e-01 
1.625754e+00 7.400032e-01 
1.633223e+00 7.400042e-01 
1.640692e+00 7.400052e-01 
1.648161e+00 7.400062e-01 
1.655630e+00 7.400072e-01 
1.663099e+00 7.400081e-01 
1.670568e+00 7.400091e-01 
1.678037e+00 7.400100e-01 
1.685506e+00 7.400109e-01 
1.692974e+00 7.400119e-01 
1.700443e+00 7.400128e-01 
1.707912e+00 7.400137e-01 
1.715381e+00 7.400146e-01 
1.722850e+00 7.400155e-01 
1.730318e+00 7.400164e-01 
1.737787e+00 7.400172e-01 
1.745256e+00 7.400181e-01 
1.752725e+00 7.400190e-01 
1.760194e+00 7.400199e-01 
1.767662e+00 7.400207e-01 
1.775131e+00 7.400216e-01 
1.782600e+00 7.400225e-01 
1.790069e+00 7.400233e-01 
1.797537e+00 7.400242e-01 
1.805006e+00 7.400251e-01 
1.812475e+00 7.400259e-01 
1.819944e+00 7.400268e-01 
1.827412e+00 7.400276e-01 
1.834881e+00 7.400285e-01 
1.842350e+00 7.400294e-01 
1.849819e+00 7.400302e-01 
1.857287e+00 7.400311e-01 
1.864756e+00 7.400319e-01 
1.872225e+00 7.400328e-01 
1.879693e+00 7.400336e-01 
1.887162e+00 7.400345e-01 
1.894631e+00 7.400354e-01 
1.902100e+00 7.400362e-01 
1.528655e+00 7.457476e-01 
1.536124e+00 7.457491e-01 
1.543593e+00 7.457505e-01 
1.551063e+00 7.457518e-01 
1.558532e+00 7.457531e-01 
1.566001e+00 7.457544e-01 
1.573470e+00 7.457556e-01 
1.580939e+00 7.457568e-01 
1.588408e+00 7.457580e-01 
1.595878e+00 7.457592e-01 
1.603347e+00 7.457603e-01 
1.610816e+00 7.457615e-01 
1.618285e+00 7.457626e-01 
1.625754e+00 7.457636e-01 
1.633222e+00 7.457647e-01 
1.640691e+00 7.457658e-01 
1.648160e+00 7.457668e-01 
1.655629e+00 7.457678e-01 
1.663098e+00 7.457689e-01 
1.670567e+00 7.457699e-01 
1.678036e+00 7.457709e-01 
1.685505e+00 7.457719e-01 
1.692974e+00 7.457729e-01 
1.700442e+00 7.457738e-01 
1.707911e+00 7.457748e-01 
1.715380e+00 7.457758e-01 
1.722849e+00 7.457767e-01 
1.730318e+00 7.457777e-01 
1.737786e+00 7.457786e-01 
1.745255e+00 7.457796e-01 
1.752724e+00 7.457805e-01 
1.760193e+00 7.457815e-01 
1.767662e+00 7.457824e-01 
1.775130e+00 7.457833e-01 
1.782599e+00 7.457843e-01 
1.790068e+00 7.457852e-01 
1.797537e+00 7.457861e-01 
1.805005e+00 7.457871e-01 
1.812474e+00 7.457880e-01 
1.819943e+00 7.457889e-01 
1.827412e+00 7.457899e-01 
1.834880e+00 7.457908e-01 
1.842349e+00 7.457917e-01 
1.849818e+00 7.457926e-01 
1.857286e+00 7.457936e-01 
1.864755e+00 7.457945e-01 
1.872224e+00 7.457954e-01 
1.879693e+00 7.457963e-01 
1.887161e+00 7.457973e-01 
1.894630e+00 7.457982e-01 
1.902099e+00 7.457991e-01 
1.528654e+00 7.515069e-01 
1.536123e+00 7.515084e-01 
1.543593e+00 7.515098e-01 
1.551062e+00 7.515112e-01 
1.558531e+00 7.515126e-01 
1.566000e+00 7.515139e-01 
1.573470e+00 7.515152e-01 
1.580939e+00 7.515165e-01 
1.588408e+00 7.515178e-01 
1.595877e+00 7.515190e-01 
1.603346e+00 7.515202e-01 
1.610815e+00 7.515214e-01 
1.618284e+00 7.515225e-01 
1.625753e+00 7.515237e-01 
1.633222e+00 7.515248e-01 
1.640691e+00 7.515259e-01 
1.648160e+00 7.515271e-01 
1.655628e+00 7.515281e-01 
1.663097e+00 7.515292e-01 
1.670566e+00 7.515303e-01 
1.678035e+00 7.515314e-01 
1.685504e+00 7.515324e-01 
1.692973e+00 7.515335e-01 
1.700442e+00 7.515345e-01 
1.707910e+00 7.515356e-01 
1.715379e+00 7.515366e-01 
1.722848e+00 7.515376e-01 
1.730317e+00 7.515387e-01 
1.737786e+00 7.515397e-01 
1.745254e+00 7.515407e-01 
1.752723e+00 7.515417e-01 
1.760192e+00 7.515427e-01 
1.767661e+00 7.515437e-01 
1.775130e+00 7.515447e-01 
1.782598e+00 7.515457e-01 
1.790067e+00 7.515467e-01 
1.797536e+00 7.515477e-01 
1.805005e+00 7.515487e-01 
1.812473e+00 7.515497e-01 
1.819942e+00 7.515507e-01 
1.827411e+00 7.515517e-01 
1.834880e+00 7.515527e-01 
1.842348e+00 7.515537e-01 
1.849817e+00 7.515547e-01 
1.857286e+00 7.515557e-01 
1.864755e+00 7.515567e-01 
1.872223e+00 7.515577e-01 
1.879692e+00 7.515587e-01 
1.887161e+00 7.515597e-01 
1.894629e+00 7.515607e-01 
1.902098e+00 7.515617e-01 
1.528653e+00 7.572657e-01 
1.536123e+00 7.572673e-01 
1.543592e+00 7.572688e-01 
1.551061e+00 7.572703e-01 
1.558530e+00 7.572717e-01 
1.566000e+00 7.572731e-01 
1.573469e+00 7.572744e-01 
1.580938e+00 7.572758e-01 
1.588407e+00 7.572771e-01 
1.595876e+00 7.572784e-01 
1.603345e+00 7.572796e-01 
1.610814e+00 7.572809e-01 
1.618283e+00 7.572821e-01 
1.625752e+00 7.572833e-01 
1.633221e+00 7.572845e-01 
1.640690e+00 7.572857e-01 
1.648159e+00 7.572869e-01 
1.655628e+00 7.572881e-01 
1.663097e+00 7.572892e-01 
1.670565e+00 7.572904e-01 
1.678034e+00 7.572915e-01 
1.685503e+00 7.572926e-01 
1.692972e+00 7.572938e-01 
1.700441e+00 7.572949e-01 
1.707910e+00 7.572960e-01 
1.715378e+00 7.572971e-01 
1.722847e+00 7.572982e-01 
1.730316e+00 7.572993e-01 
1.737785e+00 7.573004e-01 
1.745254e+00 7.573014e-01 
1.752722e+00 7.573025e-01 
1.760191e+00 7.573036e-01 
1.767660e+00 7.573047e-01 
1.775129e+00 7.573058e-01 
1.782598e+00 7.573068e-01 
1.790066e+00 7.573079e-01 
1.797535e+00 7.573090e-01 
1.805004e+00 7.573101e-01 
1.812473e+00 7.573111e-01 
1.819941e+00 7.573122e-01 
1.827410e+00 7.573133e-01 
1.834879e+00 7.573144e-01 
1.842348e+00 7.573154e-01 
1.849816e+00 7.573165e-01 
1.857285e+00 7.573176e-01 
1.864754e+00 7.573186e-01 
1.872223e+00 7.573197e-01 
1.879691e+00 7.573208e-01 
1.887160e+00 7.573218e-01 
1.894629e+00 7.573229e-01 
1.902098e+00 7.573240e-01 
1.528653e+00 7.630241e-01 
1.536122e+00 7.630257e-01 
1.543591e+00 7.630273e-01 
1.551061e+00 7.630288e-01 
1.558530e+00 7.630303e-01 
1.565999e+00 7.630318e-01 
1.573468e+00 7.630332e-01 
1.580937e+00 7.630346e-01 
1.588406e+00 7.630360e-01 
1.595875e+00 7.630373e-01 
1.603344e+00 7.630386e-01 
1.610813e+00 7.630400e-01 
1.618282e+00 7.630413e-01 
1.625751e+00 7.630425e-01 
1.633220e+00 7.630438e-01 
1.640689e+00 7.630451e-01 
1.648158e+00 7.630463e-01 
1.655627e+00 7.630475e-01 
1.663096e+00 7.630488e-01 
1.670565e+00 7.630500e-01 
1.678034e+00 7.630512e-01 
1.685502e+00 7.630524e-01 
1.692971e+00 7.630536e-01 
1.700440e+00 7.630548e-01 
1.707909e+00 7.630560e-01 
1.715378e+00 7.630571e-01 
1.722847e+00 7.630583e-01 
1.730315e+00 7.630595e-01 
1.737784e+00 7.630606e-01 
1.745253e+00 7.630618e-01 
1.752722e+00 7.630629e-01 
1.760191e+00 7.630641e-01 
1.767659e+00 7.630653e-01 
1.775128e+00 7.630664e-01 
1.782597e+00 7.630676e-01 
1.790066e+00 7.630687e-01 
1.797534e+00 7.630699e-01 
1.805003e+00 7.630710e-01 
1.812472e+00 7.630721e-01 
1.819941e+00 7.630733e-01 
1.827409e+00 7.630744e-01 
1.834878e+00 7.630756e-01 
1.842347e+00 7.630767e-01 
1.849816e+00 7.630779e-01 
1.857284e+00 7.630790e-01 
1.864753e+00 7.630802e-01 
1.872222e+00 7.630813e-01 
1.879691e+00 7.630825e-01 
1.887159e+00 7.630836e-01 
1.894628e+00 7.630848e-01 
1.902097e+00 7.630859e-01 
1.528652e+00 7.687820e-01 
1.536121e+00 7.687837e-01 
1.543591e+00 7.687853e-01 
1.551060e+00 7.687869e-01 
1.558529e+00 7.687884e-01 
1.565998e+00 7.687899e-01 
1.573467e+00 7.687914e-01 
1.580937e+00 7.687929e-01 
1.588406e+00 7.687943e-01 
1.595875e+00 7.687958e-01 
1.603344e+00 7.687972e-01 
1.610813e+00 7.687985e-01 
1.618282e+00 7.687999e-01 
1.625751e+00 7.688013e-01 
1.633220e+00 7.688026e-01 
1.640688e+00 7.688039e-01 
1.648157e+00 7.688053e-01 
1.655626e+00 7.688066e-01 
1.663095e+00 7.688079e-01 
1.670564e+00 7.688091e-01 
1.678033e+00 7.688104e-01 
1.685502e+00 7.688117e-01 
1.692971e+00 7.688130e-01 
1.700439e+00 7.688142e-01 
1.707908e+00 7.688155e-01 
1.715377e+00 7.688167e-01 
1.722846e+00 7.688180e-01 
1.730315e+00 7.688192e-01 
1.737783e+00 7.688205e-01 
1.745252e+00 7.688217e-01 
1.752721e+00 7.688229e-01 
1.760190e+00 7.688242e-01 
1.767659e+00 7.688254e-01 
1.775127e+00 7.688266e-01 
1.782596e+00 7.688278e-01 
1.790065e+00 7.688291e-01 
1.797534e+00 7.688303e-01 
1.805003e+00 7.688315e-01 
1.812471e+00 7.688327e-01 
1.819940e+00 7.688340e-01 
1.827409e+00 7.688352e-01 
1.834878e+00 7.688364e-01 
1.842346e+00 7.688376e-01 
1.849815e+00 7.688388e-01 
1.857284e+00 7.688401e-01 
1.864753e+00 7.688413e-01 
1.872221e+00 7.688425e-01 
1.879690e+00 7.688437e-01 
1.887159e+00 7.688450e-01 
1.894628e+00 7.688462e-01 
1.902096e+00 7.688474e-01 
1.528652e+00 7.745393e-01 
1.536121e+00 7.745410e-01 
1.543590e+00 7.745427e-01 
1.551059e+00 7.745444e-01 
1.558529e+00 7.745460e-01 
1.565998e+00 7.745476e-01 
1.573467e+00 7.745491e-01 
1.580936e+00 7.745507e-01 
1.588405e+00 7.745522e-01 
1.595874e+00 7.745537e-01 
1.603343e+00 7.745551e-01 
1.610812e+00 7.745566e-01 
1.618281e+00 7.745580e-01 
1.625750e+00 7.745595e-01 
1.633219e+00 7.745609e-01 
1.640688e+00 7.745623e-01 
1.648157e+00 7.745637e-01 
1.655626e+00 7.745651e-01 
1.663094e+00 7.745664e-01 
1.670563e+00 7.745678e-01 
1.678032e+00 7.745692e-01 
1.685501e+00 7.745705e-01 
1.692970e+00 7.745718e-01 
1.700439e+00 7.745732e-01 
1.707908e+00 7.745745e-01 
1.715376e+00 7.745758e-01 
1.722845e+00 7.745772e-01 
1.730314e+00 7.745785e-01 
1.737783e+00 7.745798e-01 
1.745252e+00 7.745811e-01 
1.752720e+00 7.745824e-01 
1.760189e+00 7.745837e-01 
1.767658e+00 7.745850e-01 
1.775127e+00 7.745863e-01 
1.782596e+00 7.745876e-01 
1.790064e+00 7.745890e-01 
1.797533e+00 7.745903e-01 
1.805002e+00 7.745916e-01 
1.812471e+00 7.745929e-01 
1.819939e+00 7.745942e-01 
1.827408e+00 7.745955e-01 
1.834877e+00 7.745968e-01 
1.842346e+00 7.745981e-01 
1.849814e+00 7.745994e-01 
1.857283e+00 7.746007e-01 
1.864752e+00 7.746020e-01 
1.872221e+00 7.746033e-01 
1.879689e+00 7.746046e-01 
1.887158e+00 7.746059e-01 
1.894627e+00 7.746072e-01 
1.902096e+00 7.746085e-01 
1.528651e+00 7.802960e-01 
1.536120e+00 7.802978e-01 
1.543590e+00 7.802996e-01 
1.551059e+00 7.803013e-01 
1.558528e+00 7.803030e-01 
1.565997e+00 7.803047e-01 
1.573466e+00 7.803063e-01 
1.580935e+00 7.803079e-01 
1.588404e+00 7.803095e-01 
1.595873e+00 7.803110e-01 
1.603342e+00 7.803126e-01 
1.610811e+00 7.803141e-01 
1.618280e+00 7.803156e-01 
1.625749e+00 7.803171e-01 
1.633218e+00 7.803186e-01 
1.640687e+00 7.803201e-01 
1.648156e+00 7.803216e-01 
1.655625e+00 7.803230e-01 
1.663094e+00 7.803245e-01 
1.670563e+00 7.803259e-01 
1.678032e+00 7.803273e-01 
1.685500e+00 7.803288e-01 
1.692969e+00 7.803302e-01 
1.700438e+00 7.803316e-01 
1.707907e+00 7.803330e-01 
1.715376e+00 7.803344e-01 
1.722845e+00 7.803358e-01 
1.730313e+00 7.803372e-01 
1.737782e+00 7.803386e-01 
1.745251e+00 7.803400e-01 
1.752720e+00 7.803414e-01 
1.760189e+00 7.803428e-01 
1.767657e+00 7.803442e-01 
1.775126e+00 7.803456e-01 
1.782595e+00 7.803470e-01 
1.790064e+00 7.803483e-01 
1.797533e+00 7.803497e-01 
1.805001e+00 7.803511e-01 
1.812470e+00 7.803525e-01 
1.819939e+00 7.803539e-01 
1.827408e+00 7.803553e-01 
1.834876e+00 7.803567e-01 
1.842345e+00 7.803581e-01 
1.849814e+00 7.803594e-01 
1.857283e+00 7.803608e-01 
1.864751e+00 7.803622e-01 
1.872220e+00 7.803636e-01 
1.879689e+00 7.803650e-01 
1.887158e+00 7.803664e-01 
1.894626e+00 7.803678e-01 
1.902095e+00 7.803692e-01 
1.528651e+00 7.860521e-01 
1.536120e+00 7.860540e-01 
1.543589e+00 7.860558e-01 
1.551058e+00 7.860576e-01 
1.558527e+00 7.860593e-01 
1.565997e+00 7.860611e-01 
1.573466e+00 7.860628e-01 
1.580935e+00 7.860645e-01 
1.588404e+00 7.860661e-01 
1.595873e+00 7.860677e-01 
1.603342e+00 7.860694e-01 
1.610811e+00 7.860710e-01 
1.618280e+00 7.860726e-01 
1.625749e+00 7.860741e-01 
1.633218e+00 7.860757e-01 
1.640687e+00 7.860773e-01 
1.648156e+00 7.860788e-01 
1.655624e+00 7.860804e-01 
1.663093e+00 7.860819e-01 
1.670562e+00 7.860834e-01 
1.678031e+00 7.860849e-01 
1.685500e+00 7.860864e-01 
1.692969e+00 7.860879e-01 
1.700438e+00 7.860894e-01 
1.707906e+00 7.860909e-01 
1.715375e+00 7.860924e-01 
1.722844e+00 7.860939e-01 
1.730313e+00 7.860954e-01 
1.737782e+00 7.860969e-01 
1.745250e+00 7.860983e-01 
1.752719e+00 7.860998e-01 
1.760188e+00 7.861013e-01 
1.767657e+00 7.861028e-01 
1.775126e+00 7.861042e-01 
1.782594e+00 7.861057e-01 
1.790063e+00 7.861072e-01 
1.797532e+00 7.861087e-01 
1.805001e+00 7.861101e-01 
1.812470e+00 7.861116e-01 
1.819938e+00 7.861131e-01 
1.827407e+00 7.861145e-01 
1.834876e+00 7.861160e-01 
1.842345e+00 7.861175e-01 
1.849813e+00 7.861190e-01 
1.857282e+00 7.861204e-01 
1.864751e+00 7.861219e-01 
1.872220e+00 7.861234e-01 
1.879688e+00 7.861249e-01 
1.887157e+00 7.861263e-01 
1.894626e+00 7.861278e-01 
1.902095e+00 7.861293e-01 
1.528650e+00 7.918074e-01 
1.536119e+00 7.918094e-01 
1.543589e+00 7.918113e-01 
1.551058e+00 7.918131e-01 
1.558527e+00 7.918150e-01 
1.565996e+00 7.918168e-01 
1.573465e+00 7.918185e-01 
1.580934e+00 7.918203e-01 
1.588403e+00 7.918220e-01 
1.595872e+00 7.918237e-01 
1.603341e+00 7.918254e-01 
1.610810e+00 7.918271e-01 
1.618279e+00 7.918288e-01 
1.625748e+00 7.918305e-01 
1.633217e+00 7.918321e-01 
1.640686e+00 7.918338e-01 
1.648155e+00 7.918354e-01 
1.655624e+00 7.918370e-01 
1.663093e+00 7.918386e-01 
1.670562e+00 7.918402e-01 
1.678030e+00 7.918418e-01 
1.685499e+00 7.918434e-01 
1.692968e+00 7.918450e-01 
1.700437e+00 7.918466e-01 
1.707906e+00 7.918482e-01 
1.715375e+00 7.918498e-01 
1.722843e+00 7.918513e-01 
1.730312e+00 7.918529e-01 
1.737781e+00 7.918545e-01 
1.745250e+00 7.918560e-01 
1.752719e+00 7.918576e-01 
1.760188e+00 7.918592e-01 
1.767656e+00 7.918607e-01 
1.775125e+00 7.918623e-01 
1.782594e+00 7.918638e-01 
1.790063e+00 7.918654e-01 
1.797531e+00 7.918670e-01 
1.805000e+00 7.918685e-01 
1.812469e+00 7.918701e-01 
1.819938e+00 7.918717e-01 
1.827407e+00 7.918732e-01 
1.834875e+00 7.918748e-01 
1.842344e+00 7.918763e-01 
1.849813e+00 7.918779e-01 
1.857282e+00 7.918795e-01 
1.864750e+00 7.918810e-01 
1.872219e+00 7.918826e-01 
1.879688e+00 7.918842e-01 
1.887157e+00 7.918857e-01 
1.894625e+00 7.918873e-01 
1.902094e+00 7.918889e-01 
1.528650e+00 7.975619e-01 
1.536119e+00 7.975639e-01 
1.543588e+00 7.975659e-01 
1.551057e+00 7.975678e-01 
1.558526e+00 7.975697e-01 
1.565996e+00 7.975716e-01 
1.573465e+00 7.975735e-01 
1.580934e+00 7.975753e-01 
1.588403e+00 7.975771e-01 
1.595872e+00 7.975789e-01 
1.603341e+00 7.975807e-01 
1.610810e+00 7.975825e-01 
1.618279e+00 7.975843e-01 
1.625748e+00 7.975860e-01 
1.633217e+00 7.975877e-01 
1.640686e+00 7.975895e-01 
1.648154e+00 7.975912e-01 
1.655623e+00 7.975929e-01 
1.663092e+00 7.975946e-01 
1.670561e+00 7.975963e-01 
1.678030e+00 7.975980e-01 
1.685499e+00 7.975997e-01 
1.692968e+00 7.976013e-01 
1.700436e+00 7.976030e-01 
1.707905e+00 7.976047e-01 
1.715374e+00 7.976063e-01 
1.722843e+00 7.976080e-01 
1.730312e+00 7.976097e-01 
1.737781e+00 7.976113e-01 
1.745249e+00 7.976130e-01 
1.752718e+00 7.976146e-01 
1.760187e+00 7.976163e-01 
1.767656e+00 7.976180e-01 
1.775125e+00 7.976196e-01 
1.782593e+00 7.976213e-01 
1.790062e+00 7.976229e-01 
1.797531e+00 7.976246e-01 
1.805000e+00 7.976262e-01 
1.812468e+00 7.976279e-01 
1.819937e+00 7.976295e-01 
1.827406e+00 7.976312e-01 
1.834875e+00 7.976329e-01 
1.842344e+00 7.976345e-01 
1.849812e+00 7.976362e-01 
1.857281e+00 7.976378e-01 
1.864750e+00 7.976395e-01 
1.872219e+00 7.976412e-01 
1.879687e+00 7.976428e-01 
1.887156e+00 7.976445e-01 
1.894625e+00 7.976461e-01 
1.902094e+00 7.976478e-01 
1.528649e+00 8.033154e-01 
1.536119e+00 8.033175e-01 
1.543588e+00 8.033196e-01 
1.551057e+00 8.033216e-01 
1.558526e+00 8.033236e-01 
1.565995e+00 8.033256e-01 
1.573464e+00 8.033275e-01 
1.580933e+00 8.033294e-01 
1.588402e+00 8.033313e-01 
1.595871e+00 8.033332e-01 
1.603340e+00 8.033351e-01 
1.610809e+00 8.033370e-01 
1.618278e+00 8.033388e-01 
1.625747e+00 8.033406e-01 
1.633216e+00 8.033425e-01 
1.640685e+00 8.033443e-01 
1.648154e+00 8.033461e-01 
1.655623e+00 8.033479e-01 
1.663092e+00 8.033497e-01 
1.670561e+00 8.033515e-01 
1.678029e+00 8.033533e-01 
1.685498e+00 8.033550e-01 
1.692967e+00 8.033568e-01 
1.700436e+00 8.033586e-01 
1.707905e+00 8.033603e-01 
1.715374e+00 8.033621e-01 
1.722842e+00 8.033639e-01 
1.730311e+00 8.033656e-01 
1.737780e+00 8.033674e-01 
1.745249e+00 8.033691e-01 
1.752718e+00 8.033709e-01 
1.760186e+00 8.033726e-01 
1.767655e+00 8.033744e-01 
1.775124e+00 8.033761e-01 
1.782593e+00 8.033779e-01 
1.790062e+00 8.033796e-01 
1.797530e+00 8.033814e-01 
1.804999e+00 8.033831e-01 
1.812468e+00 8.033849e-01 
1.819937e+00 8.033867e-01 
1.827406e+00 8.033884e-01 
1.834874e+00 8.033902e-01 
1.842343e+00 8.033919e-01 
1.849812e+00 8.033937e-01 
1.857281e+00 8.033954e-01 
1.864749e+00 8.033972e-01 
1.872218e+00 8.033990e-01 
1.879687e+00 8.034007e-01 
1.887156e+00 8.034025e-01 
1.894624e+00 8.034043e-01 
1.902093e+00 8.034060e-01 
1.528649e+00 8.090679e-01 
1.536118e+00 8.090701e-01 
1.543587e+00 8.090722e-01 
1.551057e+00 8.090743e-01 
1.558526e+00 8.090764e-01 
1.565995e+00 8.090785e-01 
1.573464e+00 8.090805e-01 
1.580933e+00 8.090825e-01 
1.588402e+00 8.090845e-01 
1.595871e+00 8.090865e-01 
1.603340e+00 8.090885e-01 
1.610809e+00 8.090904e-01 
1.618278e+00 8.090924e-01 
1.625747e+00 8.090943e-01 
1.633216e+00 8.090962e-01 
1.640685e+00 8.090981e-01 
1.648153e+00 8.091000e-01 
1.655622e+00 8.091019e-01 
1.663091e+00 8.091038e-01 
1.670560e+00 8.091057e-01 
1.678029e+00 8.091076e-01 
1.685498e+00 8.091095e-01 
1.692967e+00 8.091113e-01 
1.700436e+00 8.091132e-01 
1.707904e+00 8.091151e-01 
1.715373e+00 8.091169e-01 
1.722842e+00 8.091188e-01 
1.730311e+00 8.091207e-01 
1.737780e+00 8.091225e-01 
1.745248e+00 8.091244e-01 
1.752717e+00 8.091262e-01 
1.760186e+00 8.091281e-01 
1.767655e+00 8.091299e-01 
1.775124e+00 8.091318e-01 
1.782592e+00 8.091336e-01 
1.790061e+00 8.091355e-01 
1.797530e+00 8.091374e-01 
1.804999e+00 8.091392e-01 
1.812468e+00 8.091411e-01 
1.819936e+00 8.091429e-01 
1.827405e+00 8.091448e-01 
1.834874e+00 8.091466e-01 
1.842343e+00 8.091485e-01 
1.849811e+00 8.091504e-01 
1.857280e+00 8.091522e-01 
1.864749e+00 8.091541e-01 
1.872218e+00 8.091560e-01 
1.879686e+00 8.091578e-01 
1.887155e+00 8.091597e-01 
1.894624e+00 8.091616e-01 
1.902093e+00 8.091635e-01 
1.528649e+00 8.148192e-01 
1.536118e+00 8.148215e-01 
1.543587e+00 8.148237e-01 
1.551056e+00 8.148259e-01 
1.558525e+00 8.148281e-01 
1.565994e+00 8.148302e-01 
1.573463e+00 8.148324e-01 
1.580932e+00 8.148345e-01 
1.588401e+00 8.148366e-01 
1.595870e+00 8.148387e-01 
1.603339e+00 8.148407e-01 
1.610808e+00 8.148428e-01 
1.618277e+00 8.148448e-01 
1.625746e+00 8.148468e-01 
1.633215e+00 8.148489e-01 
1.640684e+00 8.148509e-01 
1.648153e+00 8.148529e-01 
1.655622e+00 8.148549e-01 
1.663091e+00 8.148569e-01 
1.670560e+00 8.148589e-01 
1.678029e+00 8.148609e-01 
1.685497e+00 8.148629e-01 
1.692966e+00 8.148648e-01 
1.700435e+00 8.148668e-01 
1.707904e+00 8.148688e-01 
1.715373e+00 8.148707e-01 
1.722842e+00 8.148727e-01 
1.730310e+00 8.148747e-01 
1.737779e+00 8.148766e-01 
1.745248e+00 8.148786e-01 
1.752717e+00 8.148806e-01 
1.760186e+00 8.148825e-01 
1.767654e+00 8.148845e-01 
1.775123e+00 8.148864e-01 
1.782592e+00 8.148884e-01 
1.790061e+00 8.148904e-01 
1.797530e+00 8.148923e-01 
1.804998e+00 8.148943e-01 
1.812467e+00 8.148963e-01 
1.819936e+00 8.148982e-01 
1.827405e+00 8.149002e-01 
1.834873e+00 8.149022e-01 
1.842342e+00 8.149042e-01 
1.849811e+00 8.149061e-01 
1.857280e+00 8.149081e-01 
1.864749e+00 8.149101e-01 
1.872217e+00 8.149121e-01 
1.879686e+00 8.149141e-01 
1.887155e+00 8.149160e-01 
1.894624e+00 8.149180e-01 
1.902092e+00 8.149200e-01 
1.528648e+00 8.205692e-01 
1.536118e+00 8.205715e-01 
1.543587e+00 8.205739e-01 
1.551056e+00 8.205762e-01 
1.558525e+00 8.205784e-01 
1.565994e+00 8.205807e-01 
1.573463e+00 8.205829e-01 
1.580932e+00 8.205851e-01 
1.588401e+00 8.205873e-01 
1.595870e+00 8.205895e-01 
1.603339e+00 8.205917e-01 
1.610808e+00 8.205939e-01 
1.618277e+00 8.205960e-01 
1.625746e+00 8.205981e-01 
1.633215e+00 8.206003e-01 
1.640684e+00 8.206024e-01 
1.648153e+00 8.206045e-01 
1.655622e+00 8.206066e-01 
1.663090e+00 8.206087e-01 
1.670559e+00 8.206108e-01 
1.678028e+00 8.206129e-01 
1.685497e+00 8.206150e-01 
1.692966e+00 8.206171e-01 
1.700435e+00 8.206192e-01 
1.707903e+00 8.206213e-01 
1.715372e+00 8.206234e-01 
1.722841e+00 8.206254e-01 
1.730310e+00 8.206275e-01 
1.737779e+00 8.206296e-01 
1.745248e+00 8.206317e-01 
1.752716e+00 8.206338e-01 
1.760185e+00 8.206358e-01 
1.767654e+00 8.206379e-01 
1.775123e+00 8.206400e-01 
1.782592e+00 8.206421e-01 
1.790060e+00 8.206442e-01 
1.797529e+00 8.206462e-01 
1.804998e+00 8.206483e-01 
1.812467e+00 8.206504e-01 
1.819935e+00 8.206525e-01 
1.827404e+00 8.206546e-01 
1.834873e+00 8.206567e-01 
1.842342e+00 8.206588e-01 
1.849811e+00 8.206609e-01 
1.857279e+00 8.206630e-01 
1.864748e+00 8.206651e-01 
1.872217e+00 8.206672e-01 
1.879686e+00 8.206692e-01 
1.887154e+00 8.206713e-01 
1.894623e+00 8.206735e-01 
1.902092e+00 8.206756e-01 
1.528648e+00 8.263176e-01 
1.536117e+00 8.263201e-01 
1.543586e+00 8.263225e-01 
1.551056e+00 8.263249e-01 
1.558525e+00 8.263273e-01 
1.565994e+00 8.263296e-01 
1.573463e+00 8.263320e-01 
1.580932e+00 8.263343e-01 
1.588401e+00 8.263366e-01 
1.595870e+00 8.263389e-01 
1.603339e+00 8.263412e-01 
1.610808e+00 8.263435e-01 
1.618277e+00 8.263457e-01 
1.625746e+00 8.263480e-01 
1.633214e+00 8.263502e-01 
1.640683e+00 8.263525e-01 
1.648152e+00 8.263547e-01 
1.655621e+00 8.263570e-01 
1.663090e+00 8.263592e-01 
1.670559e+00 8.263614e-01 
1.678028e+00 8.263636e-01 
1.685497e+00 8.263658e-01 
1.692965e+00 8.263680e-01 
1.700434e+00 8.263702e-01 
1.707903e+00 8.263724e-01 
1.715372e+00 8.263747e-01 
1.722841e+00 8.263769e-01 
1.730310e+00 8.263791e-01 
1.737778e+00 8.263813e-01 
1.745247e+00 8.263835e-01 
1.752716e+00 8.263857e-01 
1.760185e+00 8.263879e-01 
1.767654e+00 8.263901e-01 
1.775122e+00 8.263923e-01 
1.782591e+00 8.263945e-01 
1.790060e+00 8.263967e-01 
1.797529e+00 8.263989e-01 
1.804998e+00 8.264011e-01 
1.812466e+00 8.264033e-01 
1.819935e+00 8.264055e-01 
1.827404e+00 8.264077e-01 
1.834873e+00 8.264099e-01 
1.842341e+00 8.264122e-01 
1.849810e+00 8.264144e-01 
1.857279e+00 8.264166e-01 
1.864748e+00 8.264188e-01 
1.872217e+00 8.264211e-01 
1.879685e+00 8.264233e-01 
1.887154e+00 8.264255e-01 
1.894623e+00 8.264277e-01 
1.902092e+00 8.264300e-01 
1.528648e+00 8.320643e-01 
1.536117e+00 8.320668e-01 
1.543586e+00 8.320694e-01 
1.551055e+00 8.320719e-01 
1.558524e+00 8.320744e-01 
1.565993e+00 8.320769e-01 
1.573462e+00 8.320794e-01 
1.580931e+00 8.320818e-01 
1.588400e+00 8.320842e-01 
1.595869e+00 8.320867e-01 
1.603338e+00 8.320891e-01 
1.610807e+00 8.320915e-01 
1.618276e+00 8.320939e-01 
1.625745e+00 8.320962e-01 
1.633214e+00 8.320986e-01 
1.640683e+00 8.321010e-01 
1.648152e+00 8.321033e-01 
1.655621e+00 8.321057e-01 
1.663090e+00 8.321081e-01 
1.670558e+00 8.321104e-01 
1.678027e+00 8.321128e-01 
1.685496e+00 8.321151e-01 
1.692965e+00 8.321174e-01 
1.700434e+00 8.321198e-01 
1.707903e+00 8.321221e-01 
1.715372e+00 8.321244e-01 
1.722840e+00 8.321268e-01 
1.730309e+00 8.321291e-01 
1.737778e+00 8.321314e-01 
1.745247e+00 8.321338e-01 
1.752716e+00 8.321361e-01 
1.760184e+00 8.321384e-01 
1.767653e+00 8.321408e-01 
1.775122e+00 8.321431e-01 
1.782591e+00 8.321454e-01 
1.790060e+00 8.321478e-01 
1.797528e+00 8.321501e-01 
1.804997e+00 8.321525e-01 
1.812466e+00 8.321548e-01 
1.819935e+00 8.321572e-01 
1.827403e+00 8.321595e-01 
1.834872e+00 8.321619e-01 
1.842341e+00 8.321642e-01 
1.849810e+00 8.321666e-01 
1.857279e+00 8.321689e-01 
1.864747e+00 8.321713e-01 
1.872216e+00 8.321737e-01 
1.879685e+00 8.321760e-01 
1.887154e+00 8.321784e-01 
1.894622e+00 8.321807e-01 
1.902091e+00 8.321831e-01 
1.528648e+00 8.378090e-01 
1.536117e+00 8.378117e-01 
1.543586e+00 8.378143e-01 
1.551055e+00 8.378170e-01 
1.558524e+00 8.378196e-01 
1.565993e+00 8.378222e-01 
1.573462e+00 8.378248e-01 
1.580931e+00 8.378274e-01 
1.588400e+00 8.378300e-01 
1.595869e+00 8.378325e-01 
1.603338e+00 8.378351e-01 
1.610807e+00 8.378376e-01 
1.618276e+00 8.378401e-01 
1.625745e+00 8.378426e-01 
1.633214e+00 8.378451e-01 
1.640683e+00 8.378476e-01 
1.648152e+00 8.378501e-01 
1.655620e+00 8.378526e-01 
1.663089e+00 8.378551e-01 
1.670558e+00 8.378576e-01 
1.678027e+00 8.378601e-01 
1.685496e+00 8.378626e-01 
1.692965e+00 8.378651e-01 
1.700433e+00 8.378675e-01 
1.707902e+00 8.378700e-01 
1.715371e+00 8.378725e-01 
1.722840e+00 8.378750e-01 
1.730309e+00 8.378774e-01 
1.737778e+00 8.378799e-01 
1.745246e+00 8.378824e-01 
1.752715e+00 8.378849e-01 
1.760184e+00 8.378873e-01 
1.767653e+00 8.378898e-01 
1.775122e+00 8.378923e-01 
1.782590e+00 8.378948e-01 
1.790059e+00 8.378973e-01 
1.797528e+00 8.378998e-01 
1.804997e+00 8.379022e-01 
1.812466e+00 8.379047e-01 
1.819934e+00 8.379072e-01 
1.827403e+00 8.379097e-01 
1.834872e+00 8.379122e-01 
1.842341e+00 8.379147e-01 
1.849809e+00 8.379172e-01 
1.857278e+00 8.379197e-01 
1.864747e+00 8.379222e-01 
1.872216e+00 8.379248e-01 
1.879685e+00 8.379273e-01 
1.887153e+00 8.379298e-01 
1.894622e+00 8.379323e-01 
1.902091e+00 8.379348e-01 
1.528647e+00 8.435514e-01 
1.536117e+00 8.435542e-01 
1.543586e+00 8.435570e-01 
1.551055e+00 8.435598e-01 
1.558524e+00 8.435626e-01 
1.565993e+00 8.435653e-01 
1.573462e+00 8.435681e-01 
1.580931e+00 8.435708e-01 
1.588400e+00 8.435735e-01 
1.595869e+00 8.435762e-01 
1.603338e+00 8.435789e-01 
1.610807e+00 8.435816e-01 
1.618276e+00 8.435842e-01 
1.625745e+00 8.435869e-01 
1.633213e+00 8.435896e-01 
1.640682e+00 8.435922e-01 
1.648151e+00 8.435949e-01 
1.655620e+00 8.435975e-01 
1.663089e+00 8.436002e-01 
1.670558e+00 8.436028e-01 
1.678027e+00 8.436054e-01 
1.685495e+00 8.436081e-01 
1.692964e+00 8.436107e-01 
1.700433e+00 8.436133e-01 
1.707902e+00 8.436159e-01 
1.715371e+00 8.436186e-01 
1.722840e+00 8.436212e-01 
1.730308e+00 8.436238e-01 
1.737777e+00 8.436265e-01 
1.745246e+00 8.436291e-01 
1.752715e+00 8.436317e-01 
1.760184e+00 8.436344e-01 
1.767652e+00 8.436370e-01 
1.775121e+00 8.436396e-01 
1.782590e+00 8.436423e-01 
1.790059e+00 8.436449e-01 
1.797528e+00 8.436476e-01 
1.804996e+00 8.436502e-01 
1.812465e+00 8.436529e-01 
1.819934e+00 8.436555e-01 
1.827403e+00 8.436582e-01 
1.834872e+00 8.436608e-01 
1.842340e+00 8.436635e-01 
1.849809e+00 8.436661e-01 
1.857278e+00 8.436688e-01 
1.864747e+00 8.436715e-01 
1.872215e+00 8.436741e-01 
1.879684e+00 8.436768e-01 
1.887153e+00 8.436795e-01 
1.894622e+00 8.436822e-01 
1.902091e+00 8.436848e-01 
1.528647e+00 8.492912e-01 
1.536116e+00 8.492942e-01 
1.543586e+00 8.492971e-01 
1.551055e+00 8.493001e-01 
1.558524e+00 8.493030e-01 
1.565993e+00 8.493059e-01 
1.573462e+00 8.493088e-01 
1.580931e+00 8.493117e-01 
1.588400e+00 8.493146e-01 
1.595869e+00 8.493174e-01 
1.603337e+00 8.493203e-01 
1.610806e+00 8.493231e-01 
1.618275e+00 8.493259e-01 
1.625744e+00 8.493288e-01 
1.633213e+00 8.493316e-01 
1.640682e+00 8.493344e-01 
1.648151e+00 8.493372e-01 
1.655620e+00 8.493400e-01 
1.663089e+00 8.493428e-01 
1.670557e+00 8.493456e-01 
1.678026e+00 8.493484e-01 
1.685495e+00 8.493512e-01 
1.692964e+00 8.493540e-01 
1.700433e+00 8.493568e-01 
1.707902e+00 8.493596e-01 
1.715370e+00 8.493624e-01 
1.722839e+00 8.493652e-01 
1.730308e+00 8.493680e-01 
1.737777e+00 8.493708e-01 
1.745246e+00 8.493736e-01 
1.752715e+00 8.493764e-01 
1.760183e+00 8.493792e-01 
1.767652e+00 8.493820e-01 
1.775121e+00 8.493848e-01 
1.782590e+00 8.493876e-01 
1.790059e+00 8.493904e-01 
1.797527e+00 8.493933e-01 
1.804996e+00 8.493961e-01 
1.812465e+00 8.493989e-01 
1.819934e+00 8.494017e-01 
1.827402e+00 8.494046e-01 
1.834871e+00 8.494074e-01 
1.842340e+00 8.494102e-01 
1.849809e+00 8.494131e-01 
1.857278e+00 8.494159e-01 
1.864746e+00 8.494187e-01 
1.872215e+00 8.494216e-01 
1.879684e+00 8.494244e-01 
1.887153e+00 8.494273e-01 
1.894622e+00 8.494301e-01 
1.902090e+00 8.494330e-01 
1.528647e+00 8.550282e-01 
1.536116e+00 8.550314e-01 
1.543585e+00 8.550345e-01 
1.551054e+00 8.550376e-01 
1.558523e+00 8.550407e-01 
1.565992e+00 8.550438e-01 
1.573461e+00 8.550469e-01 
1.580930e+00 8.550499e-01 
1.588399e+00 8.550529e-01 
1.595868e+00 8.550560e-01 
1.603337e+00 8.550590e-01 
1.610806e+00 8.550620e-01 
1.618275e+00 8.550650e-01 
1.625744e+00 8.550680e-01 
1.633213e+00 8.550710e-01 
1.640682e+00 8.550740e-01 
1.648151e+00 8.550770e-01 
1.655619e+00 8.550800e-01 
1.663088e+00 8.550830e-01 
1.670557e+00 8.550860e-01 
1.678026e+00 8.550889e-01 
1.685495e+00 8.550919e-01 
1.692964e+00 8.550949e-01 
1.700433e+00 8.550979e-01 
1.707901e+00 8.551009e-01 
1.715370e+00 8.551038e-01 
1.722839e+00 8.551068e-01 
1.730308e+00 8.551098e-01 
1.737777e+00 8.551128e-01 
1.745245e+00 8.551158e-01 
1.752714e+00 8.551187e-01 
1.760183e+00 8.551217e-01 
1.767652e+00 8.551247e-01 
1.775121e+00 8.551277e-01 
1.782589e+00 8.551307e-01 
1.790058e+00 8.551337e-01 
1.797527e+00 8.551367e-01 
1.804996e+00 8.551397e-01 
1.812465e+00 8.551427e-01 
1.819933e+00 8.551458e-01 
1.827402e+00 8.551488e-01 
1.834871e+00 8.551518e-01 
1.842340e+00 8.551548e-01 
1.849809e+00 8.551578e-01 
1.857277e+00 8.551609e-01 
1.864746e+00 8.551639e-01 
1.872215e+00 8.551669e-01 
1.879684e+00 8.551700e-01 
1.887152e+00 8.551730e-01 
1.894621e+00 8.551760e-01 
1.902090e+00 8.551791e-01 
1.528647e+00 8.607622e-01 
1.536116e+00 8.607655e-01 
1.543585e+00 8.607688e-01 
1.551054e+00 8.607721e-01 
1.558523e+00 8.607754e-01 
1.565992e+00 8.607786e-01 
1.573461e+00 8.607819e-01 
1.580930e+00 8.607851e-01 
1.588399e+00 8.607884e-01 
1.595868e+00 8.607916e-01 
1.603337e+00 8.607948e-01 
1.610806e+00 8.607980e-01 
1.618275e+00 8.608012e-01 
1.625744e+00 8.608044e-01 
1.633213e+00 8.608076e-01 
1.640681e+00 8.608108e-01 
1.648150e+00 8.608140e-01 
1.655619e+00 8.608172e-01 
1.663088e+00 8.608203e-01 
1.670557e+00 8.608235e-01 
1.678026e+00 8.608267e-01 
1.685495e+00 8.608299e-01 
1.692963e+00 8.608331e-01 
1.700432e+00 8.608362e-01 
1.707901e+00 8.608394e-01 
1.715370e+00 8.608426e-01 
1.722839e+00 8.608458e-01 
1.730307e+00 8.608490e-01 
1.737776e+00 8.608521e-01 
1.745245e+00 8.608553e-01 
1.752714e+00 8.608585e-01 
1.760183e+00 8.608617e-01 
1.767652e+00 8.608649e-01 
1.775120e+00 8.608681e-01 
1.782589e+00 8.608713e-01 
1.790058e+00 8.608745e-01 
1.797527e+00 8.608777e-01 
1.804996e+00 8.608809e-01 
1.812464e+00 8.608841e-01 
1.819933e+00 8.608874e-01 
1.827402e+00 8.608906e-01 
1.834871e+00 8.608938e-01 
1.842339e+00 8.608970e-01 
1.849808e+00 8.609003e-01 
1.857277e+00 8.609035e-01 
1.864746e+00 8.609067e-01 
1.872215e+00 8.609100e-01 
1.879683e+00 8.609132e-01 
1.887152e+00 8.609165e-01 
1.894621e+00 8.609197e-01 
1.902090e+00 8.609230e-01 
1.528647e+00 8.664928e-01 
1.536116e+00 8.664963e-01 
1.543585e+00 8.664998e-01 
1.551054e+00 8.665033e-01 
1.558523e+00 8.665068e-01 
1.565992e+00 8.665103e-01 
1.573461e+00 8.665137e-01 
1.580930e+00 8.665172e-01 
1.588399e+00 8.665206e-01 
1.595868e+00 8.665240e-01 
1.603337e+00 8.665275e-01 
1.610806e+00 8.665309e-01 
1.618275e+00 8.665343e-01 
1.625743e+00 8.665377e-01 
1.633212e+00 8.665411e-01 
1.640681e+00 8.665445e-01 
1.648150e+00 8.665479e-01 
1.655619e+00 8.665513e-01 
1.663088e+00 8.665547e-01 
1.670557e+00 8.665581e-01 
1.678025e+00 8.665615e-01 
1.685494e+00 8.665649e-01 
1.692963e+00 8.665683e-01 
1.700432e+00 8.665717e-01 
1.707901e+00 8.665751e-01 
1.715370e+00 8.665785e-01 
1.722838e+00 8.665819e-01 
1.730307e+00 8.665853e-01 
1.737776e+00 8.665887e-01 
1.745245e+00 8.665921e-01 
1.752714e+00 8.665955e-01 
1.760182e+00 8.665989e-01 
1.767651e+00 8.666023e-01 
1.775120e+00 8.666057e-01 
1.782589e+00 8.666092e-01 
1.790058e+00 8.666126e-01 
1.797526e+00 8.666160e-01 
1.804995e+00 8.666195e-01 
1.812464e+00 8.666229e-01 
1.819933e+00 8.666263e-01 
1.827402e+00 8.666298e-01 
1.834870e+00 8.666332e-01 
1.842339e+00 8.666367e-01 
1.849808e+00 8.666402e-01 
1.857277e+00 8.666436e-01 
1.864746e+00 8.666471e-01 
1.872214e+00 8.666506e-01 
1.879683e+00 8.666540e-01 
1.887152e+00 8.666575e-01 
1.894621e+00 8.666610e-01 
1.902089e+00 8.666644e-01 
1.528647e+00 8.722196e-01 
1.536116e+00 8.722233e-01 
1.543585e+00 8.722270e-01 
1.551054e+00 8.722308e-01 
1.558523e+00 8.722345e-01 
1.565992e+00 8.722382e-01 
1.573461e+00 8.722419e-01 
1.580930e+00 8.722455e-01 
1.588399e+00 8.722492e-01 
1.595868e+00 8.722529e-01 
1.603337e+00 8.722565e-01 
1.610805e+00 8.722602e-01 
1.618274e+00 8.722638e-01 
1.625743e+00 8.722675e-01 
1.633212e+00 8.722711e-01 
1.640681e+00 8.722747e-01 
1.648150e+00 8.722784e-01 
1.655619e+00 8.722820e-01 
1.663087e+00 8.722857e-01 
1.670556e+00 8.722893e-01 
1.678025e+00 8.722929e-01 
1.685494e+00 8.722966e-01 
1.692963e+00 8.723002e-01 
1.700432e+00 8.723038e-01 
1.707900e+00 8.723075e-01 
1.715369e+00 8.723111e-01 
1.722838e+00 8.723147e-01 
1.730307e+00 8.723184e-01 
1.737776e+00 8.723220e-01 
1.745245e+00 8.723257e-01 
1.752713e+00 8.723293e-01 
1.760182e+00 8.723330e-01 
1.767651e+00 8.723366e-01 
1.775120e+00 8.723403e-01 
1.782589e+00 8.723440e-01 
1.790057e+00 8.723476e-01 
1.797526e+00 8.723513e-01 
1.804995e+00 8.723550e-01 
1.812464e+00 8.723587e-01 
1.819933e+00 8.723624e-01 
1.827401e+00 8.723661e-01 
1.834870e+00 8.723698e-01 
1.842339e+00 8.723735e-01 
1.849808e+00 8.723772e-01 
1.857277e+00 8.723809e-01 
1.864745e+00 8.723846e-01 
1.872214e+00 8.723883e-01 
1.879683e+00 8.723920e-01 
1.887152e+00 8.723957e-01 
1.894620e+00 8.723995e-01 
1.902089e+00 8.724032e-01 
1.528647e+00 8.779424e-01 
1.536116e+00 8.779464e-01 
1.543585e+00 8.779504e-01 
1.551054e+00 8.779544e-01 
1.558523e+00 8.779583e-01 
1.565992e+00 8.779623e-01 
1.573461e+00 8.779662e-01 
1.580930e+00 8.779702e-01 
1.588399e+00 8.779741e-01 
1.595867e+00 8.779780e-01 
1.603336e+00 8.779819e-01 
1.610805e+00 8.779858e-01 
1.618274e+00 8.779897e-01 
1.625743e+00 8.779936e-01 
1.633212e+00 8.779975e-01 
1.640681e+00 8.780014e-01 
1.648150e+00 8.780053e-01 
1.655618e+00 8.780092e-01 
1.663087e+00 8.780131e-01 
1.670556e+00 8.780170e-01 
1.678025e+00 8.780209e-01 
1.685494e+00 8.780248e-01 
1.692963e+00 8.780287e-01 
1.700431e+00 8.780326e-01 
1.707900e+00 8.780365e-01 
1.715369e+00 8.780404e-01 
1.722838e+00 8.780443e-01 
1.730307e+00 8.780482e-01 
1.737775e+00 8.780521e-01 
1.745244e+00 8.780560e-01 
1.752713e+00 8.780599e-01 
1.760182e+00 8.780638e-01 
1.767651e+00 8.780678e-01 
1.775120e+00 8.780717e-01 
1.782588e+00 8.780756e-01 
1.790057e+00 8.780796e-01 
1.797526e+00 8.780835e-01 
1.804995e+00 8.780874e-01 
1.812464e+00 8.780914e-01 
1.819932e+00 8.780954e-01 
1.827401e+00 8.780993e-01 
1.834870e+00 8.781033e-01 
1.842339e+00 8.781073e-01 
1.849807e+00 8.781112e-01 
1.857276e+00 8.781152e-01 
1.864745e+00 8.781192e-01 
1.872214e+00 8.781232e-01 
1.879683e+00 8.781272e-01 
1.887151e+00 8.781312e-01 
1.894620e+00 8.781352e-01 
1.902089e+00 8.781392e-01 
1.528647e+00 8.836610e-01 
1.536116e+00 8.836653e-01 
1.543585e+00 8.836695e-01 
1.551054e+00 8.836738e-01 
1.558523e+00 8.836780e-01 
1.565992e+00 8.836822e-01 
1.573461e+00 8.836864e-01 
1.580929e+00 8.836906e-01 
1.588398e+00 8.836948e-01 
1.595867e+00 8.836990e-01 
1.603336e+00 8.837032e-01 
1.610805e+00 8.837074e-01 
1.618274e+00 8.837116e-01 
1.625743e+00 8.837158e-01 
1.633212e+00 8.837200e-01 
1.640680e+00 8.837241e-01 
1.648149e+00 8.837283e-01 
1.655618e+00 8.837325e-01 
1.663087e+00 8.837367e-01 
1.670556e+00 8.837408e-01 
1.678025e+00 8.837450e-01 
1.685494e+00 8.837492e-01 
1.692962e+00 8.837534e-01 
1.700431e+00 8.837576e-01 
1.707900e+00 8.837618e-01 
1.715369e+00 8.837659e-01 
1.722838e+00 8.837701e-01 
1.730306e+00 8.837743e-01 
1.737775e+00 8.837785e-01 
1.745244e+00 8.837827e-01 
1.752713e+00 8.837869e-01 
1.760182e+00 8.837911e-01 
1.767650e+00 8.837954e-01 
1.775119e+00 8.837996e-01 
1.782588e+00 8.838038e-01 
1.790057e+00 8.838080e-01 
1.797526e+00 8.838123e-01 
1.804994e+00 8.838165e-01 
1.812463e+00 8.838208e-01 
1.819932e+00 8.838250e-01 
1.827401e+00 8.838293e-01 
1.834870e+00 8.838335e-01 
1.842338e+00 8.838378e-01 
1.849807e+00 8.838421e-01 
1.857276e+00 8.838463e-01 
1.864745e+00 8.838506e-01 
1.872214e+00 8.838549e-01 
1.879682e+00 8.838592e-01 
1.887151e+00 8.838635e-01 
1.894620e+00 8.838678e-01 
1.902089e+00 8.838720e-01 
1.528647e+00 8.893751e-01 
1.536116e+00 8.893797e-01 
1.543585e+00 8.893842e-01 
1.551054e+00 8.893888e-01 
1.558523e+00 8.893933e-01 
1.565991e+00 8.893978e-01 
1.573460e+00 8.894023e-01 
1.580929e+00 8.894068e-01 
1.588398e+00 8.894113e-01 
1.595867e+00 8.894158e-01 
1.603336e+00 8.894203e-01 
1.610805e+00 8.894248e-01 
1.618274e+00 8.894293e-01 
1.625743e+00 8.894338e-01 
1.633211e+00 8.894383e-01 
1.640680e+00 8.894428e-01 
1.648149e+00 8.894473e-01 
1.655618e+00 8.894518e-01 
1.663087e+00 8.894562e-01 
1.670556e+00 8.894607e-01 
1.678025e+00 8.894652e-01 
1.685493e+00 8.894697e-01 
1.692962e+00 8.894742e-01 
1.700431e+00 8.894787e-01 
1.707900e+00 8.894832e-01 
1.715369e+00 8.894877e-01 
1.722837e+00 8.894922e-01 
1.730306e+00 8.894967e-01 
1.737775e+00 8.895012e-01 
1.745244e+00 8.895057e-01 
1.752713e+00 8.895103e-01 
1.760181e+00 8.895148e-01 
1.767650e+00 8.895193e-01 
1.775119e+00 8.895239e-01 
1.782588e+00 8.895284e-01 
1.790057e+00 8.895329e-01 
1.797525e+00 8.895375e-01 
1.804994e+00 8.895421e-01 
1.812463e+00 8.895466e-01 
1.819932e+00 8.895512e-01 
1.827401e+00 8.895558e-01 
1.834869e+00 8.895604e-01 
1.842338e+00 8.895649e-01 
1.849807e+00 8.895695e-01 
1.857276e+00 8.895741e-01 
1.864745e+00 8.895787e-01 
1.872213e+00 8.895833e-01 
1.879682e+00 8.895880e-01 
1.887151e+00 8.895926e-01 
1.894620e+00 8.895972e-01 
1.902089e+00 8.896018e-01 
1.528647e+00 8.950843e-01 
1.536116e+00 8.950892e-01 
1.543585e+00 8.950940e-01 
1.551053e+00 8.950989e-01 
1.558522e+00 8.951038e-01 
1.565991e+00 8.951086e-01 
1.573460e+00 8.951135e-01 
1.580929e+00 8.951183e-01 
1.588398e+00 8.951231e-01 
1.595867e+00 8.951280e-01 
1.603336e+00 8.951328e-01 
1.610805e+00 8.951376e-01 
1.618274e+00 8.951425e-01 
1.625742e+00 8.951473e-01 
1.633211e+00 8.951521e-01 
1.640680e+00 8.951569e-01 
1.648149e+00 8.951618e-01 
1.655618e+00 8.951666e-01 
1.663087e+00 8.951714e-01 
1.670555e+00 8.951762e-01 
1.678024e+00 8.951811e-01 
1.685493e+00 8.951859e-01 
1.692962e+00 8.951907e-01 
1.700431e+00 8.951956e-01 
1.707900e+00 8.952004e-01 
1.715368e+00 8.952053e-01 
1.722837e+00 8.952101e-01 
1.730306e+00 8.952150e-01 
1.737775e+00 8.952198e-01 
1.745244e+00 8.952247e-01 
1.752712e+00 8.952295e-01 
1.760181e+00 8.952344e-01 
1.767650e+00 8.952393e-01 
1.775119e+00 8.952442e-01 
1.782588e+00 8.952490e-01 
1.790056e+00 8.952539e-01 
1.797525e+00 8.952588e-01 
1.804994e+00 8.952637e-01 
1.812463e+00 8.952687e-01 
1.819932e+00 8.952736e-01 
1.827400e+00 8.952785e-01 
1.834869e+00 8.952834e-01 
1.842338e+00 8.952884e-01 
1.849807e+00 8.952933e-01 
1.857276e+00 8.952983e-01 
1.864744e+00 8.953032e-01 
1.872213e+00 8.953082e-01 
1.879682e+00 8.953131e-01 
1.887151e+00 8.953181e-01 
1.894620e+00 8.953230e-01 
1.902088e+00 8.953280e-01 
1.528647e+00 9.007887e-01 
1.536116e+00 9.007940e-01 
1.543584e+00 9.007992e-01 
1.551053e+00 9.008044e-01 
1.558522e+00 9.008097e-01 
1.565991e+00 9.008149e-01 
1.573460e+00 9.008201e-01 
1.580929e+00 9.008253e-01 
1.588398e+00 9.008305e-01 
1.595867e+00 9.008357e-01 
1.603336e+00 9.008408e-01 
1.610805e+00 9.008460e-01 
1.618273e+00 9.008512e-01 
1.625742e+00 9.008564e-01 
1.633211e+00 9.008616e-01 
1.640680e+00 9.008668e-01 
1.648149e+00 9.008720e-01 
1.655618e+00 9.008772e-01 
1.663086e+00 9.008824e-01 
1.670555e+00 9.008876e-01 
1.678024e+00 9.008928e-01 
1.685493e+00 9.008980e-01 
1.692962e+00 9.009032e-01 
1.700431e+00 9.009084e-01 
1.707899e+00 9.009136e-01 
1.715368e+00 9.009188e-01 
1.722837e+00 9.009240e-01 
1.730306e+00 9.009292e-01 
1.737775e+00 9.009344e-01 
1.745243e+00 9.009397e-01 
1.752712e+00 9.009449e-01 
1.760181e+00 9.009501e-01 
1.767650e+00 9.009554e-01 
1.775119e+00 9.009606e-01 
1.782587e+00 9.009659e-01 
1.790056e+00 9.009712e-01 
1.797525e+00 9.009764e-01 
1.804994e+00 9.009817e-01 
1.812463e+00 9.009870e-01 
1.819931e+00 9.009923e-01 
1.827400e+00 9.009976e-01 
1.834869e+00 9.010029e-01 
1.842338e+00 9.010082e-01 
1.849807e+00 9.010136e-01 
1.857275e+00 9.010189e-01 
1.864744e+00 9.010242e-01 
1.872213e+00 9.010296e-01 
1.879682e+00 9.010349e-01 
1.887151e+00 9.010402e-01 
1.894619e+00 9.010456e-01 
1.902088e+00 9.010509e-01 
1.528647e+00 9.064883e-01 
1.536115e+00 9.064939e-01 
1.543584e+00 9.064996e-01 
1.551053e+00 9.065052e-01 
1.558522e+00 9.065108e-01 
1.565991e+00 9.065164e-01 
1.573460e+00 9.065220e-01 
1.580929e+00 9.065275e-01 
1.588398e+00 9.065331e-01 
1.595867e+00 9.065387e-01 
1.603336e+00 9.065443e-01 
1.610804e+00 9.065499e-01 
1.618273e+00 9.065554e-01 
1.625742e+00 9.065610e-01 
1.633211e+00 9.065666e-01 
1.640680e+00 9.065722e-01 
1.648149e+00 9.065778e-01 
1.655617e+00 9.065834e-01 
1.663086e+00 9.065890e-01 
1.670555e+00 9.065945e-01 
1.678024e+00 9.066001e-01 
1.685493e+00 9.066057e-01 
1.692962e+00 9.066113e-01 
1.700430e+00 9.066169e-01 
1.707899e+00 9.066225e-01 
1.715368e+00 9.066281e-01 
1.722837e+00 9.066338e-01 
1.730306e+00 9.066394e-01 
1.737774e+00 9.066450e-01 
1.745243e+00 9.066506e-01 
1.752712e+00 9.066563e-01 
1.760181e+00 9.066619e-01 
1.767650e+00 9.066675e-01 
1.775118e+00 9.066732e-01 
1.782587e+00 9.066789e-01 
1.790056e+00 9.066845e-01 
1.797525e+00 9.066902e-01 
1.804994e+00 9.066959e-01 
1.812462e+00 9.067016e-01 
1.819931e+00 9.067073e-01 
1.827400e+00 9.067130e-01 
1.834869e+00 9.067187e-01 
1.842338e+00 9.067244e-01 
1.849806e+00 9.067301e-01 
1.857275e+00 9.067359e-01 
1.864744e+00 9.067416e-01 
1.872213e+00 9.067474e-01 
1.879682e+00 9.067531e-01 
1.887150e+00 9.067589e-01 
1.894619e+00 9.067646e-01 
1.902088e+00 9.067703e-01 
1.528646e+00 9.121833e-01 
1.536115e+00 9.121893e-01 
1.543584e+00 9.121954e-01 
1.551053e+00 9.122014e-01 
1.558522e+00 9.122074e-01 
1.565991e+00 9.122134e-01 
1.573460e+00 9.122194e-01 
1.580929e+00 9.122254e-01 
1.588398e+00 9.122314e-01 
1.595867e+00 9.122374e-01 
1.603335e+00 9.122434e-01 
1.610804e+00 9.122494e-01 
1.618273e+00 9.122554e-01 
1.625742e+00 9.122614e-01 
1.633211e+00 9.122674e-01 
1.640680e+00 9.122734e-01 
1.648148e+00 9.122794e-01 
1.655617e+00 9.122854e-01 
1.663086e+00 9.122914e-01 
1.670555e+00 9.122975e-01 
1.678024e+00 9.123035e-01 
1.685493e+00 9.123095e-01 
1.692961e+00 9.123155e-01 
1.700430e+00 9.123215e-01 
1.707899e+00 9.123276e-01 
1.715368e+00 9.123336e-01 
1.722837e+00 9.123396e-01 
1.730305e+00 9.123457e-01 
1.737774e+00 9.123517e-01 
1.745243e+00 9.123578e-01 
1.752712e+00 9.123638e-01 
1.760181e+00 9.123699e-01 
1.767649e+00 9.123760e-01 
1.775118e+00 9.123821e-01 
1.782587e+00 9.123881e-01 
1.790056e+00 9.123942e-01 
1.797525e+00 9.124003e-01 
1.804993e+00 9.124065e-01 
1.812462e+00 9.124126e-01 
1.819931e+00 9.124187e-01 
1.827400e+00 9.124249e-01 
1.834869e+00 9.124310e-01 
1.842337e+00 9.124372e-01 
1.849806e+00 9.124433e-01 
1.857275e+00 9.124495e-01 
1.864744e+00 9.124557e-01 
1.872213e+00 9.124618e-01 
1.879681e+00 9.124680e-01 
1.887150e+00 9.124742e-01 
1.894619e+00 9.124804e-01 
1.902088e+00 9.124866e-01 
1.528646e+00 9.178737e-01 
1.536115e+00 9.178801e-01 
1.543584e+00 9.178866e-01 
1.551053e+00 9.178931e-01 
1.558522e+00 9.178995e-01 
1.565991e+00 9.179060e-01 
1.573460e+00 9.179124e-01 
1.580929e+00 9.179189e-01 
1.588398e+00 9.179253e-01 
1.595866e+00 9.179317e-01 
1.603335e+00 9.179382e-01 
1.610804e+00 9.179446e-01 
1.618273e+00 9.179511e-01 
1.625742e+00 9.179575e-01 
1.633211e+00 9.179640e-01 
1.640680e+00 9.179704e-01 
1.648148e+00 9.179769e-01 
1.655617e+00 9.179833e-01 
1.663086e+00 9.179898e-01 
1.670555e+00 9.179963e-01 
1.678024e+00 9.180027e-01 
1.685492e+00 9.180092e-01 
1.692961e+00 9.180157e-01 
1.700430e+00 9.180221e-01 
1.707899e+00 9.180286e-01 
1.715368e+00 9.180351e-01 
1.722837e+00 9.180416e-01 
1.730305e+00 9.180481e-01 
1.737774e+00 9.180546e-01 
1.745243e+00 9.180611e-01 
1.752712e+00 9.180676e-01 
1.760181e+00 9.180741e-01 
1.767649e+00 9.180807e-01 
1.775118e+00 9.180872e-01 
1.782587e+00 9.180937e-01 
1.790056e+00 9.181003e-01 
1.797525e+00 9.181069e-01 
1.804993e+00 9.181134e-01 
1.812462e+00 9.181200e-01 
1.819931e+00 9.181266e-01 
1.827400e+00 9.181332e-01 
1.834869e+00 9.181398e-01 
1.842337e+00 9.181464e-01 
1.849806e+00 9.181531e-01 
1.857275e+00 9.181597e-01 
1.864744e+00 9.181663e-01 
1.872212e+00 9.181730e-01 
1.879681e+00 9.181796e-01 
1.887150e+00 9.181863e-01 
1.894619e+00 9.181929e-01 
1.902088e+00 9.181995e-01 
1.528646e+00 9.235603e-01 
1.536115e+00 9.235672e-01 
1.543584e+00 9.235742e-01 
1.551053e+00 9.235811e-01 
1.558522e+00 9.235880e-01 
1.565991e+00 9.235949e-01 
1.573460e+00 9.236018e-01 
1.580929e+00 9.236087e-01 
1.588398e+00 9.236157e-01 
1.595866e+00 9.236226e-01 
1.603335e+00 9.236295e-01 
1.610804e+00 9.236364e-01 
1.618273e+00 9.236433e-01 
1.625742e+00 9.236502e-01 
1.633211e+00 9.236572e-01 
1.640679e+00 9.236641e-01 
1.648148e+00 9.236710e-01 
1.655617e+00 9.236779e-01 
1.663086e+00 9.236849e-01 
1.670555e+00 9.236918e-01 
1.678023e+00 9.236987e-01 
1.685492e+00 9.237057e-01 
1.692961e+00 9.237126e-01 
1.700430e+00 9.237196e-01 
1.707899e+00 9.237265e-01 
1.715368e+00 9.237335e-01 
1.722836e+00 9.237405e-01 
1.730305e+00 9.237474e-01 
1.737774e+00 9.237544e-01 
1.745243e+00 9.237614e-01 
1.752712e+00 9.237684e-01 
1.760180e+00 9.237754e-01 
1.767649e+00 9.237824e-01 
1.775118e+00 9.237894e-01 
1.782587e+00 9.237964e-01 
1.790056e+00 9.238035e-01 
1.797524e+00 9.238105e-01 
1.804993e+00 9.238176e-01 
1.812462e+00 9.238246e-01 
1.819931e+00 9.238317e-01 
1.827400e+00 9.238388e-01 
1.834868e+00 9.238459e-01 
1.842337e+00 9.238530e-01 
1.849806e+00 9.238601e-01 
1.857275e+00 9.238672e-01 
1.864744e+00 9.238743e-01 
1.872212e+00 9.238815e-01 
1.879681e+00 9.238886e-01 
1.887150e+00 9.238957e-01 
1.894619e+00 9.239029e-01 
1.902088e+00 9.239100e-01 
1.528646e+00 9.292439e-01 
1.536115e+00 9.292513e-01 
1.543584e+00 9.292587e-01 
1.551053e+00 9.292661e-01 
1.558522e+00 9.292735e-01 
1.565991e+00 9.292809e-01 
1.573460e+00 9.292883e-01 
1.580929e+00 9.292957e-01 
1.588397e+00 9.293031e-01 
1.595866e+00 9.293105e-01 
1.603335e+00 9.293179e-01 
1.610804e+00 9.293253e-01 
1.618273e+00 9.293328e-01 
1.625742e+00 9.293402e-01 
1.633210e+00 9.293476e-01 
1.640679e+00 9.293550e-01 
1.648148e+00 9.293624e-01 
1.655617e+00 9.293698e-01 
1.663086e+00 9.293773e-01 
1.670555e+00 9.293847e-01 
1.678023e+00 9.293921e-01 
1.685492e+00 9.293996e-01 
1.692961e+00 9.294070e-01 
1.700430e+00 9.294145e-01 
1.707899e+00 9.294219e-01 
1.715367e+00 9.294294e-01 
1.722836e+00 9.294368e-01 
1.730305e+00 9.294443e-01 
1.737774e+00 9.294518e-01 
1.745243e+00 9.294593e-01 
1.752711e+00 9.294667e-01 
1.760180e+00 9.294742e-01 
1.767649e+00 9.294817e-01 
1.775118e+00 9.294893e-01 
1.782587e+00 9.294968e-01 
1.790055e+00 9.295043e-01 
1.797524e+00 9.295119e-01 
1.804993e+00 9.295194e-01 
1.812462e+00 9.295270e-01 
1.819931e+00 9.295345e-01 
1.827399e+00 9.295421e-01 
1.834868e+00 9.295497e-01 
1.842337e+00 9.295573e-01 
1.849806e+00 9.295650e-01 
1.857275e+00 9.295726e-01 
1.864743e+00 9.295802e-01 
1.872212e+00 9.295879e-01 
1.879681e+00 9.295955e-01 
1.887150e+00 9.296032e-01 
1.894619e+00 9.296108e-01 
1.902087e+00 9.296184e-01 
1.528646e+00 9.349261e-01 
1.536115e+00 9.349340e-01 
1.543584e+00 9.349420e-01 
1.551053e+00 9.349499e-01 
1.558522e+00 9.349578e-01 
1.565991e+00 9.349657e-01 
1.573460e+00 9.349736e-01 
1.580929e+00 9.349815e-01 
1.588397e+00 9.349894e-01 
1.595866e+00 9.349973e-01 
1.603335e+00 9.350052e-01 
1.610804e+00 9.350131e-01 
1.618273e+00 9.350211e-01 
1.625742e+00 9.350290e-01 
1.633210e+00 9.350369e-01 
1.640679e+00 9.350448e-01 
1.648148e+00 9.350528e-01 
1.655617e+00 9.350607e-01 
1.663086e+00 9.350686e-01 
1.670554e+00 9.350766e-01 
1.678023e+00 9.350845e-01 
1.685492e+00 9.350924e-01 
1.692961e+00 9.351004e-01 
1.700430e+00 9.351084e-01 
1.707898e+00 9.351163e-01 
1.715367e+00 9.351243e-01 
1.722836e+00 9.351323e-01 
1.730305e+00 9.351402e-01 
1.737774e+00 9.351482e-01 
1.745243e+00 9.351562e-01 
1.752711e+00 9.351642e-01 
1.760180e+00 9.351722e-01 
1.767649e+00 9.351802e-01 
1.775118e+00 9.351883e-01 
1.782587e+00 9.351963e-01 
1.790055e+00 9.352043e-01 
1.797524e+00 9.352124e-01 
1.804993e+00 9.352205e-01 
1.812462e+00 9.352285e-01 
1.819931e+00 9.352366e-01 
1.827399e+00 9.352447e-01 
1.834868e+00 9.352528e-01 
1.842337e+00 9.352610e-01 
1.849806e+00 9.352691e-01 
1.857274e+00 9.352773e-01 
1.864743e+00 9.352854e-01 
1.872212e+00 9.352936e-01 
1.879681e+00 9.353018e-01 
1.887150e+00 9.353099e-01 
1.894618e+00 9.353181e-01 
1.902087e+00 9.353262e-01 
1.528646e+00 9.406088e-01 
1.536115e+00 9.406173e-01 
1.543584e+00 9.406257e-01 
1.551053e+00 9.406341e-01 
1.558522e+00 9.406425e-01 
1.565991e+00 9.406509e-01 
1.573460e+00 9.406594e-01 
1.580928e+00 9.406678e-01 
1.588397e+00 9.406762e-01 
1.595866e+00 9.406846e-01 
1.603335e+00 9.406930e-01 
1.610804e+00 9.407015e-01 
1.618273e+00 9.407099e-01 
1.625741e+00 9.407183e-01 
1.633210e+00 9.407268e-01 
1.640679e+00 9.407352e-01 
1.648148e+00 9.407436e-01 
1.655617e+00 9.407521e-01 
1.663086e+00 9.407605e-01 
1.670554e+00 9.407690e-01 
1.678023e+00 9.407775e-01 
1.685492e+00 9.407859e-01 
1.692961e+00 9.407944e-01 
1.700430e+00 9.408029e-01 
1.707898e+00 9.408113e-01 
1.715367e+00 9.408198e-01 
1.722836e+00 9.408283e-01 
1.730305e+00 9.408368e-01 
1.737774e+00 9.408453e-01 
1.745242e+00 9.408538e-01 
1.752711e+00 9.408623e-01 
1.760180e+00 9.408709e-01 
1.767649e+00 9.408794e-01 
1.775118e+00 9.408879e-01 
1.782586e+00 9.408965e-01 
1.790055e+00 9.409050e-01 
1.797524e+00 9.409136e-01 
1.804993e+00 9.409222e-01 
1.812462e+00 9.409308e-01 
1.819930e+00 9.409394e-01 
1.827399e+00 9.409480e-01 
1.834868e+00 9.409567e-01 
1.842337e+00 9.409653e-01 
1.849806e+00 9.409740e-01 
1.857274e+00 9.409827e-01 
1.864743e+00 9.409914e-01 
1.872212e+00 9.410001e-01 
1.879681e+00 9.410087e-01 
1.887150e+00 9.410174e-01 
1.894618e+00 9.410261e-01 
1.902087e+00 9.410348e-01 
1.528646e+00 9.462951e-01 
1.536115e+00 9.463040e-01 
1.543584e+00 9.463129e-01 
1.551053e+00 9.463218e-01 
1.558522e+00 9.463308e-01 
1.565991e+00 9.463397e-01 
1.573460e+00 9.463486e-01 
1.580928e+00 9.463575e-01 
1.588397e+00 9.463664e-01 
1.595866e+00 9.463753e-01 
1.603335e+00 9.463843e-01 
1.610804e+00 9.463932e-01 
1.618273e+00 9.464021e-01 
1.625741e+00 9.464111e-01 
1.633210e+00 9.464200e-01 
1.640679e+00 9.464289e-01 
1.648148e+00 9.464379e-01 
1.655617e+00 9.464468e-01 
1.663085e+00 9.464558e-01 
1.670554e+00 9.464647e-01 
1.678023e+00 9.464737e-01 
1.685492e+00 9.464827e-01 
1.692961e+00 9.464916e-01 
1.700429e+00 9.465006e-01 
1.707898e+00 9.465096e-01 
1.715367e+00 9.465186e-01 
1.722836e+00 9.465276e-01 
1.730305e+00 9.465366e-01 
1.737773e+00 9.465456e-01 
1.745242e+00 9.465546e-01 
1.752711e+00 9.465636e-01 
1.760180e+00 9.465726e-01 
1.767649e+00 9.465817e-01 
1.775117e+00 9.465907e-01 
1.782586e+00 9.465998e-01 
1.790055e+00 9.466088e-01 
1.797524e+00 9.466179e-01 
1.804993e+00 9.466270e-01 
1.812461e+00 9.466361e-01 
1.819930e+00 9.466452e-01 
1.827399e+00 9.466543e-01 
1.834868e+00 9.466635e-01 
1.842337e+00 9.466727e-01 
1.849805e+00 9.466818e-01 
1.857274e+00 9.466910e-01 
1.864743e+00 9.467002e-01 
1.872212e+00 9.467095e-01 
1.879681e+00 9.467187e-01 
1.887149e+00 9.467279e-01 
1.894618e+00 9.467371e-01 
1.902087e+00 9.467462e-01 
1.528646e+00 9.519891e-01 
1.536115e+00 9.519984e-01 
1.543584e+00 9.520078e-01 
1.551053e+00 9.520172e-01 
1.558522e+00 9.520266e-01 
1.565991e+00 9.520360e-01 
1.573460e+00 9.520454e-01 
1.580928e+00 9.520547e-01 
1.588397e+00 9.520641e-01 
1.595866e+00 9.520735e-01 
1.603335e+00 9.520829e-01 
1.610804e+00 9.520923e-01 
1.618272e+00 9.521017e-01 
1.625741e+00 9.521111e-01 
1.633210e+00 9.521205e-01 
1.640679e+00 9.521299e-01 
1.648148e+00 9.521393e-01 
1.655617e+00 9.521488e-01 
1.663085e+00 9.521582e-01 
1.670554e+00 9.521676e-01 
1.678023e+00 9.521770e-01 
1.685492e+00 9.521865e-01 
1.692961e+00 9.521959e-01 
1.700429e+00 9.522054e-01 
1.707898e+00 9.522148e-01 
1.715367e+00 9.522243e-01 
1.722836e+00 9.522337e-01 
1.730305e+00 9.522432e-01 
1.737773e+00 9.522527e-01 
1.745242e+00 9.522621e-01 
1.752711e+00 9.522716e-01 
1.760180e+00 9.522811e-01 
1.767649e+00 9.522906e-01 
1.775117e+00 9.523001e-01 
1.782586e+00 9.523097e-01 
1.790055e+00 9.523192e-01 
1.797524e+00 9.523288e-01 
1.804993e+00 9.523383e-01 
1.812461e+00 9.523479e-01 
1.819930e+00 9.523575e-01 
1.827399e+00 9.523671e-01 
1.834868e+00 9.523767e-01 
1.842337e+00 9.523863e-01 
1.849805e+00 9.523960e-01 
1.857274e+00 9.524057e-01 
1.864743e+00 9.524154e-01 
1.872212e+00 9.524251e-01 
1.879681e+00 9.524348e-01 
1.887149e+00 9.524444e-01 
1.894618e+00 9.524541e-01 
1.902087e+00 9.524638e-01 
1.528646e+00 9.576986e-01 
1.536115e+00 9.577083e-01 
1.543584e+00 9.577181e-01 
1.551053e+00 9.577279e-01 
1.558522e+00 9.577377e-01 
1.565991e+00 9.577475e-01 
1.573459e+00 9.577572e-01 
1.580928e+00 9.577670e-01 
1.588397e+00 9.577768e-01 
1.595866e+00 9.577866e-01 
1.603335e+00 9.577964e-01 
1.610804e+00 9.578062e-01 
1.618272e+00 9.578160e-01 
1.625741e+00 9.578258e-01 
1.633210e+00 9.578356e-01 
1.640679e+00 9.578454e-01 
1.648148e+00 9.578552e-01 
1.655616e+00 9.578650e-01 
1.663085e+00 9.578748e-01 
1.670554e+00 9.578847e-01 
1.678023e+00 9.578945e-01 
1.685492e+00 9.579043e-01 
1.692960e+00 9.579142e-01 
1.700429e+00 9.579240e-01 
1.707898e+00 9.579338e-01 
1.715367e+00 9.579437e-01 
1.722836e+00 9.579536e-01 
1.730304e+00 9.579634e-01 
1.737773e+00 9.579733e-01 
1.745242e+00 9.579832e-01 
1.752711e+00 9.579931e-01 
1.760180e+00 9.580029e-01 
1.767648e+00 9.580128e-01 
1.775117e+00 9.580228e-01 
1.782586e+00 9.580327e-01 
1.790055e+00 9.580426e-01 
1.797524e+00 9.580525e-01 
1.804992e+00 9.580625e-01 
1.812461e+00 9.580725e-01 
1.819930e+00 9.580824e-01 
1.827399e+00 9.580924e-01 
1.834868e+00 9.581025e-01 
1.842336e+00 9.581125e-01 
1.849805e+00 9.581226e-01 
1.857274e+00 9.581326e-01 
1.864743e+00 9.581427e-01 
1.872212e+00 9.581529e-01 
1.879680e+00 9.581630e-01 
1.887149e+00 9.581731e-01 
1.894618e+00 9.581831e-01 
1.902087e+00 9.581932e-01 
1.528646e+00 9.634344e-01 
1.536115e+00 9.634445e-01 
1.543584e+00 9.634545e-01 
1.551053e+00 9.634646e-01 
1.558522e+00 9.634746e-01 
1.565991e+00 9.634847e-01 
1.573459e+00 9.634948e-01 
1.580928e+00 9.635048e-01 
1.588397e+00 9.635149e-01 
1.595866e+00 9.635250e-01 
1.603335e+00 9.635350e-01 
1.610803e+00 9.635451e-01 
1.618272e+00 9.635552e-01 
1.625741e+00 9.635653e-01 
1.633210e+00 9.635754e-01 
1.640679e+00 9.635855e-01 
1.648148e+00 9.635955e-01 
1.655616e+00 9.636056e-01 
1.663085e+00 9.636157e-01 
1.670554e+00 9.636258e-01 
1.678023e+00 9.636360e-01 
1.685492e+00 9.636461e-01 
1.692960e+00 9.636562e-01 
1.700429e+00 9.636663e-01 
1.707898e+00 9.636764e-01 
1.715367e+00 9.636866e-01 
1.722836e+00 9.636967e-01 
1.730304e+00 9.637068e-01 
1.737773e+00 9.637170e-01 
1.745242e+00 9.637271e-01 
1.752711e+00 9.637373e-01 
1.760180e+00 9.637474e-01 
1.767648e+00 9.637576e-01 
1.775117e+00 9.637678e-01 
1.782586e+00 9.637780e-01 
1.790055e+00 9.637882e-01 
1.797524e+00 9.637984e-01 
1.804992e+00 9.638086e-01 
1.812461e+00 9.638189e-01 
1.819930e+00 9.638291e-01 
1.827399e+00 9.638394e-01 
1.834868e+00 9.638497e-01 
1.842336e+00 9.638600e-01 
1.849805e+00 9.638703e-01 
1.857274e+00 9.638807e-01 
1.864743e+00 9.638911e-01 
1.872212e+00 9.639015e-01 
1.879680e+00 9.639119e-01 
1.887149e+00 9.639222e-01 
1.894618e+00 9.639326e-01 
1.902087e+00 9.639429e-01 
1.528646e+00 9.692124e-01 
1.536115e+00 9.692225e-01 
1.543584e+00 9.692327e-01 
1.551053e+00 9.692428e-01 
1.558522e+00 9.692530e-01 
1.565991e+00 9.692632e-01 
1.573459e+00 9.692733e-01 
1.580928e+00 9.692835e-01 
1.588397e+00 9.692936e-01 
1.595866e+00 9.693038e-01 
1.603335e+00 9.693140e-01 
1.610803e+00 9.693241e-01 
1.618272e+00 9.693343e-01 
1.625741e+00 9.693445e-01 
1.633210e+00 9.693546e-01 
1.640679e+00 9.693648e-01 
1.648147e+00 9.693750e-01 
1.655616e+00 9.693852e-01 
1.663085e+00 9.693954e-01 
1.670554e+00 9.694055e-01 
1.678023e+00 9.694157e-01 
1.685491e+00 9.694259e-01 
1.692960e+00 9.694361e-01 
1.700429e+00 9.694463e-01 
1.707898e+00 9.694565e-01 
1.715367e+00 9.694667e-01 
1.722835e+00 9.694770e-01 
1.730304e+00 9.694872e-01 
1.737773e+00 9.694974e-01 
1.745242e+00 9.695076e-01 
1.752711e+00 9.695179e-01 
1.760179e+00 9.695281e-01 
1.767648e+00 9.695384e-01 
1.775117e+00 9.695486e-01 
1.782586e+00 9.695589e-01 
1.790055e+00 9.695691e-01 
1.797523e+00 9.695794e-01 
1.804992e+00 9.695897e-01 
1.812461e+00 9.696000e-01 
1.819930e+00 9.696103e-01 
1.827399e+00 9.696207e-01 
1.834867e+00 9.696310e-01 
1.842336e+00 9.696414e-01 
1.849805e+00 9.696518e-01 
1.857274e+00 9.696622e-01 
1.864743e+00 9.696727e-01 
1.872211e+00 9.696832e-01 
1.879680e+00 9.696936e-01 
1.887149e+00 9.697041e-01 
1.894618e+00 9.697145e-01 
1.902087e+00 9.697248e-01 
1.528646e+00 9.750559e-01 
1.536115e+00 9.750658e-01 
1.543584e+00 9.750758e-01 
1.551053e+00 9.750857e-01 
1.558522e+00 9.750957e-01 
1.565991e+00 9.751056e-01 
1.573459e+00 9.751155e-01 
1.580928e+00 9.751255e-01 
1.588397e+00 9.751354e-01 
1.595866e+00 9.751454e-01 
1.603335e+00 9.751553e-01 
1.610803e+00 9.751653e-01 
1.618272e+00 9.751752e-01 
1.625741e+00 9.751852e-01 
1.633210e+00 9.751951e-01 
1.640679e+00 9.752051e-01 
1.648147e+00 9.752150e-01 
1.655616e+00 9.752250e-01 
1.663085e+00 9.752349e-01 
1.670554e+00 9.752449e-01 
1.678023e+00 9.752548e-01 
1.685491e+00 9.752648e-01 
1.692960e+00 9.752748e-01 
1.700429e+00 9.752847e-01 
1.707898e+00 9.752947e-01 
1.715367e+00 9.753047e-01 
1.722835e+00 9.753147e-01 
1.730304e+00 9.753246e-01 
1.737773e+00 9.753346e-01 
1.745242e+00 9.753446e-01 
1.752711e+00 9.753546e-01 
1.760179e+00 9.753646e-01 
1.767648e+00 9.753746e-01 
1.775117e+00 9.753846e-01 
1.782586e+00 9.753946e-01 
1.790055e+00 9.754046e-01 
1.797523e+00 9.754147e-01 
1.804992e+00 9.754247e-01 
1.812461e+00 9.754347e-01 
1.819930e+00 9.754448e-01 
1.827399e+00 9.754549e-01 
1.834867e+00 9.754650e-01 
1.842336e+00 9.754751e-01 
1.849805e+00 9.754852e-01 
1.857274e+00 9.754954e-01 
1.864743e+00 9.755056e-01 
1.872211e+00 9.755158e-01 
1.879680e+00 9.755260e-01 
1.887149e+00 9.755361e-01 
1.894618e+00 9.755463e-01 
1.902087e+00 9.755564e-01 
1.528646e+00 9.809899e-01 
1.536115e+00 9.809992e-01 
1.543584e+00 9.810084e-01 
1.551053e+00 9.810176e-01 
1.558522e+00 9.810269e-01 
1.565991e+00 9.810361e-01 
1.573459e+00 9.810454e-01 
1.580928e+00 9.810546e-01 
1.588397e+00 9.810639e-01 
1.595866e+00 9.810731e-01 
1.603335e+00 9.810823e-01 
1.610803e+00 9.810916e-01 
1.618272e+00 9.811008e-01 
1.625741e+00 9.811101e-01 
1.633210e+00 9.811193e-01 
1.640679e+00 9.811285e-01 
1.648147e+00 9.811378e-01 
1.655616e+00 9.811470e-01 
1.663085e+00 9.811563e-01 
1.670554e+00 9.811655e-01 
1.678023e+00 9.811748e-01 
1.685491e+00 9.811840e-01 
1.692960e+00 9.811933e-01 
1.700429e+00 9.812025e-01 
1.707898e+00 9.812118e-01 
1.715367e+00 9.812210e-01 
1.722835e+00 9.812303e-01 
1.730304e+00 9.812395e-01 
1.737773e+00 9.812488e-01 
1.745242e+00 9.812580e-01 
1.752711e+00 9.812673e-01 
1.760179e+00 9.812765e-01 
1.767648e+00 9.812858e-01 
1.775117e+00 9.812951e-01 
1.782586e+00 9.813043e-01 
1.790055e+00 9.813136e-01 
1.797523e+00 9.813229e-01 
1.804992e+00 9.813322e-01 
1.812461e+00 9.813415e-01 
1.819930e+00 9.813508e-01 
1.827399e+00 9.813601e-01 
1.834867e+00 9.813694e-01 
1.842336e+00 9.813788e-01 
1.849805e+00 9.813881e-01 
1.857274e+00 9.813975e-01 
1.864743e+00 9.814070e-01 
1.872211e+00 9.814165e-01 
1.879680e+00 9.814259e-01 
1.887149e+00 9.814353e-01 
1.894618e+00 9.814446e-01 
1.902087e+00 9.814540e-01 
1.528647e+00 9.870651e-01 
1.536115e+00 9.870729e-01 
1.543584e+00 9.870807e-01 
1.551053e+00 9.870884e-01 
1.558522e+00 9.870962e-01 
1.565991e+00 9.871039e-01 
1.573459e+00 9.871117e-01 
1.580928e+00 9.871194e-01 
1.588397e+00 9.871272e-01 
1.595866e+00 9.871349e-01 
1.603335e+00 9.871427e-01 
1.610803e+00 9.871504e-01 
1.618272e+00 9.871582e-01 
1.625741e+00 9.871659e-01 
1.633210e+00 9.871736e-01 
1.640679e+00 9.871814e-01 
1.648147e+00 9.871891e-01 
1.655616e+00 9.871969e-01 
1.663085e+00 9.872046e-01 
1.670554e+00 9.872123e-01 
1.678023e+00 9.872201e-01 
1.685491e+00 9.872278e-01 
1.692960e+00 9.872355e-01 
1.700429e+00 9.872433e-01 
1.707898e+00 9.872510e-01 
1.715367e+00 9.872587e-01 
1.722835e+00 9.872665e-01 
1.730304e+00 9.872742e-01 
1.737773e+00 9.872819e-01 
1.745242e+00 9.872897e-01 
1.752711e+00 9.872974e-01 
1.760179e+00 9.873051e-01 
1.767648e+00 9.873129e-01 
1.775117e+00 9.873206e-01 
1.782586e+00 9.873284e-01 
1.790055e+00 9.873361e-01 
1.797523e+00 9.873438e-01 
1.804992e+00 9.873516e-01 
1.812461e+00 9.873593e-01 
1.819930e+00 9.873671e-01 
1.827399e+00 9.873749e-01 
1.834867e+00 9.873826e-01 
1.842336e+00 9.873904e-01 
1.849805e+00 9.873982e-01 
1.857274e+00 9.874061e-01 
1.864743e+00 9.874139e-01 
1.872211e+00 9.874218e-01 
1.879680e+00 9.874297e-01 
1.887149e+00 9.874375e-01 
1.894618e+00 9.874453e-01 
1.902087e+00 9.874531e-01 
1.528647e+00 9.933733e-01 
1.536115e+00 9.933782e-01 
1.543584e+00 9.933831e-01 
1.551053e+00 9.933881e-01 
1.558522e+00 9.933930e-01 
1.565991e+00 9.933979e-01 
1.573459e+00 9.934028e-01 
1.580928e+00 9.934078e-01 
1.588397e+00 9.934127e-01 
1.595866e+00 9.934176e-01 
1.603335e+00 9.934225e-01 
1.610803e+00 9.934274e-01 
1.618272e+00 9.934323e-01 
1.625741e+00 9.934372e-01 
1.633210e+00 9.934421e-01 
1.640679e+00 9.934470e-01 
1.648147e+00 9.934519e-01 
1.655616e+00 9.934568e-01 
1.663085e+00 9.934617e-01 
1.670554e+00 9.934666e-01 
1.678022e+00 9.934715e-01 
1.685491e+00 9.934764e-01 
1.692960e+00 9.934813e-01 
1.700429e+00 9.934862e-01 
1.707898e+00 9.934911e-01 
1.715366e+00 9.934960e-01 
1.722835e+00 9.935008e-01 
1.730304e+00 9.935057e-01 
1.737773e+00 9.935106e-01 
1.745242e+00 9.935155e-01 
1.752710e+00 9.935203e-01 
1.760179e+00 9.935252e-01 
1.767648e+00 9.935301e-01 
1.775117e+00 9.935350e-01 
1.782586e+00 9.935398e-01 
1.790054e+00 9.935447e-01 
1.797523e+00 9.935496e-01 
1.804992e+00 9.935544e-01 
1.812461e+00 9.935593e-01 
1.819930e+00 9.935642e-01 
1.827398e+00 9.935691e-01 
1.834867e+00 9.935740e-01 
1.842336e+00 9.935788e-01 
1.849805e+00 9.935837e-01 
1.857274e+00 9.935886e-01 
1.864742e+00 9.935936e-01 
1.872211e+00 9.935985e-01 
1.879680e+00 9.936035e-01 
1.887149e+00 9.936084e-01 
1.894618e+00 9.936132e-01 
1.902086e+00 9.936181e-01 
1.528647e+00 1.000000e+00 
1.536115e+00 1.000000e+00 
1.543584e+00 1.000000e+00 
1.551053e+00 1.000000e+00 
1.558522e+00 1.000000e+00 
1.565991e+00 1.000000e+00 
1.573459e+00 1.000000e+00 
1.580928e+00 1.000000e+00 
1.588397e+00 1.000000e+00 
1.595866e+00 1.000000e+00 
1.603335e+00 1.000000e+00 
1.610803e+00 1.000000e+00 
1.618272e+00 1.000000e+00 
1.625741e+00 1.000000e+00 
1.633210e+00 1.000000e+00 
1.640678e+00 1.000000e+00 
1.648147e+00 1.000000e+00 
1.655616e+00 1.000000e+00 
1.663085e+00 1.000000e+00 
1.670554e+00 1.000000e+00 
1.678022e+00 1.000000e+00 
1.685491e+00 1.000000e+00 
1.692960e+00 1.000000e+00 
1.700429e+00 1.000000e+00 
1.707898e+00 1.000000e+00 
1.715366e+00 1.000000e+00 
1.722835e+00 1.000000e+00 
1.730304e+00 1.000000e+00 
1.737773e+00 1.000000e+00 
1.745242e+00 1.000000e+00 
1.752710e+00 1.000000e+00 
1.760179e+00 1.000000e+00 
1.767648e+00 1.000000e+00 
1.775117e+00 1.000000e+00 
1.782586e+00 1.000000e+00 
1.790054e+00 1.000000e+00 
1.797523e+00 1.000000e+00 
1.804992e+00 1.000000e+00 
1.812461e+00 1.000000e+00 
1.819930e+00 1.000000e+00 
1.827398e+00 1.000000e+00 
1.834867e+00 1.000000e+00 
1.842336e+00 1.000000e+00 
1.849805e+00 1.000000e+00 
1.857274e+00 1.000000e+00 
1.864742e+00 1.000000e+00 
1.872211e+00 1.000000e+00 
1.879680e+00 1.000000e+00 
1.887149e+00 1.000000e+00 
1.894618e+00 1.000000e+00 
1.902086e+00 1.000000e+00 
BC
-1
-1
-1
-1
-1
-1
-1
-1
-1
-1
-1
-1
-1
-1
-1
-1
-1
-1
-1
-1
-1
-1
-1
-1
-1
-1
-1
-1
-1
-1
-1
-1
-1
-1
-1
-1
-1
-1
-1
-1
-1
-1
-1
-1
-1
-1
-1
-1
-1
-1
-1
-1
-1
-1
-1
-1
-1
-1
-1
-1
-1
-1
-1
-1
-1
-1
-1
-1
-1
-1
-1
-1
-1
-1
-1
-1
-1
-1
-1
-1
-1
-1
-1
-1
-1
-1
-1
-1
-1
-1
-1
-1
-1
-1
-1
4
4
4
4
4
4
4
4
4
4
4
4
4
4
4
4
4
4
4
4
4
4
4
4
4
4
4
4
4
4
4
4
4
4
4
4
4
4
4
4
4
4
4
4
4
4
4
4
4
4
-1
-1
-1
-1
-1
-1
-1
-1
-1
-1
-1
-1
-1
-1
-1
-1
-1
-1
-1
-1
-1
-1
-1
-1
-1
-1
-1
-1
-1
-1
-1
-1
-1
-1
-1
-1
-1
-1
-1
-1
-1
-1
-1
-1
-1
