npartb: 4 2 
ipartb: 1 0 
ngrid: 77 27 
-7.777778e-02 0.000000e+00 
-7.222222e-02 0.000000e+00 
-6.666667e-02 0.000000e+00 
-6.111111e-02 0.000000e+00 
-5.555556e-02 0.000000e+00 
-5.000000e-02 0.000000e+00 
-4.444444e-02 0.000000e+00 
-3.888889e-02 0.000000e+00 
-3.333333e-02 0.000000e+00 
-2.777778e-02 0.000000e+00 
-2.222222e-02 0.000000e+00 
-1.666667e-02 0.000000e+00 
-1.111111e-02 0.000000e+00 
-5.555556e-03 0.000000e+00 
0.000000e+00 0.000000e+00 
4.044762e-03 1.083810e-03 
8.089524e-03 2.167619e-03 
1.213429e-02 3.251429e-03 
1.617905e-02 4.335238e-03 
2.022381e-02 5.419048e-03 
2.426857e-02 6.502857e-03 
2.831333e-02 7.586667e-03 
3.235810e-02 8.670476e-03 
3.640286e-02 9.754286e-03 
4.044762e-02 1.083810e-02 
4.449238e-02 1.192190e-02 
4.853714e-02 1.300571e-02 
5.258190e-02 1.408952e-02 
5.662667e-02 1.517333e-02 
6.067143e-02 1.625714e-02 
6.471619e-02 1.734095e-02 
6.876095e-02 1.842476e-02 
7.280571e-02 1.950857e-02 
7.685048e-02 2.059238e-02 
8.089524e-02 2.167619e-02 
8.494000e-02 2.276000e-02 
8.898476e-02 2.384381e-02 
9.302952e-02 2.492762e-02 
9.707429e-02 2.601143e-02 
1.011190e-01 2.709524e-02 
1.051638e-01 2.817905e-02 
1.092086e-01 2.926286e-02 
1.132533e-01 3.034667e-02 
1.172981e-01 3.143048e-02 
1.213429e-01 3.251429e-02 
1.253876e-01 3.359810e-02 
1.294324e-01 3.468190e-02 
1.334771e-01 3.576571e-02 
1.375219e-01 3.684952e-02 
1.415667e-01 3.793333e-02 
1.456114e-01 3.901714e-02 
1.496562e-01 4.010095e-02 
1.537010e-01 4.118476e-02 
1.577457e-01 4.226857e-02 
1.617905e-01 4.335238e-02 
1.658352e-01 4.443619e-02 
1.698800e-01 4.552000e-02 
1.739248e-01 4.660381e-02 
1.779695e-01 4.768762e-02 
1.820143e-01 4.877143e-02 
1.860590e-01 4.985524e-02 
1.901038e-01 5.093905e-02 
1.941486e-01 5.202286e-02 
1.981933e-01 5.310667e-02 
2.022381e-01 5.419048e-02 
2.062829e-01 5.527429e-02 
2.103276e-01 5.635810e-02 
2.143724e-01 5.744190e-02 
2.184171e-01 5.852571e-02 
2.224619e-01 5.960952e-02 
2.265067e-01 6.069333e-02 
2.305514e-01 6.177714e-02 
2.345962e-01 6.286095e-02 
2.386410e-01 6.394476e-02 
2.426857e-01 6.502857e-02 
2.467305e-01 6.611238e-02 
2.507752e-01 6.719619e-02 
-7.938526e-02 6.038800e-03 
-7.385086e-02 6.038800e-03 
-6.831645e-02 6.038800e-03 
-6.278205e-02 6.038800e-03 
-5.724764e-02 6.038800e-03 
-5.171324e-02 6.038800e-03 
-4.617884e-02 6.038800e-03 
-4.064443e-02 6.038800e-03 
-3.511003e-02 6.038800e-03 
-2.957562e-02 6.038800e-03 
-2.404122e-02 6.038800e-03 
-1.850681e-02 6.038800e-03 
-1.297241e-02 6.038800e-03 
-7.438004e-03 6.038800e-03 
-1.903600e-03 6.038800e-03 
2.150227e-03 7.100933e-03 
6.204053e-03 8.163067e-03 
1.025788e-02 9.225200e-03 
1.431171e-02 1.028733e-02 
1.836553e-02 1.134947e-02 
2.241936e-02 1.241160e-02 
2.647319e-02 1.347373e-02 
3.052701e-02 1.453587e-02 
3.458084e-02 1.559800e-02 
3.863467e-02 1.666013e-02 
4.268849e-02 1.772227e-02 
4.674232e-02 1.878440e-02 
5.079615e-02 1.984653e-02 
5.484997e-02 2.090867e-02 
5.890380e-02 2.197080e-02 
6.295763e-02 2.303293e-02 
6.701145e-02 2.409507e-02 
7.106528e-02 2.515720e-02 
7.511911e-02 2.621933e-02 
7.917293e-02 2.728147e-02 
8.322676e-02 2.834360e-02 
8.728059e-02 2.940573e-02 
9.133441e-02 3.046787e-02 
9.538824e-02 3.153000e-02 
9.944207e-02 3.259213e-02 
1.034959e-01 3.365427e-02 
1.075497e-01 3.471640e-02 
1.116035e-01 3.577853e-02 
1.156574e-01 3.684067e-02 
1.197112e-01 3.790280e-02 
1.237650e-01 3.896493e-02 
1.278189e-01 4.002707e-02 
1.318727e-01 4.108920e-02 
1.359265e-01 4.215133e-02 
1.399803e-01 4.321347e-02 
1.440342e-01 4.427560e-02 
1.480880e-01 4.533773e-02 
1.521418e-01 4.639987e-02 
1.561956e-01 4.746200e-02 
1.602495e-01 4.852413e-02 
1.643033e-01 4.958627e-02 
1.683571e-01 5.064840e-02 
1.724109e-01 5.171053e-02 
1.764648e-01 5.277267e-02 
1.805186e-01 5.383480e-02 
1.845724e-01 5.489693e-02 
1.886263e-01 5.595907e-02 
1.926801e-01 5.702120e-02 
1.967339e-01 5.808333e-02 
2.007877e-01 5.914547e-02 
2.048416e-01 6.020760e-02 
2.088954e-01 6.126973e-02 
2.129492e-01 6.233187e-02 
2.170030e-01 6.339400e-02 
2.210569e-01 6.445613e-02 
2.251107e-01 6.551827e-02 
2.291645e-01 6.658040e-02 
2.332183e-01 6.764253e-02 
2.372722e-01 6.870467e-02 
2.413260e-01 6.976680e-02 
2.453798e-01 7.082893e-02 
2.494337e-01 7.189107e-02 
-8.099275e-02 1.207760e-02 
-7.547949e-02 1.207760e-02 
-6.996624e-02 1.207760e-02 
-6.445299e-02 1.207760e-02 
-5.893973e-02 1.207760e-02 
-5.342648e-02 1.207760e-02 
-4.791323e-02 1.207760e-02 
-4.239997e-02 1.207760e-02 
-3.688672e-02 1.207760e-02 
-3.137347e-02 1.207760e-02 
-2.586021e-02 1.207760e-02 
-2.034696e-02 1.207760e-02 
-1.483371e-02 1.207760e-02 
-9.320453e-03 1.207760e-02 
-3.807200e-03 1.207760e-02 
2.556914e-04 1.311806e-02 
4.318583e-03 1.415851e-02 
8.381474e-03 1.519897e-02 
1.244437e-02 1.623943e-02 
1.650726e-02 1.727989e-02 
2.057015e-02 1.832034e-02 
2.463304e-02 1.936080e-02 
2.869593e-02 2.040126e-02 
3.275882e-02 2.144171e-02 
3.682171e-02 2.248217e-02 
4.088461e-02 2.352263e-02 
4.494750e-02 2.456309e-02 
4.901039e-02 2.560354e-02 
5.307328e-02 2.664400e-02 
5.713617e-02 2.768446e-02 
6.119906e-02 2.872491e-02 
6.526195e-02 2.976537e-02 
6.932485e-02 3.080583e-02 
7.338774e-02 3.184629e-02 
7.745063e-02 3.288674e-02 
8.151352e-02 3.392720e-02 
8.557641e-02 3.496766e-02 
8.963930e-02 3.600811e-02 
9.370219e-02 3.704857e-02 
9.776509e-02 3.808903e-02 
1.018280e-01 3.912949e-02 
1.058909e-01 4.016994e-02 
1.099538e-01 4.121040e-02 
1.140167e-01 4.225086e-02 
1.180795e-01 4.329131e-02 
1.221424e-01 4.433177e-02 
1.262053e-01 4.537223e-02 
1.302682e-01 4.641269e-02 
1.343311e-01 4.745314e-02 
1.383940e-01 4.849360e-02 
1.424569e-01 4.953406e-02 
1.465198e-01 5.057451e-02 
1.505827e-01 5.161497e-02 
1.546456e-01 5.265543e-02 
1.587085e-01 5.369589e-02 
1.627713e-01 5.473634e-02 
1.668342e-01 5.577680e-02 
1.708971e-01 5.681726e-02 
1.749600e-01 5.785771e-02 
1.790229e-01 5.889817e-02 
1.830858e-01 5.993863e-02 
1.871487e-01 6.097909e-02 
1.912116e-01 6.201954e-02 
1.952745e-01 6.306000e-02 
1.993374e-01 6.410046e-02 
2.034003e-01 6.514091e-02 
2.074632e-01 6.618137e-02 
2.115260e-01 6.722183e-02 
2.155889e-01 6.826229e-02 
2.196518e-01 6.930274e-02 
2.237147e-01 7.034320e-02 
2.277776e-01 7.138366e-02 
2.318405e-01 7.242411e-02 
2.359034e-01 7.346457e-02 
2.399663e-01 7.450503e-02 
2.440292e-01 7.554549e-02 
2.480921e-01 7.658594e-02 
-8.260023e-02 1.811640e-02 
-7.710813e-02 1.811640e-02 
-7.161603e-02 1.811640e-02 
-6.612392e-02 1.811640e-02 
-6.063182e-02 1.811640e-02 
-5.513972e-02 1.811640e-02 
-4.964762e-02 1.811640e-02 
-4.415552e-02 1.811640e-02 
-3.866341e-02 1.811640e-02 
-3.317131e-02 1.811640e-02 
-2.767921e-02 1.811640e-02 
-2.218711e-02 1.811640e-02 
-1.669500e-02 1.811640e-02 
-1.120290e-02 1.811640e-02 
-5.710800e-03 1.811640e-02 
-1.638844e-03 1.913518e-02 
2.433112e-03 2.015396e-02 
6.505069e-03 2.117274e-02 
1.057702e-02 2.219152e-02 
1.464898e-02 2.321030e-02 
1.872094e-02 2.422909e-02 
2.279289e-02 2.524787e-02 
2.686485e-02 2.626665e-02 
3.093681e-02 2.728543e-02 
3.500876e-02 2.830421e-02 
3.908072e-02 2.932299e-02 
4.315267e-02 3.034177e-02 
4.722463e-02 3.136055e-02 
5.129659e-02 3.237933e-02 
5.536854e-02 3.339811e-02 
5.944050e-02 3.441690e-02 
6.351246e-02 3.543568e-02 
6.758441e-02 3.645446e-02 
7.165637e-02 3.747324e-02 
7.572832e-02 3.849202e-02 
7.980028e-02 3.951080e-02 
8.387224e-02 4.052958e-02 
8.794419e-02 4.154836e-02 
9.201615e-02 4.256714e-02 
9.608810e-02 4.358592e-02 
1.001601e-01 4.460470e-02 
1.042320e-01 4.562349e-02 
1.083040e-01 4.664227e-02 
1.123759e-01 4.766105e-02 
1.164479e-01 4.867983e-02 
1.205198e-01 4.969861e-02 
1.245918e-01 5.071739e-02 
1.286638e-01 5.173617e-02 
1.327357e-01 5.275495e-02 
1.368077e-01 5.377373e-02 
1.408796e-01 5.479251e-02 
1.449516e-01 5.581130e-02 
1.490235e-01 5.683008e-02 
1.530955e-01 5.784886e-02 
1.571674e-01 5.886764e-02 
1.612394e-01 5.988642e-02 
1.653114e-01 6.090520e-02 
1.693833e-01 6.192398e-02 
1.734553e-01 6.294276e-02 
1.775272e-01 6.396154e-02 
1.815992e-01 6.498032e-02 
1.856711e-01 6.599910e-02 
1.897431e-01 6.701789e-02 
1.938151e-01 6.803667e-02 
1.978870e-01 6.905545e-02 
2.019590e-01 7.007423e-02 
2.060309e-01 7.109301e-02 
2.101029e-01 7.211179e-02 
2.141748e-01 7.313057e-02 
2.182468e-01 7.414935e-02 
2.223187e-01 7.516813e-02 
2.263907e-01 7.618691e-02 
2.304627e-01 7.720570e-02 
2.345346e-01 7.822448e-02 
2.386066e-01 7.924326e-02 
2.426785e-01 8.026204e-02 
2.467505e-01 8.128082e-02 
-8.420772e-02 2.415520e-02 
-7.873676e-02 2.415520e-02 
-7.326581e-02 2.415520e-02 
-6.779486e-02 2.415520e-02 
-6.232391e-02 2.415520e-02 
-5.685296e-02 2.415520e-02 
-5.138201e-02 2.415520e-02 
-4.591106e-02 2.415520e-02 
-4.044011e-02 2.415520e-02 
-3.496916e-02 2.415520e-02 
-2.949820e-02 2.415520e-02 
-2.402725e-02 2.415520e-02 
-1.855630e-02 2.415520e-02 
-1.308535e-02 2.415520e-02 
-7.614400e-03 2.415520e-02 
-3.533379e-03 2.515230e-02 
5.476419e-04 2.614941e-02 
4.628663e-03 2.714651e-02 
8.709684e-03 2.814362e-02 
1.279070e-02 2.914072e-02 
1.687173e-02 3.013783e-02 
2.095275e-02 3.113493e-02 
2.503377e-02 3.213204e-02 
2.911479e-02 3.312914e-02 
3.319581e-02 3.412625e-02 
3.727683e-02 3.512335e-02 
4.135785e-02 3.612046e-02 
4.543887e-02 3.711756e-02 
4.951989e-02 3.811467e-02 
5.360091e-02 3.911177e-02 
5.768194e-02 4.010888e-02 
6.176296e-02 4.110598e-02 
6.584398e-02 4.210309e-02 
6.992500e-02 4.310019e-02 
7.400602e-02 4.409730e-02 
7.808704e-02 4.509440e-02 
8.216806e-02 4.609150e-02 
8.624908e-02 4.708861e-02 
9.033010e-02 4.808571e-02 
9.441112e-02 4.908282e-02 
9.849214e-02 5.007992e-02 
1.025732e-01 5.107703e-02 
1.066542e-01 5.207413e-02 
1.107352e-01 5.307124e-02 
1.148162e-01 5.406834e-02 
1.188972e-01 5.506545e-02 
1.229783e-01 5.606255e-02 
1.270593e-01 5.705966e-02 
1.311403e-01 5.805676e-02 
1.352213e-01 5.905387e-02 
1.393024e-01 6.005097e-02 
1.433834e-01 6.104808e-02 
1.474644e-01 6.204518e-02 
1.515454e-01 6.304229e-02 
1.556264e-01 6.403939e-02 
1.597075e-01 6.503650e-02 
1.637885e-01 6.603360e-02 
1.678695e-01 6.703070e-02 
1.719505e-01 6.802781e-02 
1.760315e-01 6.902491e-02 
1.801126e-01 7.002202e-02 
1.841936e-01 7.101912e-02 
1.882746e-01 7.201623e-02 
1.923556e-01 7.301333e-02 
1.964366e-01 7.401044e-02 
2.005177e-01 7.500754e-02 
2.045987e-01 7.600465e-02 
2.086797e-01 7.700175e-02 
2.127607e-01 7.799886e-02 
2.168418e-01 7.899596e-02 
2.209228e-01 7.999307e-02 
2.250038e-01 8.099017e-02 
2.290848e-01 8.198728e-02 
2.331658e-01 8.298438e-02 
2.372469e-01 8.398149e-02 
2.413279e-01 8.497859e-02 
2.454089e-01 8.597570e-02 
-8.581520e-02 3.019400e-02 
-8.036540e-02 3.019400e-02 
-7.491560e-02 3.019400e-02 
-6.946580e-02 3.019400e-02 
-6.401600e-02 3.019400e-02 
-5.856620e-02 3.019400e-02 
-5.311640e-02 3.019400e-02 
-4.766660e-02 3.019400e-02 
-4.221680e-02 3.019400e-02 
-3.676700e-02 3.019400e-02 
-3.131720e-02 3.019400e-02 
-2.586740e-02 3.019400e-02 
-2.041760e-02 3.019400e-02 
-1.496780e-02 3.019400e-02 
-9.518000e-03 3.019400e-02 
-5.427914e-03 3.116943e-02 
-1.337829e-03 3.214486e-02 
2.752257e-03 3.312029e-02 
6.842343e-03 3.409571e-02 
1.093243e-02 3.507114e-02 
1.502251e-02 3.604657e-02 
1.911260e-02 3.702200e-02 
2.320269e-02 3.799743e-02 
2.729277e-02 3.897286e-02 
3.138286e-02 3.994829e-02 
3.547294e-02 4.092371e-02 
3.956303e-02 4.189914e-02 
4.365311e-02 4.287457e-02 
4.774320e-02 4.385000e-02 
5.183329e-02 4.482543e-02 
5.592337e-02 4.580086e-02 
6.001346e-02 4.677629e-02 
6.410354e-02 4.775171e-02 
6.819363e-02 4.872714e-02 
7.228371e-02 4.970257e-02 
7.637380e-02 5.067800e-02 
8.046389e-02 5.165343e-02 
8.455397e-02 5.262886e-02 
8.864406e-02 5.360429e-02 
9.273414e-02 5.457971e-02 
9.682423e-02 5.555514e-02 
1.009143e-01 5.653057e-02 
1.050044e-01 5.750600e-02 
1.090945e-01 5.848143e-02 
1.131846e-01 5.945686e-02 
1.172747e-01 6.043229e-02 
1.213647e-01 6.140771e-02 
1.254548e-01 6.238314e-02 
1.295449e-01 6.335857e-02 
1.336350e-01 6.433400e-02 
1.377251e-01 6.530943e-02 
1.418152e-01 6.628486e-02 
1.459053e-01 6.726029e-02 
1.499953e-01 6.823571e-02 
1.540854e-01 6.921114e-02 
1.581755e-01 7.018657e-02 
1.622656e-01 7.116200e-02 
1.663557e-01 7.213743e-02 
1.704458e-01 7.311286e-02 
1.745359e-01 7.408829e-02 
1.786259e-01 7.506371e-02 
1.827160e-01 7.603914e-02 
1.868061e-01 7.701457e-02 
1.908962e-01 7.799000e-02 
1.949863e-01 7.896543e-02 
1.990764e-01 7.994086e-02 
2.031665e-01 8.091629e-02 
2.072565e-01 8.189171e-02 
2.113466e-01 8.286714e-02 
2.154367e-01 8.384257e-02 
2.195268e-01 8.481800e-02 
2.236169e-01 8.579343e-02 
2.277070e-01 8.676886e-02 
2.317971e-01 8.774429e-02 
2.358871e-01 8.871971e-02 
2.399772e-01 8.969514e-02 
2.440673e-01 9.067057e-02 
-8.742268e-02 3.623280e-02 
-8.199404e-02 3.623280e-02 
-7.656539e-02 3.623280e-02 
-7.113674e-02 3.623280e-02 
-6.570809e-02 3.623280e-02 
-6.027944e-02 3.623280e-02 
-5.485079e-02 3.623280e-02 
-4.942214e-02 3.623280e-02 
-4.399349e-02 3.623280e-02 
-3.856484e-02 3.623280e-02 
-3.313620e-02 3.623280e-02 
-2.770755e-02 3.623280e-02 
-2.227890e-02 3.623280e-02 
-1.685025e-02 3.623280e-02 
-1.142160e-02 3.623280e-02 
-7.322450e-03 3.718655e-02 
-3.223299e-03 3.814030e-02 
8.758514e-04 3.909406e-02 
4.975002e-03 4.004781e-02 
9.074152e-03 4.100156e-02 
1.317330e-02 4.195531e-02 
1.727245e-02 4.290907e-02 
2.137160e-02 4.386282e-02 
2.547075e-02 4.481657e-02 
2.956990e-02 4.577032e-02 
3.366906e-02 4.672408e-02 
3.776821e-02 4.767783e-02 
4.186736e-02 4.863158e-02 
4.596651e-02 4.958533e-02 
5.006566e-02 5.053909e-02 
5.416481e-02 5.149284e-02 
5.826396e-02 5.244659e-02 
6.236311e-02 5.340034e-02 
6.646226e-02 5.435410e-02 
7.056141e-02 5.530785e-02 
7.466056e-02 5.626160e-02 
7.875971e-02 5.721535e-02 
8.285886e-02 5.816910e-02 
8.695801e-02 5.912286e-02 
9.105716e-02 6.007661e-02 
9.515631e-02 6.103036e-02 
9.925546e-02 6.198411e-02 
1.033546e-01 6.293787e-02 
1.074538e-01 6.389162e-02 
1.115529e-01 6.484537e-02 
1.156521e-01 6.579912e-02 
1.197512e-01 6.675288e-02 
1.238504e-01 6.770663e-02 
1.279495e-01 6.866038e-02 
1.320487e-01 6.961413e-02 
1.361478e-01 7.056789e-02 
1.402470e-01 7.152164e-02 
1.443461e-01 7.247539e-02 
1.484453e-01 7.342914e-02 
1.525444e-01 7.438290e-02 
1.566436e-01 7.533665e-02 
1.607427e-01 7.629040e-02 
1.648419e-01 7.724415e-02 
1.689410e-01 7.819790e-02 
1.730402e-01 7.915166e-02 
1.771393e-01 8.010541e-02 
1.812385e-01 8.105916e-02 
1.853376e-01 8.201291e-02 
1.894368e-01 8.296667e-02 
1.935359e-01 8.392042e-02 
1.976351e-01 8.487417e-02 
2.017342e-01 8.582792e-02 
2.058334e-01 8.678168e-02 
2.099325e-01 8.773543e-02 
2.140317e-01 8.868918e-02 
2.181308e-01 8.964293e-02 
2.222300e-01 9.059669e-02 
2.263291e-01 9.155044e-02 
2.304283e-01 9.250419e-02 
2.345274e-01 9.345794e-02 
2.386266e-01 9.441170e-02 
2.427257e-01 9.536545e-02 
-8.903017e-02 4.227160e-02 
-8.362267e-02 4.227160e-02 
-7.821517e-02 4.227160e-02 
-7.280768e-02 4.227160e-02 
-6.740018e-02 4.227160e-02 
-6.199268e-02 4.227160e-02 
-5.658518e-02 4.227160e-02 
-5.117768e-02 4.227160e-02 
-4.577019e-02 4.227160e-02 
-4.036269e-02 4.227160e-02 
-3.495519e-02 4.227160e-02 
-2.954769e-02 4.227160e-02 
-2.414020e-02 4.227160e-02 
-1.873270e-02 4.227160e-02 
-1.332520e-02 4.227160e-02 
-9.216985e-03 4.320368e-02 
-5.108770e-03 4.413575e-02 
-1.000554e-03 4.506783e-02 
3.107661e-03 4.599990e-02 
7.215876e-03 4.693198e-02 
1.132409e-02 4.786406e-02 
1.543231e-02 4.879613e-02 
1.954052e-02 4.972821e-02 
2.364874e-02 5.066029e-02 
2.775695e-02 5.159236e-02 
3.186517e-02 5.252444e-02 
3.597338e-02 5.345651e-02 
4.008160e-02 5.438859e-02 
4.418981e-02 5.532067e-02 
4.829803e-02 5.625274e-02 
5.240624e-02 5.718482e-02 
5.651446e-02 5.811690e-02 
6.062267e-02 5.904897e-02 
6.473089e-02 5.998105e-02 
6.883910e-02 6.091312e-02 
7.294732e-02 6.184520e-02 
7.705554e-02 6.277728e-02 
8.116375e-02 6.370935e-02 
8.527197e-02 6.464143e-02 
8.938018e-02 6.557350e-02 
9.348840e-02 6.650558e-02 
9.759661e-02 6.743766e-02 
1.017048e-01 6.836973e-02 
1.058130e-01 6.930181e-02 
1.099213e-01 7.023389e-02 
1.140295e-01 7.116596e-02 
1.181377e-01 7.209804e-02 
1.222459e-01 7.303011e-02 
1.263541e-01 7.396219e-02 
1.304623e-01 7.489427e-02 
1.345705e-01 7.582634e-02 
1.386788e-01 7.675842e-02 
1.427870e-01 7.769050e-02 
1.468952e-01 7.862257e-02 
1.510034e-01 7.955465e-02 
1.551116e-01 8.048672e-02 
1.592198e-01 8.141880e-02 
1.633281e-01 8.235088e-02 
1.674363e-01 8.328295e-02 
1.715445e-01 8.421503e-02 
1.756527e-01 8.514710e-02 
1.797609e-01 8.607918e-02 
1.838691e-01 8.701126e-02 
1.879773e-01 8.794333e-02 
1.920856e-01 8.887541e-02 
1.961938e-01 8.980749e-02 
2.003020e-01 9.073956e-02 
2.044102e-01 9.167164e-02 
2.085184e-01 9.260371e-02 
2.126266e-01 9.353579e-02 
2.167349e-01 9.446787e-02 
2.208431e-01 9.539994e-02 
2.249513e-01 9.633202e-02 
2.290595e-01 9.726410e-02 
2.331677e-01 9.819617e-02 
2.372759e-01 9.912825e-02 
2.413841e-01 1.000603e-01 
-9.063765e-02 4.831040e-02 
-8.525131e-02 4.831040e-02 
-7.986496e-02 4.831040e-02 
-7.447861e-02 4.831040e-02 
-6.909227e-02 4.831040e-02 
-6.370592e-02 4.831040e-02 
-5.831957e-02 4.831040e-02 
-5.293323e-02 4.831040e-02 
-4.754688e-02 4.831040e-02 
-4.216053e-02 4.831040e-02 
-3.677419e-02 4.831040e-02 
-3.138784e-02 4.831040e-02 
-2.600149e-02 4.831040e-02 
-2.061515e-02 4.831040e-02 
-1.522880e-02 4.831040e-02 
-1.111152e-02 4.922080e-02 
-6.994240e-03 5.013120e-02 
-2.876960e-03 5.104160e-02 
1.240320e-03 5.195200e-02 
5.357600e-03 5.286240e-02 
9.474880e-03 5.377280e-02 
1.359216e-02 5.468320e-02 
1.770944e-02 5.559360e-02 
2.182672e-02 5.650400e-02 
2.594400e-02 5.741440e-02 
3.006128e-02 5.832480e-02 
3.417856e-02 5.923520e-02 
3.829584e-02 6.014560e-02 
4.241312e-02 6.105600e-02 
4.653040e-02 6.196640e-02 
5.064768e-02 6.287680e-02 
5.476496e-02 6.378720e-02 
5.888224e-02 6.469760e-02 
6.299952e-02 6.560800e-02 
6.711680e-02 6.651840e-02 
7.123408e-02 6.742880e-02 
7.535136e-02 6.833920e-02 
7.946864e-02 6.924960e-02 
8.358592e-02 7.016000e-02 
8.770320e-02 7.107040e-02 
9.182048e-02 7.198080e-02 
9.593776e-02 7.289120e-02 
1.000550e-01 7.380160e-02 
1.041723e-01 7.471200e-02 
1.082896e-01 7.562240e-02 
1.124069e-01 7.653280e-02 
1.165242e-01 7.744320e-02 
1.206414e-01 7.835360e-02 
1.247587e-01 7.926400e-02 
1.288760e-01 8.017440e-02 
1.329933e-01 8.108480e-02 
1.371106e-01 8.199520e-02 
1.412278e-01 8.290560e-02 
1.453451e-01 8.381600e-02 
1.494624e-01 8.472640e-02 
1.535797e-01 8.563680e-02 
1.576970e-01 8.654720e-02 
1.618142e-01 8.745760e-02 
1.659315e-01 8.836800e-02 
1.700488e-01 8.927840e-02 
1.741661e-01 9.018880e-02 
1.782834e-01 9.109920e-02 
1.824006e-01 9.200960e-02 
1.865179e-01 9.292000e-02 
1.906352e-01 9.383040e-02 
1.947525e-01 9.474080e-02 
1.988698e-01 9.565120e-02 
2.029870e-01 9.656160e-02 
2.071043e-01 9.747200e-02 
2.112216e-01 9.838240e-02 
2.153389e-01 9.929280e-02 
2.194562e-01 1.002032e-01 
2.235734e-01 1.011136e-01 
2.276907e-01 1.020240e-01 
2.318080e-01 1.029344e-01 
2.359253e-01 1.038448e-01 
2.400426e-01 1.047552e-01 
-9.224514e-02 5.434920e-02 
-8.687994e-02 5.434920e-02 
-8.151475e-02 5.434920e-02 
-7.614955e-02 5.434920e-02 
-7.078436e-02 5.434920e-02 
-6.541916e-02 5.434920e-02 
-6.005396e-02 5.434920e-02 
-5.468877e-02 5.434920e-02 
-4.932357e-02 5.434920e-02 
-4.395838e-02 5.434920e-02 
-3.859318e-02 5.434920e-02 
-3.322799e-02 5.434920e-02 
-2.786279e-02 5.434920e-02 
-2.249760e-02 5.434920e-02 
-1.713240e-02 5.434920e-02 
-1.300606e-02 5.523792e-02 
-8.879710e-03 5.612665e-02 
-4.753366e-03 5.701537e-02 
-6.270210e-04 5.790410e-02 
3.499324e-03 5.879282e-02 
7.625669e-03 5.968154e-02 
1.175201e-02 6.057027e-02 
1.587836e-02 6.145899e-02 
2.000470e-02 6.234771e-02 
2.413105e-02 6.323644e-02 
2.825739e-02 6.412516e-02 
3.238374e-02 6.501389e-02 
3.651008e-02 6.590261e-02 
4.063643e-02 6.679133e-02 
4.476277e-02 6.768006e-02 
4.888912e-02 6.856878e-02 
5.301546e-02 6.945750e-02 
5.714181e-02 7.034623e-02 
6.126815e-02 7.123495e-02 
6.539450e-02 7.212368e-02 
6.952084e-02 7.301240e-02 
7.364718e-02 7.390112e-02 
7.777353e-02 7.478985e-02 
8.189987e-02 7.567857e-02 
8.602622e-02 7.656730e-02 
9.015256e-02 7.745602e-02 
9.427891e-02 7.834474e-02 
9.840525e-02 7.923347e-02 
1.025316e-01 8.012219e-02 
1.066579e-01 8.101091e-02 
1.107843e-01 8.189964e-02 
1.149106e-01 8.278836e-02 
1.190370e-01 8.367709e-02 
1.231633e-01 8.456581e-02 
1.272897e-01 8.545453e-02 
1.314160e-01 8.634326e-02 
1.355424e-01 8.723198e-02 
1.396687e-01 8.812070e-02 
1.437950e-01 8.900943e-02 
1.479214e-01 8.989815e-02 
1.520477e-01 9.078688e-02 
1.561741e-01 9.167560e-02 
1.603004e-01 9.256432e-02 
1.644268e-01 9.345305e-02 
1.685531e-01 9.434177e-02 
1.726795e-01 9.523050e-02 
1.768058e-01 9.611922e-02 
1.809321e-01 9.700794e-02 
1.850585e-01 9.789667e-02 
1.891848e-01 9.878539e-02 
1.933112e-01 9.967411e-02 
1.974375e-01 1.005628e-01 
2.015639e-01 1.014516e-01 
2.056902e-01 1.023403e-01 
2.098166e-01 1.032290e-01 
2.139429e-01 1.041177e-01 
2.180693e-01 1.050065e-01 
2.221956e-01 1.058952e-01 
2.263219e-01 1.067839e-01 
2.304483e-01 1.076726e-01 
2.345746e-01 1.085614e-01 
2.387010e-01 1.094501e-01 
-9.385262e-02 6.038800e-02 
-8.850858e-02 6.038800e-02 
-8.316453e-02 6.038800e-02 
-7.782049e-02 6.038800e-02 
-7.247644e-02 6.038800e-02 
-6.713240e-02 6.038800e-02 
-6.178836e-02 6.038800e-02 
-5.644431e-02 6.038800e-02 
-5.110027e-02 6.038800e-02 
-4.575622e-02 6.038800e-02 
-4.041218e-02 6.038800e-02 
-3.506813e-02 6.038800e-02 
-2.972409e-02 6.038800e-02 
-2.438004e-02 6.038800e-02 
-1.903600e-02 6.038800e-02 
-1.490059e-02 6.125505e-02 
-1.076518e-02 6.212210e-02 
-6.629771e-03 6.298914e-02 
-2.494362e-03 6.385619e-02 
1.641048e-03 6.472324e-02 
5.776457e-03 6.559029e-02 
9.911867e-03 6.645733e-02 
1.404728e-02 6.732438e-02 
1.818269e-02 6.819143e-02 
2.231810e-02 6.905848e-02 
2.645350e-02 6.992552e-02 
3.058891e-02 7.079257e-02 
3.472432e-02 7.165962e-02 
3.885973e-02 7.252667e-02 
4.299514e-02 7.339371e-02 
4.713055e-02 7.426076e-02 
5.126596e-02 7.512781e-02 
5.540137e-02 7.599486e-02 
5.953678e-02 7.686190e-02 
6.367219e-02 7.772895e-02 
6.780760e-02 7.859600e-02 
7.194301e-02 7.946305e-02 
7.607842e-02 8.033010e-02 
8.021383e-02 8.119714e-02 
8.434924e-02 8.206419e-02 
8.848465e-02 8.293124e-02 
9.262006e-02 8.379829e-02 
9.675547e-02 8.466533e-02 
1.008909e-01 8.553238e-02 
1.050263e-01 8.639943e-02 
1.091617e-01 8.726648e-02 
1.132971e-01 8.813352e-02 
1.174325e-01 8.900057e-02 
1.215679e-01 8.986762e-02 
1.257033e-01 9.073467e-02 
1.298387e-01 9.160171e-02 
1.339742e-01 9.246876e-02 
1.381096e-01 9.333581e-02 
1.422450e-01 9.420286e-02 
1.463804e-01 9.506990e-02 
1.505158e-01 9.593695e-02 
1.546512e-01 9.680400e-02 
1.587866e-01 9.767105e-02 
1.629220e-01 9.853810e-02 
1.670574e-01 9.940514e-02 
1.711928e-01 1.002722e-01 
1.753282e-01 1.011392e-01 
1.794637e-01 1.020063e-01 
1.835991e-01 1.028733e-01 
1.877345e-01 1.037404e-01 
1.918699e-01 1.046074e-01 
1.960053e-01 1.054745e-01 
2.001407e-01 1.063415e-01 
2.042761e-01 1.072086e-01 
2.084115e-01 1.080756e-01 
2.125469e-01 1.089427e-01 
2.166823e-01 1.098097e-01 
2.208178e-01 1.106768e-01 
2.249532e-01 1.115438e-01 
2.290886e-01 1.124109e-01 
2.332240e-01 1.132779e-01 
2.373594e-01 1.141450e-01 
-9.546011e-02 6.642680e-02 
-9.013721e-02 6.642680e-02 
-8.481432e-02 6.642680e-02 
-7.949143e-02 6.642680e-02 
-7.416853e-02 6.642680e-02 
-6.884564e-02 6.642680e-02 
-6.352275e-02 6.642680e-02 
-5.819985e-02 6.642680e-02 
-5.287696e-02 6.642680e-02 
-4.755407e-02 6.642680e-02 
-4.223117e-02 6.642680e-02 
-3.690828e-02 6.642680e-02 
-3.158539e-02 6.642680e-02 
-2.626249e-02 6.642680e-02 
-2.093960e-02 6.642680e-02 
-1.679513e-02 6.727217e-02 
-1.265065e-02 6.811754e-02 
-8.506177e-03 6.896291e-02 
-4.361703e-03 6.980829e-02 
-2.172286e-04 7.065366e-02 
3.927246e-03 7.149903e-02 
8.071720e-03 7.234440e-02 
1.221619e-02 7.318977e-02 
1.636067e-02 7.403514e-02 
2.050514e-02 7.488051e-02 
2.464962e-02 7.572589e-02 
2.879409e-02 7.657126e-02 
3.293857e-02 7.741663e-02 
3.708304e-02 7.826200e-02 
4.122751e-02 7.910737e-02 
4.537199e-02 7.995274e-02 
4.951646e-02 8.079811e-02 
5.366094e-02 8.164349e-02 
5.780541e-02 8.248886e-02 
6.194989e-02 8.333423e-02 
6.609436e-02 8.417960e-02 
7.023883e-02 8.502497e-02 
7.438331e-02 8.587034e-02 
7.852778e-02 8.671571e-02 
8.267226e-02 8.756109e-02 
8.681673e-02 8.840646e-02 
9.096121e-02 8.925183e-02 
9.510568e-02 9.009720e-02 
9.925015e-02 9.094257e-02 
1.033946e-01 9.178794e-02 
1.075391e-01 9.263331e-02 
1.116836e-01 9.347869e-02 
1.158281e-01 9.432406e-02 
1.199725e-01 9.516943e-02 
1.241170e-01 9.601480e-02 
1.282615e-01 9.686017e-02 
1.324059e-01 9.770554e-02 
1.365504e-01 9.855091e-02 
1.406949e-01 9.939629e-02 
1.448394e-01 1.002417e-01 
1.489838e-01 1.010870e-01 
1.531283e-01 1.019324e-01 
1.572728e-01 1.027778e-01 
1.614173e-01 1.036231e-01 
1.655617e-01 1.044685e-01 
1.697062e-01 1.053139e-01 
1.738507e-01 1.061593e-01 
1.779952e-01 1.070046e-01 
1.821396e-01 1.078500e-01 
1.862841e-01 1.086954e-01 
1.904286e-01 1.095407e-01 
1.945731e-01 1.103861e-01 
1.987175e-01 1.112315e-01 
2.028620e-01 1.120769e-01 
2.070065e-01 1.129222e-01 
2.111510e-01 1.137676e-01 
2.152954e-01 1.146130e-01 
2.194399e-01 1.154583e-01 
2.235844e-01 1.163037e-01 
2.277289e-01 1.171491e-01 
2.318733e-01 1.179945e-01 
2.360178e-01 1.188398e-01 
-9.706759e-02 7.246560e-02 
-9.176585e-02 7.246560e-02 
-8.646411e-02 7.246560e-02 
-8.116236e-02 7.246560e-02 
-7.586062e-02 7.246560e-02 
-7.055888e-02 7.246560e-02 
-6.525714e-02 7.246560e-02 
-5.995540e-02 7.246560e-02 
-5.465365e-02 7.246560e-02 
-4.935191e-02 7.246560e-02 
-4.405017e-02 7.246560e-02 
-3.874843e-02 7.246560e-02 
-3.344668e-02 7.246560e-02 
-2.814494e-02 7.246560e-02 
-2.284320e-02 7.246560e-02 
-1.868966e-02 7.328930e-02 
-1.453612e-02 7.411299e-02 
-1.038258e-02 7.493669e-02 
-6.229044e-03 7.576038e-02 
-2.075505e-03 7.658408e-02 
2.078034e-03 7.740777e-02 
6.231573e-03 7.823147e-02 
1.038511e-02 7.905516e-02 
1.453865e-02 7.987886e-02 
1.869219e-02 8.070255e-02 
2.284573e-02 8.152625e-02 
2.699927e-02 8.234994e-02 
3.115281e-02 8.317364e-02 
3.530635e-02 8.399733e-02 
3.945989e-02 8.482103e-02 
4.361342e-02 8.564472e-02 
4.776696e-02 8.646842e-02 
5.192050e-02 8.729211e-02 
5.607404e-02 8.811581e-02 
6.022758e-02 8.893950e-02 
6.438112e-02 8.976320e-02 
6.853466e-02 9.058690e-02 
7.268820e-02 9.141059e-02 
7.684174e-02 9.223429e-02 
8.099528e-02 9.305798e-02 
8.514882e-02 9.388168e-02 
8.930235e-02 9.470537e-02 
9.345589e-02 9.552907e-02 
9.760943e-02 9.635276e-02 
1.017630e-01 9.717646e-02 
1.059165e-01 9.800015e-02 
1.100700e-01 9.882385e-02 
1.142236e-01 9.964754e-02 
1.183771e-01 1.004712e-01 
1.225307e-01 1.012949e-01 
1.266842e-01 1.021186e-01 
1.308377e-01 1.029423e-01 
1.349913e-01 1.037660e-01 
1.391448e-01 1.045897e-01 
1.432984e-01 1.054134e-01 
1.474519e-01 1.062371e-01 
1.516054e-01 1.070608e-01 
1.557590e-01 1.078845e-01 
1.599125e-01 1.087082e-01 
1.640661e-01 1.095319e-01 
1.682196e-01 1.103556e-01 
1.723731e-01 1.111793e-01 
1.765267e-01 1.120030e-01 
1.806802e-01 1.128267e-01 
1.848338e-01 1.136504e-01 
1.889873e-01 1.144741e-01 
1.931408e-01 1.152978e-01 
1.972944e-01 1.161214e-01 
2.014479e-01 1.169451e-01 
2.056014e-01 1.177688e-01 
2.097550e-01 1.185925e-01 
2.139085e-01 1.194162e-01 
2.180621e-01 1.202399e-01 
2.222156e-01 1.210636e-01 
2.263691e-01 1.218873e-01 
2.305227e-01 1.227110e-01 
2.346762e-01 1.235347e-01 
-9.867508e-02 7.850440e-02 
-9.339448e-02 7.850440e-02 
-8.811389e-02 7.850440e-02 
-8.283330e-02 7.850440e-02 
-7.755271e-02 7.850440e-02 
-7.227212e-02 7.850440e-02 
-6.699153e-02 7.850440e-02 
-6.171094e-02 7.850440e-02 
-5.643035e-02 7.850440e-02 
-5.114976e-02 7.850440e-02 
-4.586916e-02 7.850440e-02 
-4.058857e-02 7.850440e-02 
-3.530798e-02 7.850440e-02 
-3.002739e-02 7.850440e-02 
-2.474680e-02 7.850440e-02 
-2.058420e-02 7.930642e-02 
-1.642159e-02 8.010844e-02 
-1.225899e-02 8.091046e-02 
-8.096385e-03 8.171248e-02 
-3.933781e-03 8.251450e-02 
2.288229e-04 8.331651e-02 
4.391427e-03 8.411853e-02 
8.554030e-03 8.492055e-02 
1.271663e-02 8.572257e-02 
1.687924e-02 8.652459e-02 
2.104184e-02 8.732661e-02 
2.520445e-02 8.812863e-02 
2.936705e-02 8.893065e-02 
3.352965e-02 8.973267e-02 
3.769226e-02 9.053469e-02 
4.185486e-02 9.133670e-02 
4.601746e-02 9.213872e-02 
5.018007e-02 9.294074e-02 
5.434267e-02 9.374276e-02 
5.850528e-02 9.454478e-02 
6.266788e-02 9.534680e-02 
6.683048e-02 9.614882e-02 
7.099309e-02 9.695084e-02 
7.515569e-02 9.775286e-02 
7.931830e-02 9.855488e-02 
8.348090e-02 9.935690e-02 
8.764350e-02 1.001589e-01 
9.180611e-02 1.009609e-01 
9.596871e-02 1.017630e-01 
1.001313e-01 1.025650e-01 
1.042939e-01 1.033670e-01 
1.084565e-01 1.041690e-01 
1.126191e-01 1.049710e-01 
1.167817e-01 1.057730e-01 
1.209443e-01 1.065751e-01 
1.251069e-01 1.073771e-01 
1.292695e-01 1.081791e-01 
1.334321e-01 1.089811e-01 
1.375947e-01 1.097831e-01 
1.417574e-01 1.105852e-01 
1.459200e-01 1.113872e-01 
1.500826e-01 1.121892e-01 
1.542452e-01 1.129912e-01 
1.584078e-01 1.137932e-01 
1.625704e-01 1.145953e-01 
1.667330e-01 1.153973e-01 
1.708956e-01 1.161993e-01 
1.750582e-01 1.170013e-01 
1.792208e-01 1.178033e-01 
1.833834e-01 1.186054e-01 
1.875460e-01 1.194074e-01 
1.917086e-01 1.202094e-01 
1.958712e-01 1.210114e-01 
2.000338e-01 1.218134e-01 
2.041964e-01 1.226154e-01 
2.083590e-01 1.234175e-01 
2.125216e-01 1.242195e-01 
2.166842e-01 1.250215e-01 
2.208468e-01 1.258235e-01 
2.250094e-01 1.266255e-01 
2.291720e-01 1.274276e-01 
2.333346e-01 1.282296e-01 
-1.002826e-01 8.454320e-02 
-9.502312e-02 8.454320e-02 
-8.976368e-02 8.454320e-02 
-8.450424e-02 8.454320e-02 
-7.924480e-02 8.454320e-02 
-7.398536e-02 8.454320e-02 
-6.872592e-02 8.454320e-02 
-6.346648e-02 8.454320e-02 
-5.820704e-02 8.454320e-02 
-5.294760e-02 8.454320e-02 
-4.768816e-02 8.454320e-02 
-4.242872e-02 8.454320e-02 
-3.716928e-02 8.454320e-02 
-3.190984e-02 8.454320e-02 
-2.665040e-02 8.454320e-02 
-2.247873e-02 8.532354e-02 
-1.830706e-02 8.610389e-02 
-1.413539e-02 8.688423e-02 
-9.963726e-03 8.766457e-02 
-5.792057e-03 8.844491e-02 
-1.620389e-03 8.922526e-02 
2.551280e-03 9.000560e-02 
6.722949e-03 9.078594e-02 
1.089462e-02 9.156629e-02 
1.506629e-02 9.234663e-02 
1.923795e-02 9.312697e-02 
2.340962e-02 9.390731e-02 
2.758129e-02 9.468766e-02 
3.175296e-02 9.546800e-02 
3.592463e-02 9.624834e-02 
4.009630e-02 9.702869e-02 
4.426797e-02 9.780903e-02 
4.843963e-02 9.858937e-02 
5.261130e-02 9.936971e-02 
5.678297e-02 1.001501e-01 
6.095464e-02 1.009304e-01 
6.512631e-02 1.017107e-01 
6.929798e-02 1.024911e-01 
7.346965e-02 1.032714e-01 
7.764131e-02 1.040518e-01 
8.181298e-02 1.048321e-01 
8.598465e-02 1.056125e-01 
9.015632e-02 1.063928e-01 
9.432799e-02 1.071731e-01 
9.849966e-02 1.079535e-01 
1.026713e-01 1.087338e-01 
1.068430e-01 1.095142e-01 
1.110147e-01 1.102945e-01 
1.151863e-01 1.110749e-01 
1.193580e-01 1.118552e-01 
1.235297e-01 1.126355e-01 
1.277013e-01 1.134159e-01 
1.318730e-01 1.141962e-01 
1.360447e-01 1.149766e-01 
1.402163e-01 1.157569e-01 
1.443880e-01 1.165373e-01 
1.485597e-01 1.173176e-01 
1.527313e-01 1.180979e-01 
1.569030e-01 1.188783e-01 
1.610747e-01 1.196586e-01 
1.652464e-01 1.204390e-01 
1.694180e-01 1.212193e-01 
1.735897e-01 1.219997e-01 
1.777614e-01 1.227800e-01 
1.819330e-01 1.235603e-01 
1.861047e-01 1.243407e-01 
1.902764e-01 1.251210e-01 
1.944480e-01 1.259014e-01 
1.986197e-01 1.266817e-01 
2.027914e-01 1.274621e-01 
2.069630e-01 1.282424e-01 
2.111347e-01 1.290227e-01 
2.153064e-01 1.298031e-01 
2.194780e-01 1.305834e-01 
2.236497e-01 1.313638e-01 
2.278214e-01 1.321441e-01 
2.319931e-01 1.329245e-01 
-1.018900e-01 9.058200e-02 
-9.665176e-02 9.058200e-02 
-9.141347e-02 9.058200e-02 
-8.617518e-02 9.058200e-02 
-8.093689e-02 9.058200e-02 
-7.569860e-02 9.058200e-02 
-7.046031e-02 9.058200e-02 
-6.522202e-02 9.058200e-02 
-5.998373e-02 9.058200e-02 
-5.474544e-02 9.058200e-02 
-4.950716e-02 9.058200e-02 
-4.426887e-02 9.058200e-02 
-3.903058e-02 9.058200e-02 
-3.379229e-02 9.058200e-02 
-2.855400e-02 9.058200e-02 
-2.437327e-02 9.134067e-02 
-2.019253e-02 9.209933e-02 
-1.601180e-02 9.285800e-02 
-1.183107e-02 9.361667e-02 
-7.650333e-03 9.437533e-02 
-3.469600e-03 9.513400e-02 
7.111333e-04 9.589267e-02 
4.891867e-03 9.665133e-02 
9.072600e-03 9.741000e-02 
1.325333e-02 9.816867e-02 
1.743407e-02 9.892733e-02 
2.161480e-02 9.968600e-02 
2.579553e-02 1.004447e-01 
2.997627e-02 1.012033e-01 
3.415700e-02 1.019620e-01 
3.833773e-02 1.027207e-01 
4.251847e-02 1.034793e-01 
4.669920e-02 1.042380e-01 
5.087993e-02 1.049967e-01 
5.506067e-02 1.057553e-01 
5.924140e-02 1.065140e-01 
6.342213e-02 1.072727e-01 
6.760287e-02 1.080313e-01 
7.178360e-02 1.087900e-01 
7.596433e-02 1.095487e-01 
8.014507e-02 1.103073e-01 
8.432580e-02 1.110660e-01 
8.850653e-02 1.118247e-01 
9.268727e-02 1.125833e-01 
9.686800e-02 1.133420e-01 
1.010487e-01 1.141007e-01 
1.052295e-01 1.148593e-01 
1.094102e-01 1.156180e-01 
1.135909e-01 1.163767e-01 
1.177717e-01 1.171353e-01 
1.219524e-01 1.178940e-01 
1.261331e-01 1.186527e-01 
1.303139e-01 1.194113e-01 
1.344946e-01 1.201700e-01 
1.386753e-01 1.209287e-01 
1.428561e-01 1.216873e-01 
1.470368e-01 1.224460e-01 
1.512175e-01 1.232047e-01 
1.553983e-01 1.239633e-01 
1.595790e-01 1.247220e-01 
1.637597e-01 1.254807e-01 
1.679405e-01 1.262393e-01 
1.721212e-01 1.269980e-01 
1.763019e-01 1.277567e-01 
1.804827e-01 1.285153e-01 
1.846634e-01 1.292740e-01 
1.888441e-01 1.300327e-01 
1.930249e-01 1.307913e-01 
1.972056e-01 1.315500e-01 
2.013863e-01 1.323087e-01 
2.055671e-01 1.330673e-01 
2.097478e-01 1.338260e-01 
2.139285e-01 1.345847e-01 
2.181093e-01 1.353433e-01 
2.222900e-01 1.361020e-01 
2.264707e-01 1.368607e-01 
2.306515e-01 1.376193e-01 
-1.034975e-01 9.662080e-02 
-9.828039e-02 9.662080e-02 
-9.306325e-02 9.662080e-02 
-8.784612e-02 9.662080e-02 
-8.262898e-02 9.662080e-02 
-7.741184e-02 9.662080e-02 
-7.219470e-02 9.662080e-02 
-6.697756e-02 9.662080e-02 
-6.176043e-02 9.662080e-02 
-5.654329e-02 9.662080e-02 
-5.132615e-02 9.662080e-02 
-4.610901e-02 9.662080e-02 
-4.089188e-02 9.662080e-02 
-3.567474e-02 9.662080e-02 
-3.045760e-02 9.662080e-02 
-2.626780e-02 9.735779e-02 
-2.207800e-02 9.809478e-02 
-1.788821e-02 9.883177e-02 
-1.369841e-02 9.956876e-02 
-9.508610e-03 1.003058e-01 
-5.318811e-03 1.010427e-01 
-1.129013e-03 1.017797e-01 
3.060785e-03 1.025167e-01 
7.250583e-03 1.032537e-01 
1.144038e-02 1.039907e-01 
1.563018e-02 1.047277e-01 
1.981998e-02 1.054647e-01 
2.400978e-02 1.062017e-01 
2.819957e-02 1.069387e-01 
3.238937e-02 1.076757e-01 
3.657917e-02 1.084126e-01 
4.076897e-02 1.091496e-01 
4.495877e-02 1.098866e-01 
4.914856e-02 1.106236e-01 
5.333836e-02 1.113606e-01 
5.752816e-02 1.120976e-01 
6.171796e-02 1.128346e-01 
6.590776e-02 1.135716e-01 
7.009755e-02 1.143086e-01 
7.428735e-02 1.150456e-01 
7.847715e-02 1.157826e-01 
8.266695e-02 1.165195e-01 
8.685675e-02 1.172565e-01 
9.104654e-02 1.179935e-01 
9.523634e-02 1.187305e-01 
9.942614e-02 1.194675e-01 
1.036159e-01 1.202045e-01 
1.078057e-01 1.209415e-01 
1.119955e-01 1.216785e-01 
1.161853e-01 1.224155e-01 
1.203751e-01 1.231525e-01 
1.245649e-01 1.238894e-01 
1.287547e-01 1.246264e-01 
1.329445e-01 1.253634e-01 
1.371343e-01 1.261004e-01 
1.413241e-01 1.268374e-01 
1.455139e-01 1.275744e-01 
1.497037e-01 1.283114e-01 
1.538935e-01 1.290484e-01 
1.580833e-01 1.297854e-01 
1.622731e-01 1.305224e-01 
1.664629e-01 1.312594e-01 
1.706527e-01 1.319963e-01 
1.748425e-01 1.327333e-01 
1.790323e-01 1.334703e-01 
1.832221e-01 1.342073e-01 
1.874119e-01 1.349443e-01 
1.916017e-01 1.356813e-01 
1.957915e-01 1.364183e-01 
1.999813e-01 1.371553e-01 
2.041711e-01 1.378923e-01 
2.083609e-01 1.386293e-01 
2.125507e-01 1.393662e-01 
2.167405e-01 1.401032e-01 
2.209303e-01 1.408402e-01 
2.251201e-01 1.415772e-01 
2.293099e-01 1.423142e-01 
-1.051050e-01 1.026596e-01 
-9.990903e-02 1.026596e-01 
-9.471304e-02 1.026596e-01 
-8.951705e-02 1.026596e-01 
-8.432107e-02 1.026596e-01 
-7.912508e-02 1.026596e-01 
-7.392909e-02 1.026596e-01 
-6.873311e-02 1.026596e-01 
-6.353712e-02 1.026596e-01 
-5.834113e-02 1.026596e-01 
-5.314515e-02 1.026596e-01 
-4.794916e-02 1.026596e-01 
-4.275317e-02 1.026596e-01 
-3.755719e-02 1.026596e-01 
-3.236120e-02 1.026596e-01 
-2.816234e-02 1.033749e-01 
-2.396347e-02 1.040902e-01 
-1.976461e-02 1.048055e-01 
-1.556575e-02 1.055209e-01 
-1.136689e-02 1.062362e-01 
-7.168023e-03 1.069515e-01 
-2.969160e-03 1.076668e-01 
1.229703e-03 1.083821e-01 
5.428566e-03 1.090974e-01 
9.627429e-03 1.098127e-01 
1.382629e-02 1.105281e-01 
1.802515e-02 1.112434e-01 
2.222402e-02 1.119587e-01 
2.642288e-02 1.126740e-01 
3.062174e-02 1.133893e-01 
3.482061e-02 1.141046e-01 
3.901947e-02 1.148199e-01 
4.321833e-02 1.155353e-01 
4.741719e-02 1.162506e-01 
5.161606e-02 1.169659e-01 
5.581492e-02 1.176812e-01 
6.001378e-02 1.183965e-01 
6.421265e-02 1.191118e-01 
6.841151e-02 1.198271e-01 
7.261037e-02 1.205425e-01 
7.680923e-02 1.212578e-01 
8.100810e-02 1.219731e-01 
8.520696e-02 1.226884e-01 
8.940582e-02 1.234037e-01 
9.360469e-02 1.241190e-01 
9.780355e-02 1.248343e-01 
1.020024e-01 1.255497e-01 
1.062013e-01 1.262650e-01 
1.104001e-01 1.269803e-01 
1.145990e-01 1.276956e-01 
1.187979e-01 1.284109e-01 
1.229967e-01 1.291262e-01 
1.271956e-01 1.298415e-01 
1.313945e-01 1.305569e-01 
1.355933e-01 1.312722e-01 
1.397922e-01 1.319875e-01 
1.439910e-01 1.327028e-01 
1.481899e-01 1.334181e-01 
1.523888e-01 1.341334e-01 
1.565876e-01 1.348487e-01 
1.607865e-01 1.355641e-01 
1.649854e-01 1.362794e-01 
1.691842e-01 1.369947e-01 
1.733831e-01 1.377100e-01 
1.775819e-01 1.384253e-01 
1.817808e-01 1.391406e-01 
1.859797e-01 1.398559e-01 
1.901785e-01 1.405713e-01 
1.943774e-01 1.412866e-01 
1.985763e-01 1.420019e-01 
2.027751e-01 1.427172e-01 
2.069740e-01 1.434325e-01 
2.111728e-01 1.441478e-01 
2.153717e-01 1.448631e-01 
2.195706e-01 1.455785e-01 
2.237694e-01 1.462938e-01 
2.279683e-01 1.470091e-01 
-1.067125e-01 1.086984e-01 
-1.015377e-01 1.086984e-01 
-9.636283e-02 1.086984e-01 
-9.118799e-02 1.086984e-01 
-8.601316e-02 1.086984e-01 
-8.083832e-02 1.086984e-01 
-7.566348e-02 1.086984e-01 
-7.048865e-02 1.086984e-01 
-6.531381e-02 1.086984e-01 
-6.013898e-02 1.086984e-01 
-5.496414e-02 1.086984e-01 
-4.978931e-02 1.086984e-01 
-4.461447e-02 1.086984e-01 
-3.943964e-02 1.086984e-01 
-3.426480e-02 1.086984e-01 
-3.005687e-02 1.093920e-01 
-2.584894e-02 1.100857e-01 
-2.164102e-02 1.107793e-01 
-1.743309e-02 1.114730e-01 
-1.322516e-02 1.121666e-01 
-9.017234e-03 1.128602e-01 
-4.809307e-03 1.135539e-01 
-6.013790e-04 1.142475e-01 
3.606549e-03 1.149411e-01 
7.814476e-03 1.156348e-01 
1.202240e-02 1.163284e-01 
1.623033e-02 1.170221e-01 
2.043826e-02 1.177157e-01 
2.464619e-02 1.184093e-01 
2.885411e-02 1.191030e-01 
3.306204e-02 1.197966e-01 
3.726997e-02 1.204902e-01 
4.147790e-02 1.211839e-01 
4.568582e-02 1.218775e-01 
4.989375e-02 1.225712e-01 
5.410168e-02 1.232648e-01 
5.830961e-02 1.239584e-01 
6.251754e-02 1.246521e-01 
6.672546e-02 1.253457e-01 
7.093339e-02 1.260394e-01 
7.514132e-02 1.267330e-01 
7.934925e-02 1.274266e-01 
8.355717e-02 1.281203e-01 
8.776510e-02 1.288139e-01 
9.197303e-02 1.295075e-01 
9.618096e-02 1.302012e-01 
1.003889e-01 1.308948e-01 
1.045968e-01 1.315885e-01 
1.088047e-01 1.322821e-01 
1.130127e-01 1.329757e-01 
1.172206e-01 1.336694e-01 
1.214285e-01 1.343630e-01 
1.256364e-01 1.350566e-01 
1.298444e-01 1.357503e-01 
1.340523e-01 1.364439e-01 
1.382602e-01 1.371376e-01 
1.424682e-01 1.378312e-01 
1.466761e-01 1.385248e-01 
1.508840e-01 1.392185e-01 
1.550919e-01 1.399121e-01 
1.592999e-01 1.406058e-01 
1.635078e-01 1.412994e-01 
1.677157e-01 1.419930e-01 
1.719237e-01 1.426867e-01 
1.761316e-01 1.433803e-01 
1.803395e-01 1.440739e-01 
1.845474e-01 1.447676e-01 
1.887554e-01 1.454612e-01 
1.929633e-01 1.461549e-01 
1.971712e-01 1.468485e-01 
2.013791e-01 1.475421e-01 
2.055871e-01 1.482358e-01 
2.097950e-01 1.489294e-01 
2.140029e-01 1.496230e-01 
2.182109e-01 1.503167e-01 
2.224188e-01 1.510103e-01 
2.266267e-01 1.517040e-01 
-1.083200e-01 1.147372e-01 
-1.031663e-01 1.147372e-01 
-9.801261e-02 1.147372e-01 
-9.285893e-02 1.147372e-01 
-8.770524e-02 1.147372e-01 
-8.255156e-02 1.147372e-01 
-7.739788e-02 1.147372e-01 
-7.224419e-02 1.147372e-01 
-6.709051e-02 1.147372e-01 
-6.193682e-02 1.147372e-01 
-5.678314e-02 1.147372e-01 
-5.162945e-02 1.147372e-01 
-4.647577e-02 1.147372e-01 
-4.132208e-02 1.147372e-01 
-3.616840e-02 1.147372e-01 
-3.195141e-02 1.154092e-01 
-2.773442e-02 1.160811e-01 
-2.351742e-02 1.167531e-01 
-1.930043e-02 1.174250e-01 
-1.508344e-02 1.180970e-01 
-1.086645e-02 1.187690e-01 
-6.649453e-03 1.194409e-01 
-2.432461e-03 1.201129e-01 
1.784531e-03 1.207849e-01 
6.001524e-03 1.214568e-01 
1.021852e-02 1.221288e-01 
1.443551e-02 1.228007e-01 
1.865250e-02 1.234727e-01 
2.286949e-02 1.241447e-01 
2.708649e-02 1.248166e-01 
3.130348e-02 1.254886e-01 
3.552047e-02 1.261606e-01 
3.973746e-02 1.268325e-01 
4.395446e-02 1.275045e-01 
4.817145e-02 1.281764e-01 
5.238844e-02 1.288484e-01 
5.660543e-02 1.295204e-01 
6.082242e-02 1.301923e-01 
6.503942e-02 1.308643e-01 
6.925641e-02 1.315362e-01 
7.347340e-02 1.322082e-01 
7.769039e-02 1.328802e-01 
8.190739e-02 1.335521e-01 
8.612438e-02 1.342241e-01 
9.034137e-02 1.348961e-01 
9.455836e-02 1.355680e-01 
9.877536e-02 1.362400e-01 
1.029923e-01 1.369119e-01 
1.072093e-01 1.375839e-01 
1.114263e-01 1.382559e-01 
1.156433e-01 1.389278e-01 
1.198603e-01 1.395998e-01 
1.240773e-01 1.402718e-01 
1.282943e-01 1.409437e-01 
1.325113e-01 1.416157e-01 
1.367283e-01 1.422876e-01 
1.409453e-01 1.429596e-01 
1.451623e-01 1.436316e-01 
1.493793e-01 1.443035e-01 
1.535963e-01 1.449755e-01 
1.578132e-01 1.456474e-01 
1.620302e-01 1.463194e-01 
1.662472e-01 1.469914e-01 
1.704642e-01 1.476633e-01 
1.746812e-01 1.483353e-01 
1.788982e-01 1.490073e-01 
1.831152e-01 1.496792e-01 
1.873322e-01 1.503512e-01 
1.915492e-01 1.510231e-01 
1.957662e-01 1.516951e-01 
1.999832e-01 1.523671e-01 
2.042002e-01 1.530390e-01 
2.084172e-01 1.537110e-01 
2.126342e-01 1.543830e-01 
2.168511e-01 1.550549e-01 
2.210681e-01 1.557269e-01 
2.252851e-01 1.563988e-01 
-1.099275e-01 1.207760e-01 
-1.047949e-01 1.207760e-01 
-9.966240e-02 1.207760e-01 
-9.452987e-02 1.207760e-01 
-8.939733e-02 1.207760e-01 
-8.426480e-02 1.207760e-01 
-7.913227e-02 1.207760e-01 
-7.399973e-02 1.207760e-01 
-6.886720e-02 1.207760e-01 
-6.373467e-02 1.207760e-01 
-5.860213e-02 1.207760e-01 
-5.346960e-02 1.207760e-01 
-4.833707e-02 1.207760e-01 
-4.320453e-02 1.207760e-01 
-3.807200e-02 1.207760e-01 
-3.384594e-02 1.214263e-01 
-2.961989e-02 1.220766e-01 
-2.539383e-02 1.227269e-01 
-2.116777e-02 1.233771e-01 
-1.694171e-02 1.240274e-01 
-1.271566e-02 1.246777e-01 
-8.489600e-03 1.253280e-01 
-4.263543e-03 1.259783e-01 
-3.748571e-05 1.266286e-01 
4.188571e-03 1.272789e-01 
8.414629e-03 1.279291e-01 
1.264069e-02 1.285794e-01 
1.686674e-02 1.292297e-01 
2.109280e-02 1.298800e-01 
2.531886e-02 1.305303e-01 
2.954491e-02 1.311806e-01 
3.377097e-02 1.318309e-01 
3.799703e-02 1.324811e-01 
4.222309e-02 1.331314e-01 
4.644914e-02 1.337817e-01 
5.067520e-02 1.344320e-01 
5.490126e-02 1.350823e-01 
5.912731e-02 1.357326e-01 
6.335337e-02 1.363829e-01 
6.757943e-02 1.370331e-01 
7.180549e-02 1.376834e-01 
7.603154e-02 1.383337e-01 
8.025760e-02 1.389840e-01 
8.448366e-02 1.396343e-01 
8.870971e-02 1.402846e-01 
9.293577e-02 1.409349e-01 
9.716183e-02 1.415851e-01 
1.013879e-01 1.422354e-01 
1.056139e-01 1.428857e-01 
1.098400e-01 1.435360e-01 
1.140661e-01 1.441863e-01 
1.182921e-01 1.448366e-01 
1.225182e-01 1.454869e-01 
1.267442e-01 1.461371e-01 
1.309703e-01 1.467874e-01 
1.351963e-01 1.474377e-01 
1.394224e-01 1.480880e-01 
1.436485e-01 1.487383e-01 
1.478745e-01 1.493886e-01 
1.521006e-01 1.500389e-01 
1.563266e-01 1.506891e-01 
1.605527e-01 1.513394e-01 
1.647787e-01 1.519897e-01 
1.690048e-01 1.526400e-01 
1.732309e-01 1.532903e-01 
1.774569e-01 1.539406e-01 
1.816830e-01 1.545909e-01 
1.859090e-01 1.552411e-01 
1.901351e-01 1.558914e-01 
1.943611e-01 1.565417e-01 
1.985872e-01 1.571920e-01 
2.028133e-01 1.578423e-01 
2.070393e-01 1.584926e-01 
2.112654e-01 1.591429e-01 
2.154914e-01 1.597931e-01 
2.197175e-01 1.604434e-01 
2.239435e-01 1.610937e-01 
-1.115350e-01 1.268148e-01 
-1.064236e-01 1.268148e-01 
-1.013122e-01 1.268148e-01 
-9.620080e-02 1.268148e-01 
-9.108942e-02 1.268148e-01 
-8.597804e-02 1.268148e-01 
-8.086666e-02 1.268148e-01 
-7.575528e-02 1.268148e-01 
-7.064389e-02 1.268148e-01 
-6.553251e-02 1.268148e-01 
-6.042113e-02 1.268148e-01 
-5.530975e-02 1.268148e-01 
-5.019836e-02 1.268148e-01 
-4.508698e-02 1.268148e-01 
-3.997560e-02 1.268148e-01 
-3.574048e-02 1.274434e-01 
-3.150536e-02 1.280720e-01 
-2.727023e-02 1.287006e-01 
-2.303511e-02 1.293292e-01 
-1.879999e-02 1.299578e-01 
-1.456487e-02 1.305865e-01 
-1.032975e-02 1.312151e-01 
-6.094625e-03 1.318437e-01 
-1.859503e-03 1.324723e-01 
2.375619e-03 1.331009e-01 
6.610741e-03 1.337295e-01 
1.084586e-02 1.343581e-01 
1.508098e-02 1.349867e-01 
1.931611e-02 1.356153e-01 
2.355123e-02 1.362439e-01 
2.778635e-02 1.368726e-01 
3.202147e-02 1.375012e-01 
3.625659e-02 1.381298e-01 
4.049172e-02 1.387584e-01 
4.472684e-02 1.393870e-01 
4.896196e-02 1.400156e-01 
5.319708e-02 1.406442e-01 
5.743220e-02 1.412728e-01 
6.166733e-02 1.419014e-01 
6.590245e-02 1.425300e-01 
7.013757e-02 1.431586e-01 
7.437269e-02 1.437873e-01 
7.860781e-02 1.444159e-01 
8.284294e-02 1.450445e-01 
8.707806e-02 1.456731e-01 
9.131318e-02 1.463017e-01 
9.554830e-02 1.469303e-01 
9.978342e-02 1.475589e-01 
1.040185e-01 1.481875e-01 
1.082537e-01 1.488161e-01 
1.124888e-01 1.494447e-01 
1.167239e-01 1.500734e-01 
1.209590e-01 1.507020e-01 
1.251942e-01 1.513306e-01 
1.294293e-01 1.519592e-01 
1.336644e-01 1.525878e-01 
1.378995e-01 1.532164e-01 
1.421346e-01 1.538450e-01 
1.463698e-01 1.544736e-01 
1.506049e-01 1.551022e-01 
1.548400e-01 1.557308e-01 
1.590751e-01 1.563594e-01 
1.633103e-01 1.569881e-01 
1.675454e-01 1.576167e-01 
1.717805e-01 1.582453e-01 
1.760156e-01 1.588739e-01 
1.802507e-01 1.595025e-01 
1.844859e-01 1.601311e-01 
1.887210e-01 1.607597e-01 
1.929561e-01 1.613883e-01 
1.971912e-01 1.620169e-01 
2.014263e-01 1.626455e-01 
2.056615e-01 1.632742e-01 
2.098966e-01 1.639028e-01 
2.141317e-01 1.645314e-01 
2.183668e-01 1.651600e-01 
2.226020e-01 1.657886e-01 
-1.131424e-01 1.328536e-01 
-1.080522e-01 1.328536e-01 
-1.029620e-01 1.328536e-01 
-9.787174e-02 1.328536e-01 
-9.278151e-02 1.328536e-01 
-8.769128e-02 1.328536e-01 
-8.260105e-02 1.328536e-01 
-7.751082e-02 1.328536e-01 
-7.242059e-02 1.328536e-01 
-6.733036e-02 1.328536e-01 
-6.224012e-02 1.328536e-01 
-5.714989e-02 1.328536e-01 
-5.205966e-02 1.328536e-01 
-4.696943e-02 1.328536e-01 
-4.187920e-02 1.328536e-01 
-3.763501e-02 1.334605e-01 
-3.339083e-02 1.340675e-01 
-2.914664e-02 1.346744e-01 
-2.490245e-02 1.352813e-01 
-2.065827e-02 1.358883e-01 
-1.641408e-02 1.364952e-01 
-1.216989e-02 1.371021e-01 
-7.925707e-03 1.377091e-01 
-3.681520e-03 1.383160e-01 
5.626667e-04 1.389229e-01 
4.806853e-03 1.395299e-01 
9.051040e-03 1.401368e-01 
1.329523e-02 1.407437e-01 
1.753941e-02 1.413507e-01 
2.178360e-02 1.419576e-01 
2.602779e-02 1.425645e-01 
3.027197e-02 1.431715e-01 
3.451616e-02 1.437784e-01 
3.876035e-02 1.443853e-01 
4.300453e-02 1.449923e-01 
4.724872e-02 1.455992e-01 
5.149291e-02 1.462061e-01 
5.573709e-02 1.468131e-01 
5.998128e-02 1.474200e-01 
6.422547e-02 1.480269e-01 
6.846965e-02 1.486339e-01 
7.271384e-02 1.492408e-01 
7.695803e-02 1.498477e-01 
8.120221e-02 1.504547e-01 
8.544640e-02 1.510616e-01 
8.969059e-02 1.516685e-01 
9.393477e-02 1.522755e-01 
9.817896e-02 1.528824e-01 
1.024231e-01 1.534893e-01 
1.066673e-01 1.540963e-01 
1.109115e-01 1.547032e-01 
1.151557e-01 1.553101e-01 
1.193999e-01 1.559171e-01 
1.236441e-01 1.565240e-01 
1.278883e-01 1.571309e-01 
1.321325e-01 1.577379e-01 
1.363766e-01 1.583448e-01 
1.406208e-01 1.589517e-01 
1.448650e-01 1.595587e-01 
1.491092e-01 1.601656e-01 
1.533534e-01 1.607725e-01 
1.575976e-01 1.613795e-01 
1.618418e-01 1.619864e-01 
1.660859e-01 1.625933e-01 
1.703301e-01 1.632003e-01 
1.745743e-01 1.638072e-01 
1.788185e-01 1.644141e-01 
1.830627e-01 1.650211e-01 
1.873069e-01 1.656280e-01 
1.915511e-01 1.662349e-01 
1.957953e-01 1.668419e-01 
2.000394e-01 1.674488e-01 
2.042836e-01 1.680557e-01 
2.085278e-01 1.686627e-01 
2.127720e-01 1.692696e-01 
2.170162e-01 1.698765e-01 
2.212604e-01 1.704835e-01 
-1.147499e-01 1.388924e-01 
-1.096808e-01 1.388924e-01 
-1.046118e-01 1.388924e-01 
-9.954268e-02 1.388924e-01 
-9.447360e-02 1.388924e-01 
-8.940452e-02 1.388924e-01 
-8.433544e-02 1.388924e-01 
-7.926636e-02 1.388924e-01 
-7.419728e-02 1.388924e-01 
-6.912820e-02 1.388924e-01 
-6.405912e-02 1.388924e-01 
-5.899004e-02 1.388924e-01 
-5.392096e-02 1.388924e-01 
-4.885188e-02 1.388924e-01 
-4.378280e-02 1.388924e-01 
-3.952955e-02 1.394777e-01 
-3.527630e-02 1.400629e-01 
-3.102305e-02 1.406482e-01 
-2.676979e-02 1.412334e-01 
-2.251654e-02 1.418187e-01 
-1.826329e-02 1.424039e-01 
-1.401004e-02 1.429892e-01 
-9.756789e-03 1.435745e-01 
-5.503537e-03 1.441597e-01 
-1.250286e-03 1.447450e-01 
3.002966e-03 1.453302e-01 
7.256217e-03 1.459155e-01 
1.150947e-02 1.465007e-01 
1.576272e-02 1.470860e-01 
2.001597e-02 1.476713e-01 
2.426922e-02 1.482565e-01 
2.852247e-02 1.488418e-01 
3.277573e-02 1.494270e-01 
3.702898e-02 1.500123e-01 
4.128223e-02 1.505975e-01 
4.553548e-02 1.511828e-01 
4.978873e-02 1.517681e-01 
5.404198e-02 1.523533e-01 
5.829523e-02 1.529386e-01 
6.254849e-02 1.535238e-01 
6.680174e-02 1.541091e-01 
7.105499e-02 1.546943e-01 
7.530824e-02 1.552796e-01 
7.956149e-02 1.558649e-01 
8.381474e-02 1.564501e-01 
8.806799e-02 1.570354e-01 
9.232125e-02 1.576206e-01 
9.657450e-02 1.582059e-01 
1.008277e-01 1.587911e-01 
1.050810e-01 1.593764e-01 
1.093343e-01 1.599617e-01 
1.135875e-01 1.605469e-01 
1.178408e-01 1.611322e-01 
1.220940e-01 1.617174e-01 
1.263473e-01 1.623027e-01 
1.306005e-01 1.628879e-01 
1.348538e-01 1.634732e-01 
1.391070e-01 1.640585e-01 
1.433603e-01 1.646437e-01 
1.476135e-01 1.652290e-01 
1.518668e-01 1.658142e-01 
1.561200e-01 1.663995e-01 
1.603733e-01 1.669847e-01 
1.646265e-01 1.675700e-01 
1.688798e-01 1.681553e-01 
1.731330e-01 1.687405e-01 
1.773863e-01 1.693258e-01 
1.816395e-01 1.699110e-01 
1.858928e-01 1.704963e-01 
1.901460e-01 1.710815e-01 
1.943993e-01 1.716668e-01 
1.986525e-01 1.722521e-01 
2.029058e-01 1.728373e-01 
2.071590e-01 1.734226e-01 
2.114123e-01 1.740078e-01 
2.156655e-01 1.745931e-01 
2.199188e-01 1.751783e-01 
-1.163574e-01 1.449312e-01 
-1.113095e-01 1.449312e-01 
-1.062615e-01 1.449312e-01 
-1.012136e-01 1.449312e-01 
-9.616569e-02 1.449312e-01 
-9.111776e-02 1.449312e-01 
-8.606983e-02 1.449312e-01 
-8.102190e-02 1.449312e-01 
-7.597397e-02 1.449312e-01 
-7.092604e-02 1.449312e-01 
-6.587812e-02 1.449312e-01 
-6.083019e-02 1.449312e-01 
-5.578226e-02 1.449312e-01 
-5.073433e-02 1.449312e-01 
-4.568640e-02 1.449312e-01 
-4.142408e-02 1.454948e-01 
-3.716177e-02 1.460584e-01 
-3.289945e-02 1.466219e-01 
-2.863714e-02 1.471855e-01 
-2.437482e-02 1.477491e-01 
-2.011250e-02 1.483127e-01 
-1.585019e-02 1.488763e-01 
-1.158787e-02 1.494398e-01 
-7.325554e-03 1.500034e-01 
-3.063238e-03 1.505670e-01 
1.199078e-03 1.511306e-01 
5.461394e-03 1.516942e-01 
9.723710e-03 1.522578e-01 
1.398603e-02 1.528213e-01 
1.824834e-02 1.533849e-01 
2.251066e-02 1.539485e-01 
2.677298e-02 1.545121e-01 
3.103529e-02 1.550757e-01 
3.529761e-02 1.556392e-01 
3.955992e-02 1.562028e-01 
4.382224e-02 1.567664e-01 
4.808456e-02 1.573300e-01 
5.234687e-02 1.578936e-01 
5.660919e-02 1.584571e-01 
6.087150e-02 1.590207e-01 
6.513382e-02 1.595843e-01 
6.939614e-02 1.601479e-01 
7.365845e-02 1.607115e-01 
7.792077e-02 1.612750e-01 
8.218309e-02 1.618386e-01 
8.644540e-02 1.624022e-01 
9.070772e-02 1.629658e-01 
9.497003e-02 1.635294e-01 
9.923235e-02 1.640930e-01 
1.034947e-01 1.646565e-01 
1.077570e-01 1.652201e-01 
1.120193e-01 1.657837e-01 
1.162816e-01 1.663473e-01 
1.205439e-01 1.669109e-01 
1.248062e-01 1.674744e-01 
1.290686e-01 1.680380e-01 
1.333309e-01 1.686016e-01 
1.375932e-01 1.691652e-01 
1.418555e-01 1.697288e-01 
1.461178e-01 1.702923e-01 
1.503801e-01 1.708559e-01 
1.546425e-01 1.714195e-01 
1.589048e-01 1.719831e-01 
1.631671e-01 1.725467e-01 
1.674294e-01 1.731102e-01 
1.716917e-01 1.736738e-01 
1.759540e-01 1.742374e-01 
1.802164e-01 1.748010e-01 
1.844787e-01 1.753646e-01 
1.887410e-01 1.759282e-01 
1.930033e-01 1.764917e-01 
1.972656e-01 1.770553e-01 
2.015279e-01 1.776189e-01 
2.057903e-01 1.781825e-01 
2.100526e-01 1.787461e-01 
2.143149e-01 1.793096e-01 
2.185772e-01 1.798732e-01 
-1.179649e-01 1.509700e-01 
-1.129381e-01 1.509700e-01 
-1.079113e-01 1.509700e-01 
-1.028846e-01 1.509700e-01 
-9.785778e-02 1.509700e-01 
-9.283100e-02 1.509700e-01 
-8.780422e-02 1.509700e-01 
-8.277744e-02 1.509700e-01 
-7.775067e-02 1.509700e-01 
-7.272389e-02 1.509700e-01 
-6.769711e-02 1.509700e-01 
-6.267033e-02 1.509700e-01 
-5.764356e-02 1.509700e-01 
-5.261678e-02 1.509700e-01 
-4.759000e-02 1.509700e-01 
-4.331862e-02 1.515119e-01 
-3.904724e-02 1.520538e-01 
-3.477586e-02 1.525957e-01 
-3.050448e-02 1.531376e-01 
-2.623310e-02 1.536795e-01 
-2.196171e-02 1.542214e-01 
-1.769033e-02 1.547633e-01 
-1.341895e-02 1.553052e-01 
-9.147571e-03 1.558471e-01 
-4.876190e-03 1.563890e-01 
-6.048095e-04 1.569310e-01 
3.666571e-03 1.574729e-01 
7.937952e-03 1.580148e-01 
1.220933e-02 1.585567e-01 
1.648071e-02 1.590986e-01 
2.075210e-02 1.596405e-01 
2.502348e-02 1.601824e-01 
2.929486e-02 1.607243e-01 
3.356624e-02 1.612662e-01 
3.783762e-02 1.618081e-01 
4.210900e-02 1.623500e-01 
4.638038e-02 1.628919e-01 
5.065176e-02 1.634338e-01 
5.492314e-02 1.639757e-01 
5.919452e-02 1.645176e-01 
6.346590e-02 1.650595e-01 
6.773729e-02 1.656014e-01 
7.200867e-02 1.661433e-01 
7.628005e-02 1.666852e-01 
8.055143e-02 1.672271e-01 
8.482281e-02 1.677690e-01 
8.909419e-02 1.683110e-01 
9.336557e-02 1.688529e-01 
9.763695e-02 1.693948e-01 
1.019083e-01 1.699367e-01 
1.061797e-01 1.704786e-01 
1.104511e-01 1.710205e-01 
1.147225e-01 1.715624e-01 
1.189939e-01 1.721043e-01 
1.232652e-01 1.726462e-01 
1.275366e-01 1.731881e-01 
1.318080e-01 1.737300e-01 
1.360794e-01 1.742719e-01 
1.403508e-01 1.748138e-01 
1.446221e-01 1.753557e-01 
1.488935e-01 1.758976e-01 
1.531649e-01 1.764395e-01 
1.574363e-01 1.769814e-01 
1.617077e-01 1.775233e-01 
1.659790e-01 1.780652e-01 
1.702504e-01 1.786071e-01 
1.745218e-01 1.791490e-01 
1.787932e-01 1.796910e-01 
1.830646e-01 1.802329e-01 
1.873360e-01 1.807748e-01 
1.916073e-01 1.813167e-01 
1.958787e-01 1.818586e-01 
2.001501e-01 1.824005e-01 
2.044215e-01 1.829424e-01 
2.086929e-01 1.834843e-01 
2.129642e-01 1.840262e-01 
2.172356e-01 1.845681e-01 
-1.195724e-01 1.570088e-01 
-1.145667e-01 1.570088e-01 
-1.095611e-01 1.570088e-01 
-1.045555e-01 1.570088e-01 
-9.954987e-02 1.570088e-01 
-9.454424e-02 1.570088e-01 
-8.953861e-02 1.570088e-01 
-8.453299e-02 1.570088e-01 
-7.952736e-02 1.570088e-01 
-7.452173e-02 1.570088e-01 
-6.951611e-02 1.570088e-01 
-6.451048e-02 1.570088e-01 
-5.950485e-02 1.570088e-01 
-5.449923e-02 1.570088e-01 
-4.949360e-02 1.570088e-01 
-4.521315e-02 1.575290e-01 
-4.093271e-02 1.580493e-01 
-3.665226e-02 1.585695e-01 
-3.237182e-02 1.590897e-01 
-2.809137e-02 1.596099e-01 
-2.381093e-02 1.601302e-01 
-1.953048e-02 1.606504e-01 
-1.525003e-02 1.611706e-01 
-1.096959e-02 1.616909e-01 
-6.689143e-03 1.622111e-01 
-2.408697e-03 1.627313e-01 
1.871749e-03 1.632515e-01 
6.152194e-03 1.637718e-01 
1.043264e-02 1.642920e-01 
1.471309e-02 1.648122e-01 
1.899353e-02 1.653325e-01 
2.327398e-02 1.658527e-01 
2.755442e-02 1.663729e-01 
3.183487e-02 1.668931e-01 
3.611531e-02 1.674134e-01 
4.039576e-02 1.679336e-01 
4.467621e-02 1.684538e-01 
4.895665e-02 1.689741e-01 
5.323710e-02 1.694943e-01 
5.751754e-02 1.700145e-01 
6.179799e-02 1.705347e-01 
6.607843e-02 1.710550e-01 
7.035888e-02 1.715752e-01 
7.463933e-02 1.720954e-01 
7.891977e-02 1.726157e-01 
8.320022e-02 1.731359e-01 
8.748066e-02 1.736561e-01 
9.176111e-02 1.741763e-01 
9.604155e-02 1.746966e-01 
1.003220e-01 1.752168e-01 
1.046024e-01 1.757370e-01 
1.088829e-01 1.762573e-01 
1.131633e-01 1.767775e-01 
1.174438e-01 1.772977e-01 
1.217242e-01 1.778179e-01 
1.260047e-01 1.783382e-01 
1.302851e-01 1.788584e-01 
1.345656e-01 1.793786e-01 
1.388460e-01 1.798989e-01 
1.431265e-01 1.804191e-01 
1.474069e-01 1.809393e-01 
1.516873e-01 1.814595e-01 
1.559678e-01 1.819798e-01 
1.602482e-01 1.825000e-01 
1.645287e-01 1.830202e-01 
1.688091e-01 1.835405e-01 
1.730896e-01 1.840607e-01 
1.773700e-01 1.845809e-01 
1.816505e-01 1.851011e-01 
1.859309e-01 1.856214e-01 
1.902114e-01 1.861416e-01 
1.944918e-01 1.866618e-01 
1.987723e-01 1.871821e-01 
2.030527e-01 1.877023e-01 
2.073331e-01 1.882225e-01 
2.116136e-01 1.887427e-01 
2.158940e-01 1.892630e-01 
BC
4
4
4
4
4
4
4
4
4
4
4
4
4
4
4
4
4
4
4
4
4
4
4
4
4
4
4
4
4
4
4
4
4
4
4
4
4
4
4
4
4
4
4
4
4
4
4
4
4
4
4
4
4
4
4
4
4
4
4
4
4
4
4
4
4
4
4
4
4
4
4
4
4
4
4
4
-1
-1
-1
-1
-1
-1
-1
-1
-1
-1
-1
-1
-1
-1
-1
-1
-1
-1
-1
-1
-1
-1
-1
-1
-1
-1
-1
-1
-1
-1
-1
-1
-1
-1
-1
-1
-1
-1
-1
-1
-1
-1
-1
-1
-1
-1
-1
-1
-1
-1
-1
-1
-1
-1
-1
-1
-1
-1
-1
-1
-1
-1
-1
-1
-1
-1
-1
-1
-1
-1
-1
-1
-1
-1
-1
-1
-1
-1
-1
-1
-1
-1
-1
-1
-1
-1
-1
-1
-1
-1
-1
-1
-1
-1
-1
-1
-1
-1
-1
-1
-1
-1
-1
-1
-1
-1
-1
-1
-1
-1
-1
-1
-1
-1
-1
-1
-1
-1
-1
-1
-1
-1
-1
-1
-1
-1
-1
-1
