npart: 8 3 
ipart: 5 1 
ngrid: 51 48 
1.902224e+00 4.692638e-01 
1.909692e+00 4.692608e-01 
1.917160e+00 4.692577e-01 
1.924628e+00 4.692547e-01 
1.932096e+00 4.692516e-01 
1.939564e+00 4.692486e-01 
1.947032e+00 4.692456e-01 
1.954499e+00 4.692425e-01 
1.961967e+00 4.692395e-01 
1.969435e+00 4.692364e-01 
1.976903e+00 4.692334e-01 
1.984371e+00 4.692303e-01 
1.991839e+00 4.692272e-01 
1.999307e+00 4.692242e-01 
2.006774e+00 4.692211e-01 
2.014242e+00 4.692181e-01 
2.021710e+00 4.692150e-01 
2.029178e+00 4.692119e-01 
2.036646e+00 4.692089e-01 
2.044114e+00 4.692058e-01 
2.051582e+00 4.692027e-01 
2.059050e+00 4.691997e-01 
2.066517e+00 4.691966e-01 
2.073985e+00 4.691935e-01 
2.081453e+00 4.691904e-01 
2.088921e+00 4.691874e-01 
2.096389e+00 4.691843e-01 
2.103857e+00 4.691812e-01 
2.111325e+00 4.691781e-01 
2.118793e+00 4.691750e-01 
2.126260e+00 4.691719e-01 
2.133728e+00 4.691689e-01 
2.141196e+00 4.691658e-01 
2.148664e+00 4.691627e-01 
2.156132e+00 4.691596e-01 
2.163600e+00 4.691565e-01 
2.171068e+00 4.691534e-01 
2.178535e+00 4.691503e-01 
2.186003e+00 4.691472e-01 
2.193471e+00 4.691441e-01 
2.200939e+00 4.691410e-01 
2.208407e+00 4.691379e-01 
2.215875e+00 4.691348e-01 
2.223343e+00 4.691317e-01 
2.230811e+00 4.691286e-01 
2.238278e+00 4.691255e-01 
2.245746e+00 4.691224e-01 
2.253214e+00 4.691193e-01 
2.260682e+00 4.691162e-01 
2.268150e+00 4.691131e-01 
2.275618e+00 4.691099e-01 
1.902218e+00 4.750173e-01 
1.909686e+00 4.750144e-01 
1.917154e+00 4.750115e-01 
1.924622e+00 4.750086e-01 
1.932090e+00 4.750057e-01 
1.939558e+00 4.750028e-01 
1.947026e+00 4.749999e-01 
1.954494e+00 4.749970e-01 
1.961961e+00 4.749940e-01 
1.969429e+00 4.749911e-01 
1.976897e+00 4.749882e-01 
1.984365e+00 4.749853e-01 
1.991833e+00 4.749824e-01 
1.999301e+00 4.749794e-01 
2.006769e+00 4.749765e-01 
2.014237e+00 4.749736e-01 
2.021705e+00 4.749707e-01 
2.029173e+00 4.749677e-01 
2.036641e+00 4.749648e-01 
2.044108e+00 4.749619e-01 
2.051576e+00 4.749589e-01 
2.059044e+00 4.749560e-01 
2.066512e+00 4.749530e-01 
2.073980e+00 4.749501e-01 
2.081448e+00 4.749472e-01 
2.088916e+00 4.749442e-01 
2.096384e+00 4.749413e-01 
2.103852e+00 4.749383e-01 
2.111320e+00 4.749354e-01 
2.118788e+00 4.749324e-01 
2.126255e+00 4.749295e-01 
2.133723e+00 4.749265e-01 
2.141191e+00 4.749236e-01 
2.148659e+00 4.749206e-01 
2.156127e+00 4.749177e-01 
2.163595e+00 4.749147e-01 
2.171063e+00 4.749118e-01 
2.178531e+00 4.749088e-01 
2.185999e+00 4.749059e-01 
2.193467e+00 4.749029e-01 
2.200935e+00 4.748999e-01 
2.208402e+00 4.748970e-01 
2.215870e+00 4.748940e-01 
2.223338e+00 4.748910e-01 
2.230806e+00 4.748881e-01 
2.238274e+00 4.748851e-01 
2.245742e+00 4.748821e-01 
2.253210e+00 4.748792e-01 
2.260678e+00 4.748762e-01 
2.268146e+00 4.748732e-01 
2.275614e+00 4.748702e-01 
1.902212e+00 4.807714e-01 
1.909680e+00 4.807686e-01 
1.917148e+00 4.807658e-01 
1.924616e+00 4.807631e-01 
1.932084e+00 4.807603e-01 
1.939552e+00 4.807575e-01 
1.947020e+00 4.807547e-01 
1.954488e+00 4.807519e-01 
1.961956e+00 4.807492e-01 
1.969424e+00 4.807464e-01 
1.976892e+00 4.807436e-01 
1.984360e+00 4.807408e-01 
1.991828e+00 4.807380e-01 
1.999296e+00 4.807352e-01 
2.006764e+00 4.807324e-01 
2.014232e+00 4.807296e-01 
2.021699e+00 4.807268e-01 
2.029167e+00 4.807240e-01 
2.036635e+00 4.807212e-01 
2.044103e+00 4.807184e-01 
2.051571e+00 4.807156e-01 
2.059039e+00 4.807128e-01 
2.066507e+00 4.807100e-01 
2.073975e+00 4.807072e-01 
2.081443e+00 4.807044e-01 
2.088911e+00 4.807016e-01 
2.096379e+00 4.806988e-01 
2.103847e+00 4.806959e-01 
2.111315e+00 4.806931e-01 
2.118783e+00 4.806903e-01 
2.126251e+00 4.806875e-01 
2.133719e+00 4.806847e-01 
2.141187e+00 4.806819e-01 
2.148655e+00 4.806790e-01 
2.156123e+00 4.806762e-01 
2.163590e+00 4.806734e-01 
2.171058e+00 4.806706e-01 
2.178526e+00 4.806677e-01 
2.185994e+00 4.806649e-01 
2.193462e+00 4.806621e-01 
2.200930e+00 4.806593e-01 
2.208398e+00 4.806564e-01 
2.215866e+00 4.806536e-01 
2.223334e+00 4.806508e-01 
2.230802e+00 4.806479e-01 
2.238270e+00 4.806451e-01 
2.245738e+00 4.806422e-01 
2.253206e+00 4.806394e-01 
2.260674e+00 4.806366e-01 
2.268142e+00 4.806337e-01 
2.275610e+00 4.806309e-01 
1.902206e+00 4.865260e-01 
1.909674e+00 4.865234e-01 
1.917142e+00 4.865207e-01 
1.924610e+00 4.865181e-01 
1.932078e+00 4.865154e-01 
1.939546e+00 4.865128e-01 
1.947014e+00 4.865101e-01 
1.954482e+00 4.865074e-01 
1.961950e+00 4.865048e-01 
1.969418e+00 4.865021e-01 
1.976886e+00 4.864995e-01 
1.984354e+00 4.864968e-01 
1.991822e+00 4.864941e-01 
1.999290e+00 4.864915e-01 
2.006758e+00 4.864888e-01 
2.014226e+00 4.864861e-01 
2.021694e+00 4.864835e-01 
2.029162e+00 4.864808e-01 
2.036630e+00 4.864781e-01 
2.044098e+00 4.864755e-01 
2.051566e+00 4.864728e-01 
2.059034e+00 4.864701e-01 
2.066502e+00 4.864674e-01 
2.073970e+00 4.864647e-01 
2.081438e+00 4.864621e-01 
2.088906e+00 4.864594e-01 
2.096374e+00 4.864567e-01 
2.103842e+00 4.864540e-01 
2.111310e+00 4.864513e-01 
2.118778e+00 4.864486e-01 
2.126246e+00 4.864459e-01 
2.133714e+00 4.864433e-01 
2.141182e+00 4.864406e-01 
2.148650e+00 4.864379e-01 
2.156118e+00 4.864352e-01 
2.163586e+00 4.864325e-01 
2.171054e+00 4.864298e-01 
2.178522e+00 4.864271e-01 
2.185990e+00 4.864244e-01 
2.193458e+00 4.864217e-01 
2.200926e+00 4.864190e-01 
2.208394e+00 4.864163e-01 
2.215862e+00 4.864136e-01 
2.223330e+00 4.864109e-01 
2.230798e+00 4.864082e-01 
2.238266e+00 4.864055e-01 
2.245734e+00 4.864028e-01 
2.253202e+00 4.864000e-01 
2.260670e+00 4.863973e-01 
2.268138e+00 4.863946e-01 
2.275606e+00 4.863919e-01 
1.902201e+00 4.922811e-01 
1.909669e+00 4.922786e-01 
1.917137e+00 4.922761e-01 
1.924605e+00 4.922736e-01 
1.932073e+00 4.922711e-01 
1.939541e+00 4.922685e-01 
1.947009e+00 4.922660e-01 
1.954477e+00 4.922635e-01 
1.961945e+00 4.922609e-01 
1.969413e+00 4.922584e-01 
1.976881e+00 4.922559e-01 
1.984349e+00 4.922533e-01 
1.991817e+00 4.922508e-01 
1.999286e+00 4.922482e-01 
2.006754e+00 4.922457e-01 
2.014222e+00 4.922431e-01 
2.021690e+00 4.922406e-01 
2.029158e+00 4.922380e-01 
2.036626e+00 4.922355e-01 
2.044094e+00 4.922330e-01 
2.051562e+00 4.922304e-01 
2.059030e+00 4.922278e-01 
2.066498e+00 4.922253e-01 
2.073966e+00 4.922227e-01 
2.081434e+00 4.922202e-01 
2.088902e+00 4.922176e-01 
2.096370e+00 4.922151e-01 
2.103838e+00 4.922125e-01 
2.111306e+00 4.922099e-01 
2.118774e+00 4.922074e-01 
2.126242e+00 4.922048e-01 
2.133710e+00 4.922022e-01 
2.141178e+00 4.921997e-01 
2.148646e+00 4.921971e-01 
2.156114e+00 4.921945e-01 
2.163582e+00 4.921920e-01 
2.171050e+00 4.921894e-01 
2.178518e+00 4.921868e-01 
2.185986e+00 4.921843e-01 
2.193454e+00 4.921817e-01 
2.200922e+00 4.921791e-01 
2.208390e+00 4.921765e-01 
2.215858e+00 4.921739e-01 
2.223326e+00 4.921714e-01 
2.230794e+00 4.921688e-01 
2.238262e+00 4.921662e-01 
2.245730e+00 4.921636e-01 
2.253198e+00 4.921610e-01 
2.260666e+00 4.921585e-01 
2.268134e+00 4.921559e-01 
2.275602e+00 4.921533e-01 
1.902196e+00 4.980368e-01 
1.909664e+00 4.980344e-01 
1.917132e+00 4.980320e-01 
1.924600e+00 4.980296e-01 
1.932068e+00 4.980272e-01 
1.939536e+00 4.980248e-01 
1.947004e+00 4.980224e-01 
1.954472e+00 4.980200e-01 
1.961940e+00 4.980175e-01 
1.969409e+00 4.980151e-01 
1.976877e+00 4.980127e-01 
1.984345e+00 4.980103e-01 
1.991813e+00 4.980079e-01 
1.999281e+00 4.980055e-01 
2.006749e+00 4.980030e-01 
2.014217e+00 4.980006e-01 
2.021685e+00 4.979982e-01 
2.029153e+00 4.979958e-01 
2.036621e+00 4.979933e-01 
2.044089e+00 4.979909e-01 
2.051557e+00 4.979885e-01 
2.059025e+00 4.979860e-01 
2.066493e+00 4.979836e-01 
2.073961e+00 4.979812e-01 
2.081429e+00 4.979787e-01 
2.088898e+00 4.979763e-01 
2.096366e+00 4.979738e-01 
2.103834e+00 4.979714e-01 
2.111302e+00 4.979690e-01 
2.118770e+00 4.979665e-01 
2.126238e+00 4.979641e-01 
2.133706e+00 4.979616e-01 
2.141174e+00 4.979592e-01 
2.148642e+00 4.979567e-01 
2.156110e+00 4.979543e-01 
2.163578e+00 4.979519e-01 
2.171046e+00 4.979494e-01 
2.178514e+00 4.979469e-01 
2.185982e+00 4.979445e-01 
2.193450e+00 4.979420e-01 
2.200918e+00 4.979396e-01 
2.208386e+00 4.979371e-01 
2.215854e+00 4.979347e-01 
2.223323e+00 4.979322e-01 
2.230791e+00 4.979298e-01 
2.238259e+00 4.979273e-01 
2.245727e+00 4.979248e-01 
2.253195e+00 4.979224e-01 
2.260663e+00 4.979199e-01 
2.268131e+00 4.979175e-01 
2.275599e+00 4.979150e-01 
1.902191e+00 5.037930e-01 
1.909659e+00 5.037907e-01 
1.917127e+00 5.037884e-01 
1.924595e+00 5.037861e-01 
1.932063e+00 5.037838e-01 
1.939531e+00 5.037815e-01 
1.947000e+00 5.037792e-01 
1.954468e+00 5.037769e-01 
1.961936e+00 5.037746e-01 
1.969404e+00 5.037723e-01 
1.976872e+00 5.037700e-01 
1.984340e+00 5.037677e-01 
1.991808e+00 5.037654e-01 
1.999276e+00 5.037631e-01 
2.006744e+00 5.037608e-01 
2.014212e+00 5.037585e-01 
2.021681e+00 5.037562e-01 
2.029149e+00 5.037539e-01 
2.036617e+00 5.037516e-01 
2.044085e+00 5.037493e-01 
2.051553e+00 5.037470e-01 
2.059021e+00 5.037446e-01 
2.066489e+00 5.037423e-01 
2.073957e+00 5.037400e-01 
2.081425e+00 5.037377e-01 
2.088893e+00 5.037354e-01 
2.096361e+00 5.037330e-01 
2.103830e+00 5.037307e-01 
2.111298e+00 5.037284e-01 
2.118766e+00 5.037261e-01 
2.126234e+00 5.037237e-01 
2.133702e+00 5.037214e-01 
2.141170e+00 5.037191e-01 
2.148638e+00 5.037168e-01 
2.156106e+00 5.037144e-01 
2.163574e+00 5.037121e-01 
2.171042e+00 5.037098e-01 
2.178510e+00 5.037074e-01 
2.185979e+00 5.037051e-01 
2.193447e+00 5.037028e-01 
2.200915e+00 5.037004e-01 
2.208383e+00 5.036981e-01 
2.215851e+00 5.036958e-01 
2.223319e+00 5.036934e-01 
2.230787e+00 5.036911e-01 
2.238255e+00 5.036887e-01 
2.245723e+00 5.036864e-01 
2.253191e+00 5.036841e-01 
2.260659e+00 5.036817e-01 
2.268128e+00 5.036794e-01 
2.275596e+00 5.036770e-01 
1.902186e+00 5.095496e-01 
1.909654e+00 5.095474e-01 
1.917122e+00 5.095452e-01 
1.924591e+00 5.095431e-01 
1.932059e+00 5.095409e-01 
1.939527e+00 5.095387e-01 
1.946995e+00 5.095365e-01 
1.954463e+00 5.095343e-01 
1.961931e+00 5.095322e-01 
1.969399e+00 5.095300e-01 
1.976868e+00 5.095278e-01 
1.984336e+00 5.095256e-01 
1.991804e+00 5.095234e-01 
1.999272e+00 5.095212e-01 
2.006740e+00 5.095190e-01 
2.014208e+00 5.095168e-01 
2.021676e+00 5.095146e-01 
2.029144e+00 5.095124e-01 
2.036613e+00 5.095102e-01 
2.044081e+00 5.095080e-01 
2.051549e+00 5.095058e-01 
2.059017e+00 5.095036e-01 
2.066485e+00 5.095014e-01 
2.073953e+00 5.094992e-01 
2.081421e+00 5.094970e-01 
2.088889e+00 5.094948e-01 
2.096358e+00 5.094926e-01 
2.103826e+00 5.094904e-01 
2.111294e+00 5.094882e-01 
2.118762e+00 5.094860e-01 
2.126230e+00 5.094838e-01 
2.133698e+00 5.094816e-01 
2.141166e+00 5.094794e-01 
2.148634e+00 5.094772e-01 
2.156103e+00 5.094749e-01 
2.163571e+00 5.094727e-01 
2.171039e+00 5.094705e-01 
2.178507e+00 5.094683e-01 
2.185975e+00 5.094661e-01 
2.193443e+00 5.094639e-01 
2.200911e+00 5.094616e-01 
2.208379e+00 5.094594e-01 
2.215848e+00 5.094572e-01 
2.223316e+00 5.094550e-01 
2.230784e+00 5.094527e-01 
2.238252e+00 5.094505e-01 
2.245720e+00 5.094483e-01 
2.253188e+00 5.094461e-01 
2.260656e+00 5.094438e-01 
2.268124e+00 5.094416e-01 
2.275593e+00 5.094394e-01 
1.902182e+00 5.153067e-01 
1.909650e+00 5.153046e-01 
1.917118e+00 5.153025e-01 
1.924586e+00 5.153005e-01 
1.932054e+00 5.152984e-01 
1.939522e+00 5.152963e-01 
1.946991e+00 5.152943e-01 
1.954459e+00 5.152922e-01 
1.961927e+00 5.152901e-01 
1.969395e+00 5.152880e-01 
1.976863e+00 5.152860e-01 
1.984331e+00 5.152839e-01 
1.991800e+00 5.152818e-01 
1.999268e+00 5.152797e-01 
2.006736e+00 5.152777e-01 
2.014204e+00 5.152756e-01 
2.021672e+00 5.152735e-01 
2.029140e+00 5.152714e-01 
2.036609e+00 5.152693e-01 
2.044077e+00 5.152672e-01 
2.051545e+00 5.152651e-01 
2.059013e+00 5.152631e-01 
2.066481e+00 5.152610e-01 
2.073949e+00 5.152589e-01 
2.081417e+00 5.152568e-01 
2.088886e+00 5.152547e-01 
2.096354e+00 5.152526e-01 
2.103822e+00 5.152505e-01 
2.111290e+00 5.152484e-01 
2.118758e+00 5.152463e-01 
2.126226e+00 5.152442e-01 
2.133695e+00 5.152421e-01 
2.141163e+00 5.152400e-01 
2.148631e+00 5.152379e-01 
2.156099e+00 5.152358e-01 
2.163567e+00 5.152337e-01 
2.171035e+00 5.152316e-01 
2.178504e+00 5.152295e-01 
2.185972e+00 5.152274e-01 
2.193440e+00 5.152253e-01 
2.200908e+00 5.152232e-01 
2.208376e+00 5.152211e-01 
2.215844e+00 5.152189e-01 
2.223312e+00 5.152168e-01 
2.230781e+00 5.152147e-01 
2.238249e+00 5.152126e-01 
2.245717e+00 5.152105e-01 
2.253185e+00 5.152084e-01 
2.260653e+00 5.152063e-01 
2.268121e+00 5.152041e-01 
2.275590e+00 5.152020e-01 
1.902177e+00 5.210642e-01 
1.909645e+00 5.210622e-01 
1.917114e+00 5.210603e-01 
1.924582e+00 5.210583e-01 
1.932050e+00 5.210563e-01 
1.939518e+00 5.210544e-01 
1.946986e+00 5.210524e-01 
1.954455e+00 5.210505e-01 
1.961923e+00 5.210485e-01 
1.969391e+00 5.210465e-01 
1.976859e+00 5.210446e-01 
1.984327e+00 5.210426e-01 
1.991796e+00 5.210406e-01 
1.999264e+00 5.210386e-01 
2.006732e+00 5.210367e-01 
2.014200e+00 5.210347e-01 
2.021668e+00 5.210327e-01 
2.029137e+00 5.210308e-01 
2.036605e+00 5.210288e-01 
2.044073e+00 5.210268e-01 
2.051541e+00 5.210248e-01 
2.059009e+00 5.210228e-01 
2.066477e+00 5.210208e-01 
2.073946e+00 5.210189e-01 
2.081414e+00 5.210169e-01 
2.088882e+00 5.210149e-01 
2.096350e+00 5.210129e-01 
2.103818e+00 5.210109e-01 
2.111287e+00 5.210089e-01 
2.118755e+00 5.210069e-01 
2.126223e+00 5.210050e-01 
2.133691e+00 5.210030e-01 
2.141159e+00 5.210010e-01 
2.148627e+00 5.209990e-01 
2.156096e+00 5.209970e-01 
2.163564e+00 5.209950e-01 
2.171032e+00 5.209930e-01 
2.178500e+00 5.209910e-01 
2.185968e+00 5.209890e-01 
2.193437e+00 5.209870e-01 
2.200905e+00 5.209850e-01 
2.208373e+00 5.209830e-01 
2.215841e+00 5.209810e-01 
2.223309e+00 5.209790e-01 
2.230778e+00 5.209770e-01 
2.238246e+00 5.209750e-01 
2.245714e+00 5.209730e-01 
2.253182e+00 5.209710e-01 
2.260650e+00 5.209690e-01 
2.268118e+00 5.209670e-01 
2.275587e+00 5.209650e-01 
1.902173e+00 5.268221e-01 
1.909641e+00 5.268203e-01 
1.917110e+00 5.268184e-01 
1.924578e+00 5.268166e-01 
1.932046e+00 5.268147e-01 
1.939514e+00 5.268128e-01 
1.946982e+00 5.268110e-01 
1.954451e+00 5.268091e-01 
1.961919e+00 5.268073e-01 
1.969387e+00 5.268054e-01 
1.976855e+00 5.268035e-01 
1.984324e+00 5.268017e-01 
1.991792e+00 5.267998e-01 
1.999260e+00 5.267979e-01 
2.006728e+00 5.267961e-01 
2.014196e+00 5.267942e-01 
2.021665e+00 5.267923e-01 
2.029133e+00 5.267905e-01 
2.036601e+00 5.267886e-01 
2.044069e+00 5.267867e-01 
2.051537e+00 5.267848e-01 
2.059006e+00 5.267830e-01 
2.066474e+00 5.267811e-01 
2.073942e+00 5.267792e-01 
2.081410e+00 5.267773e-01 
2.088879e+00 5.267755e-01 
2.096347e+00 5.267736e-01 
2.103815e+00 5.267717e-01 
2.111283e+00 5.267698e-01 
2.118751e+00 5.267679e-01 
2.126220e+00 5.267660e-01 
2.133688e+00 5.267642e-01 
2.141156e+00 5.267623e-01 
2.148624e+00 5.267604e-01 
2.156092e+00 5.267585e-01 
2.163561e+00 5.267566e-01 
2.171029e+00 5.267547e-01 
2.178497e+00 5.267528e-01 
2.185965e+00 5.267509e-01 
2.193434e+00 5.267491e-01 
2.200902e+00 5.267472e-01 
2.208370e+00 5.267453e-01 
2.215838e+00 5.267434e-01 
2.223306e+00 5.267415e-01 
2.230775e+00 5.267396e-01 
2.238243e+00 5.267377e-01 
2.245711e+00 5.267358e-01 
2.253179e+00 5.267339e-01 
2.260647e+00 5.267320e-01 
2.268116e+00 5.267301e-01 
2.275584e+00 5.267282e-01 
1.902169e+00 5.325805e-01 
1.909637e+00 5.325787e-01 
1.917106e+00 5.325770e-01 
1.924574e+00 5.325752e-01 
1.932042e+00 5.325735e-01 
1.939510e+00 5.325717e-01 
1.946979e+00 5.325699e-01 
1.954447e+00 5.325682e-01 
1.961915e+00 5.325664e-01 
1.969383e+00 5.325647e-01 
1.976852e+00 5.325629e-01 
1.984320e+00 5.325611e-01 
1.991788e+00 5.325594e-01 
1.999256e+00 5.325576e-01 
2.006725e+00 5.325559e-01 
2.014193e+00 5.325541e-01 
2.021661e+00 5.325523e-01 
2.029129e+00 5.325506e-01 
2.036598e+00 5.325488e-01 
2.044066e+00 5.325470e-01 
2.051534e+00 5.325452e-01 
2.059002e+00 5.325435e-01 
2.066470e+00 5.325417e-01 
2.073939e+00 5.325399e-01 
2.081407e+00 5.325381e-01 
2.088875e+00 5.325364e-01 
2.096343e+00 5.325346e-01 
2.103812e+00 5.325328e-01 
2.111280e+00 5.325310e-01 
2.118748e+00 5.325292e-01 
2.126216e+00 5.325275e-01 
2.133685e+00 5.325257e-01 
2.141153e+00 5.325239e-01 
2.148621e+00 5.325221e-01 
2.156089e+00 5.325203e-01 
2.163558e+00 5.325186e-01 
2.171026e+00 5.325168e-01 
2.178494e+00 5.325150e-01 
2.185962e+00 5.325132e-01 
2.193431e+00 5.325114e-01 
2.200899e+00 5.325096e-01 
2.208367e+00 5.325078e-01 
2.215835e+00 5.325060e-01 
2.223304e+00 5.325042e-01 
2.230772e+00 5.325025e-01 
2.238240e+00 5.325007e-01 
2.245708e+00 5.324989e-01 
2.253176e+00 5.324971e-01 
2.260645e+00 5.324953e-01 
2.268113e+00 5.324935e-01 
2.275581e+00 5.324917e-01 
1.902165e+00 5.383392e-01 
1.909633e+00 5.383376e-01 
1.917102e+00 5.383359e-01 
1.924570e+00 5.383342e-01 
1.932038e+00 5.383326e-01 
1.939507e+00 5.383309e-01 
1.946975e+00 5.383293e-01 
1.954443e+00 5.383276e-01 
1.961911e+00 5.383260e-01 
1.969380e+00 5.383243e-01 
1.976848e+00 5.383226e-01 
1.984316e+00 5.383210e-01 
1.991785e+00 5.383193e-01 
1.999253e+00 5.383177e-01 
2.006721e+00 5.383160e-01 
2.014189e+00 5.383143e-01 
2.021658e+00 5.383127e-01 
2.029126e+00 5.383110e-01 
2.036594e+00 5.383093e-01 
2.044062e+00 5.383076e-01 
2.051531e+00 5.383060e-01 
2.058999e+00 5.383043e-01 
2.066467e+00 5.383026e-01 
2.073935e+00 5.383009e-01 
2.081404e+00 5.382993e-01 
2.088872e+00 5.382976e-01 
2.096340e+00 5.382959e-01 
2.103809e+00 5.382942e-01 
2.111277e+00 5.382926e-01 
2.118745e+00 5.382909e-01 
2.126213e+00 5.382892e-01 
2.133682e+00 5.382875e-01 
2.141150e+00 5.382858e-01 
2.148618e+00 5.382842e-01 
2.156086e+00 5.382825e-01 
2.163555e+00 5.382808e-01 
2.171023e+00 5.382791e-01 
2.178491e+00 5.382774e-01 
2.185959e+00 5.382757e-01 
2.193428e+00 5.382740e-01 
2.200896e+00 5.382724e-01 
2.208364e+00 5.382707e-01 
2.215833e+00 5.382690e-01 
2.223301e+00 5.382673e-01 
2.230769e+00 5.382656e-01 
2.238237e+00 5.382639e-01 
2.245706e+00 5.382622e-01 
2.253174e+00 5.382605e-01 
2.260642e+00 5.382588e-01 
2.268110e+00 5.382571e-01 
2.275579e+00 5.382554e-01 
1.902162e+00 5.440983e-01 
1.909630e+00 5.440968e-01 
1.917098e+00 5.440952e-01 
1.924566e+00 5.440937e-01 
1.932035e+00 5.440921e-01 
1.939503e+00 5.440905e-01 
1.946971e+00 5.440890e-01 
1.954440e+00 5.440874e-01 
1.961908e+00 5.440859e-01 
1.969376e+00 5.440843e-01 
1.976845e+00 5.440827e-01 
1.984313e+00 5.440812e-01 
1.991781e+00 5.440796e-01 
1.999249e+00 5.440780e-01 
2.006718e+00 5.440765e-01 
2.014186e+00 5.440749e-01 
2.021654e+00 5.440733e-01 
2.029123e+00 5.440718e-01 
2.036591e+00 5.440702e-01 
2.044059e+00 5.440686e-01 
2.051528e+00 5.440670e-01 
2.058996e+00 5.440655e-01 
2.066464e+00 5.440639e-01 
2.073932e+00 5.440623e-01 
2.081401e+00 5.440607e-01 
2.088869e+00 5.440591e-01 
2.096337e+00 5.440576e-01 
2.103806e+00 5.440560e-01 
2.111274e+00 5.440544e-01 
2.118742e+00 5.440528e-01 
2.126210e+00 5.440512e-01 
2.133679e+00 5.440497e-01 
2.141147e+00 5.440481e-01 
2.148615e+00 5.440465e-01 
2.156084e+00 5.440449e-01 
2.163552e+00 5.440433e-01 
2.171020e+00 5.440417e-01 
2.178488e+00 5.440401e-01 
2.185957e+00 5.440386e-01 
2.193425e+00 5.440370e-01 
2.200893e+00 5.440354e-01 
2.208362e+00 5.440338e-01 
2.215830e+00 5.440322e-01 
2.223298e+00 5.440306e-01 
2.230766e+00 5.440290e-01 
2.238235e+00 5.440274e-01 
2.245703e+00 5.440258e-01 
2.253171e+00 5.440242e-01 
2.260640e+00 5.440226e-01 
2.268108e+00 5.440210e-01 
2.275576e+00 5.440194e-01 
1.902158e+00 5.498578e-01 
1.909626e+00 5.498563e-01 
1.917095e+00 5.498549e-01 
1.924563e+00 5.498534e-01 
1.932031e+00 5.498520e-01 
1.939500e+00 5.498505e-01 
1.946968e+00 5.498490e-01 
1.954436e+00 5.498476e-01 
1.961905e+00 5.498461e-01 
1.969373e+00 5.498446e-01 
1.976841e+00 5.498432e-01 
1.984310e+00 5.498417e-01 
1.991778e+00 5.498402e-01 
1.999246e+00 5.498387e-01 
2.006715e+00 5.498373e-01 
2.014183e+00 5.498358e-01 
2.021651e+00 5.498343e-01 
2.029120e+00 5.498328e-01 
2.036588e+00 5.498314e-01 
2.044056e+00 5.498299e-01 
2.051524e+00 5.498284e-01 
2.058993e+00 5.498269e-01 
2.066461e+00 5.498254e-01 
2.073929e+00 5.498240e-01 
2.081398e+00 5.498225e-01 
2.088866e+00 5.498210e-01 
2.096334e+00 5.498195e-01 
2.103803e+00 5.498180e-01 
2.111271e+00 5.498165e-01 
2.118739e+00 5.498151e-01 
2.126208e+00 5.498136e-01 
2.133676e+00 5.498121e-01 
2.141144e+00 5.498106e-01 
2.148613e+00 5.498091e-01 
2.156081e+00 5.498076e-01 
2.163549e+00 5.498061e-01 
2.171018e+00 5.498046e-01 
2.178486e+00 5.498031e-01 
2.185954e+00 5.498017e-01 
2.193422e+00 5.498002e-01 
2.200891e+00 5.497987e-01 
2.208359e+00 5.497972e-01 
2.215827e+00 5.497957e-01 
2.223296e+00 5.497942e-01 
2.230764e+00 5.497927e-01 
2.238232e+00 5.497912e-01 
2.245701e+00 5.497897e-01 
2.253169e+00 5.497882e-01 
2.260637e+00 5.497867e-01 
2.268106e+00 5.497852e-01 
2.275574e+00 5.497837e-01 
1.902155e+00 5.556177e-01 
1.909623e+00 5.556163e-01 
1.917091e+00 5.556149e-01 
1.924560e+00 5.556135e-01 
1.932028e+00 5.556122e-01 
1.939496e+00 5.556108e-01 
1.946965e+00 5.556094e-01 
1.954433e+00 5.556081e-01 
1.961901e+00 5.556067e-01 
1.969370e+00 5.556053e-01 
1.976838e+00 5.556039e-01 
1.984306e+00 5.556025e-01 
1.991775e+00 5.556012e-01 
1.999243e+00 5.555998e-01 
2.006712e+00 5.555984e-01 
2.014180e+00 5.555970e-01 
2.021648e+00 5.555956e-01 
2.029117e+00 5.555943e-01 
2.036585e+00 5.555929e-01 
2.044053e+00 5.555915e-01 
2.051522e+00 5.555901e-01 
2.058990e+00 5.555887e-01 
2.066458e+00 5.555873e-01 
2.073927e+00 5.555859e-01 
2.081395e+00 5.555845e-01 
2.088863e+00 5.555831e-01 
2.096332e+00 5.555818e-01 
2.103800e+00 5.555804e-01 
2.111268e+00 5.555790e-01 
2.118737e+00 5.555776e-01 
2.126205e+00 5.555762e-01 
2.133673e+00 5.555748e-01 
2.141142e+00 5.555734e-01 
2.148610e+00 5.555720e-01 
2.156078e+00 5.555706e-01 
2.163547e+00 5.555692e-01 
2.171015e+00 5.555678e-01 
2.178483e+00 5.555664e-01 
2.185952e+00 5.555650e-01 
2.193420e+00 5.555636e-01 
2.200888e+00 5.555622e-01 
2.208357e+00 5.555608e-01 
2.215825e+00 5.555594e-01 
2.223293e+00 5.555580e-01 
2.230762e+00 5.555566e-01 
2.238230e+00 5.555552e-01 
2.245698e+00 5.555538e-01 
2.253167e+00 5.555524e-01 
2.260635e+00 5.555510e-01 
2.268103e+00 5.555496e-01 
2.275572e+00 5.555482e-01 
1.902151e+00 5.613778e-01 
1.909620e+00 5.613766e-01 
1.917088e+00 5.613753e-01 
1.924557e+00 5.613740e-01 
1.932025e+00 5.613727e-01 
1.939493e+00 5.613714e-01 
1.946962e+00 5.613702e-01 
1.954430e+00 5.613689e-01 
1.961898e+00 5.613676e-01 
1.969367e+00 5.613663e-01 
1.976835e+00 5.613650e-01 
1.984304e+00 5.613637e-01 
1.991772e+00 5.613624e-01 
1.999240e+00 5.613611e-01 
2.006709e+00 5.613598e-01 
2.014177e+00 5.613586e-01 
2.021645e+00 5.613573e-01 
2.029114e+00 5.613560e-01 
2.036582e+00 5.613547e-01 
2.044050e+00 5.613534e-01 
2.051519e+00 5.613521e-01 
2.058987e+00 5.613508e-01 
2.066455e+00 5.613495e-01 
2.073924e+00 5.613482e-01 
2.081392e+00 5.613469e-01 
2.088861e+00 5.613456e-01 
2.096329e+00 5.613443e-01 
2.103797e+00 5.613430e-01 
2.111266e+00 5.613417e-01 
2.118734e+00 5.613404e-01 
2.126202e+00 5.613391e-01 
2.133671e+00 5.613378e-01 
2.141139e+00 5.613365e-01 
2.148607e+00 5.613352e-01 
2.156076e+00 5.613339e-01 
2.163544e+00 5.613325e-01 
2.171013e+00 5.613312e-01 
2.178481e+00 5.613299e-01 
2.185949e+00 5.613286e-01 
2.193418e+00 5.613273e-01 
2.200886e+00 5.613260e-01 
2.208354e+00 5.613247e-01 
2.215823e+00 5.613234e-01 
2.223291e+00 5.613221e-01 
2.230759e+00 5.613208e-01 
2.238228e+00 5.613195e-01 
2.245696e+00 5.613182e-01 
2.253164e+00 5.613168e-01 
2.260633e+00 5.613155e-01 
2.268101e+00 5.613142e-01 
2.275570e+00 5.613129e-01 
1.902148e+00 5.671384e-01 
1.909617e+00 5.671372e-01 
1.917085e+00 5.671360e-01 
1.924554e+00 5.671348e-01 
1.932022e+00 5.671336e-01 
1.939490e+00 5.671324e-01 
1.946959e+00 5.671312e-01 
1.954427e+00 5.671300e-01 
1.961895e+00 5.671288e-01 
1.969364e+00 5.671276e-01 
1.976832e+00 5.671264e-01 
1.984301e+00 5.671252e-01 
1.991769e+00 5.671240e-01 
1.999237e+00 5.671228e-01 
2.006706e+00 5.671216e-01 
2.014174e+00 5.671204e-01 
2.021643e+00 5.671192e-01 
2.029111e+00 5.671180e-01 
2.036579e+00 5.671168e-01 
2.044048e+00 5.671156e-01 
2.051516e+00 5.671144e-01 
2.058984e+00 5.671131e-01 
2.066453e+00 5.671119e-01 
2.073921e+00 5.671107e-01 
2.081390e+00 5.671095e-01 
2.088858e+00 5.671083e-01 
2.096326e+00 5.671071e-01 
2.103795e+00 5.671059e-01 
2.111263e+00 5.671047e-01 
2.118732e+00 5.671034e-01 
2.126200e+00 5.671022e-01 
2.133668e+00 5.671010e-01 
2.141137e+00 5.670998e-01 
2.148605e+00 5.670986e-01 
2.156073e+00 5.670974e-01 
2.163542e+00 5.670961e-01 
2.171010e+00 5.670949e-01 
2.178479e+00 5.670937e-01 
2.185947e+00 5.670925e-01 
2.193415e+00 5.670913e-01 
2.200884e+00 5.670901e-01 
2.208352e+00 5.670888e-01 
2.215820e+00 5.670876e-01 
2.223289e+00 5.670864e-01 
2.230757e+00 5.670852e-01 
2.238226e+00 5.670839e-01 
2.245694e+00 5.670827e-01 
2.253162e+00 5.670815e-01 
2.260631e+00 5.670803e-01 
2.268099e+00 5.670791e-01 
2.275568e+00 5.670778e-01 
1.902145e+00 5.728992e-01 
1.909614e+00 5.728981e-01 
1.917082e+00 5.728970e-01 
1.924551e+00 5.728959e-01 
1.932019e+00 5.728948e-01 
1.939487e+00 5.728937e-01 
1.946956e+00 5.728925e-01 
1.954424e+00 5.728914e-01 
1.961893e+00 5.728903e-01 
1.969361e+00 5.728892e-01 
1.976830e+00 5.728881e-01 
1.984298e+00 5.728870e-01 
1.991766e+00 5.728859e-01 
1.999235e+00 5.728847e-01 
2.006703e+00 5.728836e-01 
2.014172e+00 5.728825e-01 
2.021640e+00 5.728814e-01 
2.029108e+00 5.728803e-01 
2.036577e+00 5.728791e-01 
2.044045e+00 5.728780e-01 
2.051514e+00 5.728769e-01 
2.058982e+00 5.728758e-01 
2.066450e+00 5.728746e-01 
2.073919e+00 5.728735e-01 
2.081387e+00 5.728724e-01 
2.088856e+00 5.728713e-01 
2.096324e+00 5.728701e-01 
2.103792e+00 5.728690e-01 
2.111261e+00 5.728679e-01 
2.118729e+00 5.728668e-01 
2.126198e+00 5.728656e-01 
2.133666e+00 5.728645e-01 
2.141134e+00 5.728634e-01 
2.148603e+00 5.728622e-01 
2.156071e+00 5.728611e-01 
2.163540e+00 5.728600e-01 
2.171008e+00 5.728589e-01 
2.178476e+00 5.728577e-01 
2.185945e+00 5.728566e-01 
2.193413e+00 5.728555e-01 
2.200882e+00 5.728543e-01 
2.208350e+00 5.728532e-01 
2.215818e+00 5.728521e-01 
2.223287e+00 5.728509e-01 
2.230755e+00 5.728498e-01 
2.238224e+00 5.728487e-01 
2.245692e+00 5.728475e-01 
2.253160e+00 5.728464e-01 
2.260629e+00 5.728453e-01 
2.268097e+00 5.728441e-01 
2.275566e+00 5.728430e-01 
1.902143e+00 5.786603e-01 
1.909611e+00 5.786593e-01 
1.917079e+00 5.786583e-01 
1.924548e+00 5.786573e-01 
1.932016e+00 5.786562e-01 
1.939485e+00 5.786552e-01 
1.946953e+00 5.786542e-01 
1.954422e+00 5.786532e-01 
1.961890e+00 5.786521e-01 
1.969358e+00 5.786511e-01 
1.976827e+00 5.786501e-01 
1.984295e+00 5.786490e-01 
1.991764e+00 5.786480e-01 
1.999232e+00 5.786470e-01 
2.006701e+00 5.786459e-01 
2.014169e+00 5.786449e-01 
2.021637e+00 5.786439e-01 
2.029106e+00 5.786428e-01 
2.036574e+00 5.786418e-01 
2.044043e+00 5.786407e-01 
2.051511e+00 5.786397e-01 
2.058980e+00 5.786387e-01 
2.066448e+00 5.786376e-01 
2.073916e+00 5.786366e-01 
2.081385e+00 5.786355e-01 
2.088853e+00 5.786345e-01 
2.096322e+00 5.786335e-01 
2.103790e+00 5.786324e-01 
2.111258e+00 5.786314e-01 
2.118727e+00 5.786303e-01 
2.126195e+00 5.786293e-01 
2.133664e+00 5.786282e-01 
2.141132e+00 5.786272e-01 
2.148601e+00 5.786262e-01 
2.156069e+00 5.786251e-01 
2.163537e+00 5.786241e-01 
2.171006e+00 5.786230e-01 
2.178474e+00 5.786220e-01 
2.185943e+00 5.786209e-01 
2.193411e+00 5.786199e-01 
2.200880e+00 5.786188e-01 
2.208348e+00 5.786178e-01 
2.215816e+00 5.786167e-01 
2.223285e+00 5.786157e-01 
2.230753e+00 5.786146e-01 
2.238222e+00 5.786136e-01 
2.245690e+00 5.786125e-01 
2.253158e+00 5.786115e-01 
2.260627e+00 5.786104e-01 
2.268095e+00 5.786094e-01 
2.275564e+00 5.786083e-01 
1.902140e+00 5.844218e-01 
1.909608e+00 5.844208e-01 
1.917077e+00 5.844199e-01 
1.924545e+00 5.844190e-01 
1.932014e+00 5.844180e-01 
1.939482e+00 5.844171e-01 
1.946951e+00 5.844161e-01 
1.954419e+00 5.844152e-01 
1.961888e+00 5.844142e-01 
1.969356e+00 5.844133e-01 
1.976824e+00 5.844123e-01 
1.984293e+00 5.844114e-01 
1.991761e+00 5.844104e-01 
1.999230e+00 5.844095e-01 
2.006698e+00 5.844085e-01 
2.014167e+00 5.844076e-01 
2.021635e+00 5.844066e-01 
2.029103e+00 5.844056e-01 
2.036572e+00 5.844047e-01 
2.044040e+00 5.844037e-01 
2.051509e+00 5.844028e-01 
2.058977e+00 5.844018e-01 
2.066446e+00 5.844009e-01 
2.073914e+00 5.843999e-01 
2.081383e+00 5.843989e-01 
2.088851e+00 5.843980e-01 
2.096319e+00 5.843970e-01 
2.103788e+00 5.843961e-01 
2.111256e+00 5.843951e-01 
2.118725e+00 5.843941e-01 
2.126193e+00 5.843932e-01 
2.133662e+00 5.843922e-01 
2.141130e+00 5.843912e-01 
2.148599e+00 5.843903e-01 
2.156067e+00 5.843893e-01 
2.163535e+00 5.843884e-01 
2.171004e+00 5.843874e-01 
2.178472e+00 5.843864e-01 
2.185941e+00 5.843855e-01 
2.193409e+00 5.843845e-01 
2.200878e+00 5.843835e-01 
2.208346e+00 5.843826e-01 
2.215814e+00 5.843816e-01 
2.223283e+00 5.843806e-01 
2.230751e+00 5.843797e-01 
2.238220e+00 5.843787e-01 
2.245688e+00 5.843777e-01 
2.253157e+00 5.843768e-01 
2.260625e+00 5.843758e-01 
2.268094e+00 5.843748e-01 
2.275562e+00 5.843739e-01 
1.902137e+00 5.901835e-01 
1.909606e+00 5.901826e-01 
1.917074e+00 5.901818e-01 
1.924543e+00 5.901809e-01 
1.932011e+00 5.901800e-01 
1.939480e+00 5.901792e-01 
1.946948e+00 5.901783e-01 
1.954417e+00 5.901774e-01 
1.961885e+00 5.901766e-01 
1.969354e+00 5.901757e-01 
1.976822e+00 5.901748e-01 
1.984290e+00 5.901740e-01 
1.991759e+00 5.901731e-01 
1.999227e+00 5.901722e-01 
2.006696e+00 5.901713e-01 
2.014164e+00 5.901705e-01 
2.021633e+00 5.901696e-01 
2.029101e+00 5.901687e-01 
2.036570e+00 5.901678e-01 
2.044038e+00 5.901670e-01 
2.051507e+00 5.901661e-01 
2.058975e+00 5.901652e-01 
2.066444e+00 5.901643e-01 
2.073912e+00 5.901634e-01 
2.081380e+00 5.901626e-01 
2.088849e+00 5.901617e-01 
2.096317e+00 5.901608e-01 
2.103786e+00 5.901599e-01 
2.111254e+00 5.901590e-01 
2.118723e+00 5.901582e-01 
2.126191e+00 5.901573e-01 
2.133660e+00 5.901564e-01 
2.141128e+00 5.901555e-01 
2.148597e+00 5.901546e-01 
2.156065e+00 5.901538e-01 
2.163533e+00 5.901529e-01 
2.171002e+00 5.901520e-01 
2.178470e+00 5.901511e-01 
2.185939e+00 5.901502e-01 
2.193407e+00 5.901493e-01 
2.200876e+00 5.901484e-01 
2.208344e+00 5.901476e-01 
2.215813e+00 5.901467e-01 
2.223281e+00 5.901458e-01 
2.230750e+00 5.901449e-01 
2.238218e+00 5.901440e-01 
2.245686e+00 5.901431e-01 
2.253155e+00 5.901422e-01 
2.260623e+00 5.901414e-01 
2.268092e+00 5.901405e-01 
2.275560e+00 5.901396e-01 
1.902135e+00 5.959455e-01 
1.909603e+00 5.959447e-01 
1.917072e+00 5.959439e-01 
1.924540e+00 5.959431e-01 
1.932009e+00 5.959423e-01 
1.939477e+00 5.959416e-01 
1.946946e+00 5.959408e-01 
1.954414e+00 5.959400e-01 
1.961883e+00 5.959392e-01 
1.969351e+00 5.959384e-01 
1.976820e+00 5.959376e-01 
1.984288e+00 5.959368e-01 
1.991757e+00 5.959360e-01 
1.999225e+00 5.959352e-01 
2.006694e+00 5.959344e-01 
2.014162e+00 5.959336e-01 
2.021631e+00 5.959328e-01 
2.029099e+00 5.959320e-01 
2.036568e+00 5.959312e-01 
2.044036e+00 5.959304e-01 
2.051504e+00 5.959296e-01 
2.058973e+00 5.959288e-01 
2.066441e+00 5.959280e-01 
2.073910e+00 5.959272e-01 
2.081378e+00 5.959264e-01 
2.088847e+00 5.959256e-01 
2.096315e+00 5.959248e-01 
2.103784e+00 5.959240e-01 
2.111252e+00 5.959232e-01 
2.118721e+00 5.959224e-01 
2.126189e+00 5.959216e-01 
2.133658e+00 5.959208e-01 
2.141126e+00 5.959200e-01 
2.148595e+00 5.959192e-01 
2.156063e+00 5.959184e-01 
2.163532e+00 5.959176e-01 
2.171000e+00 5.959168e-01 
2.178468e+00 5.959160e-01 
2.185937e+00 5.959152e-01 
2.193405e+00 5.959144e-01 
2.200874e+00 5.959136e-01 
2.208342e+00 5.959127e-01 
2.215811e+00 5.959119e-01 
2.223279e+00 5.959111e-01 
2.230748e+00 5.959103e-01 
2.238216e+00 5.959095e-01 
2.245685e+00 5.959087e-01 
2.253153e+00 5.959079e-01 
2.260622e+00 5.959071e-01 
2.268090e+00 5.959063e-01 
2.275559e+00 5.959055e-01 
1.902133e+00 6.017077e-01 
1.909601e+00 6.017070e-01 
1.917070e+00 6.017063e-01 
1.924538e+00 6.017056e-01 
1.932007e+00 6.017049e-01 
1.939475e+00 6.017042e-01 
1.946944e+00 6.017035e-01 
1.954412e+00 6.017027e-01 
1.961881e+00 6.017020e-01 
1.969349e+00 6.017013e-01 
1.976818e+00 6.017006e-01 
1.984286e+00 6.016999e-01 
1.991755e+00 6.016991e-01 
1.999223e+00 6.016984e-01 
2.006692e+00 6.016977e-01 
2.014160e+00 6.016970e-01 
2.021628e+00 6.016963e-01 
2.029097e+00 6.016955e-01 
2.036565e+00 6.016948e-01 
2.044034e+00 6.016941e-01 
2.051502e+00 6.016934e-01 
2.058971e+00 6.016927e-01 
2.066439e+00 6.016919e-01 
2.073908e+00 6.016912e-01 
2.081376e+00 6.016905e-01 
2.088845e+00 6.016898e-01 
2.096313e+00 6.016890e-01 
2.103782e+00 6.016883e-01 
2.111250e+00 6.016876e-01 
2.118719e+00 6.016869e-01 
2.126187e+00 6.016861e-01 
2.133656e+00 6.016854e-01 
2.141124e+00 6.016847e-01 
2.148593e+00 6.016839e-01 
2.156061e+00 6.016832e-01 
2.163530e+00 6.016825e-01 
2.170998e+00 6.016818e-01 
2.178467e+00 6.016810e-01 
2.185935e+00 6.016803e-01 
2.193404e+00 6.016796e-01 
2.200872e+00 6.016788e-01 
2.208341e+00 6.016781e-01 
2.215809e+00 6.016774e-01 
2.223278e+00 6.016767e-01 
2.230746e+00 6.016759e-01 
2.238215e+00 6.016752e-01 
2.245683e+00 6.016745e-01 
2.253152e+00 6.016737e-01 
2.260620e+00 6.016730e-01 
2.268089e+00 6.016723e-01 
2.275557e+00 6.016716e-01 
1.902130e+00 6.074702e-01 
1.909599e+00 6.074696e-01 
1.917067e+00 6.074689e-01 
1.924536e+00 6.074683e-01 
1.932004e+00 6.074677e-01 
1.939473e+00 6.074670e-01 
1.946941e+00 6.074664e-01 
1.954410e+00 6.074657e-01 
1.961878e+00 6.074651e-01 
1.969347e+00 6.074644e-01 
1.976815e+00 6.074638e-01 
1.984284e+00 6.074632e-01 
1.991752e+00 6.074625e-01 
1.999221e+00 6.074619e-01 
2.006689e+00 6.074612e-01 
2.014158e+00 6.074606e-01 
2.021627e+00 6.074599e-01 
2.029095e+00 6.074593e-01 
2.036564e+00 6.074586e-01 
2.044032e+00 6.074580e-01 
2.051501e+00 6.074573e-01 
2.058969e+00 6.074567e-01 
2.066438e+00 6.074560e-01 
2.073906e+00 6.074554e-01 
2.081375e+00 6.074547e-01 
2.088843e+00 6.074541e-01 
2.096312e+00 6.074534e-01 
2.103780e+00 6.074528e-01 
2.111249e+00 6.074521e-01 
2.118717e+00 6.074515e-01 
2.126186e+00 6.074508e-01 
2.133654e+00 6.074502e-01 
2.141123e+00 6.074495e-01 
2.148591e+00 6.074489e-01 
2.156060e+00 6.074482e-01 
2.163528e+00 6.074476e-01 
2.170997e+00 6.074469e-01 
2.178465e+00 6.074463e-01 
2.185934e+00 6.074456e-01 
2.193402e+00 6.074450e-01 
2.200871e+00 6.074443e-01 
2.208339e+00 6.074437e-01 
2.215808e+00 6.074430e-01 
2.223276e+00 6.074424e-01 
2.230745e+00 6.074417e-01 
2.238213e+00 6.074410e-01 
2.245682e+00 6.074404e-01 
2.253150e+00 6.074397e-01 
2.260619e+00 6.074391e-01 
2.268087e+00 6.074384e-01 
2.275556e+00 6.074378e-01 
1.902128e+00 6.132329e-01 
1.909597e+00 6.132323e-01 
1.917065e+00 6.132318e-01 
1.924534e+00 6.132312e-01 
1.932002e+00 6.132306e-01 
1.939471e+00 6.132301e-01 
1.946939e+00 6.132295e-01 
1.954408e+00 6.132289e-01 
1.961876e+00 6.132284e-01 
1.969345e+00 6.132278e-01 
1.976813e+00 6.132272e-01 
1.984282e+00 6.132267e-01 
1.991751e+00 6.132261e-01 
1.999219e+00 6.132255e-01 
2.006688e+00 6.132249e-01 
2.014156e+00 6.132244e-01 
2.021625e+00 6.132238e-01 
2.029093e+00 6.132232e-01 
2.036562e+00 6.132226e-01 
2.044030e+00 6.132221e-01 
2.051499e+00 6.132215e-01 
2.058967e+00 6.132209e-01 
2.066436e+00 6.132203e-01 
2.073904e+00 6.132198e-01 
2.081373e+00 6.132192e-01 
2.088841e+00 6.132186e-01 
2.096310e+00 6.132180e-01 
2.103778e+00 6.132175e-01 
2.111247e+00 6.132169e-01 
2.118715e+00 6.132163e-01 
2.126184e+00 6.132157e-01 
2.133652e+00 6.132152e-01 
2.141121e+00 6.132146e-01 
2.148589e+00 6.132140e-01 
2.156058e+00 6.132134e-01 
2.163526e+00 6.132128e-01 
2.170995e+00 6.132123e-01 
2.178463e+00 6.132117e-01 
2.185932e+00 6.132111e-01 
2.193401e+00 6.132105e-01 
2.200869e+00 6.132099e-01 
2.208338e+00 6.132094e-01 
2.215806e+00 6.132088e-01 
2.223275e+00 6.132082e-01 
2.230743e+00 6.132076e-01 
2.238212e+00 6.132070e-01 
2.245680e+00 6.132065e-01 
2.253149e+00 6.132059e-01 
2.260617e+00 6.132053e-01 
2.268086e+00 6.132047e-01 
2.275554e+00 6.132042e-01 
1.902126e+00 6.189958e-01 
1.909595e+00 6.189953e-01 
1.917063e+00 6.189948e-01 
1.924532e+00 6.189943e-01 
1.932000e+00 6.189938e-01 
1.939469e+00 6.189933e-01 
1.946937e+00 6.189929e-01 
1.954406e+00 6.189924e-01 
1.961875e+00 6.189919e-01 
1.969343e+00 6.189914e-01 
1.976812e+00 6.189909e-01 
1.984280e+00 6.189904e-01 
1.991749e+00 6.189899e-01 
1.999217e+00 6.189894e-01 
2.006686e+00 6.189889e-01 
2.014154e+00 6.189884e-01 
2.021623e+00 6.189879e-01 
2.029091e+00 6.189874e-01 
2.036560e+00 6.189868e-01 
2.044028e+00 6.189863e-01 
2.051497e+00 6.189858e-01 
2.058965e+00 6.189853e-01 
2.066434e+00 6.189848e-01 
2.073903e+00 6.189843e-01 
2.081371e+00 6.189838e-01 
2.088840e+00 6.189833e-01 
2.096308e+00 6.189828e-01 
2.103777e+00 6.189823e-01 
2.111245e+00 6.189818e-01 
2.118714e+00 6.189813e-01 
2.126182e+00 6.189808e-01 
2.133651e+00 6.189803e-01 
2.141119e+00 6.189798e-01 
2.148588e+00 6.189793e-01 
2.156056e+00 6.189788e-01 
2.163525e+00 6.189783e-01 
2.170993e+00 6.189778e-01 
2.178462e+00 6.189772e-01 
2.185930e+00 6.189767e-01 
2.193399e+00 6.189762e-01 
2.200868e+00 6.189757e-01 
2.208336e+00 6.189752e-01 
2.215805e+00 6.189747e-01 
2.223273e+00 6.189742e-01 
2.230742e+00 6.189737e-01 
2.238210e+00 6.189732e-01 
2.245679e+00 6.189727e-01 
2.253147e+00 6.189722e-01 
2.260616e+00 6.189717e-01 
2.268084e+00 6.189712e-01 
2.275553e+00 6.189707e-01 
1.902124e+00 6.247589e-01 
1.909593e+00 6.247585e-01 
1.917061e+00 6.247581e-01 
1.924530e+00 6.247577e-01 
1.931998e+00 6.247572e-01 
1.939467e+00 6.247568e-01 
1.946936e+00 6.247564e-01 
1.954404e+00 6.247560e-01 
1.961873e+00 6.247555e-01 
1.969341e+00 6.247551e-01 
1.976810e+00 6.247547e-01 
1.984278e+00 6.247542e-01 
1.991747e+00 6.247538e-01 
1.999215e+00 6.247534e-01 
2.006684e+00 6.247529e-01 
2.014153e+00 6.247525e-01 
2.021621e+00 6.247521e-01 
2.029090e+00 6.247517e-01 
2.036558e+00 6.247512e-01 
2.044027e+00 6.247508e-01 
2.051495e+00 6.247504e-01 
2.058964e+00 6.247499e-01 
2.066432e+00 6.247495e-01 
2.073901e+00 6.247490e-01 
2.081369e+00 6.247486e-01 
2.088838e+00 6.247482e-01 
2.096307e+00 6.247477e-01 
2.103775e+00 6.247473e-01 
2.111244e+00 6.247469e-01 
2.118712e+00 6.247464e-01 
2.126181e+00 6.247460e-01 
2.133649e+00 6.247456e-01 
2.141118e+00 6.247451e-01 
2.148586e+00 6.247447e-01 
2.156055e+00 6.247443e-01 
2.163523e+00 6.247438e-01 
2.170992e+00 6.247434e-01 
2.178461e+00 6.247430e-01 
2.185929e+00 6.247425e-01 
2.193398e+00 6.247421e-01 
2.200866e+00 6.247417e-01 
2.208335e+00 6.247412e-01 
2.215803e+00 6.247408e-01 
2.223272e+00 6.247404e-01 
2.230740e+00 6.247399e-01 
2.238209e+00 6.247395e-01 
2.245677e+00 6.247390e-01 
2.253146e+00 6.247386e-01 
2.260614e+00 6.247382e-01 
2.268083e+00 6.247377e-01 
2.275552e+00 6.247373e-01 
1.902122e+00 6.305222e-01 
1.909591e+00 6.305219e-01 
1.917060e+00 6.305215e-01 
1.924528e+00 6.305212e-01 
1.931997e+00 6.305208e-01 
1.939465e+00 6.305204e-01 
1.946934e+00 6.305201e-01 
1.954402e+00 6.305197e-01 
1.961871e+00 6.305194e-01 
1.969339e+00 6.305190e-01 
1.976808e+00 6.305186e-01 
1.984277e+00 6.305183e-01 
1.991745e+00 6.305179e-01 
1.999214e+00 6.305176e-01 
2.006682e+00 6.305172e-01 
2.014151e+00 6.305168e-01 
2.021619e+00 6.305165e-01 
2.029088e+00 6.305161e-01 
2.036557e+00 6.305157e-01 
2.044025e+00 6.305154e-01 
2.051494e+00 6.305150e-01 
2.058962e+00 6.305147e-01 
2.066431e+00 6.305143e-01 
2.073899e+00 6.305139e-01 
2.081368e+00 6.305136e-01 
2.088836e+00 6.305132e-01 
2.096305e+00 6.305128e-01 
2.103774e+00 6.305125e-01 
2.111242e+00 6.305121e-01 
2.118711e+00 6.305117e-01 
2.126179e+00 6.305114e-01 
2.133648e+00 6.305110e-01 
2.141116e+00 6.305106e-01 
2.148585e+00 6.305103e-01 
2.156053e+00 6.305099e-01 
2.163522e+00 6.305095e-01 
2.170991e+00 6.305092e-01 
2.178459e+00 6.305088e-01 
2.185928e+00 6.305084e-01 
2.193396e+00 6.305081e-01 
2.200865e+00 6.305077e-01 
2.208333e+00 6.305074e-01 
2.215802e+00 6.305070e-01 
2.223270e+00 6.305066e-01 
2.230739e+00 6.305063e-01 
2.238208e+00 6.305059e-01 
2.245676e+00 6.305055e-01 
2.253145e+00 6.305052e-01 
2.260613e+00 6.305048e-01 
2.268082e+00 6.305044e-01 
2.275550e+00 6.305041e-01 
1.902121e+00 6.362857e-01 
1.909589e+00 6.362854e-01 
1.917058e+00 6.362851e-01 
1.924526e+00 6.362848e-01 
1.931995e+00 6.362845e-01 
1.939464e+00 6.362842e-01 
1.946932e+00 6.362840e-01 
1.954401e+00 6.362837e-01 
1.961869e+00 6.362834e-01 
1.969338e+00 6.362831e-01 
1.976806e+00 6.362828e-01 
1.984275e+00 6.362825e-01 
1.991744e+00 6.362822e-01 
1.999212e+00 6.362819e-01 
2.006681e+00 6.362816e-01 
2.014149e+00 6.362813e-01 
2.021618e+00 6.362810e-01 
2.029086e+00 6.362807e-01 
2.036555e+00 6.362804e-01 
2.044024e+00 6.362801e-01 
2.051492e+00 6.362798e-01 
2.058961e+00 6.362795e-01 
2.066429e+00 6.362792e-01 
2.073898e+00 6.362789e-01 
2.081366e+00 6.362786e-01 
2.088835e+00 6.362783e-01 
2.096304e+00 6.362781e-01 
2.103772e+00 6.362778e-01 
2.111241e+00 6.362775e-01 
2.118709e+00 6.362772e-01 
2.126178e+00 6.362769e-01 
2.133646e+00 6.362766e-01 
2.141115e+00 6.362763e-01 
2.148584e+00 6.362760e-01 
2.156052e+00 6.362757e-01 
2.163521e+00 6.362754e-01 
2.170989e+00 6.362751e-01 
2.178458e+00 6.362748e-01 
2.185926e+00 6.362745e-01 
2.193395e+00 6.362742e-01 
2.200864e+00 6.362739e-01 
2.208332e+00 6.362736e-01 
2.215801e+00 6.362733e-01 
2.223269e+00 6.362730e-01 
2.230738e+00 6.362727e-01 
2.238206e+00 6.362724e-01 
2.245675e+00 6.362721e-01 
2.253143e+00 6.362718e-01 
2.260612e+00 6.362715e-01 
2.268081e+00 6.362712e-01 
2.275549e+00 6.362709e-01 
1.902119e+00 6.420493e-01 
1.909588e+00 6.420491e-01 
1.917056e+00 6.420489e-01 
1.924525e+00 6.420486e-01 
1.931993e+00 6.420484e-01 
1.939462e+00 6.420482e-01 
1.946930e+00 6.420480e-01 
1.954399e+00 6.420477e-01 
1.961868e+00 6.420475e-01 
1.969336e+00 6.420473e-01 
1.976805e+00 6.420471e-01 
1.984273e+00 6.420468e-01 
1.991742e+00 6.420466e-01 
1.999211e+00 6.420464e-01 
2.006679e+00 6.420461e-01 
2.014148e+00 6.420459e-01 
2.021616e+00 6.420457e-01 
2.029085e+00 6.420455e-01 
2.036554e+00 6.420452e-01 
2.044022e+00 6.420450e-01 
2.051491e+00 6.420448e-01 
2.058959e+00 6.420445e-01 
2.066428e+00 6.420443e-01 
2.073896e+00 6.420441e-01 
2.081365e+00 6.420439e-01 
2.088834e+00 6.420436e-01 
2.096302e+00 6.420434e-01 
2.103771e+00 6.420432e-01 
2.111239e+00 6.420429e-01 
2.118708e+00 6.420427e-01 
2.126176e+00 6.420425e-01 
2.133645e+00 6.420422e-01 
2.141114e+00 6.420420e-01 
2.148582e+00 6.420418e-01 
2.156051e+00 6.420416e-01 
2.163519e+00 6.420413e-01 
2.170988e+00 6.420411e-01 
2.178457e+00 6.420409e-01 
2.185925e+00 6.420406e-01 
2.193394e+00 6.420404e-01 
2.200862e+00 6.420402e-01 
2.208331e+00 6.420400e-01 
2.215799e+00 6.420397e-01 
2.223268e+00 6.420395e-01 
2.230737e+00 6.420393e-01 
2.238205e+00 6.420390e-01 
2.245674e+00 6.420388e-01 
2.253142e+00 6.420386e-01 
2.260611e+00 6.420384e-01 
2.268079e+00 6.420381e-01 
2.275548e+00 6.420379e-01 
1.902117e+00 6.478131e-01 
1.909586e+00 6.478129e-01 
1.917055e+00 6.478127e-01 
1.924523e+00 6.478126e-01 
1.931992e+00 6.478124e-01 
1.939460e+00 6.478123e-01 
1.946929e+00 6.478121e-01 
1.954398e+00 6.478119e-01 
1.961866e+00 6.478118e-01 
1.969335e+00 6.478116e-01 
1.976803e+00 6.478115e-01 
1.984272e+00 6.478113e-01 
1.991741e+00 6.478111e-01 
1.999209e+00 6.478110e-01 
2.006678e+00 6.478108e-01 
2.014146e+00 6.478107e-01 
2.021615e+00 6.478105e-01 
2.029084e+00 6.478103e-01 
2.036552e+00 6.478102e-01 
2.044021e+00 6.478100e-01 
2.051489e+00 6.478098e-01 
2.058958e+00 6.478097e-01 
2.066426e+00 6.478095e-01 
2.073895e+00 6.478093e-01 
2.081364e+00 6.478092e-01 
2.088832e+00 6.478090e-01 
2.096301e+00 6.478089e-01 
2.103769e+00 6.478087e-01 
2.111238e+00 6.478085e-01 
2.118707e+00 6.478084e-01 
2.126175e+00 6.478082e-01 
2.133644e+00 6.478080e-01 
2.141112e+00 6.478079e-01 
2.148581e+00 6.478077e-01 
2.156050e+00 6.478075e-01 
2.163518e+00 6.478074e-01 
2.170987e+00 6.478072e-01 
2.178455e+00 6.478071e-01 
2.185924e+00 6.478069e-01 
2.193393e+00 6.478067e-01 
2.200861e+00 6.478066e-01 
2.208330e+00 6.478064e-01 
2.215798e+00 6.478063e-01 
2.223267e+00 6.478061e-01 
2.230735e+00 6.478059e-01 
2.238204e+00 6.478058e-01 
2.245673e+00 6.478056e-01 
2.253141e+00 6.478054e-01 
2.260610e+00 6.478053e-01 
2.268078e+00 6.478051e-01 
2.275547e+00 6.478050e-01 
1.902116e+00 6.535769e-01 
1.909584e+00 6.535768e-01 
1.917053e+00 6.535767e-01 
1.924522e+00 6.535766e-01 
1.931990e+00 6.535766e-01 
1.939459e+00 6.535765e-01 
1.946927e+00 6.535764e-01 
1.954396e+00 6.535763e-01 
1.961865e+00 6.535762e-01 
1.969333e+00 6.535761e-01 
1.976802e+00 6.535760e-01 
1.984271e+00 6.535759e-01 
1.991739e+00 6.535758e-01 
1.999208e+00 6.535757e-01 
2.006676e+00 6.535756e-01 
2.014145e+00 6.535755e-01 
2.021614e+00 6.535754e-01 
2.029082e+00 6.535753e-01 
2.036551e+00 6.535752e-01 
2.044019e+00 6.535751e-01 
2.051488e+00 6.535750e-01 
2.058957e+00 6.535749e-01 
2.066425e+00 6.535748e-01 
2.073894e+00 6.535747e-01 
2.081362e+00 6.535746e-01 
2.088831e+00 6.535745e-01 
2.096300e+00 6.535744e-01 
2.103768e+00 6.535743e-01 
2.111237e+00 6.535742e-01 
2.118705e+00 6.535741e-01 
2.126174e+00 6.535740e-01 
2.133643e+00 6.535739e-01 
2.141111e+00 6.535738e-01 
2.148580e+00 6.535737e-01 
2.156048e+00 6.535736e-01 
2.163517e+00 6.535735e-01 
2.170986e+00 6.535734e-01 
2.178454e+00 6.535733e-01 
2.185923e+00 6.535732e-01 
2.193391e+00 6.535731e-01 
2.200860e+00 6.535730e-01 
2.208329e+00 6.535730e-01 
2.215797e+00 6.535729e-01 
2.223266e+00 6.535728e-01 
2.230734e+00 6.535727e-01 
2.238203e+00 6.535726e-01 
2.245672e+00 6.535725e-01 
2.253140e+00 6.535724e-01 
2.260609e+00 6.535723e-01 
2.268077e+00 6.535722e-01 
2.275546e+00 6.535721e-01 
1.902114e+00 6.593409e-01 
1.909583e+00 6.593409e-01 
1.917052e+00 6.593408e-01 
1.924520e+00 6.593408e-01 
1.931989e+00 6.593408e-01 
1.939457e+00 6.593407e-01 
1.946926e+00 6.593407e-01 
1.954395e+00 6.593407e-01 
1.961863e+00 6.593407e-01 
1.969332e+00 6.593406e-01 
1.976801e+00 6.593406e-01 
1.984269e+00 6.593406e-01 
1.991738e+00 6.593405e-01 
1.999206e+00 6.593405e-01 
2.006675e+00 6.593405e-01 
2.014144e+00 6.593404e-01 
2.021612e+00 6.593404e-01 
2.029081e+00 6.593404e-01 
2.036549e+00 6.593403e-01 
2.044018e+00 6.593403e-01 
2.051487e+00 6.593403e-01 
2.058955e+00 6.593402e-01 
2.066424e+00 6.593402e-01 
2.073893e+00 6.593402e-01 
2.081361e+00 6.593401e-01 
2.088830e+00 6.593401e-01 
2.096298e+00 6.593400e-01 
2.103767e+00 6.593400e-01 
2.111236e+00 6.593400e-01 
2.118704e+00 6.593399e-01 
2.126173e+00 6.593399e-01 
2.133641e+00 6.593399e-01 
2.141110e+00 6.593398e-01 
2.148579e+00 6.593398e-01 
2.156047e+00 6.593398e-01 
2.163516e+00 6.593398e-01 
2.170984e+00 6.593397e-01 
2.178453e+00 6.593397e-01 
2.185922e+00 6.593397e-01 
2.193390e+00 6.593396e-01 
2.200859e+00 6.593396e-01 
2.208328e+00 6.593396e-01 
2.215796e+00 6.593395e-01 
2.223265e+00 6.593395e-01 
2.230733e+00 6.593395e-01 
2.238202e+00 6.593394e-01 
2.245671e+00 6.593394e-01 
2.253139e+00 6.593394e-01 
2.260608e+00 6.593394e-01 
2.268076e+00 6.593393e-01 
2.275545e+00 6.593393e-01 
1.902113e+00 6.651050e-01 
1.909582e+00 6.651050e-01 
1.917050e+00 6.651050e-01 
1.924519e+00 6.651051e-01 
1.931987e+00 6.651051e-01 
1.939456e+00 6.651051e-01 
1.946925e+00 6.651052e-01 
1.954393e+00 6.651052e-01 
1.961862e+00 6.651052e-01 
1.969331e+00 6.651053e-01 
1.976799e+00 6.651053e-01 
1.984268e+00 6.651053e-01 
1.991736e+00 6.651053e-01 
1.999205e+00 6.651054e-01 
2.006674e+00 6.651054e-01 
2.014142e+00 6.651054e-01 
2.021611e+00 6.651055e-01 
2.029080e+00 6.651055e-01 
2.036548e+00 6.651055e-01 
2.044017e+00 6.651056e-01 
2.051485e+00 6.651056e-01 
2.058954e+00 6.651056e-01 
2.066423e+00 6.651056e-01 
2.073891e+00 6.651057e-01 
2.081360e+00 6.651057e-01 
2.088829e+00 6.651057e-01 
2.096297e+00 6.651058e-01 
2.103766e+00 6.651058e-01 
2.111234e+00 6.651058e-01 
2.118703e+00 6.651059e-01 
2.126172e+00 6.651059e-01 
2.133640e+00 6.651059e-01 
2.141109e+00 6.651059e-01 
2.148578e+00 6.651060e-01 
2.156046e+00 6.651060e-01 
2.163515e+00 6.651060e-01 
2.170983e+00 6.651061e-01 
2.178452e+00 6.651061e-01 
2.185921e+00 6.651061e-01 
2.193389e+00 6.651062e-01 
2.200858e+00 6.651062e-01 
2.208327e+00 6.651062e-01 
2.215795e+00 6.651063e-01 
2.223264e+00 6.651063e-01 
2.230732e+00 6.651063e-01 
2.238201e+00 6.651064e-01 
2.245670e+00 6.651064e-01 
2.253138e+00 6.651065e-01 
2.260607e+00 6.651065e-01 
2.268075e+00 6.651065e-01 
2.275544e+00 6.651066e-01 
1.902112e+00 6.708691e-01 
1.909580e+00 6.708692e-01 
1.917049e+00 6.708693e-01 
1.924518e+00 6.708694e-01 
1.931986e+00 6.708695e-01 
1.939455e+00 6.708696e-01 
1.946923e+00 6.708697e-01 
1.954392e+00 6.708698e-01 
1.961861e+00 6.708699e-01 
1.969329e+00 6.708699e-01 
1.976798e+00 6.708700e-01 
1.984267e+00 6.708701e-01 
1.991735e+00 6.708702e-01 
1.999204e+00 6.708703e-01 
2.006673e+00 6.708704e-01 
2.014141e+00 6.708705e-01 
2.021610e+00 6.708706e-01 
2.029078e+00 6.708707e-01 
2.036547e+00 6.708708e-01 
2.044016e+00 6.708709e-01 
2.051484e+00 6.708710e-01 
2.058953e+00 6.708711e-01 
2.066422e+00 6.708712e-01 
2.073890e+00 6.708712e-01 
2.081359e+00 6.708713e-01 
2.088827e+00 6.708714e-01 
2.096296e+00 6.708715e-01 
2.103765e+00 6.708716e-01 
2.111233e+00 6.708717e-01 
2.118702e+00 6.708718e-01 
2.126171e+00 6.708719e-01 
2.133639e+00 6.708720e-01 
2.141108e+00 6.708721e-01 
2.148577e+00 6.708722e-01 
2.156045e+00 6.708723e-01 
2.163514e+00 6.708724e-01 
2.170982e+00 6.708725e-01 
2.178451e+00 6.708726e-01 
2.185920e+00 6.708727e-01 
2.193388e+00 6.708728e-01 
2.200857e+00 6.708729e-01 
2.208326e+00 6.708730e-01 
2.215794e+00 6.708731e-01 
2.223263e+00 6.708732e-01 
2.230731e+00 6.708733e-01 
2.238200e+00 6.708734e-01 
2.245669e+00 6.708735e-01 
2.253137e+00 6.708736e-01 
2.260606e+00 6.708737e-01 
2.268075e+00 6.708738e-01 
2.275543e+00 6.708739e-01 
1.902110e+00 6.766333e-01 
1.909579e+00 6.766334e-01 
1.917048e+00 6.766336e-01 
1.924516e+00 6.766338e-01 
1.931985e+00 6.766339e-01 
1.939454e+00 6.766341e-01 
1.946922e+00 6.766342e-01 
1.954391e+00 6.766344e-01 
1.961860e+00 6.766345e-01 
1.969328e+00 6.766347e-01 
1.976797e+00 6.766348e-01 
1.984265e+00 6.766350e-01 
1.991734e+00 6.766352e-01 
1.999203e+00 6.766353e-01 
2.006671e+00 6.766355e-01 
2.014140e+00 6.766356e-01 
2.021609e+00 6.766358e-01 
2.029077e+00 6.766359e-01 
2.036546e+00 6.766361e-01 
2.044015e+00 6.766362e-01 
2.051483e+00 6.766364e-01 
2.058952e+00 6.766366e-01 
2.066420e+00 6.766367e-01 
2.073889e+00 6.766369e-01 
2.081358e+00 6.766370e-01 
2.088826e+00 6.766372e-01 
2.096295e+00 6.766373e-01 
2.103764e+00 6.766375e-01 
2.111232e+00 6.766377e-01 
2.118701e+00 6.766378e-01 
2.126170e+00 6.766380e-01 
2.133638e+00 6.766381e-01 
2.141107e+00 6.766383e-01 
2.148576e+00 6.766384e-01 
2.156044e+00 6.766386e-01 
2.163513e+00 6.766388e-01 
2.170981e+00 6.766389e-01 
2.178450e+00 6.766391e-01 
2.185919e+00 6.766392e-01 
2.193387e+00 6.766394e-01 
2.200856e+00 6.766396e-01 
2.208325e+00 6.766397e-01 
2.215793e+00 6.766399e-01 
2.223262e+00 6.766401e-01 
2.230731e+00 6.766402e-01 
2.238199e+00 6.766404e-01 
2.245668e+00 6.766405e-01 
2.253136e+00 6.766407e-01 
2.260605e+00 6.766409e-01 
2.268074e+00 6.766410e-01 
2.275542e+00 6.766412e-01 
1.902109e+00 6.823975e-01 
1.909578e+00 6.823977e-01 
1.917046e+00 6.823979e-01 
1.924515e+00 6.823981e-01 
1.931984e+00 6.823984e-01 
1.939452e+00 6.823986e-01 
1.946921e+00 6.823988e-01 
1.954390e+00 6.823990e-01 
1.961858e+00 6.823992e-01 
1.969327e+00 6.823995e-01 
1.976796e+00 6.823997e-01 
1.984264e+00 6.823999e-01 
1.991733e+00 6.824001e-01 
1.999202e+00 6.824003e-01 
2.006670e+00 6.824005e-01 
2.014139e+00 6.824008e-01 
2.021608e+00 6.824010e-01 
2.029076e+00 6.824012e-01 
2.036545e+00 6.824014e-01 
2.044014e+00 6.824016e-01 
2.051482e+00 6.824019e-01 
2.058951e+00 6.824021e-01 
2.066419e+00 6.824023e-01 
2.073888e+00 6.824025e-01 
2.081357e+00 6.824027e-01 
2.088825e+00 6.824029e-01 
2.096294e+00 6.824032e-01 
2.103763e+00 6.824034e-01 
2.111231e+00 6.824036e-01 
2.118700e+00 6.824038e-01 
2.126169e+00 6.824040e-01 
2.133637e+00 6.824043e-01 
2.141106e+00 6.824045e-01 
2.148575e+00 6.824047e-01 
2.156043e+00 6.824049e-01 
2.163512e+00 6.824052e-01 
2.170981e+00 6.824054e-01 
2.178449e+00 6.824056e-01 
2.185918e+00 6.824058e-01 
2.193386e+00 6.824061e-01 
2.200855e+00 6.824063e-01 
2.208324e+00 6.824065e-01 
2.215792e+00 6.824067e-01 
2.223261e+00 6.824070e-01 
2.230730e+00 6.824072e-01 
2.238198e+00 6.824074e-01 
2.245667e+00 6.824076e-01 
2.253136e+00 6.824079e-01 
2.260604e+00 6.824081e-01 
2.268073e+00 6.824083e-01 
2.275542e+00 6.824086e-01 
1.902108e+00 6.881617e-01 
1.909577e+00 6.881620e-01 
1.917045e+00 6.881623e-01 
1.924514e+00 6.881626e-01 
1.931983e+00 6.881628e-01 
1.939451e+00 6.881631e-01 
1.946920e+00 6.881634e-01 
1.954389e+00 6.881637e-01 
1.961857e+00 6.881640e-01 
1.969326e+00 6.881642e-01 
1.976795e+00 6.881645e-01 
1.984263e+00 6.881648e-01 
1.991732e+00 6.881651e-01 
1.999201e+00 6.881654e-01 
2.006669e+00 6.881656e-01 
2.014138e+00 6.881659e-01 
2.021607e+00 6.881662e-01 
2.029075e+00 6.881665e-01 
2.036544e+00 6.881668e-01 
2.044012e+00 6.881670e-01 
2.051481e+00 6.881673e-01 
2.058950e+00 6.881676e-01 
2.066418e+00 6.881679e-01 
2.073887e+00 6.881682e-01 
2.081356e+00 6.881684e-01 
2.088824e+00 6.881687e-01 
2.096293e+00 6.881690e-01 
2.103762e+00 6.881693e-01 
2.111230e+00 6.881696e-01 
2.118699e+00 6.881699e-01 
2.126168e+00 6.881701e-01 
2.133636e+00 6.881704e-01 
2.141105e+00 6.881707e-01 
2.148574e+00 6.881710e-01 
2.156042e+00 6.881713e-01 
2.163511e+00 6.881716e-01 
2.170980e+00 6.881718e-01 
2.178448e+00 6.881721e-01 
2.185917e+00 6.881724e-01 
2.193386e+00 6.881727e-01 
2.200854e+00 6.881730e-01 
2.208323e+00 6.881733e-01 
2.215792e+00 6.881736e-01 
2.223260e+00 6.881739e-01 
2.230729e+00 6.881742e-01 
2.238198e+00 6.881745e-01 
2.245666e+00 6.881747e-01 
2.253135e+00 6.881750e-01 
2.260603e+00 6.881753e-01 
2.268072e+00 6.881756e-01 
2.275541e+00 6.881759e-01 
1.902107e+00 6.939259e-01 
1.909576e+00 6.939263e-01 
1.917044e+00 6.939266e-01 
1.924513e+00 6.939270e-01 
1.931982e+00 6.939273e-01 
1.939450e+00 6.939276e-01 
1.946919e+00 6.939280e-01 
1.954388e+00 6.939283e-01 
1.961856e+00 6.939287e-01 
1.969325e+00 6.939290e-01 
1.976794e+00 6.939293e-01 
1.984262e+00 6.939297e-01 
1.991731e+00 6.939300e-01 
1.999200e+00 6.939304e-01 
2.006668e+00 6.939307e-01 
2.014137e+00 6.939311e-01 
2.021606e+00 6.939314e-01 
2.029074e+00 6.939317e-01 
2.036543e+00 6.939321e-01 
2.044012e+00 6.939324e-01 
2.051480e+00 6.939328e-01 
2.058949e+00 6.939331e-01 
2.066418e+00 6.939335e-01 
2.073886e+00 6.939338e-01 
2.081355e+00 6.939341e-01 
2.088824e+00 6.939345e-01 
2.096292e+00 6.939348e-01 
2.103761e+00 6.939352e-01 
2.111229e+00 6.939355e-01 
2.118698e+00 6.939359e-01 
2.126167e+00 6.939362e-01 
2.133635e+00 6.939366e-01 
2.141104e+00 6.939369e-01 
2.148573e+00 6.939373e-01 
2.156041e+00 6.939376e-01 
2.163510e+00 6.939380e-01 
2.170979e+00 6.939383e-01 
2.178447e+00 6.939387e-01 
2.185916e+00 6.939390e-01 
2.193385e+00 6.939394e-01 
2.200853e+00 6.939397e-01 
2.208322e+00 6.939401e-01 
2.215791e+00 6.939404e-01 
2.223259e+00 6.939408e-01 
2.230728e+00 6.939411e-01 
2.238197e+00 6.939415e-01 
2.245665e+00 6.939418e-01 
2.253134e+00 6.939422e-01 
2.260603e+00 6.939425e-01 
2.268071e+00 6.939429e-01 
2.275540e+00 6.939433e-01 
1.902106e+00 6.996901e-01 
1.909574e+00 6.996905e-01 
1.917043e+00 6.996909e-01 
1.924512e+00 6.996913e-01 
1.931980e+00 6.996917e-01 
1.939449e+00 6.996921e-01 
1.946918e+00 6.996925e-01 
1.954387e+00 6.996929e-01 
1.961855e+00 6.996933e-01 
1.969324e+00 6.996937e-01 
1.976793e+00 6.996941e-01 
1.984261e+00 6.996946e-01 
1.991730e+00 6.996950e-01 
1.999199e+00 6.996954e-01 
2.006667e+00 6.996958e-01 
2.014136e+00 6.996962e-01 
2.021605e+00 6.996966e-01 
2.029073e+00 6.996970e-01 
2.036542e+00 6.996974e-01 
2.044011e+00 6.996978e-01 
2.051479e+00 6.996982e-01 
2.058948e+00 6.996986e-01 
2.066417e+00 6.996990e-01 
2.073885e+00 6.996994e-01 
2.081354e+00 6.996998e-01 
2.088823e+00 6.997002e-01 
2.096291e+00 6.997006e-01 
2.103760e+00 6.997010e-01 
2.111229e+00 6.997014e-01 
2.118697e+00 6.997019e-01 
2.126166e+00 6.997023e-01 
2.133635e+00 6.997027e-01 
2.141103e+00 6.997031e-01 
2.148572e+00 6.997035e-01 
2.156041e+00 6.997039e-01 
2.163509e+00 6.997043e-01 
2.170978e+00 6.997047e-01 
2.178447e+00 6.997051e-01 
2.185915e+00 6.997056e-01 
2.193384e+00 6.997060e-01 
2.200853e+00 6.997064e-01 
2.208321e+00 6.997068e-01 
2.215790e+00 6.997072e-01 
2.223259e+00 6.997076e-01 
2.230727e+00 6.997081e-01 
2.238196e+00 6.997085e-01 
2.245665e+00 6.997089e-01 
2.253133e+00 6.997093e-01 
2.260602e+00 6.997097e-01 
2.268071e+00 6.997102e-01 
2.275539e+00 6.997106e-01 
1.902105e+00 7.054542e-01 
1.909573e+00 7.054547e-01 
1.917042e+00 7.054552e-01 
1.924511e+00 7.054556e-01 
1.931980e+00 7.054561e-01 
1.939448e+00 7.054566e-01 
1.946917e+00 7.054570e-01 
1.954386e+00 7.054575e-01 
1.961854e+00 7.054580e-01 
1.969323e+00 7.054584e-01 
1.976792e+00 7.054589e-01 
1.984260e+00 7.054594e-01 
1.991729e+00 7.054598e-01 
1.999198e+00 7.054603e-01 
2.006666e+00 7.054608e-01 
2.014135e+00 7.054612e-01 
2.021604e+00 7.054617e-01 
2.029072e+00 7.054622e-01 
2.036541e+00 7.054626e-01 
2.044010e+00 7.054631e-01 
2.051478e+00 7.054636e-01 
2.058947e+00 7.054640e-01 
2.066416e+00 7.054645e-01 
2.073884e+00 7.054650e-01 
2.081353e+00 7.054654e-01 
2.088822e+00 7.054659e-01 
2.096290e+00 7.054664e-01 
2.103759e+00 7.054669e-01 
2.111228e+00 7.054673e-01 
2.118696e+00 7.054678e-01 
2.126165e+00 7.054683e-01 
2.133634e+00 7.054687e-01 
2.141103e+00 7.054692e-01 
2.148571e+00 7.054697e-01 
2.156040e+00 7.054702e-01 
2.163509e+00 7.054706e-01 
2.170977e+00 7.054711e-01 
2.178446e+00 7.054716e-01 
2.185915e+00 7.054721e-01 
2.193383e+00 7.054726e-01 
2.200852e+00 7.054730e-01 
2.208321e+00 7.054735e-01 
2.215789e+00 7.054740e-01 
2.223258e+00 7.054745e-01 
2.230727e+00 7.054750e-01 
2.238195e+00 7.054754e-01 
2.245664e+00 7.054759e-01 
2.253133e+00 7.054764e-01 
2.260601e+00 7.054769e-01 
2.268070e+00 7.054774e-01 
2.275539e+00 7.054779e-01 
1.902104e+00 7.112183e-01 
1.909572e+00 7.112188e-01 
1.917041e+00 7.112193e-01 
1.924510e+00 7.112199e-01 
1.931979e+00 7.112204e-01 
1.939447e+00 7.112209e-01 
1.946916e+00 7.112215e-01 
1.954385e+00 7.112220e-01 
1.961853e+00 7.112225e-01 
1.969322e+00 7.112230e-01 
1.976791e+00 7.112236e-01 
1.984259e+00 7.112241e-01 
1.991728e+00 7.112246e-01 
1.999197e+00 7.112252e-01 
2.006665e+00 7.112257e-01 
2.014134e+00 7.112262e-01 
2.021603e+00 7.112267e-01 
2.029072e+00 7.112273e-01 
2.036540e+00 7.112278e-01 
2.044009e+00 7.112283e-01 
2.051478e+00 7.112289e-01 
2.058946e+00 7.112294e-01 
2.066415e+00 7.112299e-01 
2.073884e+00 7.112305e-01 
2.081352e+00 7.112310e-01 
2.088821e+00 7.112315e-01 
2.096290e+00 7.112321e-01 
2.103758e+00 7.112326e-01 
2.111227e+00 7.112331e-01 
2.118696e+00 7.112337e-01 
2.126164e+00 7.112342e-01 
2.133633e+00 7.112347e-01 
2.141102e+00 7.112353e-01 
2.148570e+00 7.112358e-01 
2.156039e+00 7.112364e-01 
2.163508e+00 7.112369e-01 
2.170976e+00 7.112374e-01 
2.178445e+00 7.112380e-01 
2.185914e+00 7.112385e-01 
2.193383e+00 7.112391e-01 
2.200851e+00 7.112396e-01 
2.208320e+00 7.112402e-01 
2.215789e+00 7.112407e-01 
2.223257e+00 7.112412e-01 
2.230726e+00 7.112418e-01 
2.238195e+00 7.112423e-01 
2.245663e+00 7.112429e-01 
2.253132e+00 7.112434e-01 
2.260601e+00 7.112440e-01 
2.268069e+00 7.112445e-01 
2.275538e+00 7.112451e-01 
1.902103e+00 7.169822e-01 
1.909572e+00 7.169828e-01 
1.917040e+00 7.169834e-01 
1.924509e+00 7.169840e-01 
1.931978e+00 7.169846e-01 
1.939446e+00 7.169852e-01 
1.946915e+00 7.169858e-01 
1.954384e+00 7.169864e-01 
1.961852e+00 7.169870e-01 
1.969321e+00 7.169875e-01 
1.976790e+00 7.169881e-01 
1.984259e+00 7.169887e-01 
1.991727e+00 7.169893e-01 
1.999196e+00 7.169899e-01 
2.006665e+00 7.169905e-01 
2.014133e+00 7.169911e-01 
2.021602e+00 7.169917e-01 
2.029071e+00 7.169923e-01 
2.036539e+00 7.169929e-01 
2.044008e+00 7.169935e-01 
2.051477e+00 7.169941e-01 
2.058945e+00 7.169947e-01 
2.066414e+00 7.169953e-01 
2.073883e+00 7.169959e-01 
2.081352e+00 7.169965e-01 
2.088820e+00 7.169971e-01 
2.096289e+00 7.169977e-01 
2.103758e+00 7.169983e-01 
2.111226e+00 7.169989e-01 
2.118695e+00 7.169995e-01 
2.126164e+00 7.170001e-01 
2.133632e+00 7.170007e-01 
2.141101e+00 7.170013e-01 
2.148570e+00 7.170019e-01 
2.156038e+00 7.170025e-01 
2.163507e+00 7.170031e-01 
2.170976e+00 7.170037e-01 
2.178444e+00 7.170043e-01 
2.185913e+00 7.170049e-01 
2.193382e+00 7.170055e-01 
2.200851e+00 7.170061e-01 
2.208319e+00 7.170067e-01 
2.215788e+00 7.170073e-01 
2.223257e+00 7.170079e-01 
2.230725e+00 7.170086e-01 
2.238194e+00 7.170092e-01 
2.245663e+00 7.170098e-01 
2.253131e+00 7.170104e-01 
2.260600e+00 7.170110e-01 
2.268069e+00 7.170116e-01 
2.275537e+00 7.170122e-01 
1.902102e+00 7.227460e-01 
1.909571e+00 7.227467e-01 
1.917039e+00 7.227473e-01 
1.924508e+00 7.227480e-01 
1.931977e+00 7.227486e-01 
1.939446e+00 7.227493e-01 
1.946914e+00 7.227499e-01 
1.954383e+00 7.227506e-01 
1.961852e+00 7.227513e-01 
1.969320e+00 7.227519e-01 
1.976789e+00 7.227526e-01 
1.984258e+00 7.227532e-01 
1.991726e+00 7.227539e-01 
1.999195e+00 7.227545e-01 
2.006664e+00 7.227552e-01 
2.014133e+00 7.227559e-01 
2.021601e+00 7.227565e-01 
2.029070e+00 7.227572e-01 
2.036539e+00 7.227578e-01 
2.044007e+00 7.227585e-01 
2.051476e+00 7.227592e-01 
2.058945e+00 7.227598e-01 
2.066413e+00 7.227605e-01 
2.073882e+00 7.227611e-01 
2.081351e+00 7.227618e-01 
2.088819e+00 7.227625e-01 
2.096288e+00 7.227631e-01 
2.103757e+00 7.227638e-01 
2.111226e+00 7.227645e-01 
2.118694e+00 7.227651e-01 
2.126163e+00 7.227658e-01 
2.133632e+00 7.227665e-01 
2.141100e+00 7.227671e-01 
2.148569e+00 7.227678e-01 
2.156038e+00 7.227685e-01 
2.163506e+00 7.227691e-01 
2.170975e+00 7.227698e-01 
2.178444e+00 7.227705e-01 
2.185912e+00 7.227712e-01 
2.193381e+00 7.227718e-01 
2.200850e+00 7.227725e-01 
2.208319e+00 7.227732e-01 
2.215787e+00 7.227739e-01 
2.223256e+00 7.227745e-01 
2.230725e+00 7.227752e-01 
2.238193e+00 7.227759e-01 
2.245662e+00 7.227766e-01 
2.253131e+00 7.227772e-01 
2.260599e+00 7.227779e-01 
2.268068e+00 7.227786e-01 
2.275537e+00 7.227793e-01 
1.902101e+00 7.285096e-01 
1.909570e+00 7.285103e-01 
1.917039e+00 7.285111e-01 
1.924507e+00 7.285118e-01 
1.931976e+00 7.285125e-01 
1.939445e+00 7.285132e-01 
1.946913e+00 7.285140e-01 
1.954382e+00 7.285147e-01 
1.961851e+00 7.285154e-01 
1.969320e+00 7.285161e-01 
1.976788e+00 7.285168e-01 
1.984257e+00 7.285176e-01 
1.991726e+00 7.285183e-01 
1.999194e+00 7.285190e-01 
2.006663e+00 7.285197e-01 
2.014132e+00 7.285205e-01 
2.021600e+00 7.285212e-01 
2.029069e+00 7.285219e-01 
2.036538e+00 7.285226e-01 
2.044007e+00 7.285234e-01 
2.051475e+00 7.285241e-01 
2.058944e+00 7.285248e-01 
2.066413e+00 7.285255e-01 
2.073881e+00 7.285263e-01 
2.081350e+00 7.285270e-01 
2.088819e+00 7.285277e-01 
2.096287e+00 7.285285e-01 
2.103756e+00 7.285292e-01 
2.111225e+00 7.285299e-01 
2.118694e+00 7.285307e-01 
2.126162e+00 7.285314e-01 
2.133631e+00 7.285321e-01 
2.141100e+00 7.285329e-01 
2.148568e+00 7.285336e-01 
2.156037e+00 7.285343e-01 
2.163506e+00 7.285351e-01 
2.170974e+00 7.285358e-01 
2.178443e+00 7.285365e-01 
2.185912e+00 7.285373e-01 
2.193381e+00 7.285380e-01 
2.200849e+00 7.285388e-01 
2.208318e+00 7.285395e-01 
2.215787e+00 7.285402e-01 
2.223255e+00 7.285410e-01 
2.230724e+00 7.285417e-01 
2.238193e+00 7.285425e-01 
2.245661e+00 7.285432e-01 
2.253130e+00 7.285440e-01 
2.260599e+00 7.285447e-01 
2.268068e+00 7.285455e-01 
2.275536e+00 7.285462e-01 
1.902100e+00 7.342730e-01 
1.909569e+00 7.342738e-01 
1.917038e+00 7.342746e-01 
1.924507e+00 7.342754e-01 
1.931975e+00 7.342762e-01 
1.939444e+00 7.342770e-01 
1.946913e+00 7.342778e-01 
1.954381e+00 7.342786e-01 
1.961850e+00 7.342794e-01 
1.969319e+00 7.342801e-01 
1.976787e+00 7.342809e-01 
1.984256e+00 7.342817e-01 
1.991725e+00 7.342825e-01 
1.999194e+00 7.342833e-01 
2.006662e+00 7.342841e-01 
2.014131e+00 7.342849e-01 
2.021600e+00 7.342857e-01 
2.029068e+00 7.342865e-01 
2.036537e+00 7.342873e-01 
2.044006e+00 7.342881e-01 
2.051475e+00 7.342888e-01 
2.058943e+00 7.342896e-01 
2.066412e+00 7.342904e-01 
2.073881e+00 7.342912e-01 
2.081349e+00 7.342920e-01 
2.088818e+00 7.342928e-01 
2.096287e+00 7.342936e-01 
2.103756e+00 7.342944e-01 
2.111224e+00 7.342952e-01 
2.118693e+00 7.342960e-01 
2.126162e+00 7.342968e-01 
2.133630e+00 7.342976e-01 
2.141099e+00 7.342984e-01 
2.148568e+00 7.342992e-01 
2.156036e+00 7.343000e-01 
2.163505e+00 7.343008e-01 
2.170974e+00 7.343016e-01 
2.178443e+00 7.343024e-01 
2.185911e+00 7.343033e-01 
2.193380e+00 7.343041e-01 
2.200849e+00 7.343049e-01 
2.208317e+00 7.343057e-01 
2.215786e+00 7.343065e-01 
2.223255e+00 7.343073e-01 
2.230724e+00 7.343081e-01 
2.238192e+00 7.343089e-01 
2.245661e+00 7.343098e-01 
2.253130e+00 7.343106e-01 
2.260598e+00 7.343114e-01 
2.268067e+00 7.343122e-01 
2.275536e+00 7.343130e-01 
1.902100e+00 7.400362e-01 
1.909568e+00 7.400371e-01 
1.917037e+00 7.400379e-01 
1.924506e+00 7.400388e-01 
1.931974e+00 7.400396e-01 
1.939443e+00 7.400405e-01 
1.946912e+00 7.400414e-01 
1.954381e+00 7.400422e-01 
1.961849e+00 7.400431e-01 
1.969318e+00 7.400439e-01 
1.976787e+00 7.400448e-01 
1.984255e+00 7.400456e-01 
1.991724e+00 7.400465e-01 
1.999193e+00 7.400474e-01 
2.006662e+00 7.400482e-01 
2.014130e+00 7.400491e-01 
2.021599e+00 7.400499e-01 
2.029068e+00 7.400508e-01 
2.036536e+00 7.400517e-01 
2.044005e+00 7.400525e-01 
2.051474e+00 7.400534e-01 
2.058943e+00 7.400543e-01 
2.066411e+00 7.400551e-01 
2.073880e+00 7.400560e-01 
2.081349e+00 7.400568e-01 
2.088817e+00 7.400577e-01 
2.096286e+00 7.400586e-01 
2.103755e+00 7.400594e-01 
2.111224e+00 7.400603e-01 
2.118692e+00 7.400612e-01 
2.126161e+00 7.400620e-01 
2.133630e+00 7.400629e-01 
2.141098e+00 7.400638e-01 
2.148567e+00 7.400647e-01 
2.156036e+00 7.400655e-01 
2.163505e+00 7.400664e-01 
2.170973e+00 7.400673e-01 
2.178442e+00 7.400682e-01 
2.185911e+00 7.400690e-01 
2.193379e+00 7.400699e-01 
2.200848e+00 7.400708e-01 
2.208317e+00 7.400717e-01 
2.215786e+00 7.400726e-01 
2.223254e+00 7.400734e-01 
2.230723e+00 7.400743e-01 
2.238192e+00 7.400752e-01 
2.245660e+00 7.400761e-01 
2.253129e+00 7.400770e-01 
2.260598e+00 7.400779e-01 
2.268067e+00 7.400788e-01 
2.275535e+00 7.400797e-01 
BC
-1
-1
-1
-1
-1
-1
-1
-1
-1
-1
-1
-1
-1
-1
-1
-1
-1
-1
-1
-1
-1
-1
-1
-1
-1
-1
-1
-1
-1
-1
-1
-1
-1
-1
-1
-1
-1
-1
-1
-1
-1
-1
-1
-1
-1
-1
-1
-1
-1
-1
-1
-1
-1
-1
-1
-1
-1
-1
-1
-1
-1
-1
-1
-1
-1
-1
-1
-1
-1
-1
-1
-1
-1
-1
-1
-1
-1
-1
-1
-1
-1
-1
-1
-1
-1
-1
-1
-1
-1
-1
-1
-1
-1
-1
-1
-1
-1
-1
-1
-1
-1
-1
-1
-1
-1
-1
-1
-1
-1
-1
-1
-1
-1
-1
-1
-1
-1
-1
-1
-1
-1
-1
-1
-1
-1
-1
-1
-1
-1
-1
-1
-1
-1
-1
-1
-1
-1
-1
-1
-1
-1
-1
-1
-1
-1
-1
-1
-1
-1
-1
-1
-1
-1
-1
-1
-1
-1
-1
-1
-1
-1
-1
-1
-1
-1
-1
-1
-1
-1
-1
-1
-1
-1
-1
-1
-1
-1
-1
-1
-1
-1
-1
-1
-1
-1
-1
-1
-1
-1
-1
-1
-1
-1
-1
