npartb: 4 2 
ipartb: 2 0 
ngrid: 102 27 
1.156488e+00 2.646430e-01 
1.157896e+00 2.646133e-01 
1.159315e+00 2.645833e-01 
1.160746e+00 2.645530e-01 
1.162187e+00 2.645226e-01 
1.163640e+00 2.644919e-01 
1.165105e+00 2.644609e-01 
1.166581e+00 2.644297e-01 
1.168069e+00 2.643983e-01 
1.169568e+00 2.643666e-01 
1.171080e+00 2.643346e-01 
1.172603e+00 2.643024e-01 
1.174139e+00 2.642700e-01 
1.175687e+00 2.642373e-01 
1.177247e+00 2.642043e-01 
1.178820e+00 2.641711e-01 
1.180405e+00 2.641376e-01 
1.182002e+00 2.641038e-01 
1.183613e+00 2.640698e-01 
1.185236e+00 2.640355e-01 
1.186873e+00 2.640009e-01 
1.188522e+00 2.639660e-01 
1.190185e+00 2.639309e-01 
1.191861e+00 2.638955e-01 
1.193551e+00 2.638598e-01 
1.195254e+00 2.638238e-01 
1.196970e+00 2.637875e-01 
1.198701e+00 2.637509e-01 
1.200446e+00 2.637141e-01 
1.202204e+00 2.636769e-01 
1.203977e+00 2.636394e-01 
1.205764e+00 2.636017e-01 
1.207566e+00 2.635636e-01 
1.209382e+00 2.635252e-01 
1.211213e+00 2.634865e-01 
1.213058e+00 2.634475e-01 
1.214919e+00 2.634082e-01 
1.216794e+00 2.633686e-01 
1.218685e+00 2.633286e-01 
1.220591e+00 2.632883e-01 
1.222513e+00 2.632477e-01 
1.224450e+00 2.632068e-01 
1.226403e+00 2.631655e-01 
1.228372e+00 2.631239e-01 
1.230357e+00 2.630820e-01 
1.232358e+00 2.630397e-01 
1.234375e+00 2.629971e-01 
1.236409e+00 2.629541e-01 
1.238459e+00 2.629107e-01 
1.240526e+00 2.628671e-01 
1.242610e+00 2.628230e-01 
1.244711e+00 2.627786e-01 
1.246830e+00 2.627339e-01 
1.248965e+00 2.626887e-01 
1.251118e+00 2.626432e-01 
1.253288e+00 2.625974e-01 
1.255477e+00 2.625511e-01 
1.257683e+00 2.625045e-01 
1.259907e+00 2.624575e-01 
1.262150e+00 2.624101e-01 
1.264411e+00 2.623623e-01 
1.266690e+00 2.623142e-01 
1.268988e+00 2.622656e-01 
1.271305e+00 2.622166e-01 
1.273641e+00 2.621673e-01 
1.275997e+00 2.621175e-01 
1.278371e+00 2.620673e-01 
1.280765e+00 2.620167e-01 
1.283179e+00 2.619657e-01 
1.285613e+00 2.619143e-01 
1.288067e+00 2.618624e-01 
1.290541e+00 2.618101e-01 
1.293035e+00 2.617574e-01 
1.295550e+00 2.617043e-01 
1.298085e+00 2.616507e-01 
1.300642e+00 2.615967e-01 
1.303219e+00 2.615422e-01 
1.305818e+00 2.614873e-01 
1.308439e+00 2.614319e-01 
1.311081e+00 2.613761e-01 
1.313744e+00 2.613198e-01 
1.316430e+00 2.612630e-01 
1.319138e+00 2.612058e-01 
1.321868e+00 2.611481e-01 
1.324621e+00 2.610899e-01 
1.327397e+00 2.610313e-01 
1.330196e+00 2.609721e-01 
1.333018e+00 2.609125e-01 
1.335863e+00 2.608524e-01 
1.338731e+00 2.607917e-01 
1.341624e+00 2.607306e-01 
1.344540e+00 2.606690e-01 
1.347481e+00 2.606068e-01 
1.350446e+00 2.605442e-01 
1.353436e+00 2.604810e-01 
1.356450e+00 2.604173e-01 
1.359489e+00 2.603531e-01 
1.362554e+00 2.602883e-01 
1.365644e+00 2.602230e-01 
1.368760e+00 2.601572e-01 
1.371901e+00 2.600908e-01 
1.375069e+00 2.600238e-01 
1.156488e+00 2.653889e-01 
1.157897e+00 2.653598e-01 
1.159316e+00 2.653304e-01 
1.160746e+00 2.653008e-01 
1.162188e+00 2.652709e-01 
1.163641e+00 2.652408e-01 
1.165105e+00 2.652105e-01 
1.166582e+00 2.651799e-01 
1.168069e+00 2.651491e-01 
1.169569e+00 2.651181e-01 
1.171080e+00 2.650867e-01 
1.172604e+00 2.650552e-01 
1.174140e+00 2.650234e-01 
1.175687e+00 2.649913e-01 
1.177247e+00 2.649590e-01 
1.178820e+00 2.649265e-01 
1.180405e+00 2.648936e-01 
1.182003e+00 2.648605e-01 
1.183613e+00 2.648272e-01 
1.185237e+00 2.647936e-01 
1.186873e+00 2.647597e-01 
1.188523e+00 2.647255e-01 
1.190185e+00 2.646911e-01 
1.191862e+00 2.646564e-01 
1.193551e+00 2.646214e-01 
1.195254e+00 2.645861e-01 
1.196971e+00 2.645506e-01 
1.198702e+00 2.645147e-01 
1.200446e+00 2.644786e-01 
1.202205e+00 2.644422e-01 
1.203978e+00 2.644055e-01 
1.205765e+00 2.643684e-01 
1.207566e+00 2.643311e-01 
1.209382e+00 2.642935e-01 
1.211213e+00 2.642556e-01 
1.213059e+00 2.642174e-01 
1.214919e+00 2.641789e-01 
1.216795e+00 2.641400e-01 
1.218686e+00 2.641009e-01 
1.220592e+00 2.640614e-01 
1.222513e+00 2.640216e-01 
1.224451e+00 2.639815e-01 
1.226404e+00 2.639410e-01 
1.228373e+00 2.639002e-01 
1.230357e+00 2.638591e-01 
1.232358e+00 2.638177e-01 
1.234376e+00 2.637759e-01 
1.236410e+00 2.637338e-01 
1.238460e+00 2.636913e-01 
1.240527e+00 2.636485e-01 
1.242611e+00 2.636054e-01 
1.244712e+00 2.635618e-01 
1.246830e+00 2.635180e-01 
1.248966e+00 2.634738e-01 
1.251118e+00 2.634292e-01 
1.253289e+00 2.633842e-01 
1.255477e+00 2.633389e-01 
1.257683e+00 2.632932e-01 
1.259908e+00 2.632471e-01 
1.262150e+00 2.632007e-01 
1.264411e+00 2.631539e-01 
1.266691e+00 2.631067e-01 
1.268989e+00 2.630591e-01 
1.271306e+00 2.630111e-01 
1.273642e+00 2.629627e-01 
1.275997e+00 2.629139e-01 
1.278372e+00 2.628648e-01 
1.280766e+00 2.628152e-01 
1.283180e+00 2.627652e-01 
1.285613e+00 2.627148e-01 
1.288067e+00 2.626640e-01 
1.290541e+00 2.626127e-01 
1.293035e+00 2.625611e-01 
1.295550e+00 2.625090e-01 
1.298086e+00 2.624565e-01 
1.300642e+00 2.624035e-01 
1.303220e+00 2.623502e-01 
1.305819e+00 2.622963e-01 
1.308439e+00 2.622421e-01 
1.311081e+00 2.621873e-01 
1.313745e+00 2.621322e-01 
1.316431e+00 2.620766e-01 
1.319139e+00 2.620205e-01 
1.321869e+00 2.619639e-01 
1.324622e+00 2.619069e-01 
1.327398e+00 2.618494e-01 
1.330196e+00 2.617915e-01 
1.333018e+00 2.617330e-01 
1.335863e+00 2.616741e-01 
1.338732e+00 2.616147e-01 
1.341625e+00 2.615548e-01 
1.344541e+00 2.614944e-01 
1.347482e+00 2.614335e-01 
1.350447e+00 2.613721e-01 
1.353436e+00 2.613102e-01 
1.356451e+00 2.612478e-01 
1.359490e+00 2.611848e-01 
1.362555e+00 2.611213e-01 
1.365645e+00 2.610573e-01 
1.368760e+00 2.609928e-01 
1.371902e+00 2.609278e-01 
1.375069e+00 2.608622e-01 
1.156489e+00 2.661349e-01 
1.157897e+00 2.661063e-01 
1.159316e+00 2.660775e-01 
1.160747e+00 2.660485e-01 
1.162188e+00 2.660193e-01 
1.163641e+00 2.659898e-01 
1.165106e+00 2.659601e-01 
1.166582e+00 2.659301e-01 
1.168070e+00 2.658999e-01 
1.169569e+00 2.658695e-01 
1.171081e+00 2.658389e-01 
1.172604e+00 2.658079e-01 
1.174140e+00 2.657768e-01 
1.175688e+00 2.657454e-01 
1.177248e+00 2.657137e-01 
1.178821e+00 2.656818e-01 
1.180406e+00 2.656497e-01 
1.182003e+00 2.656173e-01 
1.183614e+00 2.655846e-01 
1.185237e+00 2.655517e-01 
1.186874e+00 2.655185e-01 
1.188523e+00 2.654850e-01 
1.190186e+00 2.654513e-01 
1.191862e+00 2.654173e-01 
1.193552e+00 2.653830e-01 
1.195255e+00 2.653484e-01 
1.196971e+00 2.653136e-01 
1.198702e+00 2.652785e-01 
1.200447e+00 2.652431e-01 
1.202205e+00 2.652074e-01 
1.203978e+00 2.651715e-01 
1.205765e+00 2.651352e-01 
1.207567e+00 2.650987e-01 
1.209383e+00 2.650618e-01 
1.211214e+00 2.650247e-01 
1.213059e+00 2.649872e-01 
1.214920e+00 2.649495e-01 
1.216795e+00 2.649114e-01 
1.218686e+00 2.648731e-01 
1.220592e+00 2.648344e-01 
1.222514e+00 2.647954e-01 
1.224451e+00 2.647561e-01 
1.226404e+00 2.647165e-01 
1.228373e+00 2.646766e-01 
1.230358e+00 2.646363e-01 
1.232359e+00 2.645957e-01 
1.234376e+00 2.645548e-01 
1.236410e+00 2.645135e-01 
1.238460e+00 2.644719e-01 
1.240528e+00 2.644300e-01 
1.242612e+00 2.643877e-01 
1.244712e+00 2.643451e-01 
1.246831e+00 2.643021e-01 
1.248966e+00 2.642588e-01 
1.251119e+00 2.642151e-01 
1.253290e+00 2.641711e-01 
1.255478e+00 2.641267e-01 
1.257684e+00 2.640819e-01 
1.259908e+00 2.640368e-01 
1.262151e+00 2.639913e-01 
1.264412e+00 2.639454e-01 
1.266691e+00 2.638992e-01 
1.268989e+00 2.638526e-01 
1.271306e+00 2.638056e-01 
1.273642e+00 2.637582e-01 
1.275998e+00 2.637104e-01 
1.278372e+00 2.636622e-01 
1.280766e+00 2.636136e-01 
1.283180e+00 2.635647e-01 
1.285614e+00 2.635153e-01 
1.288068e+00 2.634655e-01 
1.290542e+00 2.634153e-01 
1.293036e+00 2.633647e-01 
1.295551e+00 2.633137e-01 
1.298086e+00 2.632623e-01 
1.300643e+00 2.632104e-01 
1.303221e+00 2.631581e-01 
1.305819e+00 2.631054e-01 
1.308440e+00 2.630522e-01 
1.311082e+00 2.629986e-01 
1.313745e+00 2.629446e-01 
1.316431e+00 2.628901e-01 
1.319139e+00 2.628352e-01 
1.321870e+00 2.627798e-01 
1.324622e+00 2.627239e-01 
1.327398e+00 2.626676e-01 
1.330197e+00 2.626108e-01 
1.333019e+00 2.625536e-01 
1.335864e+00 2.624959e-01 
1.338733e+00 2.624377e-01 
1.341625e+00 2.623790e-01 
1.344542e+00 2.623198e-01 
1.347482e+00 2.622602e-01 
1.350447e+00 2.622000e-01 
1.353437e+00 2.621394e-01 
1.356451e+00 2.620782e-01 
1.359491e+00 2.620165e-01 
1.362555e+00 2.619544e-01 
1.365645e+00 2.618917e-01 
1.368761e+00 2.618285e-01 
1.371902e+00 2.617647e-01 
1.375070e+00 2.617005e-01 
1.156489e+00 2.668808e-01 
1.157897e+00 2.668529e-01 
1.159317e+00 2.668247e-01 
1.160747e+00 2.667962e-01 
1.162189e+00 2.667676e-01 
1.163642e+00 2.667387e-01 
1.165106e+00 2.667097e-01 
1.166583e+00 2.666803e-01 
1.168070e+00 2.666508e-01 
1.169570e+00 2.666210e-01 
1.171081e+00 2.665910e-01 
1.172605e+00 2.665607e-01 
1.174140e+00 2.665302e-01 
1.175688e+00 2.664994e-01 
1.177248e+00 2.664685e-01 
1.178821e+00 2.664372e-01 
1.180406e+00 2.664057e-01 
1.182004e+00 2.663740e-01 
1.183614e+00 2.663420e-01 
1.185238e+00 2.663098e-01 
1.186874e+00 2.662772e-01 
1.188524e+00 2.662445e-01 
1.190186e+00 2.662114e-01 
1.191863e+00 2.661782e-01 
1.193552e+00 2.661446e-01 
1.195255e+00 2.661108e-01 
1.196972e+00 2.660767e-01 
1.198703e+00 2.660423e-01 
1.200447e+00 2.660076e-01 
1.202206e+00 2.659727e-01 
1.203979e+00 2.659375e-01 
1.205766e+00 2.659020e-01 
1.207567e+00 2.658662e-01 
1.209383e+00 2.658301e-01 
1.211214e+00 2.657937e-01 
1.213060e+00 2.657571e-01 
1.214920e+00 2.657201e-01 
1.216796e+00 2.656829e-01 
1.218687e+00 2.656453e-01 
1.220593e+00 2.656074e-01 
1.222514e+00 2.655693e-01 
1.224452e+00 2.655308e-01 
1.226405e+00 2.654920e-01 
1.228374e+00 2.654529e-01 
1.230358e+00 2.654135e-01 
1.232360e+00 2.653737e-01 
1.234377e+00 2.653336e-01 
1.236411e+00 2.652932e-01 
1.238461e+00 2.652525e-01 
1.240528e+00 2.652114e-01 
1.242612e+00 2.651700e-01 
1.244713e+00 2.651283e-01 
1.246831e+00 2.650862e-01 
1.248967e+00 2.650438e-01 
1.251120e+00 2.650010e-01 
1.253290e+00 2.649579e-01 
1.255478e+00 2.649145e-01 
1.257685e+00 2.648706e-01 
1.259909e+00 2.648264e-01 
1.262151e+00 2.647819e-01 
1.264412e+00 2.647370e-01 
1.266692e+00 2.646917e-01 
1.268990e+00 2.646461e-01 
1.271307e+00 2.646000e-01 
1.273643e+00 2.645536e-01 
1.275998e+00 2.645068e-01 
1.278373e+00 2.644597e-01 
1.280767e+00 2.644121e-01 
1.283181e+00 2.643642e-01 
1.285615e+00 2.643158e-01 
1.288068e+00 2.642671e-01 
1.290542e+00 2.642179e-01 
1.293037e+00 2.641684e-01 
1.295551e+00 2.641184e-01 
1.298087e+00 2.640681e-01 
1.300644e+00 2.640173e-01 
1.303221e+00 2.639661e-01 
1.305820e+00 2.639144e-01 
1.308440e+00 2.638624e-01 
1.311082e+00 2.638099e-01 
1.313746e+00 2.637570e-01 
1.316432e+00 2.637036e-01 
1.319140e+00 2.636498e-01 
1.321870e+00 2.635956e-01 
1.324623e+00 2.635409e-01 
1.327399e+00 2.634858e-01 
1.330197e+00 2.634302e-01 
1.333019e+00 2.633741e-01 
1.335864e+00 2.633176e-01 
1.338733e+00 2.632606e-01 
1.341626e+00 2.632032e-01 
1.344542e+00 2.631452e-01 
1.347483e+00 2.630868e-01 
1.350448e+00 2.630279e-01 
1.353437e+00 2.629685e-01 
1.356452e+00 2.629087e-01 
1.359491e+00 2.628483e-01 
1.362556e+00 2.627874e-01 
1.365646e+00 2.627260e-01 
1.368761e+00 2.626641e-01 
1.371903e+00 2.626017e-01 
1.375071e+00 2.625388e-01 
1.156490e+00 2.676268e-01 
1.157898e+00 2.675994e-01 
1.159317e+00 2.675718e-01 
1.160748e+00 2.675440e-01 
1.162189e+00 2.675160e-01 
1.163642e+00 2.674877e-01 
1.165107e+00 2.674592e-01 
1.166583e+00 2.674305e-01 
1.168071e+00 2.674016e-01 
1.169570e+00 2.673725e-01 
1.171082e+00 2.673431e-01 
1.172605e+00 2.673135e-01 
1.174141e+00 2.672836e-01 
1.175689e+00 2.672535e-01 
1.177249e+00 2.672232e-01 
1.178821e+00 2.671926e-01 
1.180407e+00 2.671618e-01 
1.182004e+00 2.671307e-01 
1.183615e+00 2.670994e-01 
1.185238e+00 2.670678e-01 
1.186875e+00 2.670360e-01 
1.188524e+00 2.670040e-01 
1.190187e+00 2.669716e-01 
1.191863e+00 2.669390e-01 
1.193553e+00 2.669062e-01 
1.195256e+00 2.668731e-01 
1.196972e+00 2.668397e-01 
1.198703e+00 2.668061e-01 
1.200448e+00 2.667721e-01 
1.202206e+00 2.667380e-01 
1.203979e+00 2.667035e-01 
1.205766e+00 2.666687e-01 
1.207568e+00 2.666337e-01 
1.209384e+00 2.665984e-01 
1.211215e+00 2.665628e-01 
1.213060e+00 2.665269e-01 
1.214921e+00 2.664908e-01 
1.216796e+00 2.664543e-01 
1.218687e+00 2.664175e-01 
1.220593e+00 2.663805e-01 
1.222515e+00 2.663431e-01 
1.224452e+00 2.663054e-01 
1.226405e+00 2.662675e-01 
1.228374e+00 2.662292e-01 
1.230359e+00 2.661906e-01 
1.232360e+00 2.661517e-01 
1.234377e+00 2.661125e-01 
1.236411e+00 2.660729e-01 
1.238462e+00 2.660331e-01 
1.240529e+00 2.659929e-01 
1.242613e+00 2.659524e-01 
1.244714e+00 2.659115e-01 
1.246832e+00 2.658704e-01 
1.248967e+00 2.658288e-01 
1.251120e+00 2.657870e-01 
1.253291e+00 2.657448e-01 
1.255479e+00 2.657022e-01 
1.257685e+00 2.656593e-01 
1.259909e+00 2.656161e-01 
1.262152e+00 2.655725e-01 
1.264413e+00 2.655285e-01 
1.266692e+00 2.654842e-01 
1.268991e+00 2.654395e-01 
1.271308e+00 2.653945e-01 
1.273644e+00 2.653491e-01 
1.275999e+00 2.653033e-01 
1.278373e+00 2.652571e-01 
1.280768e+00 2.652106e-01 
1.283181e+00 2.651636e-01 
1.285615e+00 2.651163e-01 
1.288069e+00 2.650686e-01 
1.290543e+00 2.650205e-01 
1.293037e+00 2.649720e-01 
1.295552e+00 2.649231e-01 
1.298088e+00 2.648738e-01 
1.300644e+00 2.648241e-01 
1.303222e+00 2.647740e-01 
1.305821e+00 2.647235e-01 
1.308441e+00 2.646725e-01 
1.311083e+00 2.646212e-01 
1.313747e+00 2.645694e-01 
1.316432e+00 2.645172e-01 
1.319140e+00 2.644645e-01 
1.321871e+00 2.644114e-01 
1.324624e+00 2.643579e-01 
1.327399e+00 2.643040e-01 
1.330198e+00 2.642495e-01 
1.333020e+00 2.641947e-01 
1.335865e+00 2.641394e-01 
1.338734e+00 2.640836e-01 
1.341626e+00 2.640274e-01 
1.344543e+00 2.639707e-01 
1.347483e+00 2.639135e-01 
1.350448e+00 2.638558e-01 
1.353438e+00 2.637977e-01 
1.356452e+00 2.637391e-01 
1.359492e+00 2.636800e-01 
1.362556e+00 2.636204e-01 
1.365646e+00 2.635604e-01 
1.368762e+00 2.634998e-01 
1.371903e+00 2.634387e-01 
1.375071e+00 2.633771e-01 
1.156490e+00 2.683727e-01 
1.157898e+00 2.683459e-01 
1.159318e+00 2.683189e-01 
1.160748e+00 2.682917e-01 
1.162190e+00 2.682643e-01 
1.163643e+00 2.682367e-01 
1.165107e+00 2.682088e-01 
1.166583e+00 2.681807e-01 
1.168071e+00 2.681524e-01 
1.169571e+00 2.681239e-01 
1.171082e+00 2.680952e-01 
1.172606e+00 2.680662e-01 
1.174141e+00 2.680370e-01 
1.175689e+00 2.680076e-01 
1.177249e+00 2.679779e-01 
1.178822e+00 2.679480e-01 
1.180407e+00 2.679178e-01 
1.182005e+00 2.678874e-01 
1.183615e+00 2.678568e-01 
1.185239e+00 2.678259e-01 
1.186875e+00 2.677948e-01 
1.188525e+00 2.677634e-01 
1.190187e+00 2.677318e-01 
1.191864e+00 2.676999e-01 
1.193553e+00 2.676678e-01 
1.195256e+00 2.676354e-01 
1.196973e+00 2.676028e-01 
1.198704e+00 2.675698e-01 
1.200448e+00 2.675367e-01 
1.202207e+00 2.675032e-01 
1.203980e+00 2.674695e-01 
1.205767e+00 2.674355e-01 
1.207568e+00 2.674012e-01 
1.209384e+00 2.673667e-01 
1.211215e+00 2.673319e-01 
1.213061e+00 2.672968e-01 
1.214921e+00 2.672614e-01 
1.216797e+00 2.672257e-01 
1.218688e+00 2.671898e-01 
1.220594e+00 2.671535e-01 
1.222516e+00 2.671170e-01 
1.224453e+00 2.670801e-01 
1.226406e+00 2.670430e-01 
1.228375e+00 2.670055e-01 
1.230360e+00 2.669678e-01 
1.232361e+00 2.669297e-01 
1.234378e+00 2.668913e-01 
1.236412e+00 2.668527e-01 
1.238462e+00 2.668137e-01 
1.240529e+00 2.667744e-01 
1.242613e+00 2.667347e-01 
1.244714e+00 2.666948e-01 
1.246832e+00 2.666545e-01 
1.248968e+00 2.666139e-01 
1.251121e+00 2.665729e-01 
1.253291e+00 2.665316e-01 
1.255479e+00 2.664900e-01 
1.257686e+00 2.664480e-01 
1.259910e+00 2.664057e-01 
1.262153e+00 2.663631e-01 
1.264413e+00 2.663201e-01 
1.266693e+00 2.662767e-01 
1.268991e+00 2.662330e-01 
1.271308e+00 2.661890e-01 
1.273644e+00 2.661445e-01 
1.275999e+00 2.660997e-01 
1.278374e+00 2.660546e-01 
1.280768e+00 2.660090e-01 
1.283182e+00 2.659631e-01 
1.285616e+00 2.659168e-01 
1.288069e+00 2.658702e-01 
1.290543e+00 2.658231e-01 
1.293038e+00 2.657757e-01 
1.295553e+00 2.657278e-01 
1.298088e+00 2.656796e-01 
1.300645e+00 2.656310e-01 
1.303222e+00 2.655820e-01 
1.305821e+00 2.655325e-01 
1.308441e+00 2.654827e-01 
1.311083e+00 2.654325e-01 
1.313747e+00 2.653818e-01 
1.316433e+00 2.653307e-01 
1.319141e+00 2.652792e-01 
1.321871e+00 2.652273e-01 
1.324624e+00 2.651749e-01 
1.327400e+00 2.651221e-01 
1.330199e+00 2.650689e-01 
1.333020e+00 2.650152e-01 
1.335866e+00 2.649611e-01 
1.338734e+00 2.649066e-01 
1.341627e+00 2.648515e-01 
1.344543e+00 2.647961e-01 
1.347484e+00 2.647402e-01 
1.350449e+00 2.646838e-01 
1.353438e+00 2.646269e-01 
1.356453e+00 2.645696e-01 
1.359492e+00 2.645118e-01 
1.362557e+00 2.644535e-01 
1.365647e+00 2.643947e-01 
1.368763e+00 2.643354e-01 
1.371904e+00 2.642757e-01 
1.375072e+00 2.642154e-01 
1.156491e+00 2.691186e-01 
1.157899e+00 2.690925e-01 
1.159318e+00 2.690661e-01 
1.160748e+00 2.690395e-01 
1.162190e+00 2.690127e-01 
1.163643e+00 2.689856e-01 
1.165108e+00 2.689584e-01 
1.166584e+00 2.689309e-01 
1.168072e+00 2.689033e-01 
1.169571e+00 2.688754e-01 
1.171083e+00 2.688473e-01 
1.172606e+00 2.688190e-01 
1.174142e+00 2.687904e-01 
1.175690e+00 2.687616e-01 
1.177250e+00 2.687326e-01 
1.178822e+00 2.687034e-01 
1.180408e+00 2.686739e-01 
1.182005e+00 2.686442e-01 
1.183616e+00 2.686142e-01 
1.185239e+00 2.685840e-01 
1.186876e+00 2.685536e-01 
1.188525e+00 2.685229e-01 
1.190188e+00 2.684920e-01 
1.191864e+00 2.684608e-01 
1.193554e+00 2.684294e-01 
1.195257e+00 2.683977e-01 
1.196973e+00 2.683658e-01 
1.198704e+00 2.683336e-01 
1.200449e+00 2.683012e-01 
1.202207e+00 2.682685e-01 
1.203980e+00 2.682355e-01 
1.205767e+00 2.682023e-01 
1.207569e+00 2.681688e-01 
1.209385e+00 2.681350e-01 
1.211216e+00 2.681010e-01 
1.213061e+00 2.680666e-01 
1.214922e+00 2.680320e-01 
1.216797e+00 2.679972e-01 
1.218688e+00 2.679620e-01 
1.220594e+00 2.679265e-01 
1.222516e+00 2.678908e-01 
1.224453e+00 2.678548e-01 
1.226406e+00 2.678185e-01 
1.228375e+00 2.677818e-01 
1.230360e+00 2.677449e-01 
1.232361e+00 2.677077e-01 
1.234378e+00 2.676702e-01 
1.236412e+00 2.676324e-01 
1.238463e+00 2.675943e-01 
1.240530e+00 2.675558e-01 
1.242614e+00 2.675171e-01 
1.244715e+00 2.674780e-01 
1.246833e+00 2.674386e-01 
1.248968e+00 2.673989e-01 
1.251121e+00 2.673588e-01 
1.253292e+00 2.673185e-01 
1.255480e+00 2.672778e-01 
1.257686e+00 2.672368e-01 
1.259911e+00 2.671954e-01 
1.262153e+00 2.671537e-01 
1.264414e+00 2.671116e-01 
1.266693e+00 2.670693e-01 
1.268992e+00 2.670265e-01 
1.271309e+00 2.669834e-01 
1.273645e+00 2.669400e-01 
1.276000e+00 2.668962e-01 
1.278375e+00 2.668520e-01 
1.280769e+00 2.668075e-01 
1.283183e+00 2.667626e-01 
1.285616e+00 2.667174e-01 
1.288070e+00 2.666717e-01 
1.290544e+00 2.666257e-01 
1.293038e+00 2.665793e-01 
1.295553e+00 2.665326e-01 
1.298089e+00 2.664854e-01 
1.300645e+00 2.664379e-01 
1.303223e+00 2.663899e-01 
1.305822e+00 2.663416e-01 
1.308442e+00 2.662929e-01 
1.311084e+00 2.662437e-01 
1.313748e+00 2.661942e-01 
1.316433e+00 2.661443e-01 
1.319141e+00 2.660939e-01 
1.321872e+00 2.660431e-01 
1.324625e+00 2.659919e-01 
1.327400e+00 2.659403e-01 
1.330199e+00 2.658883e-01 
1.333021e+00 2.658358e-01 
1.335866e+00 2.657829e-01 
1.338735e+00 2.657295e-01 
1.341627e+00 2.656757e-01 
1.344544e+00 2.656215e-01 
1.347484e+00 2.655668e-01 
1.350449e+00 2.655117e-01 
1.353439e+00 2.654561e-01 
1.356453e+00 2.654000e-01 
1.359493e+00 2.653435e-01 
1.362557e+00 2.652865e-01 
1.365647e+00 2.652290e-01 
1.368763e+00 2.651711e-01 
1.371905e+00 2.651127e-01 
1.375072e+00 2.650538e-01 
1.156491e+00 2.698646e-01 
1.157899e+00 2.698390e-01 
1.159319e+00 2.698132e-01 
1.160749e+00 2.697872e-01 
1.162191e+00 2.697610e-01 
1.163644e+00 2.697346e-01 
1.165108e+00 2.697080e-01 
1.166584e+00 2.696812e-01 
1.168072e+00 2.696541e-01 
1.169572e+00 2.696269e-01 
1.171083e+00 2.695994e-01 
1.172607e+00 2.695717e-01 
1.174142e+00 2.695438e-01 
1.175690e+00 2.695157e-01 
1.177250e+00 2.694873e-01 
1.178823e+00 2.694587e-01 
1.180408e+00 2.694299e-01 
1.182006e+00 2.694009e-01 
1.183616e+00 2.693716e-01 
1.185240e+00 2.693421e-01 
1.186876e+00 2.693124e-01 
1.188526e+00 2.692824e-01 
1.190188e+00 2.692522e-01 
1.191865e+00 2.692217e-01 
1.193554e+00 2.691910e-01 
1.195257e+00 2.691601e-01 
1.196974e+00 2.691289e-01 
1.198705e+00 2.690974e-01 
1.200449e+00 2.690657e-01 
1.202208e+00 2.690337e-01 
1.203981e+00 2.690015e-01 
1.205768e+00 2.689690e-01 
1.207569e+00 2.689363e-01 
1.209385e+00 2.689033e-01 
1.211216e+00 2.688700e-01 
1.213062e+00 2.688365e-01 
1.214922e+00 2.688027e-01 
1.216798e+00 2.687686e-01 
1.218689e+00 2.687342e-01 
1.220595e+00 2.686996e-01 
1.222517e+00 2.686646e-01 
1.224454e+00 2.686294e-01 
1.226407e+00 2.685939e-01 
1.228376e+00 2.685582e-01 
1.230361e+00 2.685221e-01 
1.232362e+00 2.684857e-01 
1.234379e+00 2.684491e-01 
1.236413e+00 2.684121e-01 
1.238463e+00 2.683748e-01 
1.240530e+00 2.683373e-01 
1.242614e+00 2.682994e-01 
1.244715e+00 2.682612e-01 
1.246833e+00 2.682227e-01 
1.248969e+00 2.681839e-01 
1.251122e+00 2.681448e-01 
1.253292e+00 2.681053e-01 
1.255481e+00 2.680656e-01 
1.257687e+00 2.680255e-01 
1.259911e+00 2.679850e-01 
1.262154e+00 2.679443e-01 
1.264415e+00 2.679032e-01 
1.266694e+00 2.678618e-01 
1.268992e+00 2.678200e-01 
1.271309e+00 2.677779e-01 
1.273645e+00 2.677354e-01 
1.276001e+00 2.676926e-01 
1.278375e+00 2.676495e-01 
1.280769e+00 2.676060e-01 
1.283183e+00 2.675621e-01 
1.285617e+00 2.675179e-01 
1.288071e+00 2.674733e-01 
1.290544e+00 2.674283e-01 
1.293039e+00 2.673830e-01 
1.295554e+00 2.673373e-01 
1.298089e+00 2.672912e-01 
1.300646e+00 2.672447e-01 
1.303223e+00 2.671979e-01 
1.305822e+00 2.671507e-01 
1.308443e+00 2.671030e-01 
1.311085e+00 2.670550e-01 
1.313748e+00 2.670066e-01 
1.316434e+00 2.669578e-01 
1.319142e+00 2.669086e-01 
1.321872e+00 2.668590e-01 
1.324625e+00 2.668089e-01 
1.327401e+00 2.667585e-01 
1.330200e+00 2.667076e-01 
1.333022e+00 2.666563e-01 
1.335867e+00 2.666046e-01 
1.338735e+00 2.665525e-01 
1.341628e+00 2.664999e-01 
1.344544e+00 2.664469e-01 
1.347485e+00 2.663935e-01 
1.350450e+00 2.663396e-01 
1.353440e+00 2.662853e-01 
1.356454e+00 2.662305e-01 
1.359493e+00 2.661752e-01 
1.362558e+00 2.661195e-01 
1.365648e+00 2.660634e-01 
1.368764e+00 2.660068e-01 
1.371905e+00 2.659497e-01 
1.375073e+00 2.658921e-01 
1.156492e+00 2.706105e-01 
1.157900e+00 2.705855e-01 
1.159319e+00 2.705603e-01 
1.160749e+00 2.705349e-01 
1.162191e+00 2.705094e-01 
1.163644e+00 2.704836e-01 
1.165109e+00 2.704576e-01 
1.166585e+00 2.704314e-01 
1.168073e+00 2.704049e-01 
1.169572e+00 2.703783e-01 
1.171084e+00 2.703515e-01 
1.172607e+00 2.703245e-01 
1.174143e+00 2.702972e-01 
1.175691e+00 2.702697e-01 
1.177251e+00 2.702420e-01 
1.178823e+00 2.702141e-01 
1.180409e+00 2.701860e-01 
1.182006e+00 2.701576e-01 
1.183617e+00 2.701290e-01 
1.185240e+00 2.701002e-01 
1.186877e+00 2.700712e-01 
1.188526e+00 2.700419e-01 
1.190189e+00 2.700124e-01 
1.191865e+00 2.699826e-01 
1.193555e+00 2.699526e-01 
1.195258e+00 2.699224e-01 
1.196975e+00 2.698919e-01 
1.198705e+00 2.698612e-01 
1.200450e+00 2.698302e-01 
1.202208e+00 2.697990e-01 
1.203981e+00 2.697675e-01 
1.205768e+00 2.697358e-01 
1.207570e+00 2.697038e-01 
1.209386e+00 2.696716e-01 
1.211217e+00 2.696391e-01 
1.213062e+00 2.696063e-01 
1.214923e+00 2.695733e-01 
1.216798e+00 2.695400e-01 
1.218689e+00 2.695064e-01 
1.220595e+00 2.694726e-01 
1.222517e+00 2.694385e-01 
1.224454e+00 2.694041e-01 
1.226407e+00 2.693694e-01 
1.228376e+00 2.693345e-01 
1.230361e+00 2.692993e-01 
1.232362e+00 2.692637e-01 
1.234380e+00 2.692279e-01 
1.236413e+00 2.691918e-01 
1.238464e+00 2.691554e-01 
1.240531e+00 2.691187e-01 
1.242615e+00 2.690817e-01 
1.244716e+00 2.690444e-01 
1.246834e+00 2.690068e-01 
1.248969e+00 2.689689e-01 
1.251122e+00 2.689307e-01 
1.253293e+00 2.688922e-01 
1.255481e+00 2.688533e-01 
1.257687e+00 2.688142e-01 
1.259912e+00 2.687747e-01 
1.262154e+00 2.687349e-01 
1.264415e+00 2.686948e-01 
1.266695e+00 2.686543e-01 
1.268993e+00 2.686135e-01 
1.271310e+00 2.685724e-01 
1.273646e+00 2.685309e-01 
1.276001e+00 2.684891e-01 
1.278376e+00 2.684469e-01 
1.280770e+00 2.684044e-01 
1.283184e+00 2.683616e-01 
1.285617e+00 2.683184e-01 
1.288071e+00 2.682748e-01 
1.290545e+00 2.682309e-01 
1.293039e+00 2.681866e-01 
1.295554e+00 2.681420e-01 
1.298090e+00 2.680970e-01 
1.300646e+00 2.680516e-01 
1.303224e+00 2.680058e-01 
1.305823e+00 2.679597e-01 
1.308443e+00 2.679132e-01 
1.311085e+00 2.678663e-01 
1.313749e+00 2.678190e-01 
1.316435e+00 2.677713e-01 
1.319143e+00 2.677233e-01 
1.321873e+00 2.676748e-01 
1.324626e+00 2.676259e-01 
1.327402e+00 2.675767e-01 
1.330200e+00 2.675270e-01 
1.333022e+00 2.674769e-01 
1.335867e+00 2.674264e-01 
1.338736e+00 2.673755e-01 
1.341629e+00 2.673241e-01 
1.344545e+00 2.672723e-01 
1.347486e+00 2.672201e-01 
1.350451e+00 2.671675e-01 
1.353440e+00 2.671144e-01 
1.356455e+00 2.670609e-01 
1.359494e+00 2.670070e-01 
1.362559e+00 2.669526e-01 
1.365649e+00 2.668977e-01 
1.368764e+00 2.668424e-01 
1.371906e+00 2.667866e-01 
1.375073e+00 2.667304e-01 
1.156492e+00 2.713565e-01 
1.157900e+00 2.713321e-01 
1.159319e+00 2.713075e-01 
1.160750e+00 2.712827e-01 
1.162192e+00 2.712577e-01 
1.163645e+00 2.712325e-01 
1.165109e+00 2.712071e-01 
1.166585e+00 2.711816e-01 
1.168073e+00 2.711558e-01 
1.169573e+00 2.711298e-01 
1.171084e+00 2.711036e-01 
1.172608e+00 2.710772e-01 
1.174143e+00 2.710506e-01 
1.175691e+00 2.710238e-01 
1.177251e+00 2.709967e-01 
1.178824e+00 2.709695e-01 
1.180409e+00 2.709420e-01 
1.182007e+00 2.709143e-01 
1.183617e+00 2.708864e-01 
1.185241e+00 2.708583e-01 
1.186877e+00 2.708299e-01 
1.188527e+00 2.708014e-01 
1.190189e+00 2.707725e-01 
1.191866e+00 2.707435e-01 
1.193555e+00 2.707142e-01 
1.195258e+00 2.706847e-01 
1.196975e+00 2.706550e-01 
1.198706e+00 2.706250e-01 
1.200450e+00 2.705947e-01 
1.202209e+00 2.705643e-01 
1.203982e+00 2.705335e-01 
1.205769e+00 2.705026e-01 
1.207570e+00 2.704714e-01 
1.209386e+00 2.704399e-01 
1.211217e+00 2.704082e-01 
1.213063e+00 2.703762e-01 
1.214923e+00 2.703439e-01 
1.216799e+00 2.703114e-01 
1.218690e+00 2.702787e-01 
1.220596e+00 2.702456e-01 
1.222518e+00 2.702123e-01 
1.224455e+00 2.701788e-01 
1.226408e+00 2.701449e-01 
1.228377e+00 2.701108e-01 
1.230362e+00 2.700764e-01 
1.232363e+00 2.700417e-01 
1.234380e+00 2.700068e-01 
1.236414e+00 2.699715e-01 
1.238464e+00 2.699360e-01 
1.240531e+00 2.699002e-01 
1.242615e+00 2.698641e-01 
1.244716e+00 2.698277e-01 
1.246834e+00 2.697910e-01 
1.248970e+00 2.697540e-01 
1.251123e+00 2.697167e-01 
1.253293e+00 2.696790e-01 
1.255482e+00 2.696411e-01 
1.257688e+00 2.696029e-01 
1.259912e+00 2.695643e-01 
1.262155e+00 2.695255e-01 
1.264416e+00 2.694863e-01 
1.266695e+00 2.694468e-01 
1.268993e+00 2.694070e-01 
1.271310e+00 2.693668e-01 
1.273646e+00 2.693264e-01 
1.276002e+00 2.692855e-01 
1.278376e+00 2.692444e-01 
1.280770e+00 2.692029e-01 
1.283184e+00 2.691611e-01 
1.285618e+00 2.691189e-01 
1.288072e+00 2.690764e-01 
1.290546e+00 2.690335e-01 
1.293040e+00 2.689903e-01 
1.295555e+00 2.689467e-01 
1.298090e+00 2.689028e-01 
1.300647e+00 2.688585e-01 
1.303225e+00 2.688138e-01 
1.305823e+00 2.687688e-01 
1.308444e+00 2.687234e-01 
1.311086e+00 2.686776e-01 
1.313749e+00 2.686314e-01 
1.316435e+00 2.685849e-01 
1.319143e+00 2.685380e-01 
1.321874e+00 2.684906e-01 
1.324626e+00 2.684429e-01 
1.327402e+00 2.683948e-01 
1.330201e+00 2.683463e-01 
1.333023e+00 2.682974e-01 
1.335868e+00 2.682481e-01 
1.338737e+00 2.681984e-01 
1.341629e+00 2.681483e-01 
1.344546e+00 2.680978e-01 
1.347486e+00 2.680468e-01 
1.350451e+00 2.679954e-01 
1.353441e+00 2.679436e-01 
1.356455e+00 2.678914e-01 
1.359494e+00 2.678387e-01 
1.362559e+00 2.677856e-01 
1.365649e+00 2.677321e-01 
1.368765e+00 2.676781e-01 
1.371906e+00 2.676236e-01 
1.375074e+00 2.675687e-01 
1.156492e+00 2.721024e-01 
1.157901e+00 2.720786e-01 
1.159320e+00 2.720546e-01 
1.160750e+00 2.720304e-01 
1.162192e+00 2.720061e-01 
1.163645e+00 2.719815e-01 
1.165110e+00 2.719567e-01 
1.166586e+00 2.719318e-01 
1.168074e+00 2.719066e-01 
1.169573e+00 2.718813e-01 
1.171085e+00 2.718557e-01 
1.172608e+00 2.718300e-01 
1.174144e+00 2.718040e-01 
1.175692e+00 2.717778e-01 
1.177252e+00 2.717515e-01 
1.178824e+00 2.717249e-01 
1.180410e+00 2.716981e-01 
1.182007e+00 2.716711e-01 
1.183618e+00 2.716438e-01 
1.185241e+00 2.716164e-01 
1.186878e+00 2.715887e-01 
1.188527e+00 2.715608e-01 
1.190190e+00 2.715327e-01 
1.191866e+00 2.715044e-01 
1.193556e+00 2.714758e-01 
1.195259e+00 2.714470e-01 
1.196976e+00 2.714180e-01 
1.198706e+00 2.713887e-01 
1.200451e+00 2.713593e-01 
1.202209e+00 2.713295e-01 
1.203982e+00 2.712996e-01 
1.205769e+00 2.712693e-01 
1.207571e+00 2.712389e-01 
1.209387e+00 2.712082e-01 
1.211218e+00 2.711772e-01 
1.213063e+00 2.711460e-01 
1.214924e+00 2.711146e-01 
1.216800e+00 2.710829e-01 
1.218690e+00 2.710509e-01 
1.220597e+00 2.710187e-01 
1.222518e+00 2.709862e-01 
1.224455e+00 2.709534e-01 
1.226408e+00 2.709204e-01 
1.228377e+00 2.708871e-01 
1.230362e+00 2.708536e-01 
1.232363e+00 2.708197e-01 
1.234381e+00 2.707856e-01 
1.236414e+00 2.707513e-01 
1.238465e+00 2.707166e-01 
1.240532e+00 2.706816e-01 
1.242616e+00 2.706464e-01 
1.244717e+00 2.706109e-01 
1.246835e+00 2.705751e-01 
1.248970e+00 2.705390e-01 
1.251123e+00 2.705026e-01 
1.253294e+00 2.704659e-01 
1.255482e+00 2.704289e-01 
1.257688e+00 2.703916e-01 
1.259913e+00 2.703540e-01 
1.262155e+00 2.703161e-01 
1.264416e+00 2.702779e-01 
1.266696e+00 2.702393e-01 
1.268994e+00 2.702005e-01 
1.271311e+00 2.701613e-01 
1.273647e+00 2.701218e-01 
1.276002e+00 2.700820e-01 
1.278377e+00 2.700418e-01 
1.280771e+00 2.700014e-01 
1.283185e+00 2.699606e-01 
1.285619e+00 2.699194e-01 
1.288072e+00 2.698779e-01 
1.290546e+00 2.698361e-01 
1.293041e+00 2.697939e-01 
1.295555e+00 2.697514e-01 
1.298091e+00 2.697086e-01 
1.300647e+00 2.696653e-01 
1.303225e+00 2.696218e-01 
1.305824e+00 2.695778e-01 
1.308444e+00 2.695335e-01 
1.311086e+00 2.694889e-01 
1.313750e+00 2.694438e-01 
1.316436e+00 2.693984e-01 
1.319144e+00 2.693526e-01 
1.321874e+00 2.693065e-01 
1.324627e+00 2.692599e-01 
1.327403e+00 2.692130e-01 
1.330201e+00 2.691657e-01 
1.333023e+00 2.691180e-01 
1.335868e+00 2.690699e-01 
1.338737e+00 2.690214e-01 
1.341630e+00 2.689725e-01 
1.344546e+00 2.689232e-01 
1.347487e+00 2.688735e-01 
1.350452e+00 2.688233e-01 
1.353441e+00 2.687728e-01 
1.356456e+00 2.687218e-01 
1.359495e+00 2.686705e-01 
1.362560e+00 2.686186e-01 
1.365650e+00 2.685664e-01 
1.368765e+00 2.685137e-01 
1.371907e+00 2.684606e-01 
1.375074e+00 2.684071e-01 
1.156493e+00 2.728483e-01 
1.157901e+00 2.728251e-01 
1.159320e+00 2.728017e-01 
1.160751e+00 2.727782e-01 
1.162193e+00 2.727544e-01 
1.163646e+00 2.727304e-01 
1.165110e+00 2.727063e-01 
1.166586e+00 2.726820e-01 
1.168074e+00 2.726575e-01 
1.169574e+00 2.726327e-01 
1.171085e+00 2.726078e-01 
1.172609e+00 2.725827e-01 
1.174144e+00 2.725574e-01 
1.175692e+00 2.725319e-01 
1.177252e+00 2.725062e-01 
1.178825e+00 2.724802e-01 
1.180410e+00 2.724541e-01 
1.182008e+00 2.724278e-01 
1.183618e+00 2.724012e-01 
1.185242e+00 2.723745e-01 
1.186878e+00 2.723475e-01 
1.188528e+00 2.723203e-01 
1.190190e+00 2.722929e-01 
1.191867e+00 2.722653e-01 
1.193556e+00 2.722374e-01 
1.195259e+00 2.722094e-01 
1.196976e+00 2.721811e-01 
1.198707e+00 2.721525e-01 
1.200451e+00 2.721238e-01 
1.202210e+00 2.720948e-01 
1.203983e+00 2.720656e-01 
1.205770e+00 2.720361e-01 
1.207571e+00 2.720064e-01 
1.209387e+00 2.719765e-01 
1.211218e+00 2.719463e-01 
1.213064e+00 2.719159e-01 
1.214924e+00 2.718852e-01 
1.216800e+00 2.718543e-01 
1.218691e+00 2.718231e-01 
1.220597e+00 2.717917e-01 
1.222519e+00 2.717600e-01 
1.224456e+00 2.717281e-01 
1.226409e+00 2.716959e-01 
1.228378e+00 2.716635e-01 
1.230363e+00 2.716307e-01 
1.232364e+00 2.715978e-01 
1.234381e+00 2.715645e-01 
1.236415e+00 2.715310e-01 
1.238465e+00 2.714972e-01 
1.240532e+00 2.714631e-01 
1.242616e+00 2.714288e-01 
1.244717e+00 2.713941e-01 
1.246836e+00 2.713592e-01 
1.248971e+00 2.713240e-01 
1.251124e+00 2.712885e-01 
1.253294e+00 2.712527e-01 
1.255483e+00 2.712167e-01 
1.257689e+00 2.711803e-01 
1.259913e+00 2.711436e-01 
1.262156e+00 2.711067e-01 
1.264417e+00 2.710694e-01 
1.266696e+00 2.710318e-01 
1.268994e+00 2.709940e-01 
1.271311e+00 2.709558e-01 
1.273648e+00 2.709173e-01 
1.276003e+00 2.708784e-01 
1.278377e+00 2.708393e-01 
1.280772e+00 2.707998e-01 
1.283185e+00 2.707600e-01 
1.285619e+00 2.707199e-01 
1.288073e+00 2.706795e-01 
1.290547e+00 2.706387e-01 
1.293041e+00 2.705976e-01 
1.295556e+00 2.705561e-01 
1.298092e+00 2.705143e-01 
1.300648e+00 2.704722e-01 
1.303226e+00 2.704297e-01 
1.305825e+00 2.703869e-01 
1.308445e+00 2.703437e-01 
1.311087e+00 2.703001e-01 
1.313751e+00 2.702562e-01 
1.316436e+00 2.702120e-01 
1.319144e+00 2.701673e-01 
1.321875e+00 2.701223e-01 
1.324628e+00 2.700769e-01 
1.327403e+00 2.700312e-01 
1.330202e+00 2.699851e-01 
1.333024e+00 2.699385e-01 
1.335869e+00 2.698916e-01 
1.338738e+00 2.698444e-01 
1.341630e+00 2.697967e-01 
1.344547e+00 2.697486e-01 
1.347487e+00 2.697001e-01 
1.350452e+00 2.696513e-01 
1.353442e+00 2.696020e-01 
1.356456e+00 2.695523e-01 
1.359496e+00 2.695022e-01 
1.362560e+00 2.694517e-01 
1.365650e+00 2.694007e-01 
1.368766e+00 2.693494e-01 
1.371907e+00 2.692976e-01 
1.375075e+00 2.692454e-01 
1.156493e+00 2.735943e-01 
1.157902e+00 2.735717e-01 
1.159321e+00 2.735489e-01 
1.160751e+00 2.735259e-01 
1.162193e+00 2.735027e-01 
1.163646e+00 2.734794e-01 
1.165111e+00 2.734559e-01 
1.166587e+00 2.734322e-01 
1.168075e+00 2.734083e-01 
1.169574e+00 2.733842e-01 
1.171086e+00 2.733599e-01 
1.172609e+00 2.733355e-01 
1.174145e+00 2.733108e-01 
1.175693e+00 2.732859e-01 
1.177253e+00 2.732609e-01 
1.178825e+00 2.732356e-01 
1.180411e+00 2.732102e-01 
1.182008e+00 2.731845e-01 
1.183619e+00 2.731586e-01 
1.185242e+00 2.731326e-01 
1.186879e+00 2.731063e-01 
1.188528e+00 2.730798e-01 
1.190191e+00 2.730531e-01 
1.191867e+00 2.730262e-01 
1.193557e+00 2.729990e-01 
1.195260e+00 2.729717e-01 
1.196977e+00 2.729441e-01 
1.198707e+00 2.729163e-01 
1.200452e+00 2.728883e-01 
1.202210e+00 2.728600e-01 
1.203983e+00 2.728316e-01 
1.205770e+00 2.728029e-01 
1.207572e+00 2.727739e-01 
1.209388e+00 2.727448e-01 
1.211219e+00 2.727154e-01 
1.213064e+00 2.726857e-01 
1.214925e+00 2.726558e-01 
1.216801e+00 2.726257e-01 
1.218691e+00 2.725954e-01 
1.220598e+00 2.725647e-01 
1.222519e+00 2.725339e-01 
1.224457e+00 2.725028e-01 
1.226410e+00 2.724714e-01 
1.228378e+00 2.724398e-01 
1.230363e+00 2.724079e-01 
1.232364e+00 2.723758e-01 
1.234382e+00 2.723434e-01 
1.236415e+00 2.723107e-01 
1.238466e+00 2.722778e-01 
1.240533e+00 2.722446e-01 
1.242617e+00 2.722111e-01 
1.244718e+00 2.721774e-01 
1.246836e+00 2.721433e-01 
1.248972e+00 2.721090e-01 
1.251124e+00 2.720745e-01 
1.253295e+00 2.720396e-01 
1.255483e+00 2.720045e-01 
1.257690e+00 2.719690e-01 
1.259914e+00 2.719333e-01 
1.262156e+00 2.718973e-01 
1.264417e+00 2.718610e-01 
1.266697e+00 2.718244e-01 
1.268995e+00 2.717874e-01 
1.271312e+00 2.717502e-01 
1.273648e+00 2.717127e-01 
1.276003e+00 2.716749e-01 
1.278378e+00 2.716367e-01 
1.280772e+00 2.715983e-01 
1.283186e+00 2.715595e-01 
1.285620e+00 2.715204e-01 
1.288073e+00 2.714810e-01 
1.290547e+00 2.714413e-01 
1.293042e+00 2.714012e-01 
1.295557e+00 2.713608e-01 
1.298092e+00 2.713201e-01 
1.300649e+00 2.712791e-01 
1.303226e+00 2.712377e-01 
1.305825e+00 2.711959e-01 
1.308445e+00 2.711538e-01 
1.311087e+00 2.711114e-01 
1.313751e+00 2.710686e-01 
1.316437e+00 2.710255e-01 
1.319145e+00 2.709820e-01 
1.321875e+00 2.709382e-01 
1.324628e+00 2.708939e-01 
1.327404e+00 2.708494e-01 
1.330203e+00 2.708044e-01 
1.333024e+00 2.707591e-01 
1.335870e+00 2.707134e-01 
1.338738e+00 2.706673e-01 
1.341631e+00 2.706209e-01 
1.344547e+00 2.705740e-01 
1.347488e+00 2.705268e-01 
1.350453e+00 2.704792e-01 
1.353442e+00 2.704312e-01 
1.356457e+00 2.703827e-01 
1.359496e+00 2.703339e-01 
1.362561e+00 2.702847e-01 
1.365651e+00 2.702351e-01 
1.368766e+00 2.701850e-01 
1.371908e+00 2.701346e-01 
1.375076e+00 2.700837e-01 
1.156494e+00 2.743402e-01 
1.157902e+00 2.743182e-01 
1.159321e+00 2.742960e-01 
1.160752e+00 2.742736e-01 
1.162193e+00 2.742511e-01 
1.163647e+00 2.742284e-01 
1.165111e+00 2.742055e-01 
1.166587e+00 2.741824e-01 
1.168075e+00 2.741591e-01 
1.169575e+00 2.741357e-01 
1.171086e+00 2.741120e-01 
1.172610e+00 2.740882e-01 
1.174145e+00 2.740642e-01 
1.175693e+00 2.740400e-01 
1.177253e+00 2.740156e-01 
1.178826e+00 2.739910e-01 
1.180411e+00 2.739662e-01 
1.182009e+00 2.739412e-01 
1.183619e+00 2.739160e-01 
1.185243e+00 2.738907e-01 
1.186879e+00 2.738651e-01 
1.188529e+00 2.738393e-01 
1.190191e+00 2.738133e-01 
1.191868e+00 2.737871e-01 
1.193557e+00 2.737606e-01 
1.195260e+00 2.737340e-01 
1.196977e+00 2.737072e-01 
1.198708e+00 2.736801e-01 
1.200452e+00 2.736528e-01 
1.202211e+00 2.736253e-01 
1.203984e+00 2.735976e-01 
1.205771e+00 2.735696e-01 
1.207572e+00 2.735415e-01 
1.209389e+00 2.735131e-01 
1.211219e+00 2.734844e-01 
1.213065e+00 2.734556e-01 
1.214925e+00 2.734265e-01 
1.216801e+00 2.733972e-01 
1.218692e+00 2.733676e-01 
1.220598e+00 2.733378e-01 
1.222520e+00 2.733077e-01 
1.224457e+00 2.732774e-01 
1.226410e+00 2.732469e-01 
1.228379e+00 2.732161e-01 
1.230364e+00 2.731851e-01 
1.232365e+00 2.731538e-01 
1.234382e+00 2.731222e-01 
1.236416e+00 2.730904e-01 
1.238466e+00 2.730583e-01 
1.240534e+00 2.730260e-01 
1.242617e+00 2.729934e-01 
1.244718e+00 2.729606e-01 
1.246837e+00 2.729275e-01 
1.248972e+00 2.728941e-01 
1.251125e+00 2.728604e-01 
1.253296e+00 2.728265e-01 
1.255484e+00 2.727922e-01 
1.257690e+00 2.727577e-01 
1.259914e+00 2.727229e-01 
1.262157e+00 2.726879e-01 
1.264418e+00 2.726525e-01 
1.266697e+00 2.726169e-01 
1.268996e+00 2.725809e-01 
1.271313e+00 2.725447e-01 
1.273649e+00 2.725082e-01 
1.276004e+00 2.724713e-01 
1.278379e+00 2.724342e-01 
1.280773e+00 2.723968e-01 
1.283187e+00 2.723590e-01 
1.285620e+00 2.723210e-01 
1.288074e+00 2.722826e-01 
1.290548e+00 2.722439e-01 
1.293042e+00 2.722049e-01 
1.295557e+00 2.721656e-01 
1.298093e+00 2.721259e-01 
1.300649e+00 2.720859e-01 
1.303227e+00 2.720456e-01 
1.305826e+00 2.720050e-01 
1.308446e+00 2.719640e-01 
1.311088e+00 2.719227e-01 
1.313752e+00 2.718810e-01 
1.316437e+00 2.718390e-01 
1.319145e+00 2.717967e-01 
1.321876e+00 2.717540e-01 
1.324629e+00 2.717109e-01 
1.327404e+00 2.716675e-01 
1.330203e+00 2.716238e-01 
1.333025e+00 2.715796e-01 
1.335870e+00 2.715351e-01 
1.338739e+00 2.714903e-01 
1.341631e+00 2.714451e-01 
1.344548e+00 2.713994e-01 
1.347488e+00 2.713535e-01 
1.350453e+00 2.713071e-01 
1.353443e+00 2.712603e-01 
1.356457e+00 2.712132e-01 
1.359497e+00 2.711657e-01 
1.362561e+00 2.711177e-01 
1.365651e+00 2.710694e-01 
1.368767e+00 2.710207e-01 
1.371909e+00 2.709716e-01 
1.375076e+00 2.709220e-01 
1.156494e+00 2.750862e-01 
1.157902e+00 2.750647e-01 
1.159322e+00 2.750431e-01 
1.160752e+00 2.750214e-01 
1.162194e+00 2.749994e-01 
1.163647e+00 2.749773e-01 
1.165112e+00 2.749551e-01 
1.166588e+00 2.749326e-01 
1.168076e+00 2.749100e-01 
1.169575e+00 2.748871e-01 
1.171087e+00 2.748641e-01 
1.172610e+00 2.748410e-01 
1.174146e+00 2.748176e-01 
1.175694e+00 2.747940e-01 
1.177254e+00 2.747703e-01 
1.178826e+00 2.747464e-01 
1.180412e+00 2.747223e-01 
1.182009e+00 2.746980e-01 
1.183620e+00 2.746734e-01 
1.185243e+00 2.746487e-01 
1.186880e+00 2.746238e-01 
1.188529e+00 2.745988e-01 
1.190192e+00 2.745735e-01 
1.191868e+00 2.745479e-01 
1.193558e+00 2.745222e-01 
1.195261e+00 2.744963e-01 
1.196978e+00 2.744702e-01 
1.198708e+00 2.744439e-01 
1.200453e+00 2.744173e-01 
1.202211e+00 2.743906e-01 
1.203984e+00 2.743636e-01 
1.205771e+00 2.743364e-01 
1.207573e+00 2.743090e-01 
1.209389e+00 2.742814e-01 
1.211220e+00 2.742535e-01 
1.213065e+00 2.742254e-01 
1.214926e+00 2.741971e-01 
1.216802e+00 2.741686e-01 
1.218692e+00 2.741398e-01 
1.220599e+00 2.741108e-01 
1.222520e+00 2.740816e-01 
1.224458e+00 2.740521e-01 
1.226411e+00 2.740224e-01 
1.228379e+00 2.739924e-01 
1.230364e+00 2.739622e-01 
1.232365e+00 2.739318e-01 
1.234383e+00 2.739011e-01 
1.236417e+00 2.738701e-01 
1.238467e+00 2.738389e-01 
1.240534e+00 2.738075e-01 
1.242618e+00 2.737758e-01 
1.244719e+00 2.737438e-01 
1.246837e+00 2.737116e-01 
1.248973e+00 2.736791e-01 
1.251126e+00 2.736463e-01 
1.253296e+00 2.736133e-01 
1.255484e+00 2.735800e-01 
1.257691e+00 2.735464e-01 
1.259915e+00 2.735126e-01 
1.262158e+00 2.734785e-01 
1.264418e+00 2.734441e-01 
1.266698e+00 2.734094e-01 
1.268996e+00 2.733744e-01 
1.271313e+00 2.733392e-01 
1.273649e+00 2.733036e-01 
1.276004e+00 2.732678e-01 
1.278379e+00 2.732317e-01 
1.280773e+00 2.731952e-01 
1.283187e+00 2.731585e-01 
1.285621e+00 2.731215e-01 
1.288075e+00 2.730841e-01 
1.290548e+00 2.730465e-01 
1.293043e+00 2.730085e-01 
1.295558e+00 2.729703e-01 
1.298093e+00 2.729317e-01 
1.300650e+00 2.728928e-01 
1.303227e+00 2.728536e-01 
1.305826e+00 2.728140e-01 
1.308447e+00 2.727742e-01 
1.311088e+00 2.727340e-01 
1.313752e+00 2.726934e-01 
1.316438e+00 2.726526e-01 
1.319146e+00 2.726114e-01 
1.321876e+00 2.725698e-01 
1.324629e+00 2.725279e-01 
1.327405e+00 2.724857e-01 
1.330204e+00 2.724431e-01 
1.333025e+00 2.724002e-01 
1.335871e+00 2.723569e-01 
1.338739e+00 2.723132e-01 
1.341632e+00 2.722692e-01 
1.344548e+00 2.722249e-01 
1.347489e+00 2.721801e-01 
1.350454e+00 2.721350e-01 
1.353444e+00 2.720895e-01 
1.356458e+00 2.720437e-01 
1.359497e+00 2.719974e-01 
1.362562e+00 2.719508e-01 
1.365652e+00 2.719038e-01 
1.368768e+00 2.718564e-01 
1.371909e+00 2.718086e-01 
1.375077e+00 2.717604e-01 
1.156495e+00 2.758321e-01 
1.157903e+00 2.758113e-01 
1.159322e+00 2.757903e-01 
1.160753e+00 2.757691e-01 
1.162194e+00 2.757478e-01 
1.163647e+00 2.757263e-01 
1.165112e+00 2.757046e-01 
1.166588e+00 2.756828e-01 
1.168076e+00 2.756608e-01 
1.169576e+00 2.756386e-01 
1.171087e+00 2.756162e-01 
1.172611e+00 2.755937e-01 
1.174146e+00 2.755710e-01 
1.175694e+00 2.755481e-01 
1.177254e+00 2.755250e-01 
1.178827e+00 2.755018e-01 
1.180412e+00 2.754783e-01 
1.182010e+00 2.754547e-01 
1.183620e+00 2.754309e-01 
1.185244e+00 2.754068e-01 
1.186880e+00 2.753826e-01 
1.188530e+00 2.753582e-01 
1.190192e+00 2.753336e-01 
1.191869e+00 2.753088e-01 
1.193558e+00 2.752838e-01 
1.195261e+00 2.752587e-01 
1.196978e+00 2.752333e-01 
1.198709e+00 2.752077e-01 
1.200453e+00 2.751818e-01 
1.202212e+00 2.751558e-01 
1.203985e+00 2.751296e-01 
1.205772e+00 2.751032e-01 
1.207573e+00 2.750765e-01 
1.209390e+00 2.750497e-01 
1.211220e+00 2.750226e-01 
1.213066e+00 2.749953e-01 
1.214927e+00 2.749678e-01 
1.216802e+00 2.749400e-01 
1.218693e+00 2.749120e-01 
1.220599e+00 2.748838e-01 
1.222521e+00 2.748554e-01 
1.224458e+00 2.748268e-01 
1.226411e+00 2.747979e-01 
1.228380e+00 2.747687e-01 
1.230365e+00 2.747394e-01 
1.232366e+00 2.747098e-01 
1.234383e+00 2.746799e-01 
1.236417e+00 2.746498e-01 
1.238468e+00 2.746195e-01 
1.240535e+00 2.745889e-01 
1.242619e+00 2.745581e-01 
1.244720e+00 2.745270e-01 
1.246838e+00 2.744957e-01 
1.248973e+00 2.744641e-01 
1.251126e+00 2.744323e-01 
1.253297e+00 2.744002e-01 
1.255485e+00 2.743678e-01 
1.257691e+00 2.743351e-01 
1.259916e+00 2.743022e-01 
1.262158e+00 2.742691e-01 
1.264419e+00 2.742356e-01 
1.266698e+00 2.742019e-01 
1.268997e+00 2.741679e-01 
1.271314e+00 2.741336e-01 
1.273650e+00 2.740991e-01 
1.276005e+00 2.740642e-01 
1.278380e+00 2.740291e-01 
1.280774e+00 2.739937e-01 
1.283188e+00 2.739580e-01 
1.285621e+00 2.739220e-01 
1.288075e+00 2.738857e-01 
1.290549e+00 2.738491e-01 
1.293043e+00 2.738122e-01 
1.295558e+00 2.737750e-01 
1.298094e+00 2.737375e-01 
1.300650e+00 2.736997e-01 
1.303228e+00 2.736615e-01 
1.305827e+00 2.736231e-01 
1.308447e+00 2.735843e-01 
1.311089e+00 2.735452e-01 
1.313753e+00 2.735058e-01 
1.316439e+00 2.734661e-01 
1.319147e+00 2.734261e-01 
1.321877e+00 2.733857e-01 
1.324630e+00 2.733449e-01 
1.327406e+00 2.733039e-01 
1.330204e+00 2.732625e-01 
1.333026e+00 2.732207e-01 
1.335871e+00 2.731787e-01 
1.338740e+00 2.731362e-01 
1.341632e+00 2.730934e-01 
1.344549e+00 2.730503e-01 
1.347490e+00 2.730068e-01 
1.350455e+00 2.729629e-01 
1.353444e+00 2.729187e-01 
1.356459e+00 2.728741e-01 
1.359498e+00 2.728291e-01 
1.362562e+00 2.727838e-01 
1.365652e+00 2.727381e-01 
1.368768e+00 2.726920e-01 
1.371910e+00 2.726455e-01 
1.375077e+00 2.725987e-01 
1.156495e+00 2.765780e-01 
1.157903e+00 2.765578e-01 
1.159323e+00 2.765374e-01 
1.160753e+00 2.765169e-01 
1.162195e+00 2.764961e-01 
1.163648e+00 2.764753e-01 
1.165112e+00 2.764542e-01 
1.166589e+00 2.764330e-01 
1.168076e+00 2.764116e-01 
1.169576e+00 2.763901e-01 
1.171088e+00 2.763684e-01 
1.172611e+00 2.763465e-01 
1.174147e+00 2.763244e-01 
1.175695e+00 2.763022e-01 
1.177255e+00 2.762797e-01 
1.178827e+00 2.762571e-01 
1.180412e+00 2.762344e-01 
1.182010e+00 2.762114e-01 
1.183621e+00 2.761883e-01 
1.185244e+00 2.761649e-01 
1.186881e+00 2.761414e-01 
1.188530e+00 2.761177e-01 
1.190193e+00 2.760938e-01 
1.191869e+00 2.760697e-01 
1.193559e+00 2.760455e-01 
1.195262e+00 2.760210e-01 
1.196979e+00 2.759963e-01 
1.198709e+00 2.759714e-01 
1.200454e+00 2.759464e-01 
1.202212e+00 2.759211e-01 
1.203985e+00 2.758956e-01 
1.205772e+00 2.758699e-01 
1.207574e+00 2.758441e-01 
1.209390e+00 2.758180e-01 
1.211221e+00 2.757916e-01 
1.213066e+00 2.757651e-01 
1.214927e+00 2.757384e-01 
1.216803e+00 2.757114e-01 
1.218694e+00 2.756843e-01 
1.220600e+00 2.756569e-01 
1.222521e+00 2.756293e-01 
1.224459e+00 2.756014e-01 
1.226412e+00 2.755734e-01 
1.228381e+00 2.755451e-01 
1.230365e+00 2.755165e-01 
1.232367e+00 2.754878e-01 
1.234384e+00 2.754588e-01 
1.236418e+00 2.754296e-01 
1.238468e+00 2.754001e-01 
1.240535e+00 2.753704e-01 
1.242619e+00 2.753405e-01 
1.244720e+00 2.753103e-01 
1.246838e+00 2.752798e-01 
1.248974e+00 2.752491e-01 
1.251127e+00 2.752182e-01 
1.253297e+00 2.751870e-01 
1.255486e+00 2.751556e-01 
1.257692e+00 2.751239e-01 
1.259916e+00 2.750919e-01 
1.262159e+00 2.750597e-01 
1.264420e+00 2.750272e-01 
1.266699e+00 2.749944e-01 
1.268997e+00 2.749614e-01 
1.271314e+00 2.749281e-01 
1.273650e+00 2.748945e-01 
1.276006e+00 2.748607e-01 
1.278380e+00 2.748266e-01 
1.280774e+00 2.747922e-01 
1.283188e+00 2.747575e-01 
1.285622e+00 2.747225e-01 
1.288076e+00 2.746872e-01 
1.290550e+00 2.746517e-01 
1.293044e+00 2.746158e-01 
1.295559e+00 2.745797e-01 
1.298094e+00 2.745433e-01 
1.300651e+00 2.745065e-01 
1.303228e+00 2.744695e-01 
1.305827e+00 2.744321e-01 
1.308448e+00 2.743945e-01 
1.311090e+00 2.743565e-01 
1.313753e+00 2.743182e-01 
1.316439e+00 2.742797e-01 
1.319147e+00 2.742407e-01 
1.321877e+00 2.742015e-01 
1.324630e+00 2.741619e-01 
1.327406e+00 2.741221e-01 
1.330205e+00 2.740818e-01 
1.333027e+00 2.740413e-01 
1.335872e+00 2.740004e-01 
1.338741e+00 2.739592e-01 
1.341633e+00 2.739176e-01 
1.344550e+00 2.738757e-01 
1.347490e+00 2.738334e-01 
1.350455e+00 2.737908e-01 
1.353445e+00 2.737479e-01 
1.356459e+00 2.737046e-01 
1.359498e+00 2.736609e-01 
1.362563e+00 2.736168e-01 
1.365653e+00 2.735724e-01 
1.368769e+00 2.735277e-01 
1.371910e+00 2.734825e-01 
1.375078e+00 2.734370e-01 
1.156496e+00 2.773240e-01 
1.157904e+00 2.773043e-01 
1.159323e+00 2.772846e-01 
1.160754e+00 2.772646e-01 
1.162195e+00 2.772445e-01 
1.163648e+00 2.772242e-01 
1.165113e+00 2.772038e-01 
1.166589e+00 2.771832e-01 
1.168077e+00 2.771625e-01 
1.169577e+00 2.771415e-01 
1.171088e+00 2.771205e-01 
1.172612e+00 2.770992e-01 
1.174147e+00 2.770778e-01 
1.175695e+00 2.770562e-01 
1.177255e+00 2.770344e-01 
1.178828e+00 2.770125e-01 
1.180413e+00 2.769904e-01 
1.182011e+00 2.769681e-01 
1.183621e+00 2.769457e-01 
1.185245e+00 2.769230e-01 
1.186881e+00 2.769002e-01 
1.188531e+00 2.768772e-01 
1.190193e+00 2.768540e-01 
1.191870e+00 2.768306e-01 
1.193559e+00 2.768071e-01 
1.195262e+00 2.767833e-01 
1.196979e+00 2.767594e-01 
1.198710e+00 2.767352e-01 
1.200454e+00 2.767109e-01 
1.202213e+00 2.766864e-01 
1.203986e+00 2.766616e-01 
1.205773e+00 2.766367e-01 
1.207574e+00 2.766116e-01 
1.209391e+00 2.765862e-01 
1.211221e+00 2.765607e-01 
1.213067e+00 2.765350e-01 
1.214928e+00 2.765090e-01 
1.216803e+00 2.764829e-01 
1.218694e+00 2.764565e-01 
1.220600e+00 2.764299e-01 
1.222522e+00 2.764031e-01 
1.224459e+00 2.763761e-01 
1.226412e+00 2.763488e-01 
1.228381e+00 2.763214e-01 
1.230366e+00 2.762937e-01 
1.232367e+00 2.762658e-01 
1.234384e+00 2.762377e-01 
1.236418e+00 2.762093e-01 
1.238469e+00 2.761807e-01 
1.240536e+00 2.761519e-01 
1.242620e+00 2.761228e-01 
1.244721e+00 2.760935e-01 
1.246839e+00 2.760639e-01 
1.248974e+00 2.760342e-01 
1.251127e+00 2.760041e-01 
1.253298e+00 2.759739e-01 
1.255486e+00 2.759433e-01 
1.257692e+00 2.759126e-01 
1.259917e+00 2.758815e-01 
1.262159e+00 2.758503e-01 
1.264420e+00 2.758187e-01 
1.266700e+00 2.757869e-01 
1.268998e+00 2.757549e-01 
1.271315e+00 2.757226e-01 
1.273651e+00 2.756900e-01 
1.276006e+00 2.756571e-01 
1.278381e+00 2.756240e-01 
1.280775e+00 2.755906e-01 
1.283189e+00 2.755570e-01 
1.285622e+00 2.755230e-01 
1.288076e+00 2.754888e-01 
1.290550e+00 2.754543e-01 
1.293044e+00 2.754195e-01 
1.295559e+00 2.753844e-01 
1.298095e+00 2.753491e-01 
1.300651e+00 2.753134e-01 
1.303229e+00 2.752774e-01 
1.305828e+00 2.752412e-01 
1.308448e+00 2.752047e-01 
1.311090e+00 2.751678e-01 
1.313754e+00 2.751307e-01 
1.316440e+00 2.750932e-01 
1.319148e+00 2.750554e-01 
1.321878e+00 2.750173e-01 
1.324631e+00 2.749789e-01 
1.327407e+00 2.749402e-01 
1.330205e+00 2.749012e-01 
1.333027e+00 2.748618e-01 
1.335872e+00 2.748222e-01 
1.338741e+00 2.747821e-01 
1.341634e+00 2.747418e-01 
1.344550e+00 2.747011e-01 
1.347491e+00 2.746601e-01 
1.350456e+00 2.746188e-01 
1.353445e+00 2.745771e-01 
1.356460e+00 2.745350e-01 
1.359499e+00 2.744926e-01 
1.362564e+00 2.744499e-01 
1.365654e+00 2.744068e-01 
1.368769e+00 2.743633e-01 
1.371911e+00 2.743195e-01 
1.375078e+00 2.742753e-01 
1.156496e+00 2.780699e-01 
1.157904e+00 2.780509e-01 
1.159324e+00 2.780317e-01 
1.160754e+00 2.780123e-01 
1.162196e+00 2.779928e-01 
1.163649e+00 2.779732e-01 
1.165113e+00 2.779534e-01 
1.166590e+00 2.779334e-01 
1.168077e+00 2.779133e-01 
1.169577e+00 2.778930e-01 
1.171089e+00 2.778726e-01 
1.172612e+00 2.778520e-01 
1.174148e+00 2.778312e-01 
1.175696e+00 2.778103e-01 
1.177256e+00 2.777892e-01 
1.178828e+00 2.777679e-01 
1.180413e+00 2.777465e-01 
1.182011e+00 2.777248e-01 
1.183622e+00 2.777031e-01 
1.185245e+00 2.776811e-01 
1.186882e+00 2.776590e-01 
1.188531e+00 2.776367e-01 
1.190194e+00 2.776142e-01 
1.191870e+00 2.775915e-01 
1.193560e+00 2.775687e-01 
1.195263e+00 2.775456e-01 
1.196980e+00 2.775224e-01 
1.198710e+00 2.774990e-01 
1.200455e+00 2.774754e-01 
1.202213e+00 2.774516e-01 
1.203986e+00 2.774276e-01 
1.205773e+00 2.774035e-01 
1.207575e+00 2.773791e-01 
1.209391e+00 2.773545e-01 
1.211222e+00 2.773298e-01 
1.213068e+00 2.773048e-01 
1.214928e+00 2.772797e-01 
1.216804e+00 2.772543e-01 
1.218695e+00 2.772287e-01 
1.220601e+00 2.772029e-01 
1.222522e+00 2.771769e-01 
1.224460e+00 2.771507e-01 
1.226413e+00 2.771243e-01 
1.228382e+00 2.770977e-01 
1.230367e+00 2.770709e-01 
1.232368e+00 2.770438e-01 
1.234385e+00 2.770165e-01 
1.236419e+00 2.769890e-01 
1.238469e+00 2.769613e-01 
1.240536e+00 2.769333e-01 
1.242620e+00 2.769051e-01 
1.244721e+00 2.768767e-01 
1.246839e+00 2.768481e-01 
1.248975e+00 2.768192e-01 
1.251128e+00 2.767901e-01 
1.253298e+00 2.767607e-01 
1.255487e+00 2.767311e-01 
1.257693e+00 2.767013e-01 
1.259917e+00 2.766712e-01 
1.262160e+00 2.766409e-01 
1.264421e+00 2.766103e-01 
1.266700e+00 2.765795e-01 
1.268998e+00 2.765484e-01 
1.271315e+00 2.765170e-01 
1.273651e+00 2.764854e-01 
1.276007e+00 2.764536e-01 
1.278381e+00 2.764215e-01 
1.280775e+00 2.763891e-01 
1.283189e+00 2.763564e-01 
1.285623e+00 2.763235e-01 
1.288077e+00 2.762903e-01 
1.290551e+00 2.762569e-01 
1.293045e+00 2.762232e-01 
1.295560e+00 2.761891e-01 
1.298096e+00 2.761548e-01 
1.300652e+00 2.761203e-01 
1.303230e+00 2.760854e-01 
1.305828e+00 2.760503e-01 
1.308449e+00 2.760148e-01 
1.311091e+00 2.759791e-01 
1.313755e+00 2.759431e-01 
1.316440e+00 2.759067e-01 
1.319148e+00 2.758701e-01 
1.321879e+00 2.758332e-01 
1.324632e+00 2.757959e-01 
1.327407e+00 2.757584e-01 
1.330206e+00 2.757206e-01 
1.333028e+00 2.756824e-01 
1.335873e+00 2.756439e-01 
1.338742e+00 2.756051e-01 
1.341634e+00 2.755660e-01 
1.344551e+00 2.755265e-01 
1.347491e+00 2.754868e-01 
1.350456e+00 2.754467e-01 
1.353446e+00 2.754062e-01 
1.356460e+00 2.753655e-01 
1.359500e+00 2.753244e-01 
1.362564e+00 2.752829e-01 
1.365654e+00 2.752411e-01 
1.368770e+00 2.751990e-01 
1.371911e+00 2.751565e-01 
1.375079e+00 2.751137e-01 
1.156497e+00 2.788159e-01 
1.157905e+00 2.787974e-01 
1.159324e+00 2.787788e-01 
1.160755e+00 2.787601e-01 
1.162196e+00 2.787412e-01 
1.163649e+00 2.787222e-01 
1.165114e+00 2.787030e-01 
1.166590e+00 2.786836e-01 
1.168078e+00 2.786641e-01 
1.169578e+00 2.786445e-01 
1.171089e+00 2.786247e-01 
1.172613e+00 2.786047e-01 
1.174148e+00 2.785846e-01 
1.175696e+00 2.785643e-01 
1.177256e+00 2.785439e-01 
1.178829e+00 2.785233e-01 
1.180414e+00 2.785025e-01 
1.182012e+00 2.784816e-01 
1.183622e+00 2.784605e-01 
1.185246e+00 2.784392e-01 
1.186882e+00 2.784178e-01 
1.188532e+00 2.783961e-01 
1.190194e+00 2.783744e-01 
1.191871e+00 2.783524e-01 
1.193560e+00 2.783303e-01 
1.195263e+00 2.783079e-01 
1.196980e+00 2.782855e-01 
1.198711e+00 2.782628e-01 
1.200455e+00 2.782399e-01 
1.202214e+00 2.782169e-01 
1.203987e+00 2.781937e-01 
1.205774e+00 2.781702e-01 
1.207576e+00 2.781466e-01 
1.209392e+00 2.781228e-01 
1.211222e+00 2.780989e-01 
1.213068e+00 2.780747e-01 
1.214929e+00 2.780503e-01 
1.216804e+00 2.780257e-01 
1.218695e+00 2.780009e-01 
1.220601e+00 2.779760e-01 
1.222523e+00 2.779508e-01 
1.224460e+00 2.779254e-01 
1.226413e+00 2.778998e-01 
1.228382e+00 2.778740e-01 
1.230367e+00 2.778480e-01 
1.232368e+00 2.778218e-01 
1.234385e+00 2.777954e-01 
1.236419e+00 2.777687e-01 
1.238470e+00 2.777419e-01 
1.240537e+00 2.777148e-01 
1.242621e+00 2.776875e-01 
1.244722e+00 2.776599e-01 
1.246840e+00 2.776322e-01 
1.248975e+00 2.776042e-01 
1.251128e+00 2.775760e-01 
1.253299e+00 2.775476e-01 
1.255487e+00 2.775189e-01 
1.257693e+00 2.774900e-01 
1.259918e+00 2.774608e-01 
1.262160e+00 2.774315e-01 
1.264421e+00 2.774018e-01 
1.266701e+00 2.773720e-01 
1.268999e+00 2.773419e-01 
1.271316e+00 2.773115e-01 
1.273652e+00 2.772809e-01 
1.276007e+00 2.772500e-01 
1.278382e+00 2.772189e-01 
1.280776e+00 2.771876e-01 
1.283190e+00 2.771559e-01 
1.285624e+00 2.771240e-01 
1.288077e+00 2.770919e-01 
1.290551e+00 2.770595e-01 
1.293046e+00 2.770268e-01 
1.295560e+00 2.769939e-01 
1.298096e+00 2.769606e-01 
1.300653e+00 2.769271e-01 
1.303230e+00 2.768934e-01 
1.305829e+00 2.768593e-01 
1.308449e+00 2.768250e-01 
1.311091e+00 2.767904e-01 
1.313755e+00 2.767555e-01 
1.316441e+00 2.767203e-01 
1.319149e+00 2.766848e-01 
1.321879e+00 2.766490e-01 
1.324632e+00 2.766129e-01 
1.327408e+00 2.765766e-01 
1.330206e+00 2.765399e-01 
1.333028e+00 2.765029e-01 
1.335874e+00 2.764657e-01 
1.338742e+00 2.764281e-01 
1.341635e+00 2.763902e-01 
1.344551e+00 2.763520e-01 
1.347492e+00 2.763134e-01 
1.350457e+00 2.762746e-01 
1.353446e+00 2.762354e-01 
1.356461e+00 2.761959e-01 
1.359500e+00 2.761561e-01 
1.362565e+00 2.761159e-01 
1.365655e+00 2.760755e-01 
1.368770e+00 2.760346e-01 
1.371912e+00 2.759935e-01 
1.375080e+00 2.759520e-01 
1.156497e+00 2.795618e-01 
1.157905e+00 2.795440e-01 
1.159325e+00 2.795260e-01 
1.160755e+00 2.795078e-01 
1.162197e+00 2.794895e-01 
1.163650e+00 2.794711e-01 
1.165114e+00 2.794525e-01 
1.166591e+00 2.794338e-01 
1.168078e+00 2.794150e-01 
1.169578e+00 2.793959e-01 
1.171090e+00 2.793768e-01 
1.172613e+00 2.793575e-01 
1.174149e+00 2.793380e-01 
1.175697e+00 2.793184e-01 
1.177257e+00 2.792986e-01 
1.178829e+00 2.792787e-01 
1.180414e+00 2.792586e-01 
1.182012e+00 2.792383e-01 
1.183623e+00 2.792179e-01 
1.185246e+00 2.791973e-01 
1.186883e+00 2.791765e-01 
1.188532e+00 2.791556e-01 
1.190195e+00 2.791345e-01 
1.191871e+00 2.791133e-01 
1.193561e+00 2.790919e-01 
1.195264e+00 2.790703e-01 
1.196981e+00 2.790485e-01 
1.198711e+00 2.790266e-01 
1.200456e+00 2.790044e-01 
1.202214e+00 2.789821e-01 
1.203987e+00 2.789597e-01 
1.205774e+00 2.789370e-01 
1.207576e+00 2.789142e-01 
1.209392e+00 2.788911e-01 
1.211223e+00 2.788679e-01 
1.213069e+00 2.788445e-01 
1.214929e+00 2.788209e-01 
1.216805e+00 2.787971e-01 
1.218696e+00 2.787732e-01 
1.220602e+00 2.787490e-01 
1.222524e+00 2.787246e-01 
1.224461e+00 2.787001e-01 
1.226414e+00 2.786753e-01 
1.228383e+00 2.786503e-01 
1.230368e+00 2.786252e-01 
1.232369e+00 2.785998e-01 
1.234386e+00 2.785742e-01 
1.236420e+00 2.785484e-01 
1.238470e+00 2.785224e-01 
1.240537e+00 2.784962e-01 
1.242621e+00 2.784698e-01 
1.244722e+00 2.784432e-01 
1.246840e+00 2.784163e-01 
1.248976e+00 2.783892e-01 
1.251129e+00 2.783619e-01 
1.253299e+00 2.783344e-01 
1.255488e+00 2.783067e-01 
1.257694e+00 2.782787e-01 
1.259918e+00 2.782505e-01 
1.262161e+00 2.782221e-01 
1.264422e+00 2.781934e-01 
1.266701e+00 2.781645e-01 
1.268999e+00 2.781354e-01 
1.271316e+00 2.781060e-01 
1.273653e+00 2.780764e-01 
1.276008e+00 2.780465e-01 
1.278382e+00 2.780164e-01 
1.280777e+00 2.779860e-01 
1.283190e+00 2.779554e-01 
1.285624e+00 2.779246e-01 
1.288078e+00 2.778934e-01 
1.290552e+00 2.778621e-01 
1.293046e+00 2.778305e-01 
1.295561e+00 2.777986e-01 
1.298097e+00 2.777664e-01 
1.300653e+00 2.777340e-01 
1.303231e+00 2.777013e-01 
1.305830e+00 2.776684e-01 
1.308450e+00 2.776351e-01 
1.311092e+00 2.776016e-01 
1.313756e+00 2.775679e-01 
1.316441e+00 2.775338e-01 
1.319149e+00 2.774995e-01 
1.321880e+00 2.774649e-01 
1.324633e+00 2.774300e-01 
1.327408e+00 2.773948e-01 
1.330207e+00 2.773593e-01 
1.333029e+00 2.773235e-01 
1.335874e+00 2.772874e-01 
1.338743e+00 2.772510e-01 
1.341635e+00 2.772144e-01 
1.344552e+00 2.771774e-01 
1.347492e+00 2.771401e-01 
1.350457e+00 2.771025e-01 
1.353447e+00 2.770646e-01 
1.356461e+00 2.770264e-01 
1.359501e+00 2.769878e-01 
1.362565e+00 2.769490e-01 
1.365655e+00 2.769098e-01 
1.368771e+00 2.768703e-01 
1.371912e+00 2.768305e-01 
1.375080e+00 2.767903e-01 
1.156498e+00 2.803077e-01 
1.157906e+00 2.802905e-01 
1.159325e+00 2.802731e-01 
1.160755e+00 2.802556e-01 
1.162197e+00 2.802379e-01 
1.163650e+00 2.802201e-01 
1.165115e+00 2.802021e-01 
1.166591e+00 2.801840e-01 
1.168079e+00 2.801658e-01 
1.169578e+00 2.801474e-01 
1.171090e+00 2.801289e-01 
1.172614e+00 2.801102e-01 
1.174149e+00 2.800914e-01 
1.175697e+00 2.800724e-01 
1.177257e+00 2.800533e-01 
1.178830e+00 2.800340e-01 
1.180415e+00 2.800146e-01 
1.182013e+00 2.799950e-01 
1.183623e+00 2.799753e-01 
1.185247e+00 2.799554e-01 
1.186883e+00 2.799353e-01 
1.188533e+00 2.799151e-01 
1.190195e+00 2.798947e-01 
1.191872e+00 2.798742e-01 
1.193561e+00 2.798535e-01 
1.195264e+00 2.798326e-01 
1.196981e+00 2.798116e-01 
1.198712e+00 2.797903e-01 
1.200456e+00 2.797690e-01 
1.202215e+00 2.797474e-01 
1.203988e+00 2.797257e-01 
1.205775e+00 2.797038e-01 
1.207577e+00 2.796817e-01 
1.209393e+00 2.796594e-01 
1.211223e+00 2.796370e-01 
1.213069e+00 2.796144e-01 
1.214930e+00 2.795916e-01 
1.216805e+00 2.795686e-01 
1.218696e+00 2.795454e-01 
1.220602e+00 2.795220e-01 
1.222524e+00 2.794985e-01 
1.224461e+00 2.794747e-01 
1.226414e+00 2.794508e-01 
1.228383e+00 2.794267e-01 
1.230368e+00 2.794023e-01 
1.232369e+00 2.793778e-01 
1.234387e+00 2.793531e-01 
1.236420e+00 2.793282e-01 
1.238471e+00 2.793030e-01 
1.240538e+00 2.792777e-01 
1.242622e+00 2.792522e-01 
1.244723e+00 2.792264e-01 
1.246841e+00 2.792004e-01 
1.248976e+00 2.791743e-01 
1.251129e+00 2.791479e-01 
1.253300e+00 2.791213e-01 
1.255488e+00 2.790945e-01 
1.257695e+00 2.790674e-01 
1.259919e+00 2.790401e-01 
1.262161e+00 2.790127e-01 
1.264422e+00 2.789849e-01 
1.266702e+00 2.789570e-01 
1.269000e+00 2.789288e-01 
1.271317e+00 2.789004e-01 
1.273653e+00 2.788718e-01 
1.276008e+00 2.788429e-01 
1.278383e+00 2.788138e-01 
1.280777e+00 2.787845e-01 
1.283191e+00 2.787549e-01 
1.285625e+00 2.787251e-01 
1.288078e+00 2.786950e-01 
1.290552e+00 2.786647e-01 
1.293047e+00 2.786341e-01 
1.295562e+00 2.786033e-01 
1.298097e+00 2.785722e-01 
1.300654e+00 2.785409e-01 
1.303231e+00 2.785093e-01 
1.305830e+00 2.784774e-01 
1.308451e+00 2.784453e-01 
1.311092e+00 2.784129e-01 
1.313756e+00 2.783803e-01 
1.316442e+00 2.783474e-01 
1.319150e+00 2.783142e-01 
1.321880e+00 2.782807e-01 
1.324633e+00 2.782470e-01 
1.327409e+00 2.782129e-01 
1.330208e+00 2.781786e-01 
1.333029e+00 2.781440e-01 
1.335875e+00 2.781092e-01 
1.338743e+00 2.780740e-01 
1.341636e+00 2.780386e-01 
1.344552e+00 2.780028e-01 
1.347493e+00 2.779668e-01 
1.350458e+00 2.779304e-01 
1.353448e+00 2.778938e-01 
1.356462e+00 2.778568e-01 
1.359501e+00 2.778196e-01 
1.362566e+00 2.777820e-01 
1.365656e+00 2.777441e-01 
1.368772e+00 2.777060e-01 
1.371913e+00 2.776674e-01 
1.375081e+00 2.776286e-01 
1.156498e+00 2.810537e-01 
1.157906e+00 2.810370e-01 
1.159325e+00 2.810202e-01 
1.160756e+00 2.810033e-01 
1.162198e+00 2.809862e-01 
1.163651e+00 2.809690e-01 
1.165115e+00 2.809517e-01 
1.166591e+00 2.809342e-01 
1.168079e+00 2.809166e-01 
1.169579e+00 2.808989e-01 
1.171090e+00 2.808810e-01 
1.172614e+00 2.808630e-01 
1.174150e+00 2.808448e-01 
1.175698e+00 2.808265e-01 
1.177258e+00 2.808080e-01 
1.178830e+00 2.807894e-01 
1.180415e+00 2.807706e-01 
1.182013e+00 2.807517e-01 
1.183624e+00 2.807327e-01 
1.185247e+00 2.807135e-01 
1.186884e+00 2.806941e-01 
1.188533e+00 2.806746e-01 
1.190196e+00 2.806549e-01 
1.191872e+00 2.806351e-01 
1.193562e+00 2.806151e-01 
1.195265e+00 2.805949e-01 
1.196982e+00 2.805746e-01 
1.198712e+00 2.805541e-01 
1.200457e+00 2.805335e-01 
1.202216e+00 2.805127e-01 
1.203988e+00 2.804917e-01 
1.205775e+00 2.804705e-01 
1.207577e+00 2.804492e-01 
1.209393e+00 2.804277e-01 
1.211224e+00 2.804061e-01 
1.213070e+00 2.803842e-01 
1.214930e+00 2.803622e-01 
1.216806e+00 2.803400e-01 
1.218697e+00 2.803176e-01 
1.220603e+00 2.802951e-01 
1.222525e+00 2.802723e-01 
1.224462e+00 2.802494e-01 
1.226415e+00 2.802263e-01 
1.228384e+00 2.802030e-01 
1.230369e+00 2.801795e-01 
1.232370e+00 2.801558e-01 
1.234387e+00 2.801319e-01 
1.236421e+00 2.801079e-01 
1.238471e+00 2.800836e-01 
1.240538e+00 2.800592e-01 
1.242622e+00 2.800345e-01 
1.244723e+00 2.800096e-01 
1.246842e+00 2.799846e-01 
1.248977e+00 2.799593e-01 
1.251130e+00 2.799338e-01 
1.253301e+00 2.799081e-01 
1.255489e+00 2.798822e-01 
1.257695e+00 2.798561e-01 
1.259919e+00 2.798298e-01 
1.262162e+00 2.798033e-01 
1.264423e+00 2.797765e-01 
1.266702e+00 2.797495e-01 
1.269001e+00 2.797223e-01 
1.271318e+00 2.796949e-01 
1.273654e+00 2.796673e-01 
1.276009e+00 2.796394e-01 
1.278384e+00 2.796113e-01 
1.280778e+00 2.795830e-01 
1.283192e+00 2.795544e-01 
1.285625e+00 2.795256e-01 
1.288079e+00 2.794966e-01 
1.290553e+00 2.794673e-01 
1.293047e+00 2.794378e-01 
1.295562e+00 2.794080e-01 
1.298098e+00 2.793780e-01 
1.300654e+00 2.793477e-01 
1.303232e+00 2.793172e-01 
1.305831e+00 2.792865e-01 
1.308451e+00 2.792555e-01 
1.311093e+00 2.792242e-01 
1.313757e+00 2.791927e-01 
1.316443e+00 2.791609e-01 
1.319151e+00 2.791288e-01 
1.321881e+00 2.790965e-01 
1.324634e+00 2.790640e-01 
1.327410e+00 2.790311e-01 
1.330208e+00 2.789980e-01 
1.333030e+00 2.789646e-01 
1.335875e+00 2.789309e-01 
1.338744e+00 2.788970e-01 
1.341636e+00 2.788627e-01 
1.344553e+00 2.788282e-01 
1.347494e+00 2.787934e-01 
1.350459e+00 2.787583e-01 
1.353448e+00 2.787230e-01 
1.356462e+00 2.786873e-01 
1.359502e+00 2.786513e-01 
1.362566e+00 2.786151e-01 
1.365656e+00 2.785785e-01 
1.368772e+00 2.785416e-01 
1.371914e+00 2.785044e-01 
1.375081e+00 2.784669e-01 
1.156498e+00 2.817996e-01 
1.157907e+00 2.817836e-01 
1.159326e+00 2.817674e-01 
1.160756e+00 2.817510e-01 
1.162198e+00 2.817346e-01 
1.163651e+00 2.817180e-01 
1.165116e+00 2.817013e-01 
1.166592e+00 2.816844e-01 
1.168080e+00 2.816675e-01 
1.169579e+00 2.816504e-01 
1.171091e+00 2.816331e-01 
1.172615e+00 2.816157e-01 
1.174150e+00 2.815982e-01 
1.175698e+00 2.815805e-01 
1.177258e+00 2.815627e-01 
1.178831e+00 2.815448e-01 
1.180416e+00 2.815267e-01 
1.182014e+00 2.815085e-01 
1.183624e+00 2.814901e-01 
1.185248e+00 2.814716e-01 
1.186884e+00 2.814529e-01 
1.188534e+00 2.814341e-01 
1.190196e+00 2.814151e-01 
1.191873e+00 2.813960e-01 
1.193562e+00 2.813767e-01 
1.195265e+00 2.813572e-01 
1.196982e+00 2.813377e-01 
1.198713e+00 2.813179e-01 
1.200457e+00 2.812980e-01 
1.202216e+00 2.812779e-01 
1.203989e+00 2.812577e-01 
1.205776e+00 2.812373e-01 
1.207578e+00 2.812167e-01 
1.209394e+00 2.811960e-01 
1.211225e+00 2.811751e-01 
1.213070e+00 2.811541e-01 
1.214931e+00 2.811328e-01 
1.216806e+00 2.811114e-01 
1.218697e+00 2.810899e-01 
1.220603e+00 2.810681e-01 
1.222525e+00 2.810462e-01 
1.224462e+00 2.810241e-01 
1.226415e+00 2.810018e-01 
1.228384e+00 2.809793e-01 
1.230369e+00 2.809567e-01 
1.232370e+00 2.809338e-01 
1.234388e+00 2.809108e-01 
1.236421e+00 2.808876e-01 
1.238472e+00 2.808642e-01 
1.240539e+00 2.808406e-01 
1.242623e+00 2.808168e-01 
1.244724e+00 2.807929e-01 
1.246842e+00 2.807687e-01 
1.248978e+00 2.807443e-01 
1.251131e+00 2.807197e-01 
1.253301e+00 2.806950e-01 
1.255489e+00 2.806700e-01 
1.257696e+00 2.806448e-01 
1.259920e+00 2.806194e-01 
1.262163e+00 2.805939e-01 
1.264423e+00 2.805681e-01 
1.266703e+00 2.805420e-01 
1.269001e+00 2.805158e-01 
1.271318e+00 2.804894e-01 
1.273654e+00 2.804627e-01 
1.276009e+00 2.804358e-01 
1.278384e+00 2.804087e-01 
1.280778e+00 2.803814e-01 
1.283192e+00 2.803539e-01 
1.285626e+00 2.803261e-01 
1.288080e+00 2.802981e-01 
1.290554e+00 2.802699e-01 
1.293048e+00 2.802414e-01 
1.295563e+00 2.802127e-01 
1.298098e+00 2.801838e-01 
1.300655e+00 2.801546e-01 
1.303232e+00 2.801252e-01 
1.305831e+00 2.800955e-01 
1.308452e+00 2.800656e-01 
1.311094e+00 2.800355e-01 
1.313757e+00 2.800051e-01 
1.316443e+00 2.799744e-01 
1.319151e+00 2.799435e-01 
1.321881e+00 2.799124e-01 
1.324634e+00 2.798810e-01 
1.327410e+00 2.798493e-01 
1.330209e+00 2.798173e-01 
1.333031e+00 2.797851e-01 
1.335876e+00 2.797527e-01 
1.338745e+00 2.797199e-01 
1.341637e+00 2.796869e-01 
1.344553e+00 2.796536e-01 
1.347494e+00 2.796201e-01 
1.350459e+00 2.795863e-01 
1.353449e+00 2.795521e-01 
1.356463e+00 2.795177e-01 
1.359502e+00 2.794831e-01 
1.362567e+00 2.794481e-01 
1.365657e+00 2.794128e-01 
1.368773e+00 2.793773e-01 
1.371914e+00 2.793414e-01 
1.375082e+00 2.793053e-01 
1.156499e+00 2.825456e-01 
1.157907e+00 2.825301e-01 
1.159326e+00 2.825145e-01 
1.160757e+00 2.824988e-01 
1.162199e+00 2.824829e-01 
1.163652e+00 2.824670e-01 
1.165116e+00 2.824509e-01 
1.166592e+00 2.824347e-01 
1.168080e+00 2.824183e-01 
1.169580e+00 2.824018e-01 
1.171091e+00 2.823852e-01 
1.172615e+00 2.823685e-01 
1.174151e+00 2.823516e-01 
1.175698e+00 2.823346e-01 
1.177259e+00 2.823174e-01 
1.178831e+00 2.823002e-01 
1.180416e+00 2.822827e-01 
1.182014e+00 2.822652e-01 
1.183625e+00 2.822475e-01 
1.185248e+00 2.822297e-01 
1.186885e+00 2.822117e-01 
1.188534e+00 2.821935e-01 
1.190197e+00 2.821753e-01 
1.191873e+00 2.821569e-01 
1.193563e+00 2.821383e-01 
1.195266e+00 2.821196e-01 
1.196983e+00 2.821007e-01 
1.198713e+00 2.820817e-01 
1.200458e+00 2.820625e-01 
1.202217e+00 2.820432e-01 
1.203989e+00 2.820237e-01 
1.205777e+00 2.820041e-01 
1.207578e+00 2.819843e-01 
1.209394e+00 2.819643e-01 
1.211225e+00 2.819442e-01 
1.213071e+00 2.819239e-01 
1.214931e+00 2.819035e-01 
1.216807e+00 2.818829e-01 
1.218698e+00 2.818621e-01 
1.220604e+00 2.818411e-01 
1.222526e+00 2.818200e-01 
1.224463e+00 2.817987e-01 
1.226416e+00 2.817773e-01 
1.228385e+00 2.817556e-01 
1.230370e+00 2.817338e-01 
1.232371e+00 2.817118e-01 
1.234388e+00 2.816897e-01 
1.236422e+00 2.816673e-01 
1.238472e+00 2.816448e-01 
1.240539e+00 2.816221e-01 
1.242623e+00 2.815992e-01 
1.244724e+00 2.815761e-01 
1.246843e+00 2.815528e-01 
1.248978e+00 2.815293e-01 
1.251131e+00 2.815057e-01 
1.253302e+00 2.814818e-01 
1.255490e+00 2.814578e-01 
1.257696e+00 2.814335e-01 
1.259921e+00 2.814091e-01 
1.262163e+00 2.813845e-01 
1.264424e+00 2.813596e-01 
1.266703e+00 2.813346e-01 
1.269002e+00 2.813093e-01 
1.271319e+00 2.812838e-01 
1.273655e+00 2.812582e-01 
1.276010e+00 2.812323e-01 
1.278385e+00 2.812062e-01 
1.280779e+00 2.811799e-01 
1.283193e+00 2.811534e-01 
1.285626e+00 2.811266e-01 
1.288080e+00 2.810997e-01 
1.290554e+00 2.810725e-01 
1.293048e+00 2.810451e-01 
1.295563e+00 2.810174e-01 
1.298099e+00 2.809896e-01 
1.300655e+00 2.809615e-01 
1.303233e+00 2.809331e-01 
1.305832e+00 2.809046e-01 
1.308452e+00 2.808758e-01 
1.311094e+00 2.808468e-01 
1.313758e+00 2.808175e-01 
1.316444e+00 2.807880e-01 
1.319152e+00 2.807582e-01 
1.321882e+00 2.807282e-01 
1.324635e+00 2.806980e-01 
1.327411e+00 2.806675e-01 
1.330209e+00 2.806367e-01 
1.333031e+00 2.806057e-01 
1.335876e+00 2.805744e-01 
1.338745e+00 2.805429e-01 
1.341638e+00 2.805111e-01 
1.344554e+00 2.804791e-01 
1.347495e+00 2.804468e-01 
1.350460e+00 2.804142e-01 
1.353449e+00 2.803813e-01 
1.356464e+00 2.803482e-01 
1.359503e+00 2.803148e-01 
1.362568e+00 2.802811e-01 
1.365658e+00 2.802472e-01 
1.368773e+00 2.802129e-01 
1.371915e+00 2.801784e-01 
1.375082e+00 2.801436e-01 
1.156499e+00 2.832915e-01 
1.157908e+00 2.832766e-01 
1.159327e+00 2.832616e-01 
1.160757e+00 2.832465e-01 
1.162199e+00 2.832313e-01 
1.163652e+00 2.832159e-01 
1.165117e+00 2.832005e-01 
1.166593e+00 2.831849e-01 
1.168081e+00 2.831691e-01 
1.169580e+00 2.831533e-01 
1.171092e+00 2.831373e-01 
1.172615e+00 2.831212e-01 
1.174151e+00 2.831050e-01 
1.175699e+00 2.830886e-01 
1.177259e+00 2.830722e-01 
1.178832e+00 2.830555e-01 
1.180417e+00 2.830388e-01 
1.182015e+00 2.830219e-01 
1.183625e+00 2.830049e-01 
1.185249e+00 2.829877e-01 
1.186885e+00 2.829705e-01 
1.188535e+00 2.829530e-01 
1.190197e+00 2.829355e-01 
1.191874e+00 2.829177e-01 
1.193563e+00 2.828999e-01 
1.195266e+00 2.828819e-01 
1.196983e+00 2.828638e-01 
1.198714e+00 2.828455e-01 
1.200458e+00 2.828270e-01 
1.202217e+00 2.828085e-01 
1.203990e+00 2.827897e-01 
1.205777e+00 2.827708e-01 
1.207579e+00 2.827518e-01 
1.209395e+00 2.827326e-01 
1.211226e+00 2.827133e-01 
1.213071e+00 2.826938e-01 
1.214932e+00 2.826741e-01 
1.216807e+00 2.826543e-01 
1.218698e+00 2.826343e-01 
1.220604e+00 2.826142e-01 
1.222526e+00 2.825939e-01 
1.224463e+00 2.825734e-01 
1.226416e+00 2.825528e-01 
1.228385e+00 2.825320e-01 
1.230370e+00 2.825110e-01 
1.232371e+00 2.824898e-01 
1.234389e+00 2.824685e-01 
1.236423e+00 2.824470e-01 
1.238473e+00 2.824254e-01 
1.240540e+00 2.824035e-01 
1.242624e+00 2.823815e-01 
1.244725e+00 2.823593e-01 
1.246843e+00 2.823369e-01 
1.248979e+00 2.823144e-01 
1.251132e+00 2.822916e-01 
1.253302e+00 2.822687e-01 
1.255491e+00 2.822456e-01 
1.257697e+00 2.822222e-01 
1.259921e+00 2.821987e-01 
1.262164e+00 2.821751e-01 
1.264425e+00 2.821512e-01 
1.266704e+00 2.821271e-01 
1.269002e+00 2.821028e-01 
1.271319e+00 2.820783e-01 
1.273655e+00 2.820536e-01 
1.276011e+00 2.820287e-01 
1.278385e+00 2.820037e-01 
1.280779e+00 2.819784e-01 
1.283193e+00 2.819528e-01 
1.285627e+00 2.819271e-01 
1.288081e+00 2.819012e-01 
1.290555e+00 2.818751e-01 
1.293049e+00 2.818487e-01 
1.295564e+00 2.818221e-01 
1.298099e+00 2.817953e-01 
1.300656e+00 2.817683e-01 
1.303234e+00 2.817411e-01 
1.305832e+00 2.817136e-01 
1.308453e+00 2.816860e-01 
1.311095e+00 2.816580e-01 
1.313758e+00 2.816299e-01 
1.316444e+00 2.816015e-01 
1.319152e+00 2.815729e-01 
1.321883e+00 2.815440e-01 
1.324636e+00 2.815150e-01 
1.327411e+00 2.814856e-01 
1.330210e+00 2.814561e-01 
1.333032e+00 2.814262e-01 
1.335877e+00 2.813962e-01 
1.338746e+00 2.813659e-01 
1.341638e+00 2.813353e-01 
1.344555e+00 2.813045e-01 
1.347495e+00 2.812734e-01 
1.350460e+00 2.812421e-01 
1.353450e+00 2.812105e-01 
1.356464e+00 2.811786e-01 
1.359504e+00 2.811465e-01 
1.362568e+00 2.811142e-01 
1.365658e+00 2.810815e-01 
1.368774e+00 2.810486e-01 
1.371915e+00 2.810154e-01 
1.375083e+00 2.809819e-01 
1.156500e+00 2.840374e-01 
1.157908e+00 2.840232e-01 
1.159327e+00 2.840088e-01 
1.160758e+00 2.839943e-01 
1.162200e+00 2.839796e-01 
1.163653e+00 2.839649e-01 
1.165117e+00 2.839500e-01 
1.166593e+00 2.839351e-01 
1.168081e+00 2.839200e-01 
1.169581e+00 2.839048e-01 
1.171092e+00 2.838894e-01 
1.172616e+00 2.838740e-01 
1.174152e+00 2.838584e-01 
1.175699e+00 2.838427e-01 
1.177260e+00 2.838269e-01 
1.178832e+00 2.838109e-01 
1.180417e+00 2.837948e-01 
1.182015e+00 2.837786e-01 
1.183626e+00 2.837623e-01 
1.185249e+00 2.837458e-01 
1.186886e+00 2.837292e-01 
1.188535e+00 2.837125e-01 
1.190198e+00 2.836956e-01 
1.191874e+00 2.836786e-01 
1.193564e+00 2.836615e-01 
1.195267e+00 2.836442e-01 
1.196984e+00 2.836268e-01 
1.198714e+00 2.836092e-01 
1.200459e+00 2.835916e-01 
1.202218e+00 2.835737e-01 
1.203990e+00 2.835557e-01 
1.205778e+00 2.835376e-01 
1.207579e+00 2.835193e-01 
1.209395e+00 2.835009e-01 
1.211226e+00 2.834823e-01 
1.213072e+00 2.834636e-01 
1.214932e+00 2.834447e-01 
1.216808e+00 2.834257e-01 
1.218699e+00 2.834065e-01 
1.220605e+00 2.833872e-01 
1.222527e+00 2.833677e-01 
1.224464e+00 2.833481e-01 
1.226417e+00 2.833283e-01 
1.228386e+00 2.833083e-01 
1.230371e+00 2.832881e-01 
1.232372e+00 2.832678e-01 
1.234389e+00 2.832474e-01 
1.236423e+00 2.832268e-01 
1.238473e+00 2.832060e-01 
1.240541e+00 2.831850e-01 
1.242625e+00 2.831638e-01 
1.244726e+00 2.831425e-01 
1.246844e+00 2.831211e-01 
1.248979e+00 2.830994e-01 
1.251132e+00 2.830776e-01 
1.253303e+00 2.830555e-01 
1.255491e+00 2.830333e-01 
1.257697e+00 2.830110e-01 
1.259922e+00 2.829884e-01 
1.262164e+00 2.829656e-01 
1.264425e+00 2.829427e-01 
1.266705e+00 2.829196e-01 
1.269003e+00 2.828963e-01 
1.271320e+00 2.828728e-01 
1.273656e+00 2.828491e-01 
1.276011e+00 2.828252e-01 
1.278386e+00 2.828011e-01 
1.280780e+00 2.827768e-01 
1.283194e+00 2.827523e-01 
1.285628e+00 2.827276e-01 
1.288081e+00 2.827028e-01 
1.290555e+00 2.826777e-01 
1.293050e+00 2.826524e-01 
1.295564e+00 2.826269e-01 
1.298100e+00 2.826011e-01 
1.300657e+00 2.825752e-01 
1.303234e+00 2.825491e-01 
1.305833e+00 2.825227e-01 
1.308453e+00 2.824961e-01 
1.311095e+00 2.824693e-01 
1.313759e+00 2.824423e-01 
1.316445e+00 2.824150e-01 
1.319153e+00 2.823876e-01 
1.321883e+00 2.823599e-01 
1.324636e+00 2.823320e-01 
1.327412e+00 2.823038e-01 
1.330210e+00 2.822754e-01 
1.333032e+00 2.822468e-01 
1.335877e+00 2.822179e-01 
1.338746e+00 2.821888e-01 
1.341639e+00 2.821595e-01 
1.344555e+00 2.821299e-01 
1.347496e+00 2.821001e-01 
1.350461e+00 2.820700e-01 
1.353450e+00 2.820397e-01 
1.356465e+00 2.820091e-01 
1.359504e+00 2.819783e-01 
1.362569e+00 2.819472e-01 
1.365659e+00 2.819158e-01 
1.368774e+00 2.818842e-01 
1.371916e+00 2.818524e-01 
1.375083e+00 2.818202e-01 
BC
4
4
4
4
4
4
4
4
4
4
4
4
4
4
4
4
4
4
4
4
4
4
4
4
4
4
4
4
4
4
4
4
4
4
4
4
4
4
4
4
4
4
4
4
4
4
4
4
4
4
4
4
4
4
4
4
4
4
4
4
4
4
4
4
4
4
4
4
4
4
4
4
4
4
4
4
4
4
4
4
4
4
4
4
4
4
4
4
4
4
4
4
4
4
4
4
4
4
4
4
4
-1
-1
-1
-1
-1
-1
-1
-1
-1
-1
-1
-1
-1
-1
-1
-1
-1
-1
-1
-1
-1
-1
-1
-1
-1
-1
-1
-1
-1
-1
-1
-1
-1
-1
-1
-1
-1
-1
-1
-1
-1
-1
-1
-1
-1
-1
-1
-1
-1
-1
-1
-1
-1
-1
-1
-1
-1
-1
-1
-1
-1
-1
-1
-1
-1
-1
-1
-1
-1
-1
-1
-1
-1
-1
-1
-1
-1
-1
-1
-1
-1
-1
-1
-1
-1
-1
-1
-1
-1
-1
-1
-1
-1
-1
-1
-1
-1
-1
-1
-1
-1
-1
-1
-1
-1
-1
-1
-1
-1
-1
-1
-1
-1
-1
-1
-1
-1
-1
-1
-1
-1
-1
-1
-1
-1
-1
-1
-1
-1
-1
-1
-1
-1
-1
-1
-1
-1
-1
-1
-1
-1
-1
-1
-1
-1
-1
-1
-1
-1
-1
-1
-1
-1
