npartb: 2 2 
ipartb: 1 1 
ngrid: 80 25 
9.538102e-01 2.797607e-01 
9.545906e-01 2.798605e-01 
9.553553e-01 2.799583e-01 
9.561200e-01 2.800560e-01 
9.568696e-01 2.801518e-01 
9.576192e-01 2.802476e-01 
9.583542e-01 2.803415e-01 
9.590892e-01 2.804353e-01 
9.598102e-01 2.805274e-01 
9.605311e-01 2.806194e-01 
9.612384e-01 2.807096e-01 
9.619458e-01 2.807999e-01 
9.626400e-01 2.808884e-01 
9.633343e-01 2.809769e-01 
9.640159e-01 2.810638e-01 
9.646976e-01 2.811507e-01 
9.653670e-01 2.812360e-01 
9.660365e-01 2.813213e-01 
9.666943e-01 2.814051e-01 
9.673521e-01 2.814888e-01 
9.679987e-01 2.815711e-01 
9.686452e-01 2.816534e-01 
9.692810e-01 2.817343e-01 
9.699168e-01 2.818152e-01 
9.705422e-01 2.818948e-01 
9.711676e-01 2.819743e-01 
9.717831e-01 2.820525e-01 
9.723986e-01 2.821308e-01 
9.730046e-01 2.822078e-01 
9.736106e-01 2.822848e-01 
9.742075e-01 2.823606e-01 
9.748044e-01 2.824364e-01 
9.753926e-01 2.825111e-01 
9.759809e-01 2.825858e-01 
9.765608e-01 2.826594e-01 
9.771408e-01 2.827330e-01 
9.777129e-01 2.828056e-01 
9.782850e-01 2.828781e-01 
9.788496e-01 2.829498e-01 
9.794143e-01 2.830214e-01 
9.799718e-01 2.830920e-01 
9.805294e-01 2.831627e-01 
9.810802e-01 2.832325e-01 
9.816311e-01 2.833023e-01 
9.821756e-01 2.833713e-01 
9.827201e-01 2.834403e-01 
9.832587e-01 2.835085e-01 
9.837973e-01 2.835767e-01 
9.843303e-01 2.836442e-01 
9.848633e-01 2.837117e-01 
9.853911e-01 2.837785e-01 
9.859189e-01 2.838453e-01 
9.864418e-01 2.839114e-01 
9.869648e-01 2.839776e-01 
9.874832e-01 2.840432e-01 
9.880017e-01 2.841088e-01 
9.885160e-01 2.841738e-01 
9.890303e-01 2.842389e-01 
9.895409e-01 2.843034e-01 
9.900515e-01 2.843680e-01 
9.905586e-01 2.844321e-01 
9.910657e-01 2.844962e-01 
9.915698e-01 2.845599e-01 
9.920738e-01 2.846236e-01 
9.925752e-01 2.846869e-01 
9.930765e-01 2.847503e-01 
9.935754e-01 2.848133e-01 
9.940744e-01 2.848764e-01 
9.945713e-01 2.849391e-01 
9.950682e-01 2.850019e-01 
9.955634e-01 2.850645e-01 
9.960586e-01 2.851270e-01 
9.965525e-01 2.851894e-01 
9.970464e-01 2.852518e-01 
9.975392e-01 2.853140e-01 
9.980320e-01 2.853763e-01 
9.985242e-01 2.854384e-01 
9.990164e-01 2.855006e-01 
9.995082e-01 2.855627e-01 
1.000000e+00 2.856248e-01 
9.537875e-01 2.806849e-01 
9.545680e-01 2.807805e-01 
9.553328e-01 2.808742e-01 
9.560977e-01 2.809679e-01 
9.568475e-01 2.810597e-01 
9.575973e-01 2.811514e-01 
9.583325e-01 2.812414e-01 
9.590677e-01 2.813314e-01 
9.597889e-01 2.814195e-01 
9.605100e-01 2.815077e-01 
9.612176e-01 2.815942e-01 
9.619251e-01 2.816807e-01 
9.626196e-01 2.817656e-01 
9.633141e-01 2.818504e-01 
9.639960e-01 2.819337e-01 
9.646778e-01 2.820169e-01 
9.653475e-01 2.820987e-01 
9.660173e-01 2.821804e-01 
9.666753e-01 2.822607e-01 
9.673334e-01 2.823410e-01 
9.679802e-01 2.824198e-01 
9.686270e-01 2.824987e-01 
9.692630e-01 2.825762e-01 
9.698990e-01 2.826537e-01 
9.705247e-01 2.827300e-01 
9.711504e-01 2.828062e-01 
9.717662e-01 2.828812e-01 
9.723819e-01 2.829562e-01 
9.729882e-01 2.830300e-01 
9.735945e-01 2.831037e-01 
9.741917e-01 2.831764e-01 
9.747889e-01 2.832491e-01 
9.753774e-01 2.833206e-01 
9.759659e-01 2.833922e-01 
9.765462e-01 2.834627e-01 
9.771264e-01 2.835333e-01 
9.776988e-01 2.836028e-01 
9.782712e-01 2.836724e-01 
9.788362e-01 2.837410e-01 
9.794011e-01 2.838096e-01 
9.799590e-01 2.838774e-01 
9.805168e-01 2.839451e-01 
9.810680e-01 2.840120e-01 
9.816191e-01 2.840789e-01 
9.821640e-01 2.841450e-01 
9.827088e-01 2.842111e-01 
9.832477e-01 2.842765e-01 
9.837866e-01 2.843418e-01 
9.843199e-01 2.844065e-01 
9.848532e-01 2.844712e-01 
9.853814e-01 2.845352e-01 
9.859095e-01 2.845992e-01 
9.864327e-01 2.846626e-01 
9.869560e-01 2.847260e-01 
9.874748e-01 2.847889e-01 
9.879936e-01 2.848517e-01 
9.885083e-01 2.849141e-01 
9.890229e-01 2.849764e-01 
9.895338e-01 2.850383e-01 
9.900447e-01 2.851001e-01 
9.905522e-01 2.851616e-01 
9.910596e-01 2.852230e-01 
9.915640e-01 2.852840e-01 
9.920684e-01 2.853451e-01 
9.925701e-01 2.854058e-01 
9.930718e-01 2.854665e-01 
9.935710e-01 2.855269e-01 
9.940703e-01 2.855873e-01 
9.945676e-01 2.856475e-01 
9.950648e-01 2.857077e-01 
9.955604e-01 2.857676e-01 
9.960559e-01 2.858276e-01 
9.965501e-01 2.858873e-01 
9.970443e-01 2.859471e-01 
9.975375e-01 2.860068e-01 
9.980307e-01 2.860664e-01 
9.985232e-01 2.861260e-01 
9.990157e-01 2.861856e-01 
9.995078e-01 2.862451e-01 
1.000000e+00 2.863046e-01 
9.537647e-01 2.816090e-01 
9.545453e-01 2.817005e-01 
9.553104e-01 2.817901e-01 
9.560754e-01 2.818797e-01 
9.568254e-01 2.819675e-01 
9.575754e-01 2.820553e-01 
9.583108e-01 2.821413e-01 
9.590462e-01 2.822274e-01 
9.597676e-01 2.823117e-01 
9.604889e-01 2.823961e-01 
9.611967e-01 2.824788e-01 
9.619045e-01 2.825615e-01 
9.625992e-01 2.826427e-01 
9.632939e-01 2.827239e-01 
9.639760e-01 2.828035e-01 
9.646581e-01 2.828831e-01 
9.653281e-01 2.829613e-01 
9.659980e-01 2.830395e-01 
9.666563e-01 2.831163e-01 
9.673146e-01 2.831931e-01 
9.679617e-01 2.832685e-01 
9.686087e-01 2.833440e-01 
9.692450e-01 2.834181e-01 
9.698813e-01 2.834923e-01 
9.705073e-01 2.835652e-01 
9.711332e-01 2.836381e-01 
9.717492e-01 2.837098e-01 
9.723653e-01 2.837815e-01 
9.729718e-01 2.838521e-01 
9.735784e-01 2.839227e-01 
9.741759e-01 2.839922e-01 
9.747733e-01 2.840617e-01 
9.753621e-01 2.841302e-01 
9.759510e-01 2.841986e-01 
9.765315e-01 2.842661e-01 
9.771121e-01 2.843336e-01 
9.776848e-01 2.844001e-01 
9.782575e-01 2.844666e-01 
9.788227e-01 2.845323e-01 
9.793880e-01 2.845979e-01 
9.799461e-01 2.846627e-01 
9.805043e-01 2.847275e-01 
9.810557e-01 2.847915e-01 
9.816072e-01 2.848555e-01 
9.821524e-01 2.849187e-01 
9.826975e-01 2.849819e-01 
9.832367e-01 2.850445e-01 
9.837759e-01 2.851070e-01 
9.843096e-01 2.851688e-01 
9.848432e-01 2.852307e-01 
9.853717e-01 2.852919e-01 
9.859001e-01 2.853532e-01 
9.864237e-01 2.854138e-01 
9.869473e-01 2.854745e-01 
9.874664e-01 2.855346e-01 
9.879855e-01 2.855947e-01 
9.885005e-01 2.856543e-01 
9.890155e-01 2.857139e-01 
9.895267e-01 2.857731e-01 
9.900379e-01 2.858323e-01 
9.905457e-01 2.858911e-01 
9.910535e-01 2.859498e-01 
9.915583e-01 2.860082e-01 
9.920630e-01 2.860666e-01 
9.925650e-01 2.861247e-01 
9.930670e-01 2.861828e-01 
9.935666e-01 2.862405e-01 
9.940662e-01 2.862983e-01 
9.945638e-01 2.863559e-01 
9.950614e-01 2.864134e-01 
9.955573e-01 2.864708e-01 
9.960532e-01 2.865281e-01 
9.965477e-01 2.865853e-01 
9.970423e-01 2.866425e-01 
9.975358e-01 2.866995e-01 
9.980293e-01 2.867566e-01 
9.985221e-01 2.868136e-01 
9.990150e-01 2.868705e-01 
9.995075e-01 2.869275e-01 
1.000000e+00 2.869844e-01 
9.537419e-01 2.825332e-01 
9.545227e-01 2.826205e-01 
9.552879e-01 2.827060e-01 
9.560532e-01 2.827915e-01 
9.568033e-01 2.828753e-01 
9.575535e-01 2.829591e-01 
9.582891e-01 2.830413e-01 
9.590247e-01 2.831234e-01 
9.597463e-01 2.832039e-01 
9.604678e-01 2.832845e-01 
9.611758e-01 2.833634e-01 
9.618838e-01 2.834424e-01 
9.625788e-01 2.835199e-01 
9.632737e-01 2.835973e-01 
9.639560e-01 2.836733e-01 
9.646383e-01 2.837494e-01 
9.653086e-01 2.838240e-01 
9.659788e-01 2.838986e-01 
9.666373e-01 2.839719e-01 
9.672958e-01 2.840452e-01 
9.679432e-01 2.841172e-01 
9.685905e-01 2.841893e-01 
9.692270e-01 2.842600e-01 
9.698636e-01 2.843308e-01 
9.704898e-01 2.844004e-01 
9.711160e-01 2.844700e-01 
9.717323e-01 2.845385e-01 
9.723486e-01 2.846069e-01 
9.729555e-01 2.846743e-01 
9.735623e-01 2.847417e-01 
9.741600e-01 2.848080e-01 
9.747578e-01 2.848744e-01 
9.753469e-01 2.849397e-01 
9.759360e-01 2.850051e-01 
9.765169e-01 2.850695e-01 
9.770977e-01 2.851339e-01 
9.776707e-01 2.851974e-01 
9.782437e-01 2.852609e-01 
9.788093e-01 2.853235e-01 
9.793748e-01 2.853862e-01 
9.799333e-01 2.854480e-01 
9.804917e-01 2.855099e-01 
9.810435e-01 2.855710e-01 
9.815953e-01 2.856320e-01 
9.821408e-01 2.856924e-01 
9.826862e-01 2.857528e-01 
9.832257e-01 2.858124e-01 
9.837653e-01 2.858721e-01 
9.842992e-01 2.859312e-01 
9.848332e-01 2.859902e-01 
9.853620e-01 2.860487e-01 
9.858907e-01 2.861071e-01 
9.864146e-01 2.861650e-01 
9.869386e-01 2.862229e-01 
9.874580e-01 2.862803e-01 
9.879774e-01 2.863377e-01 
9.884928e-01 2.863946e-01 
9.890081e-01 2.864515e-01 
9.895196e-01 2.865080e-01 
9.900312e-01 2.865645e-01 
9.905393e-01 2.866206e-01 
9.910474e-01 2.866766e-01 
9.915525e-01 2.867324e-01 
9.920576e-01 2.867881e-01 
9.925599e-01 2.868436e-01 
9.930622e-01 2.868990e-01 
9.935622e-01 2.869542e-01 
9.940622e-01 2.870093e-01 
9.945601e-01 2.870642e-01 
9.950580e-01 2.871192e-01 
9.955542e-01 2.871739e-01 
9.960505e-01 2.872286e-01 
9.965453e-01 2.872832e-01 
9.970402e-01 2.873378e-01 
9.975341e-01 2.873923e-01 
9.980279e-01 2.874467e-01 
9.985211e-01 2.875011e-01 
9.990143e-01 2.875555e-01 
9.995072e-01 2.876099e-01 
1.000000e+00 2.876642e-01 
9.537191e-01 2.834573e-01 
9.545001e-01 2.835405e-01 
9.552655e-01 2.836219e-01 
9.560309e-01 2.837034e-01 
9.567813e-01 2.837832e-01 
9.575316e-01 2.838630e-01 
9.582674e-01 2.839412e-01 
9.590032e-01 2.840194e-01 
9.597250e-01 2.840961e-01 
9.604468e-01 2.841728e-01 
9.611550e-01 2.842480e-01 
9.618632e-01 2.843232e-01 
9.625583e-01 2.843970e-01 
9.632535e-01 2.844708e-01 
9.639360e-01 2.845432e-01 
9.646186e-01 2.846156e-01 
9.652891e-01 2.846867e-01 
9.659595e-01 2.847577e-01 
9.666183e-01 2.848276e-01 
9.672771e-01 2.848974e-01 
9.679246e-01 2.849659e-01 
9.685722e-01 2.850345e-01 
9.692090e-01 2.851019e-01 
9.698458e-01 2.851693e-01 
9.704723e-01 2.852356e-01 
9.710988e-01 2.853019e-01 
9.717154e-01 2.853671e-01 
9.723320e-01 2.854323e-01 
9.729391e-01 2.854965e-01 
9.735462e-01 2.855607e-01 
9.741442e-01 2.856238e-01 
9.747423e-01 2.856870e-01 
9.753317e-01 2.857492e-01 
9.759211e-01 2.858115e-01 
9.765022e-01 2.858728e-01 
9.770834e-01 2.859342e-01 
9.776567e-01 2.859946e-01 
9.782300e-01 2.860551e-01 
9.787958e-01 2.861148e-01 
9.793616e-01 2.861745e-01 
9.799204e-01 2.862334e-01 
9.804792e-01 2.862923e-01 
9.810313e-01 2.863504e-01 
9.815834e-01 2.864086e-01 
9.821291e-01 2.864661e-01 
9.826749e-01 2.865236e-01 
9.832148e-01 2.865804e-01 
9.837546e-01 2.866373e-01 
9.842889e-01 2.866935e-01 
9.848232e-01 2.867497e-01 
9.853522e-01 2.868054e-01 
9.858813e-01 2.868610e-01 
9.864056e-01 2.869162e-01 
9.869298e-01 2.869713e-01 
9.874496e-01 2.870260e-01 
9.879694e-01 2.870806e-01 
9.884850e-01 2.871348e-01 
9.890007e-01 2.871890e-01 
9.895125e-01 2.872428e-01 
9.900244e-01 2.872966e-01 
9.905329e-01 2.873501e-01 
9.910414e-01 2.874035e-01 
9.915468e-01 2.874566e-01 
9.920521e-01 2.875097e-01 
9.925548e-01 2.875624e-01 
9.930575e-01 2.876152e-01 
9.935578e-01 2.876678e-01 
9.940581e-01 2.877203e-01 
9.945564e-01 2.877726e-01 
9.950546e-01 2.878249e-01 
9.955512e-01 2.878771e-01 
9.960478e-01 2.879292e-01 
9.965430e-01 2.879812e-01 
9.970382e-01 2.880331e-01 
9.975324e-01 2.880850e-01 
9.980266e-01 2.881369e-01 
9.985201e-01 2.881887e-01 
9.990136e-01 2.882405e-01 
9.995068e-01 2.882922e-01 
1.000000e+00 2.883440e-01 
9.536963e-01 2.843814e-01 
9.544775e-01 2.844604e-01 
9.552431e-01 2.845378e-01 
9.560086e-01 2.846152e-01 
9.567592e-01 2.846910e-01 
9.575097e-01 2.847668e-01 
9.582457e-01 2.848412e-01 
9.589817e-01 2.849155e-01 
9.597037e-01 2.849883e-01 
9.604257e-01 2.850612e-01 
9.611341e-01 2.851326e-01 
9.618425e-01 2.852041e-01 
9.625379e-01 2.852742e-01 
9.632333e-01 2.853442e-01 
9.639161e-01 2.854130e-01 
9.645989e-01 2.854818e-01 
9.652696e-01 2.855493e-01 
9.659402e-01 2.856169e-01 
9.665993e-01 2.856832e-01 
9.672583e-01 2.857495e-01 
9.679061e-01 2.858146e-01 
9.685540e-01 2.858798e-01 
9.691910e-01 2.859438e-01 
9.698281e-01 2.860079e-01 
9.704549e-01 2.860708e-01 
9.710816e-01 2.861338e-01 
9.716985e-01 2.861958e-01 
9.723153e-01 2.862577e-01 
9.729227e-01 2.863187e-01 
9.735301e-01 2.863796e-01 
9.741284e-01 2.864396e-01 
9.747268e-01 2.864997e-01 
9.753164e-01 2.865588e-01 
9.759061e-01 2.866179e-01 
9.764876e-01 2.866762e-01 
9.770690e-01 2.867345e-01 
9.776426e-01 2.867919e-01 
9.782162e-01 2.868494e-01 
9.787823e-01 2.869061e-01 
9.793485e-01 2.869627e-01 
9.799076e-01 2.870187e-01 
9.804666e-01 2.870747e-01 
9.810190e-01 2.871299e-01 
9.815714e-01 2.871852e-01 
9.821175e-01 2.872398e-01 
9.826636e-01 2.872944e-01 
9.832038e-01 2.873484e-01 
9.837439e-01 2.874024e-01 
9.842785e-01 2.874558e-01 
9.848131e-01 2.875092e-01 
9.853425e-01 2.875621e-01 
9.858719e-01 2.876150e-01 
9.863965e-01 2.876674e-01 
9.869211e-01 2.877198e-01 
9.874412e-01 2.877717e-01 
9.879613e-01 2.878236e-01 
9.884773e-01 2.878751e-01 
9.889932e-01 2.879266e-01 
9.895055e-01 2.879777e-01 
9.900177e-01 2.880288e-01 
9.905265e-01 2.880796e-01 
9.910353e-01 2.881303e-01 
9.915410e-01 2.881807e-01 
9.920467e-01 2.882312e-01 
9.925497e-01 2.882813e-01 
9.930527e-01 2.883315e-01 
9.935534e-01 2.883814e-01 
9.940540e-01 2.884313e-01 
9.945526e-01 2.884810e-01 
9.950512e-01 2.885307e-01 
9.955481e-01 2.885802e-01 
9.960450e-01 2.886297e-01 
9.965406e-01 2.886791e-01 
9.970361e-01 2.887285e-01 
9.975307e-01 2.887778e-01 
9.980252e-01 2.888270e-01 
9.985191e-01 2.888762e-01 
9.990129e-01 2.889255e-01 
9.995065e-01 2.889746e-01 
1.000000e+00 2.890238e-01 
9.536735e-01 2.853056e-01 
9.544548e-01 2.853804e-01 
9.552206e-01 2.854537e-01 
9.559864e-01 2.855270e-01 
9.567371e-01 2.855989e-01 
9.574878e-01 2.856707e-01 
9.582240e-01 2.857411e-01 
9.589602e-01 2.858115e-01 
9.596824e-01 2.858805e-01 
9.604046e-01 2.859495e-01 
9.611132e-01 2.860172e-01 
9.618219e-01 2.860849e-01 
9.625175e-01 2.861513e-01 
9.632131e-01 2.862177e-01 
9.638961e-01 2.862829e-01 
9.645791e-01 2.863480e-01 
9.652501e-01 2.864120e-01 
9.659210e-01 2.864760e-01 
9.665803e-01 2.865388e-01 
9.672395e-01 2.866016e-01 
9.678876e-01 2.866634e-01 
9.685357e-01 2.867251e-01 
9.691730e-01 2.867857e-01 
9.698104e-01 2.868464e-01 
9.704374e-01 2.869061e-01 
9.710644e-01 2.869657e-01 
9.716815e-01 2.870244e-01 
9.722987e-01 2.870831e-01 
9.729063e-01 2.871408e-01 
9.735140e-01 2.871986e-01 
9.741126e-01 2.872554e-01 
9.747112e-01 2.873123e-01 
9.753012e-01 2.873683e-01 
9.758912e-01 2.874243e-01 
9.764729e-01 2.874795e-01 
9.770546e-01 2.875347e-01 
9.776285e-01 2.875892e-01 
9.782024e-01 2.876436e-01 
9.787689e-01 2.876973e-01 
9.793353e-01 2.877510e-01 
9.798947e-01 2.878040e-01 
9.804541e-01 2.878570e-01 
9.810068e-01 2.879094e-01 
9.815595e-01 2.879617e-01 
9.821059e-01 2.880135e-01 
9.826523e-01 2.880652e-01 
9.831928e-01 2.881164e-01 
9.837333e-01 2.881675e-01 
9.842682e-01 2.882181e-01 
9.848031e-01 2.882687e-01 
9.853328e-01 2.883188e-01 
9.858626e-01 2.883689e-01 
9.863875e-01 2.884186e-01 
9.869124e-01 2.884682e-01 
9.874328e-01 2.885174e-01 
9.879532e-01 2.885666e-01 
9.884695e-01 2.886154e-01 
9.889858e-01 2.886641e-01 
9.894984e-01 2.887126e-01 
9.900109e-01 2.887610e-01 
9.905200e-01 2.888090e-01 
9.910292e-01 2.888571e-01 
9.915352e-01 2.889049e-01 
9.920413e-01 2.889527e-01 
9.925447e-01 2.890002e-01 
9.930480e-01 2.890477e-01 
9.935490e-01 2.890950e-01 
9.940499e-01 2.891423e-01 
9.945489e-01 2.891894e-01 
9.950478e-01 2.892364e-01 
9.955451e-01 2.892834e-01 
9.960423e-01 2.893303e-01 
9.965382e-01 2.893770e-01 
9.970341e-01 2.894238e-01 
9.975290e-01 2.894705e-01 
9.980239e-01 2.895172e-01 
9.985181e-01 2.895638e-01 
9.990123e-01 2.896104e-01 
9.995061e-01 2.896570e-01 
1.000000e+00 2.897036e-01 
9.536507e-01 2.862297e-01 
9.544322e-01 2.863004e-01 
9.551982e-01 2.863696e-01 
9.559641e-01 2.864389e-01 
9.567150e-01 2.865067e-01 
9.574659e-01 2.865745e-01 
9.582023e-01 2.866410e-01 
9.589387e-01 2.867075e-01 
9.596611e-01 2.867727e-01 
9.603835e-01 2.868379e-01 
9.610924e-01 2.869018e-01 
9.618012e-01 2.869657e-01 
9.624971e-01 2.870285e-01 
9.631929e-01 2.870912e-01 
9.638761e-01 2.871527e-01 
9.645594e-01 2.872143e-01 
9.652306e-01 2.872747e-01 
9.659017e-01 2.873351e-01 
9.665613e-01 2.873944e-01 
9.672208e-01 2.874538e-01 
9.678691e-01 2.875121e-01 
9.685175e-01 2.875704e-01 
9.691551e-01 2.876276e-01 
9.697927e-01 2.876849e-01 
9.704199e-01 2.877413e-01 
9.710472e-01 2.877976e-01 
9.716646e-01 2.878530e-01 
9.722820e-01 2.879085e-01 
9.728900e-01 2.879630e-01 
9.734979e-01 2.880176e-01 
9.740968e-01 2.880713e-01 
9.746957e-01 2.881250e-01 
9.752860e-01 2.881779e-01 
9.758762e-01 2.882308e-01 
9.764583e-01 2.882829e-01 
9.770403e-01 2.883350e-01 
9.776145e-01 2.883864e-01 
9.781887e-01 2.884379e-01 
9.787554e-01 2.884886e-01 
9.793222e-01 2.885393e-01 
9.798819e-01 2.885894e-01 
9.804416e-01 2.886394e-01 
9.809946e-01 2.886889e-01 
9.815476e-01 2.887383e-01 
9.820943e-01 2.887872e-01 
9.826410e-01 2.888360e-01 
9.831818e-01 2.888844e-01 
9.837226e-01 2.889327e-01 
9.842578e-01 2.889805e-01 
9.847931e-01 2.890283e-01 
9.853231e-01 2.890756e-01 
9.858532e-01 2.891229e-01 
9.863784e-01 2.891698e-01 
9.869036e-01 2.892166e-01 
9.874244e-01 2.892631e-01 
9.879451e-01 2.893095e-01 
9.884618e-01 2.893556e-01 
9.889784e-01 2.894017e-01 
9.894913e-01 2.894474e-01 
9.900042e-01 2.894931e-01 
9.905136e-01 2.895385e-01 
9.910231e-01 2.895840e-01 
9.915295e-01 2.896291e-01 
9.920359e-01 2.896742e-01 
9.925396e-01 2.897191e-01 
9.930432e-01 2.897640e-01 
9.935446e-01 2.898086e-01 
9.940459e-01 2.898533e-01 
9.945451e-01 2.898977e-01 
9.950444e-01 2.899422e-01 
9.955420e-01 2.899865e-01 
9.960396e-01 2.900308e-01 
9.965358e-01 2.900750e-01 
9.970321e-01 2.901192e-01 
9.975273e-01 2.901633e-01 
9.980225e-01 2.902074e-01 
9.985170e-01 2.902514e-01 
9.990116e-01 2.902954e-01 
9.995058e-01 2.903394e-01 
1.000000e+00 2.903834e-01 
9.536279e-01 2.871538e-01 
9.544096e-01 2.872204e-01 
9.551757e-01 2.872855e-01 
9.559418e-01 2.873507e-01 
9.566929e-01 2.874145e-01 
9.574440e-01 2.874784e-01 
9.581806e-01 2.875410e-01 
9.589172e-01 2.876036e-01 
9.596398e-01 2.876649e-01 
9.603624e-01 2.877263e-01 
9.610715e-01 2.877864e-01 
9.617806e-01 2.878466e-01 
9.624766e-01 2.879056e-01 
9.631727e-01 2.879646e-01 
9.638562e-01 2.880225e-01 
9.645397e-01 2.880805e-01 
9.652111e-01 2.881373e-01 
9.658825e-01 2.881942e-01 
9.665422e-01 2.882500e-01 
9.672020e-01 2.883059e-01 
9.678506e-01 2.883608e-01 
9.684992e-01 2.884156e-01 
9.691371e-01 2.884696e-01 
9.697749e-01 2.885235e-01 
9.704025e-01 2.885765e-01 
9.710300e-01 2.886295e-01 
9.716477e-01 2.886817e-01 
9.722654e-01 2.887339e-01 
9.728736e-01 2.887852e-01 
9.734818e-01 2.888365e-01 
9.740810e-01 2.888871e-01 
9.746802e-01 2.889376e-01 
9.752707e-01 2.889874e-01 
9.758613e-01 2.890372e-01 
9.764436e-01 2.890863e-01 
9.770259e-01 2.891353e-01 
9.776004e-01 2.891837e-01 
9.781749e-01 2.892321e-01 
9.787420e-01 2.892798e-01 
9.793090e-01 2.893276e-01 
9.798690e-01 2.893747e-01 
9.804290e-01 2.894218e-01 
9.809823e-01 2.894683e-01 
9.815357e-01 2.895149e-01 
9.820827e-01 2.895609e-01 
9.826297e-01 2.896069e-01 
9.831708e-01 2.896523e-01 
9.837119e-01 2.896978e-01 
9.842475e-01 2.897428e-01 
9.847831e-01 2.897878e-01 
9.853134e-01 2.898323e-01 
9.858438e-01 2.898768e-01 
9.863693e-01 2.899210e-01 
9.868949e-01 2.899651e-01 
9.874160e-01 2.900088e-01 
9.879370e-01 2.900525e-01 
9.884540e-01 2.900959e-01 
9.889710e-01 2.901392e-01 
9.894842e-01 2.901823e-01 
9.899974e-01 2.902253e-01 
9.905072e-01 2.902680e-01 
9.910170e-01 2.903108e-01 
9.915237e-01 2.903533e-01 
9.920305e-01 2.903957e-01 
9.925345e-01 2.904380e-01 
9.930385e-01 2.904802e-01 
9.935401e-01 2.905222e-01 
9.940418e-01 2.905642e-01 
9.945414e-01 2.906061e-01 
9.950410e-01 2.906479e-01 
9.955389e-01 2.906896e-01 
9.960369e-01 2.907313e-01 
9.965334e-01 2.907729e-01 
9.970300e-01 2.908145e-01 
9.975256e-01 2.908560e-01 
9.980211e-01 2.908975e-01 
9.985160e-01 2.909389e-01 
9.990109e-01 2.909804e-01 
9.995055e-01 2.910218e-01 
1.000000e+00 2.910632e-01 
9.536051e-01 2.880780e-01 
9.543870e-01 2.881403e-01 
9.551533e-01 2.882014e-01 
9.559196e-01 2.882625e-01 
9.566709e-01 2.883224e-01 
9.574222e-01 2.883822e-01 
9.581589e-01 2.884409e-01 
9.588957e-01 2.884996e-01 
9.596185e-01 2.885571e-01 
9.603413e-01 2.886146e-01 
9.610506e-01 2.886710e-01 
9.617599e-01 2.887274e-01 
9.624562e-01 2.887828e-01 
9.631525e-01 2.888381e-01 
9.638362e-01 2.888924e-01 
9.645199e-01 2.889467e-01 
9.651916e-01 2.890000e-01 
9.658632e-01 2.890533e-01 
9.665232e-01 2.891057e-01 
9.671833e-01 2.891580e-01 
9.678321e-01 2.892095e-01 
9.684810e-01 2.892609e-01 
9.691191e-01 2.893115e-01 
9.697572e-01 2.893620e-01 
9.703850e-01 2.894117e-01 
9.710128e-01 2.894614e-01 
9.716308e-01 2.895103e-01 
9.722487e-01 2.895592e-01 
9.728572e-01 2.896074e-01 
9.734657e-01 2.896555e-01 
9.740652e-01 2.897029e-01 
9.746647e-01 2.897503e-01 
9.752555e-01 2.897969e-01 
9.758463e-01 2.898436e-01 
9.764290e-01 2.898896e-01 
9.770116e-01 2.899356e-01 
9.775864e-01 2.899810e-01 
9.781611e-01 2.900263e-01 
9.787285e-01 2.900711e-01 
9.792959e-01 2.901158e-01 
9.798562e-01 2.901600e-01 
9.804165e-01 2.902042e-01 
9.809701e-01 2.902478e-01 
9.815237e-01 2.902915e-01 
9.820711e-01 2.903346e-01 
9.826184e-01 2.903777e-01 
9.831598e-01 2.904203e-01 
9.837013e-01 2.904629e-01 
9.842372e-01 2.905051e-01 
9.847730e-01 2.905473e-01 
9.853037e-01 2.905890e-01 
9.858344e-01 2.906308e-01 
9.863603e-01 2.906721e-01 
9.868862e-01 2.907135e-01 
9.874076e-01 2.907545e-01 
9.879290e-01 2.907955e-01 
9.884463e-01 2.908361e-01 
9.889636e-01 2.908768e-01 
9.894771e-01 2.909171e-01 
9.899906e-01 2.909575e-01 
9.905008e-01 2.909975e-01 
9.910109e-01 2.910376e-01 
9.915180e-01 2.910774e-01 
9.920250e-01 2.911172e-01 
9.925294e-01 2.911568e-01 
9.930337e-01 2.911964e-01 
9.935357e-01 2.912358e-01 
9.940377e-01 2.912752e-01 
9.945377e-01 2.913145e-01 
9.950376e-01 2.913537e-01 
9.955359e-01 2.913928e-01 
9.960341e-01 2.914319e-01 
9.965311e-01 2.914709e-01 
9.970280e-01 2.915099e-01 
9.975239e-01 2.915488e-01 
9.980198e-01 2.915877e-01 
9.985150e-01 2.916265e-01 
9.990102e-01 2.916654e-01 
9.995051e-01 2.917042e-01 
1.000000e+00 2.917430e-01 
9.535823e-01 2.890021e-01 
9.543643e-01 2.890603e-01 
9.551308e-01 2.891173e-01 
9.558973e-01 2.891744e-01 
9.566488e-01 2.892302e-01 
9.574003e-01 2.892861e-01 
9.581373e-01 2.893409e-01 
9.588742e-01 2.893956e-01 
9.595972e-01 2.894493e-01 
9.603203e-01 2.895030e-01 
9.610298e-01 2.895556e-01 
9.617393e-01 2.896083e-01 
9.624358e-01 2.896599e-01 
9.631323e-01 2.897115e-01 
9.638162e-01 2.897622e-01 
9.645002e-01 2.898129e-01 
9.651721e-01 2.898627e-01 
9.658440e-01 2.899124e-01 
9.665042e-01 2.899613e-01 
9.671645e-01 2.900102e-01 
9.678136e-01 2.900582e-01 
9.684627e-01 2.901062e-01 
9.691011e-01 2.901534e-01 
9.697395e-01 2.902005e-01 
9.703675e-01 2.902469e-01 
9.709956e-01 2.902933e-01 
9.716139e-01 2.903390e-01 
9.722321e-01 2.903846e-01 
9.728409e-01 2.904295e-01 
9.734496e-01 2.904745e-01 
9.740494e-01 2.905187e-01 
9.746491e-01 2.905629e-01 
9.752403e-01 2.906065e-01 
9.758314e-01 2.906500e-01 
9.764143e-01 2.906930e-01 
9.769972e-01 2.907359e-01 
9.775723e-01 2.907782e-01 
9.781474e-01 2.908206e-01 
9.787150e-01 2.908624e-01 
9.792827e-01 2.909041e-01 
9.798433e-01 2.909454e-01 
9.804039e-01 2.909866e-01 
9.809579e-01 2.910273e-01 
9.815118e-01 2.910680e-01 
9.820595e-01 2.911083e-01 
9.826071e-01 2.911485e-01 
9.831489e-01 2.911883e-01 
9.836906e-01 2.912281e-01 
9.842268e-01 2.912674e-01 
9.847630e-01 2.913068e-01 
9.852940e-01 2.913458e-01 
9.858250e-01 2.913847e-01 
9.863512e-01 2.914233e-01 
9.868774e-01 2.914619e-01 
9.873992e-01 2.915002e-01 
9.879209e-01 2.915384e-01 
9.884385e-01 2.915764e-01 
9.889561e-01 2.916143e-01 
9.894700e-01 2.916520e-01 
9.899839e-01 2.916896e-01 
9.904943e-01 2.917270e-01 
9.910048e-01 2.917644e-01 
9.915122e-01 2.918016e-01 
9.920196e-01 2.918388e-01 
9.925243e-01 2.918757e-01 
9.930290e-01 2.919127e-01 
9.935313e-01 2.919494e-01 
9.940336e-01 2.919862e-01 
9.945339e-01 2.920228e-01 
9.950342e-01 2.920594e-01 
9.955328e-01 2.920959e-01 
9.960314e-01 2.921324e-01 
9.965287e-01 2.921688e-01 
9.970259e-01 2.922052e-01 
9.975222e-01 2.922415e-01 
9.980184e-01 2.922778e-01 
9.985140e-01 2.923141e-01 
9.990095e-01 2.923503e-01 
9.995048e-01 2.923866e-01 
1.000000e+00 2.924228e-01 
9.535596e-01 2.899262e-01 
9.543417e-01 2.899803e-01 
9.551084e-01 2.900332e-01 
9.558750e-01 2.900862e-01 
9.566267e-01 2.901381e-01 
9.573784e-01 2.901899e-01 
9.581156e-01 2.902408e-01 
9.588527e-01 2.902916e-01 
9.595760e-01 2.903415e-01 
9.602992e-01 2.903913e-01 
9.610089e-01 2.904402e-01 
9.617186e-01 2.904891e-01 
9.624153e-01 2.905371e-01 
9.631121e-01 2.905850e-01 
9.637963e-01 2.906321e-01 
9.644804e-01 2.906791e-01 
9.651526e-01 2.907253e-01 
9.658247e-01 2.907715e-01 
9.664852e-01 2.908169e-01 
9.671457e-01 2.908623e-01 
9.677951e-01 2.909069e-01 
9.684445e-01 2.909514e-01 
9.690831e-01 2.909953e-01 
9.697217e-01 2.910391e-01 
9.703501e-01 2.910822e-01 
9.709784e-01 2.911252e-01 
9.715969e-01 2.911676e-01 
9.722154e-01 2.912100e-01 
9.728245e-01 2.912517e-01 
9.734335e-01 2.912934e-01 
9.740336e-01 2.913345e-01 
9.746336e-01 2.913756e-01 
9.752250e-01 2.914160e-01 
9.758164e-01 2.914565e-01 
9.763997e-01 2.914963e-01 
9.769829e-01 2.915362e-01 
9.775582e-01 2.915755e-01 
9.781336e-01 2.916148e-01 
9.787016e-01 2.916536e-01 
9.792695e-01 2.916924e-01 
9.798305e-01 2.917307e-01 
9.803914e-01 2.917690e-01 
9.809456e-01 2.918068e-01 
9.814999e-01 2.918446e-01 
9.820479e-01 2.918820e-01 
9.825958e-01 2.919193e-01 
9.831379e-01 2.919563e-01 
9.836799e-01 2.919932e-01 
9.842165e-01 2.920298e-01 
9.847530e-01 2.920663e-01 
9.852843e-01 2.921025e-01 
9.858157e-01 2.921387e-01 
9.863422e-01 2.921745e-01 
9.868687e-01 2.922104e-01 
9.873908e-01 2.922459e-01 
9.879128e-01 2.922814e-01 
9.884308e-01 2.923166e-01 
9.889487e-01 2.923519e-01 
9.894629e-01 2.923868e-01 
9.899771e-01 2.924218e-01 
9.904879e-01 2.924565e-01 
9.909987e-01 2.924913e-01 
9.915065e-01 2.925258e-01 
9.920142e-01 2.925603e-01 
9.925192e-01 2.925946e-01 
9.930242e-01 2.926289e-01 
9.935269e-01 2.926631e-01 
9.940296e-01 2.926972e-01 
9.945302e-01 2.927312e-01 
9.950308e-01 2.927652e-01 
9.955298e-01 2.927991e-01 
9.960287e-01 2.928330e-01 
9.965263e-01 2.928668e-01 
9.970239e-01 2.929005e-01 
9.975205e-01 2.929343e-01 
9.980170e-01 2.929680e-01 
9.985130e-01 2.930016e-01 
9.990089e-01 2.930353e-01 
9.995044e-01 2.930690e-01 
1.000000e+00 2.931026e-01 
9.535368e-01 2.908504e-01 
9.543191e-01 2.909003e-01 
9.550859e-01 2.909491e-01 
9.558528e-01 2.909980e-01 
9.566046e-01 2.910459e-01 
9.573565e-01 2.910938e-01 
9.580939e-01 2.911407e-01 
9.588312e-01 2.911877e-01 
9.595547e-01 2.912337e-01 
9.602781e-01 2.912797e-01 
9.609880e-01 2.913248e-01 
9.616980e-01 2.913699e-01 
9.623949e-01 2.914142e-01 
9.630919e-01 2.914585e-01 
9.637763e-01 2.915019e-01 
9.644607e-01 2.915454e-01 
9.651331e-01 2.915880e-01 
9.658054e-01 2.916306e-01 
9.664662e-01 2.916725e-01 
9.671270e-01 2.917144e-01 
9.677766e-01 2.917556e-01 
9.684262e-01 2.917967e-01 
9.690651e-01 2.918372e-01 
9.697040e-01 2.918776e-01 
9.703326e-01 2.919174e-01 
9.709612e-01 2.919571e-01 
9.715800e-01 2.919963e-01 
9.721988e-01 2.920354e-01 
9.728081e-01 2.920739e-01 
9.734175e-01 2.921124e-01 
9.740178e-01 2.921503e-01 
9.746181e-01 2.921882e-01 
9.752098e-01 2.922255e-01 
9.758015e-01 2.922629e-01 
9.763850e-01 2.922997e-01 
9.769685e-01 2.923365e-01 
9.775442e-01 2.923728e-01 
9.781199e-01 2.924091e-01 
9.786881e-01 2.924449e-01 
9.792564e-01 2.924807e-01 
9.798176e-01 2.925160e-01 
9.803788e-01 2.925514e-01 
9.809334e-01 2.925863e-01 
9.814880e-01 2.926212e-01 
9.820362e-01 2.926557e-01 
9.825845e-01 2.926901e-01 
9.831269e-01 2.927242e-01 
9.836693e-01 2.927584e-01 
9.842061e-01 2.927921e-01 
9.847430e-01 2.928258e-01 
9.852746e-01 2.928592e-01 
9.858063e-01 2.928926e-01 
9.863331e-01 2.929257e-01 
9.868600e-01 2.929588e-01 
9.873823e-01 2.929916e-01 
9.879047e-01 2.930244e-01 
9.884230e-01 2.930569e-01 
9.889413e-01 2.930894e-01 
9.894558e-01 2.931217e-01 
9.899704e-01 2.931540e-01 
9.904815e-01 2.931860e-01 
9.909926e-01 2.932181e-01 
9.915007e-01 2.932499e-01 
9.920088e-01 2.932818e-01 
9.925141e-01 2.933135e-01 
9.930195e-01 2.933451e-01 
9.935225e-01 2.933767e-01 
9.940255e-01 2.934082e-01 
9.945264e-01 2.934396e-01 
9.950274e-01 2.934710e-01 
9.955267e-01 2.935022e-01 
9.960260e-01 2.935335e-01 
9.965239e-01 2.935647e-01 
9.970218e-01 2.935959e-01 
9.975188e-01 2.936270e-01 
9.980157e-01 2.936581e-01 
9.985119e-01 2.936892e-01 
9.990082e-01 2.937203e-01 
9.995041e-01 2.937513e-01 
1.000000e+00 2.937824e-01 
9.535140e-01 2.917745e-01 
9.542965e-01 2.918202e-01 
9.550635e-01 2.918651e-01 
9.558305e-01 2.919099e-01 
9.565825e-01 2.919538e-01 
9.573346e-01 2.919976e-01 
9.580722e-01 2.920407e-01 
9.588097e-01 2.920837e-01 
9.595334e-01 2.921259e-01 
9.602570e-01 2.921680e-01 
9.609672e-01 2.922094e-01 
9.616773e-01 2.922508e-01 
9.623745e-01 2.922914e-01 
9.630717e-01 2.923319e-01 
9.637563e-01 2.923718e-01 
9.644410e-01 2.924116e-01 
9.651136e-01 2.924507e-01 
9.657862e-01 2.924898e-01 
9.664472e-01 2.925282e-01 
9.671082e-01 2.925665e-01 
9.677581e-01 2.926043e-01 
9.684079e-01 2.926420e-01 
9.690471e-01 2.926791e-01 
9.696863e-01 2.927161e-01 
9.703152e-01 2.927526e-01 
9.709440e-01 2.927891e-01 
9.715631e-01 2.928249e-01 
9.721821e-01 2.928608e-01 
9.727917e-01 2.928961e-01 
9.734014e-01 2.929314e-01 
9.740020e-01 2.929661e-01 
9.746026e-01 2.930009e-01 
9.751946e-01 2.930351e-01 
9.757866e-01 2.930693e-01 
9.763703e-01 2.931031e-01 
9.769541e-01 2.931368e-01 
9.775301e-01 2.931701e-01 
9.781061e-01 2.932033e-01 
9.786747e-01 2.932361e-01 
9.792432e-01 2.932690e-01 
9.798048e-01 2.933014e-01 
9.803663e-01 2.933337e-01 
9.809212e-01 2.933657e-01 
9.814760e-01 2.933977e-01 
9.820246e-01 2.934294e-01 
9.825732e-01 2.934610e-01 
9.831159e-01 2.934922e-01 
9.836586e-01 2.935235e-01 
9.841958e-01 2.935544e-01 
9.847329e-01 2.935853e-01 
9.852649e-01 2.936160e-01 
9.857969e-01 2.936466e-01 
9.863241e-01 2.936769e-01 
9.868512e-01 2.937072e-01 
9.873739e-01 2.937373e-01 
9.878967e-01 2.937673e-01 
9.884153e-01 2.937972e-01 
9.889339e-01 2.938270e-01 
9.894487e-01 2.938566e-01 
9.899636e-01 2.938861e-01 
9.904751e-01 2.939155e-01 
9.909865e-01 2.939449e-01 
9.914949e-01 2.939741e-01 
9.920033e-01 2.940033e-01 
9.925090e-01 2.940323e-01 
9.930147e-01 2.940614e-01 
9.935181e-01 2.940903e-01 
9.940214e-01 2.941192e-01 
9.945227e-01 2.941479e-01 
9.950240e-01 2.941767e-01 
9.955236e-01 2.942054e-01 
9.960233e-01 2.942341e-01 
9.965215e-01 2.942626e-01 
9.970198e-01 2.942912e-01 
9.975171e-01 2.943198e-01 
9.980143e-01 2.943483e-01 
9.985109e-01 2.943768e-01 
9.990075e-01 2.944053e-01 
9.995037e-01 2.944337e-01 
1.000000e+00 2.944622e-01 
9.534912e-01 2.926986e-01 
9.542738e-01 2.927402e-01 
9.550410e-01 2.927810e-01 
9.558082e-01 2.928217e-01 
9.565605e-01 2.928616e-01 
9.573127e-01 2.929015e-01 
9.580505e-01 2.929406e-01 
9.587883e-01 2.929797e-01 
9.595121e-01 2.930181e-01 
9.602359e-01 2.930564e-01 
9.609463e-01 2.930940e-01 
9.616567e-01 2.931316e-01 
9.623541e-01 2.931685e-01 
9.630515e-01 2.932054e-01 
9.637363e-01 2.932416e-01 
9.644212e-01 2.932778e-01 
9.650941e-01 2.933133e-01 
9.657669e-01 2.933489e-01 
9.664282e-01 2.933838e-01 
9.670894e-01 2.934187e-01 
9.677396e-01 2.934530e-01 
9.683897e-01 2.934873e-01 
9.690291e-01 2.935210e-01 
9.696685e-01 2.935547e-01 
9.702977e-01 2.935878e-01 
9.709268e-01 2.936210e-01 
9.715462e-01 2.936536e-01 
9.721655e-01 2.936862e-01 
9.727754e-01 2.937182e-01 
9.733853e-01 2.937503e-01 
9.739862e-01 2.937819e-01 
9.745870e-01 2.938135e-01 
9.751793e-01 2.938446e-01 
9.757716e-01 2.938757e-01 
9.763557e-01 2.939064e-01 
9.769398e-01 2.939371e-01 
9.775161e-01 2.939673e-01 
9.780923e-01 2.939976e-01 
9.786612e-01 2.940274e-01 
9.792301e-01 2.940572e-01 
9.797919e-01 2.940867e-01 
9.803537e-01 2.941161e-01 
9.809089e-01 2.941452e-01 
9.814641e-01 2.941743e-01 
9.820130e-01 2.942030e-01 
9.825619e-01 2.942318e-01 
9.831049e-01 2.942602e-01 
9.836479e-01 2.942886e-01 
9.841854e-01 2.943167e-01 
9.847229e-01 2.943449e-01 
9.852552e-01 2.943727e-01 
9.857875e-01 2.944005e-01 
9.863150e-01 2.944281e-01 
9.868425e-01 2.944557e-01 
9.873655e-01 2.944830e-01 
9.878886e-01 2.945103e-01 
9.884075e-01 2.945374e-01 
9.889265e-01 2.945645e-01 
9.894417e-01 2.945914e-01 
9.899568e-01 2.946183e-01 
9.904686e-01 2.946450e-01 
9.909804e-01 2.946717e-01 
9.914892e-01 2.946983e-01 
9.919979e-01 2.947248e-01 
9.925040e-01 2.947512e-01 
9.930100e-01 2.947776e-01 
9.935137e-01 2.948039e-01 
9.940173e-01 2.948302e-01 
9.945190e-01 2.948563e-01 
9.950206e-01 2.948825e-01 
9.955206e-01 2.949085e-01 
9.960205e-01 2.949346e-01 
9.965191e-01 2.949606e-01 
9.970178e-01 2.949866e-01 
9.975154e-01 2.950125e-01 
9.980130e-01 2.950384e-01 
9.985099e-01 2.950643e-01 
9.990068e-01 2.950902e-01 
9.995034e-01 2.951161e-01 
1.000000e+00 2.951420e-01 
9.534684e-01 2.936228e-01 
9.542512e-01 2.936602e-01 
9.550186e-01 2.936969e-01 
9.557860e-01 2.937335e-01 
9.565384e-01 2.937694e-01 
9.572908e-01 2.938053e-01 
9.580288e-01 2.938405e-01 
9.587668e-01 2.938757e-01 
9.594908e-01 2.939103e-01 
9.602148e-01 2.939448e-01 
9.609254e-01 2.939786e-01 
9.616360e-01 2.940125e-01 
9.623336e-01 2.940457e-01 
9.630313e-01 2.940789e-01 
9.637164e-01 2.941114e-01 
9.644015e-01 2.941440e-01 
9.650746e-01 2.941760e-01 
9.657477e-01 2.942080e-01 
9.664092e-01 2.942394e-01 
9.670707e-01 2.942708e-01 
9.677211e-01 2.943017e-01 
9.683714e-01 2.943325e-01 
9.690111e-01 2.943629e-01 
9.696508e-01 2.943932e-01 
9.702802e-01 2.944230e-01 
9.709097e-01 2.944529e-01 
9.715292e-01 2.944822e-01 
9.721488e-01 2.945115e-01 
9.727590e-01 2.945404e-01 
9.733692e-01 2.945693e-01 
9.739703e-01 2.945977e-01 
9.745715e-01 2.946262e-01 
9.751641e-01 2.946542e-01 
9.757567e-01 2.946822e-01 
9.763410e-01 2.947098e-01 
9.769254e-01 2.947374e-01 
9.775020e-01 2.947646e-01 
9.780786e-01 2.947918e-01 
9.786477e-01 2.948187e-01 
9.792169e-01 2.948455e-01 
9.797790e-01 2.948720e-01 
9.803412e-01 2.948985e-01 
9.808967e-01 2.949247e-01 
9.814522e-01 2.949509e-01 
9.820014e-01 2.949767e-01 
9.825506e-01 2.950026e-01 
9.830940e-01 2.950282e-01 
9.836373e-01 2.950538e-01 
9.841751e-01 2.950791e-01 
9.847129e-01 2.951044e-01 
9.852455e-01 2.951294e-01 
9.857781e-01 2.951545e-01 
9.863059e-01 2.951793e-01 
9.868338e-01 2.952041e-01 
9.873571e-01 2.952287e-01 
9.878805e-01 2.952533e-01 
9.883998e-01 2.952777e-01 
9.889190e-01 2.953021e-01 
9.894346e-01 2.953263e-01 
9.899501e-01 2.953505e-01 
9.904622e-01 2.953745e-01 
9.909743e-01 2.953986e-01 
9.914834e-01 2.954225e-01 
9.919925e-01 2.954463e-01 
9.924989e-01 2.954701e-01 
9.930052e-01 2.954939e-01 
9.935092e-01 2.955175e-01 
9.940133e-01 2.955411e-01 
9.945152e-01 2.955647e-01 
9.950172e-01 2.955882e-01 
9.955175e-01 2.956117e-01 
9.960178e-01 2.956351e-01 
9.965168e-01 2.956585e-01 
9.970157e-01 2.956819e-01 
9.975137e-01 2.957053e-01 
9.980116e-01 2.957286e-01 
9.985089e-01 2.957519e-01 
9.990061e-01 2.957752e-01 
9.995031e-01 2.957985e-01 
1.000000e+00 2.958218e-01 
9.534456e-01 2.945469e-01 
9.542286e-01 2.945802e-01 
9.549961e-01 2.946128e-01 
9.557637e-01 2.946453e-01 
9.565163e-01 2.946773e-01 
9.572689e-01 2.947092e-01 
9.580071e-01 2.947405e-01 
9.587453e-01 2.947718e-01 
9.594695e-01 2.948025e-01 
9.601937e-01 2.948331e-01 
9.609046e-01 2.948632e-01 
9.616154e-01 2.948933e-01 
9.623132e-01 2.949228e-01 
9.630111e-01 2.949523e-01 
9.636964e-01 2.949813e-01 
9.643818e-01 2.950102e-01 
9.650551e-01 2.950387e-01 
9.657284e-01 2.950671e-01 
9.663902e-01 2.950950e-01 
9.670519e-01 2.951229e-01 
9.677026e-01 2.951504e-01 
9.683532e-01 2.951778e-01 
9.689931e-01 2.952048e-01 
9.696331e-01 2.952317e-01 
9.702628e-01 2.952583e-01 
9.708925e-01 2.952848e-01 
9.715123e-01 2.953108e-01 
9.721322e-01 2.953369e-01 
9.727426e-01 2.953626e-01 
9.733531e-01 2.953883e-01 
9.739545e-01 2.954135e-01 
9.745560e-01 2.954388e-01 
9.751489e-01 2.954637e-01 
9.757417e-01 2.954886e-01 
9.763264e-01 2.955131e-01 
9.769111e-01 2.955377e-01 
9.774879e-01 2.955619e-01 
9.780648e-01 2.955860e-01 
9.786343e-01 2.956099e-01 
9.792037e-01 2.956338e-01 
9.797662e-01 2.956573e-01 
9.803286e-01 2.956809e-01 
9.808844e-01 2.957042e-01 
9.814403e-01 2.957274e-01 
9.819898e-01 2.957504e-01 
9.825393e-01 2.957734e-01 
9.830830e-01 2.957962e-01 
9.836266e-01 2.958189e-01 
9.841647e-01 2.958414e-01 
9.847028e-01 2.958639e-01 
9.852358e-01 2.958862e-01 
9.857687e-01 2.959084e-01 
9.862969e-01 2.959305e-01 
9.868250e-01 2.959525e-01 
9.873487e-01 2.959744e-01 
9.878724e-01 2.959963e-01 
9.883920e-01 2.960179e-01 
9.889116e-01 2.960396e-01 
9.894275e-01 2.960611e-01 
9.899433e-01 2.960827e-01 
9.904558e-01 2.961040e-01 
9.909683e-01 2.961254e-01 
9.914777e-01 2.961466e-01 
9.919871e-01 2.961679e-01 
9.924938e-01 2.961890e-01 
9.930005e-01 2.962101e-01 
9.935048e-01 2.962311e-01 
9.940092e-01 2.962521e-01 
9.945115e-01 2.962730e-01 
9.950138e-01 2.962940e-01 
9.955144e-01 2.963148e-01 
9.960151e-01 2.963357e-01 
9.965144e-01 2.963565e-01 
9.970137e-01 2.963773e-01 
9.975119e-01 2.963980e-01 
9.980102e-01 2.964188e-01 
9.985078e-01 2.964395e-01 
9.990055e-01 2.964602e-01 
9.995027e-01 2.964809e-01 
1.000000e+00 2.965016e-01 
9.534228e-01 2.954711e-01 
9.542060e-01 2.955002e-01 
9.549737e-01 2.955287e-01 
9.557414e-01 2.955572e-01 
9.564942e-01 2.955851e-01 
9.572470e-01 2.956130e-01 
9.579854e-01 2.956404e-01 
9.587238e-01 2.956678e-01 
9.594482e-01 2.956946e-01 
9.601727e-01 2.957215e-01 
9.608837e-01 2.957478e-01 
9.615947e-01 2.957741e-01 
9.622928e-01 2.958000e-01 
9.629908e-01 2.958258e-01 
9.636764e-01 2.958511e-01 
9.643620e-01 2.958765e-01 
9.650356e-01 2.959013e-01 
9.657092e-01 2.959262e-01 
9.663712e-01 2.959506e-01 
9.670332e-01 2.959751e-01 
9.676840e-01 2.959991e-01 
9.683349e-01 2.960231e-01 
9.689751e-01 2.960467e-01 
9.696153e-01 2.960703e-01 
9.702453e-01 2.960935e-01 
9.708753e-01 2.961167e-01 
9.714954e-01 2.961395e-01 
9.721155e-01 2.961623e-01 
9.727263e-01 2.961848e-01 
9.733370e-01 2.962072e-01 
9.739387e-01 2.962293e-01 
9.745405e-01 2.962515e-01 
9.751336e-01 2.962732e-01 
9.757268e-01 2.962950e-01 
9.763117e-01 2.963165e-01 
9.768967e-01 2.963380e-01 
9.774739e-01 2.963591e-01 
9.780510e-01 2.963803e-01 
9.786208e-01 2.964012e-01 
9.791906e-01 2.964221e-01 
9.797533e-01 2.964427e-01 
9.803161e-01 2.964633e-01 
9.808722e-01 2.964837e-01 
9.814283e-01 2.965040e-01 
9.819782e-01 2.965241e-01 
9.825280e-01 2.965443e-01 
9.830720e-01 2.965641e-01 
9.836159e-01 2.965840e-01 
9.841544e-01 2.966037e-01 
9.846928e-01 2.966234e-01 
9.852261e-01 2.966429e-01 
9.857594e-01 2.966624e-01 
9.862878e-01 2.966817e-01 
9.868163e-01 2.967010e-01 
9.873403e-01 2.967201e-01 
9.878643e-01 2.967392e-01 
9.883843e-01 2.967582e-01 
9.889042e-01 2.967772e-01 
9.894204e-01 2.967960e-01 
9.899366e-01 2.968148e-01 
9.904494e-01 2.968335e-01 
9.909622e-01 2.968522e-01 
9.914719e-01 2.968708e-01 
9.919817e-01 2.968894e-01 
9.924887e-01 2.969079e-01 
9.929957e-01 2.969263e-01 
9.935004e-01 2.969447e-01 
9.940051e-01 2.969631e-01 
9.945078e-01 2.969814e-01 
9.950104e-01 2.969997e-01 
9.955114e-01 2.970180e-01 
9.960124e-01 2.970362e-01 
9.965120e-01 2.970544e-01 
9.970116e-01 2.970726e-01 
9.975102e-01 2.970908e-01 
9.980089e-01 2.971089e-01 
9.985068e-01 2.971270e-01 
9.990048e-01 2.971452e-01 
9.995024e-01 2.971633e-01 
1.000000e+00 2.971814e-01 
9.534000e-01 2.963952e-01 
9.541833e-01 2.964201e-01 
9.549512e-01 2.964446e-01 
9.557191e-01 2.964690e-01 
9.564721e-01 2.964930e-01 
9.572251e-01 2.965169e-01 
9.579637e-01 2.965404e-01 
9.587023e-01 2.965638e-01 
9.594269e-01 2.965868e-01 
9.601516e-01 2.966098e-01 
9.608628e-01 2.966324e-01 
9.615741e-01 2.966550e-01 
9.622724e-01 2.966771e-01 
9.629706e-01 2.966992e-01 
9.636565e-01 2.967210e-01 
9.643423e-01 2.967427e-01 
9.650161e-01 2.967640e-01 
9.656899e-01 2.967853e-01 
9.663522e-01 2.968063e-01 
9.670144e-01 2.968272e-01 
9.676655e-01 2.968478e-01 
9.683167e-01 2.968684e-01 
9.689571e-01 2.968886e-01 
9.695976e-01 2.969088e-01 
9.702278e-01 2.969287e-01 
9.708581e-01 2.969486e-01 
9.714785e-01 2.969681e-01 
9.720989e-01 2.969877e-01 
9.727099e-01 2.970069e-01 
9.733209e-01 2.970262e-01 
9.739229e-01 2.970451e-01 
9.745249e-01 2.970641e-01 
9.751184e-01 2.970828e-01 
9.757118e-01 2.971014e-01 
9.762971e-01 2.971198e-01 
9.768823e-01 2.971382e-01 
9.774598e-01 2.971564e-01 
9.780373e-01 2.971745e-01 
9.786074e-01 2.971924e-01 
9.791774e-01 2.972103e-01 
9.797405e-01 2.972280e-01 
9.803036e-01 2.972457e-01 
9.808600e-01 2.972631e-01 
9.814164e-01 2.972806e-01 
9.819666e-01 2.972978e-01 
9.825167e-01 2.973151e-01 
9.830610e-01 2.973321e-01 
9.836053e-01 2.973492e-01 
9.841440e-01 2.973660e-01 
9.846828e-01 2.973829e-01 
9.852164e-01 2.973996e-01 
9.857500e-01 2.974163e-01 
9.862788e-01 2.974329e-01 
9.868076e-01 2.974494e-01 
9.873319e-01 2.974658e-01 
9.878563e-01 2.974822e-01 
9.883765e-01 2.974985e-01 
9.888968e-01 2.975147e-01 
9.894133e-01 2.975309e-01 
9.899298e-01 2.975470e-01 
9.904429e-01 2.975630e-01 
9.909561e-01 2.975790e-01 
9.914662e-01 2.975950e-01 
9.919762e-01 2.976109e-01 
9.924836e-01 2.976267e-01 
9.929910e-01 2.976426e-01 
9.934960e-01 2.976583e-01 
9.940010e-01 2.976741e-01 
9.945040e-01 2.976898e-01 
9.950070e-01 2.977055e-01 
9.955083e-01 2.977211e-01 
9.960096e-01 2.977368e-01 
9.965096e-01 2.977523e-01 
9.970096e-01 2.977679e-01 
9.975085e-01 2.977835e-01 
9.980075e-01 2.977991e-01 
9.985058e-01 2.978146e-01 
9.990041e-01 2.978301e-01 
9.995020e-01 2.978457e-01 
1.000000e+00 2.978612e-01 
9.533772e-01 2.973193e-01 
9.541607e-01 2.973401e-01 
9.549288e-01 2.973605e-01 
9.556969e-01 2.973808e-01 
9.564500e-01 2.974008e-01 
9.572032e-01 2.974207e-01 
9.579420e-01 2.974403e-01 
9.586808e-01 2.974599e-01 
9.594056e-01 2.974790e-01 
9.601305e-01 2.974982e-01 
9.608420e-01 2.975170e-01 
9.615534e-01 2.975358e-01 
9.622519e-01 2.975543e-01 
9.629504e-01 2.975727e-01 
9.636365e-01 2.975908e-01 
9.643225e-01 2.976089e-01 
9.649966e-01 2.976267e-01 
9.656706e-01 2.976444e-01 
9.663331e-01 2.976619e-01 
9.669956e-01 2.976793e-01 
9.676470e-01 2.976965e-01 
9.682984e-01 2.977136e-01 
9.689392e-01 2.977305e-01 
9.695799e-01 2.977473e-01 
9.702104e-01 2.977639e-01 
9.708409e-01 2.977805e-01 
9.714615e-01 2.977968e-01 
9.720822e-01 2.978131e-01 
9.726935e-01 2.978291e-01 
9.733048e-01 2.978452e-01 
9.739071e-01 2.978610e-01 
9.745094e-01 2.978768e-01 
9.751031e-01 2.978923e-01 
9.756969e-01 2.979079e-01 
9.762824e-01 2.979232e-01 
9.768680e-01 2.979385e-01 
9.774458e-01 2.979537e-01 
9.780235e-01 2.979688e-01 
9.785939e-01 2.979837e-01 
9.791643e-01 2.979986e-01 
9.797276e-01 2.980133e-01 
9.802910e-01 2.980281e-01 
9.808477e-01 2.980426e-01 
9.814045e-01 2.980572e-01 
9.819550e-01 2.980715e-01 
9.825054e-01 2.980859e-01 
9.830500e-01 2.981001e-01 
9.835946e-01 2.981143e-01 
9.841337e-01 2.981284e-01 
9.846728e-01 2.981424e-01 
9.852067e-01 2.981563e-01 
9.857406e-01 2.981703e-01 
9.862697e-01 2.981840e-01 
9.867988e-01 2.981978e-01 
9.873235e-01 2.982115e-01 
9.878482e-01 2.982252e-01 
9.883688e-01 2.982387e-01 
9.888894e-01 2.982523e-01 
9.894062e-01 2.982657e-01 
9.899231e-01 2.982792e-01 
9.904365e-01 2.982925e-01 
9.909500e-01 2.983059e-01 
9.914604e-01 2.983191e-01 
9.919708e-01 2.983324e-01 
9.924785e-01 2.983456e-01 
9.929862e-01 2.983588e-01 
9.934916e-01 2.983719e-01 
9.939969e-01 2.983851e-01 
9.945003e-01 2.983982e-01 
9.950036e-01 2.984112e-01 
9.955053e-01 2.984243e-01 
9.960069e-01 2.984373e-01 
9.965072e-01 2.984503e-01 
9.970075e-01 2.984633e-01 
9.975068e-01 2.984763e-01 
9.980061e-01 2.984892e-01 
9.985048e-01 2.985022e-01 
9.990034e-01 2.985151e-01 
9.995017e-01 2.985281e-01 
1.000000e+00 2.985410e-01 
9.533544e-01 2.982435e-01 
9.541381e-01 2.982601e-01 
9.549064e-01 2.982764e-01 
9.556746e-01 2.982927e-01 
9.564280e-01 2.983086e-01 
9.571813e-01 2.983246e-01 
9.579203e-01 2.983402e-01 
9.586593e-01 2.983559e-01 
9.593843e-01 2.983712e-01 
9.601094e-01 2.983866e-01 
9.608211e-01 2.984016e-01 
9.615328e-01 2.984166e-01 
9.622315e-01 2.984314e-01 
9.629302e-01 2.984462e-01 
9.636165e-01 2.984606e-01 
9.643028e-01 2.984751e-01 
9.649771e-01 2.984893e-01 
9.656514e-01 2.985035e-01 
9.663141e-01 2.985175e-01 
9.669769e-01 2.985315e-01 
9.676285e-01 2.985452e-01 
9.682802e-01 2.985589e-01 
9.689212e-01 2.985724e-01 
9.695621e-01 2.985859e-01 
9.701929e-01 2.985991e-01 
9.708237e-01 2.986124e-01 
9.714446e-01 2.986254e-01 
9.720656e-01 2.986385e-01 
9.726771e-01 2.986513e-01 
9.732887e-01 2.986641e-01 
9.738913e-01 2.986768e-01 
9.744939e-01 2.986894e-01 
9.750879e-01 2.987018e-01 
9.756819e-01 2.987143e-01 
9.762678e-01 2.987266e-01 
9.768536e-01 2.987388e-01 
9.774317e-01 2.987509e-01 
9.780098e-01 2.987630e-01 
9.785804e-01 2.987750e-01 
9.791511e-01 2.987869e-01 
9.797148e-01 2.987987e-01 
9.802785e-01 2.988105e-01 
9.808355e-01 2.988221e-01 
9.813926e-01 2.988337e-01 
9.819433e-01 2.988452e-01 
9.824941e-01 2.988567e-01 
9.830390e-01 2.988681e-01 
9.835840e-01 2.988795e-01 
9.841233e-01 2.988907e-01 
9.846627e-01 2.989019e-01 
9.851970e-01 2.989131e-01 
9.857312e-01 2.989242e-01 
9.862607e-01 2.989352e-01 
9.867901e-01 2.989463e-01 
9.873151e-01 2.989572e-01 
9.878401e-01 2.989681e-01 
9.883610e-01 2.989790e-01 
9.888819e-01 2.989898e-01 
9.893991e-01 2.990006e-01 
9.899163e-01 2.990113e-01 
9.904301e-01 2.990220e-01 
9.909439e-01 2.990327e-01 
9.914546e-01 2.990433e-01 
9.919654e-01 2.990539e-01 
9.924734e-01 2.990645e-01 
9.929815e-01 2.990750e-01 
9.934872e-01 2.990856e-01 
9.939929e-01 2.990961e-01 
9.944965e-01 2.991065e-01 
9.950002e-01 2.991170e-01 
9.955022e-01 2.991274e-01 
9.960042e-01 2.991378e-01 
9.965048e-01 2.991482e-01 
9.970055e-01 2.991586e-01 
9.975051e-01 2.991690e-01 
9.980048e-01 2.991794e-01 
9.985038e-01 2.991897e-01 
9.990027e-01 2.992001e-01 
9.995014e-01 2.992104e-01 
1.000000e+00 2.992208e-01 
9.533316e-01 2.991676e-01 
9.541155e-01 2.991801e-01 
9.548839e-01 2.991923e-01 
9.556523e-01 2.992045e-01 
9.564059e-01 2.992165e-01 
9.571594e-01 2.992284e-01 
9.578986e-01 2.992402e-01 
9.586378e-01 2.992519e-01 
9.593630e-01 2.992634e-01 
9.600883e-01 2.992749e-01 
9.608002e-01 2.992862e-01 
9.615121e-01 2.992975e-01 
9.622111e-01 2.993086e-01 
9.629100e-01 2.993196e-01 
9.635966e-01 2.993305e-01 
9.642831e-01 2.993413e-01 
9.649576e-01 2.993520e-01 
9.656321e-01 2.993627e-01 
9.662951e-01 2.993731e-01 
9.669581e-01 2.993836e-01 
9.676100e-01 2.993939e-01 
9.682619e-01 2.994042e-01 
9.689032e-01 2.994143e-01 
9.695444e-01 2.994244e-01 
9.701754e-01 2.994343e-01 
9.708065e-01 2.994443e-01 
9.714277e-01 2.994541e-01 
9.720489e-01 2.994638e-01 
9.726608e-01 2.994735e-01 
9.732726e-01 2.994831e-01 
9.738755e-01 2.994926e-01 
9.744784e-01 2.995021e-01 
9.750727e-01 2.995114e-01 
9.756670e-01 2.995207e-01 
9.762531e-01 2.995299e-01 
9.768393e-01 2.995391e-01 
9.774176e-01 2.995482e-01 
9.779960e-01 2.995573e-01 
9.785670e-01 2.995662e-01 
9.791380e-01 2.995752e-01 
9.797019e-01 2.995840e-01 
9.802659e-01 2.995928e-01 
9.808233e-01 2.996016e-01 
9.813806e-01 2.996103e-01 
9.819317e-01 2.996189e-01 
9.824828e-01 2.996275e-01 
9.830281e-01 2.996361e-01 
9.835733e-01 2.996446e-01 
9.841130e-01 2.996530e-01 
9.846527e-01 2.996615e-01 
9.851873e-01 2.996698e-01 
9.857218e-01 2.996782e-01 
9.862516e-01 2.996864e-01 
9.867814e-01 2.996947e-01 
9.873067e-01 2.997029e-01 
9.878320e-01 2.997111e-01 
9.883533e-01 2.997192e-01 
9.888745e-01 2.997274e-01 
9.893920e-01 2.997354e-01 
9.899095e-01 2.997435e-01 
9.904237e-01 2.997515e-01 
9.909378e-01 2.997595e-01 
9.914489e-01 2.997675e-01 
9.919600e-01 2.997754e-01 
9.924684e-01 2.997834e-01 
9.929767e-01 2.997913e-01 
9.934828e-01 2.997992e-01 
9.939888e-01 2.998070e-01 
9.944928e-01 2.998149e-01 
9.949968e-01 2.998227e-01 
9.954991e-01 2.998306e-01 
9.960015e-01 2.998384e-01 
9.965025e-01 2.998462e-01 
9.970035e-01 2.998540e-01 
9.975034e-01 2.998618e-01 
9.980034e-01 2.998695e-01 
9.985027e-01 2.998773e-01 
9.990020e-01 2.998851e-01 
9.995010e-01 2.998928e-01 
1.000000e+00 2.999006e-01 
9.533089e-01 3.000917e-01 
9.540929e-01 3.001000e-01 
9.548615e-01 3.001082e-01 
9.556301e-01 3.001163e-01 
9.563838e-01 3.001243e-01 
9.571375e-01 3.001323e-01 
9.578769e-01 3.001401e-01 
9.586163e-01 3.001479e-01 
9.593418e-01 3.001556e-01 
9.600672e-01 3.001633e-01 
9.607793e-01 3.001708e-01 
9.614915e-01 3.001783e-01 
9.621906e-01 3.001857e-01 
9.628898e-01 3.001931e-01 
9.635766e-01 3.002003e-01 
9.642633e-01 3.002076e-01 
9.649381e-01 3.002147e-01 
9.656129e-01 3.002218e-01 
9.662761e-01 3.002288e-01 
9.669394e-01 3.002357e-01 
9.675915e-01 3.002426e-01 
9.682437e-01 3.002495e-01 
9.688852e-01 3.002562e-01 
9.695267e-01 3.002629e-01 
9.701580e-01 3.002696e-01 
9.707893e-01 3.002762e-01 
9.714108e-01 3.002827e-01 
9.720323e-01 3.002892e-01 
9.726444e-01 3.002956e-01 
9.732565e-01 3.003021e-01 
9.738597e-01 3.003084e-01 
9.744628e-01 3.003147e-01 
9.750574e-01 3.003209e-01 
9.756520e-01 3.003271e-01 
9.762385e-01 3.003333e-01 
9.768249e-01 3.003394e-01 
9.774036e-01 3.003455e-01 
9.779822e-01 3.003515e-01 
9.785535e-01 3.003575e-01 
9.791248e-01 3.003634e-01 
9.796891e-01 3.003693e-01 
9.802534e-01 3.003752e-01 
9.808110e-01 3.003810e-01 
9.813687e-01 3.003869e-01 
9.819201e-01 3.003926e-01 
9.824715e-01 3.003984e-01 
9.830171e-01 3.004040e-01 
9.835626e-01 3.004097e-01 
9.841027e-01 3.004153e-01 
9.846427e-01 3.004210e-01 
9.851776e-01 3.004265e-01 
9.857124e-01 3.004321e-01 
9.862425e-01 3.004376e-01 
9.867726e-01 3.004431e-01 
9.872983e-01 3.004486e-01 
9.878239e-01 3.004541e-01 
9.883455e-01 3.004595e-01 
9.888671e-01 3.004649e-01 
9.893849e-01 3.004703e-01 
9.899028e-01 3.004757e-01 
9.904172e-01 3.004810e-01 
9.909317e-01 3.004863e-01 
9.914431e-01 3.004917e-01 
9.919545e-01 3.004970e-01 
9.924633e-01 3.005022e-01 
9.929720e-01 3.005075e-01 
9.934784e-01 3.005128e-01 
9.939847e-01 3.005180e-01 
9.944891e-01 3.005233e-01 
9.949934e-01 3.005285e-01 
9.954961e-01 3.005337e-01 
9.959988e-01 3.005389e-01 
9.965001e-01 3.005441e-01 
9.970014e-01 3.005493e-01 
9.975017e-01 3.005545e-01 
9.980021e-01 3.005597e-01 
9.985017e-01 3.005649e-01 
9.990014e-01 3.005700e-01 
9.995007e-01 3.005752e-01 
1.000000e+00 3.005804e-01 
9.532861e-01 3.010159e-01 
9.540702e-01 3.010200e-01 
9.548390e-01 3.010241e-01 
9.556078e-01 3.010282e-01 
9.563617e-01 3.010322e-01 
9.571156e-01 3.010361e-01 
9.578552e-01 3.010401e-01 
9.585948e-01 3.010440e-01 
9.593205e-01 3.010478e-01 
9.600462e-01 3.010516e-01 
9.607585e-01 3.010554e-01 
9.614708e-01 3.010592e-01 
9.621702e-01 3.010629e-01 
9.628696e-01 3.010665e-01 
9.635566e-01 3.010702e-01 
9.642436e-01 3.010738e-01 
9.649186e-01 3.010773e-01 
9.655936e-01 3.010809e-01 
9.662571e-01 3.010844e-01 
9.669206e-01 3.010879e-01 
9.675730e-01 3.010913e-01 
9.682254e-01 3.010947e-01 
9.688672e-01 3.010981e-01 
9.695090e-01 3.011015e-01 
9.701405e-01 3.011048e-01 
9.707721e-01 3.011081e-01 
9.713939e-01 3.011114e-01 
9.720156e-01 3.011146e-01 
9.726280e-01 3.011178e-01 
9.732404e-01 3.011210e-01 
9.738439e-01 3.011242e-01 
9.744473e-01 3.011274e-01 
9.750422e-01 3.011305e-01 
9.756371e-01 3.011336e-01 
9.762238e-01 3.011366e-01 
9.768105e-01 3.011397e-01 
9.773895e-01 3.011427e-01 
9.779685e-01 3.011458e-01 
9.785401e-01 3.011487e-01 
9.791116e-01 3.011517e-01 
9.796762e-01 3.011547e-01 
9.802408e-01 3.011576e-01 
9.807988e-01 3.011605e-01 
9.813568e-01 3.011634e-01 
9.819085e-01 3.011663e-01 
9.824602e-01 3.011692e-01 
9.830061e-01 3.011720e-01 
9.835520e-01 3.011749e-01 
9.840923e-01 3.011777e-01 
9.846327e-01 3.011805e-01 
9.851679e-01 3.011833e-01 
9.857031e-01 3.011861e-01 
9.862335e-01 3.011888e-01 
9.867639e-01 3.011916e-01 
9.872899e-01 3.011943e-01 
9.878159e-01 3.011970e-01 
9.883378e-01 3.011997e-01 
9.888597e-01 3.012025e-01 
9.893779e-01 3.012051e-01 
9.898960e-01 3.012078e-01 
9.904108e-01 3.012105e-01 
9.909256e-01 3.012132e-01 
9.914374e-01 3.012158e-01 
9.919491e-01 3.012185e-01 
9.924582e-01 3.012211e-01 
9.929672e-01 3.012238e-01 
9.934739e-01 3.012264e-01 
9.939806e-01 3.012290e-01 
9.944853e-01 3.012316e-01 
9.949900e-01 3.012342e-01 
9.954930e-01 3.012369e-01 
9.959960e-01 3.012395e-01 
9.964977e-01 3.012421e-01 
9.969994e-01 3.012447e-01 
9.975000e-01 3.012473e-01 
9.980007e-01 3.012498e-01 
9.985007e-01 3.012524e-01 
9.990007e-01 3.012550e-01 
9.995003e-01 3.012576e-01 
1.000000e+00 3.012602e-01 
9.532633e-01 3.019400e-01 
9.540476e-01 3.019400e-01 
9.548166e-01 3.019400e-01 
9.555855e-01 3.019400e-01 
9.563396e-01 3.019400e-01 
9.570938e-01 3.019400e-01 
9.578335e-01 3.019400e-01 
9.585733e-01 3.019400e-01 
9.592992e-01 3.019400e-01 
9.600251e-01 3.019400e-01 
9.607376e-01 3.019400e-01 
9.614501e-01 3.019400e-01 
9.621498e-01 3.019400e-01 
9.628494e-01 3.019400e-01 
9.635366e-01 3.019400e-01 
9.642239e-01 3.019400e-01 
9.648991e-01 3.019400e-01 
9.655744e-01 3.019400e-01 
9.662381e-01 3.019400e-01 
9.669018e-01 3.019400e-01 
9.675545e-01 3.019400e-01 
9.682072e-01 3.019400e-01 
9.688492e-01 3.019400e-01 
9.694912e-01 3.019400e-01 
9.701231e-01 3.019400e-01 
9.707549e-01 3.019400e-01 
9.713769e-01 3.019400e-01 
9.719990e-01 3.019400e-01 
9.726117e-01 3.019400e-01 
9.732243e-01 3.019400e-01 
9.738281e-01 3.019400e-01 
9.744318e-01 3.019400e-01 
9.750270e-01 3.019400e-01 
9.756221e-01 3.019400e-01 
9.762092e-01 3.019400e-01 
9.767962e-01 3.019400e-01 
9.773754e-01 3.019400e-01 
9.779547e-01 3.019400e-01 
9.785266e-01 3.019400e-01 
9.790985e-01 3.019400e-01 
9.796634e-01 3.019400e-01 
9.802283e-01 3.019400e-01 
9.807866e-01 3.019400e-01 
9.813448e-01 3.019400e-01 
9.818969e-01 3.019400e-01 
9.824489e-01 3.019400e-01 
9.829951e-01 3.019400e-01 
9.835413e-01 3.019400e-01 
9.840820e-01 3.019400e-01 
9.846226e-01 3.019400e-01 
9.851582e-01 3.019400e-01 
9.856937e-01 3.019400e-01 
9.862244e-01 3.019400e-01 
9.867552e-01 3.019400e-01 
9.872815e-01 3.019400e-01 
9.878078e-01 3.019400e-01 
9.883300e-01 3.019400e-01 
9.888523e-01 3.019400e-01 
9.893708e-01 3.019400e-01 
9.898893e-01 3.019400e-01 
9.904044e-01 3.019400e-01 
9.909195e-01 3.019400e-01 
9.914316e-01 3.019400e-01 
9.919437e-01 3.019400e-01 
9.924531e-01 3.019400e-01 
9.929625e-01 3.019400e-01 
9.934695e-01 3.019400e-01 
9.939766e-01 3.019400e-01 
9.944816e-01 3.019400e-01 
9.949866e-01 3.019400e-01 
9.954900e-01 3.019400e-01 
9.959933e-01 3.019400e-01 
9.964953e-01 3.019400e-01 
9.969973e-01 3.019400e-01 
9.974983e-01 3.019400e-01 
9.979993e-01 3.019400e-01 
9.984997e-01 3.019400e-01 
9.990000e-01 3.019400e-01 
9.995000e-01 3.019400e-01 
1.000000e+00 3.019400e-01 
BC
-1
-1
-1
-1
-1
-1
-1
-1
-1
-1
-1
-1
-1
-1
-1
-1
-1
-1
-1
-1
-1
-1
-1
-1
-1
-1
-1
-1
-1
-1
-1
-1
-1
-1
-1
-1
-1
-1
-1
-1
-1
-1
-1
-1
-1
-1
-1
-1
-1
-1
-1
-1
-1
-1
-1
-1
-1
-1
-1
-1
-1
-1
-1
-1
-1
-1
-1
-1
-1
-1
-1
-1
-1
-1
-1
-1
-1
-1
-1
-1
-1
-1
-1
-1
-1
-1
-1
-1
-1
-1
-1
-1
-1
-1
-1
-1
-1
-1
-1
-1
-1
-1
-1
4
4
4
4
4
4
4
4
4
4
4
4
4
4
4
4
4
4
4
4
4
4
4
4
4
4
4
4
4
4
4
4
4
4
4
4
4
4
4
4
4
4
4
4
4
4
4
4
4
4
4
4
4
4
4
4
4
4
4
4
4
4
4
4
4
4
4
4
4
4
4
4
4
4
4
4
4
4
4
-1
-1
-1
-1
-1
-1
-1
-1
-1
-1
-1
-1
-1
-1
-1
-1
-1
-1
-1
-1
-1
-1
-1
-1
