npartb: 2 2 
ipartb: 1 0 
ngrid: 80 27 
9.544028e-01 2.557332e-01 
9.551788e-01 2.559411e-01 
9.559389e-01 2.561448e-01 
9.566990e-01 2.563484e-01 
9.574437e-01 2.565480e-01 
9.581884e-01 2.567475e-01 
9.589183e-01 2.569430e-01 
9.596482e-01 2.571386e-01 
9.603637e-01 2.573303e-01 
9.610793e-01 2.575220e-01 
9.617810e-01 2.577100e-01 
9.624827e-01 2.578981e-01 
9.631712e-01 2.580825e-01 
9.638596e-01 2.582670e-01 
9.645352e-01 2.584480e-01 
9.652107e-01 2.586290e-01 
9.658740e-01 2.588067e-01 
9.665372e-01 2.589844e-01 
9.671886e-01 2.591589e-01 
9.678399e-01 2.593334e-01 
9.684799e-01 2.595049e-01 
9.691198e-01 2.596763e-01 
9.697488e-01 2.598448e-01 
9.703778e-01 2.600134e-01 
9.709962e-01 2.601791e-01 
9.716147e-01 2.603448e-01 
9.722231e-01 2.605078e-01 
9.728315e-01 2.606708e-01 
9.734302e-01 2.608312e-01 
9.740290e-01 2.609916e-01 
9.746185e-01 2.611496e-01 
9.752080e-01 2.613075e-01 
9.757887e-01 2.614631e-01 
9.763695e-01 2.616187e-01 
9.769418e-01 2.617721e-01 
9.775141e-01 2.619254e-01 
9.780785e-01 2.620766e-01 
9.786428e-01 2.622278e-01 
9.791996e-01 2.623770e-01 
9.797564e-01 2.625262e-01 
9.803060e-01 2.626734e-01 
9.808556e-01 2.628207e-01 
9.813983e-01 2.629661e-01 
9.819411e-01 2.631115e-01 
9.824775e-01 2.632552e-01 
9.830139e-01 2.633989e-01 
9.835442e-01 2.635410e-01 
9.840746e-01 2.636831e-01 
9.845993e-01 2.638237e-01 
9.851240e-01 2.639643e-01 
9.856434e-01 2.641035e-01 
9.861628e-01 2.642426e-01 
9.866773e-01 2.643805e-01 
9.871918e-01 2.645183e-01 
9.877018e-01 2.646550e-01 
9.882117e-01 2.647916e-01 
9.887175e-01 2.649271e-01 
9.892233e-01 2.650626e-01 
9.897252e-01 2.651971e-01 
9.902272e-01 2.653316e-01 
9.907256e-01 2.654651e-01 
9.912241e-01 2.655987e-01 
9.917195e-01 2.657314e-01 
9.922148e-01 2.658641e-01 
9.927074e-01 2.659961e-01 
9.932000e-01 2.661281e-01 
9.936902e-01 2.662594e-01 
9.941804e-01 2.663908e-01 
9.946685e-01 2.665215e-01 
9.951566e-01 2.666523e-01 
9.956430e-01 2.667826e-01 
9.961294e-01 2.669130e-01 
9.966144e-01 2.670429e-01 
9.970995e-01 2.671729e-01 
9.975835e-01 2.673025e-01 
9.980675e-01 2.674322e-01 
9.985508e-01 2.675617e-01 
9.990341e-01 2.676912e-01 
9.995170e-01 2.678206e-01 
1.000000e+00 2.679500e-01 
9.543800e-01 2.566574e-01 
9.551562e-01 2.568611e-01 
9.559164e-01 2.570607e-01 
9.566767e-01 2.572603e-01 
9.574216e-01 2.574558e-01 
9.581665e-01 2.576513e-01 
9.588966e-01 2.578430e-01 
9.596267e-01 2.580346e-01 
9.603424e-01 2.582225e-01 
9.610582e-01 2.584104e-01 
9.617601e-01 2.585946e-01 
9.624621e-01 2.587789e-01 
9.631507e-01 2.589597e-01 
9.638394e-01 2.591404e-01 
9.645152e-01 2.593178e-01 
9.651910e-01 2.594952e-01 
9.658545e-01 2.596693e-01 
9.665180e-01 2.598435e-01 
9.671696e-01 2.600145e-01 
9.678212e-01 2.601855e-01 
9.684614e-01 2.603536e-01 
9.691016e-01 2.605216e-01 
9.697308e-01 2.606867e-01 
9.703600e-01 2.608519e-01 
9.709788e-01 2.610143e-01 
9.715975e-01 2.611767e-01 
9.722062e-01 2.613364e-01 
9.728148e-01 2.614962e-01 
9.734139e-01 2.616534e-01 
9.740129e-01 2.618106e-01 
9.746027e-01 2.619654e-01 
9.751925e-01 2.621202e-01 
9.757735e-01 2.622727e-01 
9.763545e-01 2.624251e-01 
9.769271e-01 2.625754e-01 
9.774998e-01 2.627257e-01 
9.780644e-01 2.628739e-01 
9.786291e-01 2.630221e-01 
9.791861e-01 2.631682e-01 
9.797432e-01 2.633144e-01 
9.802931e-01 2.634587e-01 
9.808430e-01 2.636030e-01 
9.813861e-01 2.637456e-01 
9.819292e-01 2.638881e-01 
9.824659e-01 2.640289e-01 
9.830026e-01 2.641698e-01 
9.835333e-01 2.643090e-01 
9.840639e-01 2.644483e-01 
9.845889e-01 2.645860e-01 
9.851139e-01 2.647238e-01 
9.856337e-01 2.648602e-01 
9.861534e-01 2.649966e-01 
9.866682e-01 2.651317e-01 
9.871831e-01 2.652668e-01 
9.876934e-01 2.654007e-01 
9.882036e-01 2.655346e-01 
9.887097e-01 2.656674e-01 
9.892158e-01 2.658002e-01 
9.897181e-01 2.659319e-01 
9.902204e-01 2.660637e-01 
9.907192e-01 2.661946e-01 
9.912180e-01 2.663255e-01 
9.917137e-01 2.664556e-01 
9.922094e-01 2.665856e-01 
9.927023e-01 2.667150e-01 
9.931953e-01 2.668443e-01 
9.936858e-01 2.669730e-01 
9.941763e-01 2.671017e-01 
9.946648e-01 2.672299e-01 
9.951532e-01 2.673581e-01 
9.956400e-01 2.674858e-01 
9.961267e-01 2.676135e-01 
9.966121e-01 2.677409e-01 
9.970974e-01 2.678682e-01 
9.975818e-01 2.679953e-01 
9.980661e-01 2.681224e-01 
9.985497e-01 2.682493e-01 
9.990334e-01 2.683762e-01 
9.995167e-01 2.685030e-01 
1.000000e+00 2.686298e-01 
9.543572e-01 2.575815e-01 
9.551336e-01 2.577811e-01 
9.558940e-01 2.579766e-01 
9.566544e-01 2.581721e-01 
9.573995e-01 2.583636e-01 
9.581446e-01 2.585552e-01 
9.588749e-01 2.587429e-01 
9.596052e-01 2.589307e-01 
9.603211e-01 2.591147e-01 
9.610371e-01 2.592988e-01 
9.617393e-01 2.594792e-01 
9.624414e-01 2.596597e-01 
9.631303e-01 2.598368e-01 
9.638192e-01 2.600139e-01 
9.644952e-01 2.601876e-01 
9.651713e-01 2.603614e-01 
9.658350e-01 2.605320e-01 
9.664987e-01 2.607026e-01 
9.671506e-01 2.608701e-01 
9.678024e-01 2.610377e-01 
9.684429e-01 2.612023e-01 
9.690833e-01 2.613669e-01 
9.697128e-01 2.615287e-01 
9.703423e-01 2.616904e-01 
9.709613e-01 2.618495e-01 
9.715803e-01 2.620086e-01 
9.721892e-01 2.621651e-01 
9.727982e-01 2.623216e-01 
9.733975e-01 2.624756e-01 
9.739968e-01 2.626296e-01 
9.745869e-01 2.627812e-01 
9.751770e-01 2.629328e-01 
9.757583e-01 2.630822e-01 
9.763396e-01 2.632316e-01 
9.769125e-01 2.633788e-01 
9.774854e-01 2.635260e-01 
9.780504e-01 2.636711e-01 
9.786153e-01 2.638163e-01 
9.791727e-01 2.639595e-01 
9.797301e-01 2.641027e-01 
9.802803e-01 2.642441e-01 
9.808305e-01 2.643854e-01 
9.813739e-01 2.645250e-01 
9.819173e-01 2.646647e-01 
9.824543e-01 2.648026e-01 
9.829913e-01 2.649406e-01 
9.835223e-01 2.650770e-01 
9.840533e-01 2.652134e-01 
9.845786e-01 2.653484e-01 
9.851039e-01 2.654833e-01 
9.856240e-01 2.656169e-01 
9.861440e-01 2.657505e-01 
9.866592e-01 2.658829e-01 
9.871743e-01 2.660152e-01 
9.876850e-01 2.661464e-01 
9.881956e-01 2.662775e-01 
9.887020e-01 2.664076e-01 
9.892084e-01 2.665377e-01 
9.897110e-01 2.666668e-01 
9.902136e-01 2.667959e-01 
9.907128e-01 2.669241e-01 
9.912119e-01 2.670523e-01 
9.917079e-01 2.671798e-01 
9.922040e-01 2.673072e-01 
9.926972e-01 2.674339e-01 
9.931905e-01 2.675606e-01 
9.936814e-01 2.676866e-01 
9.941722e-01 2.678127e-01 
9.946610e-01 2.679383e-01 
9.951498e-01 2.680638e-01 
9.956369e-01 2.681889e-01 
9.961240e-01 2.683140e-01 
9.966097e-01 2.684388e-01 
9.970954e-01 2.685635e-01 
9.975801e-01 2.686880e-01 
9.980647e-01 2.688125e-01 
9.985487e-01 2.689368e-01 
9.990327e-01 2.690612e-01 
9.995164e-01 2.691854e-01 
1.000000e+00 2.693096e-01 
9.543344e-01 2.585056e-01 
9.551109e-01 2.587011e-01 
9.558715e-01 2.588925e-01 
9.566322e-01 2.590839e-01 
9.573775e-01 2.592715e-01 
9.581227e-01 2.594590e-01 
9.588532e-01 2.596429e-01 
9.595837e-01 2.598267e-01 
9.602998e-01 2.600069e-01 
9.610160e-01 2.601871e-01 
9.617184e-01 2.603638e-01 
9.624208e-01 2.605406e-01 
9.631099e-01 2.607140e-01 
9.637990e-01 2.608873e-01 
9.644752e-01 2.610575e-01 
9.651515e-01 2.612276e-01 
9.658155e-01 2.613947e-01 
9.664794e-01 2.615617e-01 
9.671315e-01 2.617258e-01 
9.677836e-01 2.618898e-01 
9.684244e-01 2.620510e-01 
9.690651e-01 2.622121e-01 
9.696948e-01 2.623706e-01 
9.703246e-01 2.625290e-01 
9.709438e-01 2.626847e-01 
9.715631e-01 2.628405e-01 
9.721723e-01 2.629937e-01 
9.727815e-01 2.631469e-01 
9.733811e-01 2.632977e-01 
9.739807e-01 2.634485e-01 
9.745711e-01 2.635970e-01 
9.751614e-01 2.637455e-01 
9.757430e-01 2.638917e-01 
9.763246e-01 2.640380e-01 
9.768978e-01 2.641821e-01 
9.774711e-01 2.643263e-01 
9.780363e-01 2.644684e-01 
9.786016e-01 2.646105e-01 
9.791592e-01 2.647508e-01 
9.797169e-01 2.648910e-01 
9.802674e-01 2.650294e-01 
9.808179e-01 2.651678e-01 
9.813616e-01 2.653045e-01 
9.819054e-01 2.654412e-01 
9.824427e-01 2.655763e-01 
9.829800e-01 2.657114e-01 
9.835113e-01 2.658450e-01 
9.840426e-01 2.659785e-01 
9.845682e-01 2.661107e-01 
9.850939e-01 2.662428e-01 
9.856143e-01 2.663737e-01 
9.861347e-01 2.665045e-01 
9.866501e-01 2.666340e-01 
9.871656e-01 2.667636e-01 
9.876765e-01 2.668921e-01 
9.881875e-01 2.670205e-01 
9.886942e-01 2.671479e-01 
9.892010e-01 2.672753e-01 
9.897039e-01 2.674017e-01 
9.902069e-01 2.675281e-01 
9.907064e-01 2.676536e-01 
9.912058e-01 2.677792e-01 
9.917022e-01 2.679039e-01 
9.921986e-01 2.680287e-01 
9.926922e-01 2.681527e-01 
9.931858e-01 2.682768e-01 
9.936770e-01 2.684003e-01 
9.941682e-01 2.685237e-01 
9.946573e-01 2.686466e-01 
9.951464e-01 2.687696e-01 
9.956338e-01 2.688921e-01 
9.961212e-01 2.690146e-01 
9.966073e-01 2.691367e-01 
9.970933e-01 2.692589e-01 
9.975784e-01 2.693808e-01 
9.980634e-01 2.695027e-01 
9.985477e-01 2.696244e-01 
9.990320e-01 2.697461e-01 
9.995160e-01 2.698678e-01 
1.000000e+00 2.699894e-01 
9.543116e-01 2.594298e-01 
9.550883e-01 2.596210e-01 
9.558491e-01 2.598084e-01 
9.566099e-01 2.599958e-01 
9.573554e-01 2.601793e-01 
9.581008e-01 2.603629e-01 
9.588315e-01 2.605428e-01 
9.595622e-01 2.607227e-01 
9.602786e-01 2.608991e-01 
9.609949e-01 2.610755e-01 
9.616975e-01 2.612484e-01 
9.624001e-01 2.614214e-01 
9.630894e-01 2.615911e-01 
9.637788e-01 2.617608e-01 
9.644553e-01 2.619273e-01 
9.651318e-01 2.620939e-01 
9.657960e-01 2.622573e-01 
9.664602e-01 2.624208e-01 
9.671125e-01 2.625814e-01 
9.677649e-01 2.627419e-01 
9.684058e-01 2.628997e-01 
9.690468e-01 2.630574e-01 
9.696768e-01 2.632125e-01 
9.703069e-01 2.633675e-01 
9.709264e-01 2.635199e-01 
9.715459e-01 2.636724e-01 
9.721554e-01 2.638224e-01 
9.727649e-01 2.639723e-01 
9.733647e-01 2.641199e-01 
9.739646e-01 2.642675e-01 
9.745553e-01 2.644128e-01 
9.751459e-01 2.645581e-01 
9.757278e-01 2.647013e-01 
9.763097e-01 2.648444e-01 
9.768832e-01 2.649855e-01 
9.774567e-01 2.651266e-01 
9.780222e-01 2.652657e-01 
9.785878e-01 2.654048e-01 
9.791458e-01 2.655420e-01 
9.797037e-01 2.656793e-01 
9.802546e-01 2.658147e-01 
9.808054e-01 2.659502e-01 
9.813494e-01 2.660840e-01 
9.818934e-01 2.662178e-01 
9.824311e-01 2.663500e-01 
9.829687e-01 2.664822e-01 
9.835003e-01 2.666130e-01 
9.840319e-01 2.667437e-01 
9.845579e-01 2.668730e-01 
9.850839e-01 2.670023e-01 
9.856046e-01 2.671304e-01 
9.861253e-01 2.672584e-01 
9.866411e-01 2.673852e-01 
9.871569e-01 2.675121e-01 
9.876681e-01 2.676378e-01 
9.881794e-01 2.677635e-01 
9.886865e-01 2.678881e-01 
9.891936e-01 2.680128e-01 
9.896969e-01 2.681365e-01 
9.902001e-01 2.682603e-01 
9.906999e-01 2.683831e-01 
9.911997e-01 2.685060e-01 
9.916964e-01 2.686281e-01 
9.921931e-01 2.687502e-01 
9.926871e-01 2.688716e-01 
9.931810e-01 2.689930e-01 
9.936725e-01 2.691139e-01 
9.941641e-01 2.692347e-01 
9.946535e-01 2.693550e-01 
9.951430e-01 2.694753e-01 
9.956308e-01 2.695952e-01 
9.961185e-01 2.697151e-01 
9.966049e-01 2.698347e-01 
9.970913e-01 2.699542e-01 
9.975766e-01 2.700735e-01 
9.980620e-01 2.701928e-01 
9.985467e-01 2.703120e-01 
9.990313e-01 2.704311e-01 
9.995157e-01 2.705502e-01 
1.000000e+00 2.706692e-01 
9.542888e-01 2.603539e-01 
9.550657e-01 2.605410e-01 
9.558267e-01 2.607243e-01 
9.565876e-01 2.609076e-01 
9.573333e-01 2.610872e-01 
9.580789e-01 2.612667e-01 
9.588098e-01 2.614427e-01 
9.595407e-01 2.616187e-01 
9.602573e-01 2.617913e-01 
9.609738e-01 2.619638e-01 
9.616767e-01 2.621330e-01 
9.623795e-01 2.623023e-01 
9.630690e-01 2.624683e-01 
9.637586e-01 2.626343e-01 
9.644353e-01 2.627972e-01 
9.651121e-01 2.629601e-01 
9.657765e-01 2.631200e-01 
9.664409e-01 2.632799e-01 
9.670935e-01 2.634370e-01 
9.677461e-01 2.635941e-01 
9.683873e-01 2.637484e-01 
9.690286e-01 2.639027e-01 
9.696588e-01 2.640544e-01 
9.702891e-01 2.642060e-01 
9.709089e-01 2.643552e-01 
9.715287e-01 2.645043e-01 
9.721385e-01 2.646510e-01 
9.727482e-01 2.647977e-01 
9.733484e-01 2.649421e-01 
9.739485e-01 2.650865e-01 
9.745395e-01 2.652286e-01 
9.751304e-01 2.653708e-01 
9.757126e-01 2.655108e-01 
9.762947e-01 2.656508e-01 
9.768685e-01 2.657889e-01 
9.774423e-01 2.659269e-01 
9.780082e-01 2.660629e-01 
9.785740e-01 2.661990e-01 
9.791323e-01 2.663333e-01 
9.796906e-01 2.664675e-01 
9.802417e-01 2.666001e-01 
9.807928e-01 2.667326e-01 
9.813372e-01 2.668635e-01 
9.818815e-01 2.669944e-01 
9.824194e-01 2.671237e-01 
9.829574e-01 2.672530e-01 
9.834893e-01 2.673809e-01 
9.840213e-01 2.675088e-01 
9.845475e-01 2.676353e-01 
9.850738e-01 2.677619e-01 
9.855949e-01 2.678871e-01 
9.861159e-01 2.680124e-01 
9.866320e-01 2.681364e-01 
9.871481e-01 2.682605e-01 
9.876597e-01 2.683835e-01 
9.881713e-01 2.685064e-01 
9.886787e-01 2.686284e-01 
9.891862e-01 2.687503e-01 
9.896898e-01 2.688714e-01 
9.901934e-01 2.689924e-01 
9.906935e-01 2.691126e-01 
9.911936e-01 2.692328e-01 
9.916907e-01 2.693523e-01 
9.921877e-01 2.694717e-01 
9.926820e-01 2.695905e-01 
9.931763e-01 2.697093e-01 
9.936681e-01 2.698275e-01 
9.941600e-01 2.699457e-01 
9.946498e-01 2.700634e-01 
9.951396e-01 2.701811e-01 
9.956277e-01 2.702984e-01 
9.961158e-01 2.704157e-01 
9.966025e-01 2.705326e-01 
9.970892e-01 2.706496e-01 
9.975749e-01 2.707663e-01 
9.980606e-01 2.708830e-01 
9.985457e-01 2.709995e-01 
9.990307e-01 2.711161e-01 
9.995153e-01 2.712325e-01 
1.000000e+00 2.713490e-01 
9.542661e-01 2.612780e-01 
9.550431e-01 2.614610e-01 
9.558042e-01 2.616402e-01 
9.565654e-01 2.618194e-01 
9.573112e-01 2.619950e-01 
9.580571e-01 2.621706e-01 
9.587881e-01 2.623427e-01 
9.595192e-01 2.625148e-01 
9.602360e-01 2.626835e-01 
9.609528e-01 2.628522e-01 
9.616558e-01 2.630176e-01 
9.623588e-01 2.631831e-01 
9.630486e-01 2.633454e-01 
9.637383e-01 2.635077e-01 
9.644153e-01 2.636670e-01 
9.650923e-01 2.638263e-01 
9.657570e-01 2.639827e-01 
9.664217e-01 2.641390e-01 
9.670745e-01 2.642926e-01 
9.677274e-01 2.644462e-01 
9.683688e-01 2.645971e-01 
9.690103e-01 2.647480e-01 
9.696408e-01 2.648963e-01 
9.702714e-01 2.650446e-01 
9.708915e-01 2.651904e-01 
9.715115e-01 2.653362e-01 
9.721216e-01 2.654796e-01 
9.727316e-01 2.656231e-01 
9.733320e-01 2.657643e-01 
9.739324e-01 2.659054e-01 
9.745236e-01 2.660444e-01 
9.751149e-01 2.661834e-01 
9.756973e-01 2.663203e-01 
9.762798e-01 2.664573e-01 
9.768539e-01 2.665922e-01 
9.774280e-01 2.667272e-01 
9.779941e-01 2.668602e-01 
9.785603e-01 2.669933e-01 
9.791188e-01 2.671245e-01 
9.796774e-01 2.672558e-01 
9.802289e-01 2.673854e-01 
9.807803e-01 2.675150e-01 
9.813249e-01 2.676430e-01 
9.818696e-01 2.677709e-01 
9.824078e-01 2.678974e-01 
9.829461e-01 2.680239e-01 
9.834783e-01 2.681489e-01 
9.840106e-01 2.682740e-01 
9.845372e-01 2.683977e-01 
9.850638e-01 2.685214e-01 
9.855852e-01 2.686438e-01 
9.861065e-01 2.687663e-01 
9.866230e-01 2.688876e-01 
9.871394e-01 2.690089e-01 
9.876513e-01 2.691292e-01 
9.881632e-01 2.692494e-01 
9.886710e-01 2.693686e-01 
9.891787e-01 2.694879e-01 
9.896827e-01 2.696062e-01 
9.901866e-01 2.697246e-01 
9.906871e-01 2.698421e-01 
9.911876e-01 2.699596e-01 
9.916849e-01 2.700764e-01 
9.921823e-01 2.701932e-01 
9.926769e-01 2.703094e-01 
9.931715e-01 2.704255e-01 
9.936637e-01 2.705411e-01 
9.941559e-01 2.706567e-01 
9.946461e-01 2.707718e-01 
9.951362e-01 2.708868e-01 
9.956247e-01 2.710015e-01 
9.961131e-01 2.711162e-01 
9.966001e-01 2.712306e-01 
9.970872e-01 2.713449e-01 
9.975732e-01 2.714590e-01 
9.980593e-01 2.715731e-01 
9.985446e-01 2.716871e-01 
9.990300e-01 2.718011e-01 
9.995150e-01 2.719149e-01 
1.000000e+00 2.720288e-01 
9.542433e-01 2.622022e-01 
9.550204e-01 2.623810e-01 
9.557818e-01 2.625561e-01 
9.565431e-01 2.627313e-01 
9.572891e-01 2.629028e-01 
9.580352e-01 2.630744e-01 
9.587664e-01 2.632426e-01 
9.594977e-01 2.634108e-01 
9.602147e-01 2.635757e-01 
9.609317e-01 2.637405e-01 
9.616349e-01 2.639022e-01 
9.623382e-01 2.640639e-01 
9.630282e-01 2.642226e-01 
9.637181e-01 2.643812e-01 
9.643954e-01 2.645368e-01 
9.650726e-01 2.646925e-01 
9.657375e-01 2.648453e-01 
9.664024e-01 2.649982e-01 
9.670555e-01 2.651482e-01 
9.677086e-01 2.652983e-01 
9.683503e-01 2.654458e-01 
9.689920e-01 2.655932e-01 
9.696229e-01 2.657382e-01 
9.702537e-01 2.658831e-01 
9.708740e-01 2.660256e-01 
9.714943e-01 2.661681e-01 
9.721046e-01 2.663083e-01 
9.727149e-01 2.664485e-01 
9.733156e-01 2.665864e-01 
9.739163e-01 2.667244e-01 
9.745078e-01 2.668602e-01 
9.750993e-01 2.669961e-01 
9.756821e-01 2.671299e-01 
9.762648e-01 2.672637e-01 
9.768392e-01 2.673956e-01 
9.774136e-01 2.675274e-01 
9.779801e-01 2.676575e-01 
9.785465e-01 2.677875e-01 
9.791054e-01 2.679158e-01 
9.796643e-01 2.680441e-01 
9.802160e-01 2.681707e-01 
9.807677e-01 2.682974e-01 
9.813127e-01 2.684224e-01 
9.818577e-01 2.685475e-01 
9.823962e-01 2.686711e-01 
9.829348e-01 2.687947e-01 
9.834674e-01 2.689169e-01 
9.839999e-01 2.690391e-01 
9.845269e-01 2.691600e-01 
9.850538e-01 2.692809e-01 
9.855755e-01 2.694006e-01 
9.860971e-01 2.695203e-01 
9.866139e-01 2.696388e-01 
9.871307e-01 2.697574e-01 
9.876429e-01 2.698749e-01 
9.881552e-01 2.699924e-01 
9.886632e-01 2.701089e-01 
9.891713e-01 2.702254e-01 
9.896756e-01 2.703411e-01 
9.901798e-01 2.704568e-01 
9.906807e-01 2.705716e-01 
9.911815e-01 2.706865e-01 
9.916792e-01 2.708006e-01 
9.921769e-01 2.709148e-01 
9.926718e-01 2.710283e-01 
9.931668e-01 2.711418e-01 
9.936593e-01 2.712547e-01 
9.941518e-01 2.713677e-01 
9.946423e-01 2.714801e-01 
9.951328e-01 2.715926e-01 
9.956216e-01 2.717047e-01 
9.961104e-01 2.718167e-01 
9.965978e-01 2.719285e-01 
9.970852e-01 2.720403e-01 
9.975715e-01 2.721518e-01 
9.980579e-01 2.722633e-01 
9.985436e-01 2.723747e-01 
9.990293e-01 2.724860e-01 
9.995146e-01 2.725973e-01 
1.000000e+00 2.727086e-01 
9.542205e-01 2.631263e-01 
9.549978e-01 2.633010e-01 
9.557593e-01 2.634720e-01 
9.565208e-01 2.636431e-01 
9.572670e-01 2.638107e-01 
9.580133e-01 2.639783e-01 
9.587447e-01 2.641426e-01 
9.594762e-01 2.643068e-01 
9.601934e-01 2.644679e-01 
9.609106e-01 2.646289e-01 
9.616141e-01 2.647868e-01 
9.623175e-01 2.649448e-01 
9.630077e-01 2.650997e-01 
9.636979e-01 2.652546e-01 
9.643754e-01 2.654067e-01 
9.650528e-01 2.655587e-01 
9.657180e-01 2.657080e-01 
9.663832e-01 2.658573e-01 
9.670365e-01 2.660039e-01 
9.676898e-01 2.661505e-01 
9.683318e-01 2.662945e-01 
9.689738e-01 2.664385e-01 
9.696049e-01 2.665801e-01 
9.702359e-01 2.667216e-01 
9.708565e-01 2.668608e-01 
9.714771e-01 2.670000e-01 
9.720877e-01 2.671369e-01 
9.726983e-01 2.672739e-01 
9.732993e-01 2.674086e-01 
9.739002e-01 2.675434e-01 
9.744920e-01 2.676760e-01 
9.750838e-01 2.678087e-01 
9.756669e-01 2.679394e-01 
9.762499e-01 2.680701e-01 
9.768246e-01 2.681989e-01 
9.773993e-01 2.683277e-01 
9.779660e-01 2.684547e-01 
9.785327e-01 2.685818e-01 
9.790919e-01 2.687071e-01 
9.796511e-01 2.688324e-01 
9.802032e-01 2.689561e-01 
9.807552e-01 2.690798e-01 
9.813005e-01 2.692019e-01 
9.818457e-01 2.693241e-01 
9.823846e-01 2.694448e-01 
9.829235e-01 2.695655e-01 
9.834564e-01 2.696849e-01 
9.839893e-01 2.698042e-01 
9.845165e-01 2.699223e-01 
9.850438e-01 2.700404e-01 
9.855658e-01 2.701573e-01 
9.860877e-01 2.702742e-01 
9.866048e-01 2.703900e-01 
9.871219e-01 2.705058e-01 
9.876345e-01 2.706206e-01 
9.881471e-01 2.707353e-01 
9.886555e-01 2.708492e-01 
9.891639e-01 2.709630e-01 
9.896685e-01 2.710760e-01 
9.901731e-01 2.711889e-01 
9.906742e-01 2.713011e-01 
9.911754e-01 2.714133e-01 
9.916734e-01 2.715248e-01 
9.921714e-01 2.716363e-01 
9.926667e-01 2.717471e-01 
9.931620e-01 2.718580e-01 
9.936549e-01 2.719683e-01 
9.941478e-01 2.720786e-01 
9.946386e-01 2.721885e-01 
9.951294e-01 2.722983e-01 
9.956185e-01 2.724078e-01 
9.961076e-01 2.725173e-01 
9.965954e-01 2.726264e-01 
9.970831e-01 2.727356e-01 
9.975698e-01 2.728445e-01 
9.980566e-01 2.729535e-01 
9.985426e-01 2.730622e-01 
9.990286e-01 2.731710e-01 
9.995143e-01 2.732797e-01 
1.000000e+00 2.733884e-01 
9.541977e-01 2.640504e-01 
9.549752e-01 2.642209e-01 
9.557369e-01 2.643879e-01 
9.564986e-01 2.645549e-01 
9.572450e-01 2.647185e-01 
9.579914e-01 2.648821e-01 
9.587230e-01 2.650425e-01 
9.594547e-01 2.652029e-01 
9.601721e-01 2.653601e-01 
9.608895e-01 2.655173e-01 
9.615932e-01 2.656714e-01 
9.622969e-01 2.658256e-01 
9.629873e-01 2.659769e-01 
9.636777e-01 2.661281e-01 
9.643554e-01 2.662765e-01 
9.650331e-01 2.664250e-01 
9.656985e-01 2.665707e-01 
9.663639e-01 2.667164e-01 
9.670175e-01 2.668595e-01 
9.676711e-01 2.670026e-01 
9.683133e-01 2.671432e-01 
9.689555e-01 2.672838e-01 
9.695869e-01 2.674220e-01 
9.702182e-01 2.675602e-01 
9.708391e-01 2.676960e-01 
9.714599e-01 2.678319e-01 
9.720708e-01 2.679656e-01 
9.726816e-01 2.680992e-01 
9.732829e-01 2.682308e-01 
9.738841e-01 2.683623e-01 
9.744762e-01 2.684919e-01 
9.750683e-01 2.686214e-01 
9.756516e-01 2.687490e-01 
9.762349e-01 2.688765e-01 
9.768099e-01 2.690023e-01 
9.773849e-01 2.691280e-01 
9.779519e-01 2.692520e-01 
9.785190e-01 2.693760e-01 
9.790785e-01 2.694983e-01 
9.796380e-01 2.696207e-01 
9.801903e-01 2.697414e-01 
9.807426e-01 2.698621e-01 
9.812882e-01 2.699814e-01 
9.818338e-01 2.701006e-01 
9.823730e-01 2.702185e-01 
9.829122e-01 2.703363e-01 
9.834454e-01 2.704528e-01 
9.839786e-01 2.705694e-01 
9.845062e-01 2.706846e-01 
9.850337e-01 2.707999e-01 
9.855560e-01 2.709140e-01 
9.860784e-01 2.710282e-01 
9.865958e-01 2.711412e-01 
9.871132e-01 2.712542e-01 
9.876261e-01 2.713663e-01 
9.881390e-01 2.714783e-01 
9.886477e-01 2.715894e-01 
9.891565e-01 2.717005e-01 
9.896614e-01 2.718108e-01 
9.901663e-01 2.719211e-01 
9.906678e-01 2.720306e-01 
9.911693e-01 2.721401e-01 
9.916676e-01 2.722490e-01 
9.921660e-01 2.723578e-01 
9.926616e-01 2.724660e-01 
9.931573e-01 2.725742e-01 
9.936505e-01 2.726819e-01 
9.941437e-01 2.727896e-01 
9.946349e-01 2.728969e-01 
9.951260e-01 2.730041e-01 
9.956155e-01 2.731110e-01 
9.961049e-01 2.732178e-01 
9.965930e-01 2.733244e-01 
9.970811e-01 2.734309e-01 
9.975681e-01 2.735373e-01 
9.980552e-01 2.736436e-01 
9.985416e-01 2.737498e-01 
9.990279e-01 2.738560e-01 
9.995140e-01 2.739621e-01 
1.000000e+00 2.740682e-01 
9.541749e-01 2.649746e-01 
9.549526e-01 2.651409e-01 
9.557144e-01 2.653038e-01 
9.564763e-01 2.654667e-01 
9.572229e-01 2.656264e-01 
9.579695e-01 2.657860e-01 
9.587013e-01 2.659424e-01 
9.594332e-01 2.660989e-01 
9.601508e-01 2.662523e-01 
9.608684e-01 2.664056e-01 
9.615723e-01 2.665560e-01 
9.622762e-01 2.667065e-01 
9.629669e-01 2.668540e-01 
9.636575e-01 2.670016e-01 
9.643355e-01 2.671464e-01 
9.650134e-01 2.672912e-01 
9.656790e-01 2.674333e-01 
9.663446e-01 2.675755e-01 
9.669985e-01 2.677151e-01 
9.676523e-01 2.678547e-01 
9.682948e-01 2.679919e-01 
9.689373e-01 2.681291e-01 
9.695689e-01 2.682639e-01 
9.702005e-01 2.683987e-01 
9.708216e-01 2.685313e-01 
9.714427e-01 2.686638e-01 
9.720539e-01 2.687942e-01 
9.726650e-01 2.689246e-01 
9.732665e-01 2.690530e-01 
9.738680e-01 2.691813e-01 
9.744604e-01 2.693077e-01 
9.750528e-01 2.694340e-01 
9.756364e-01 2.695585e-01 
9.762200e-01 2.696830e-01 
9.767953e-01 2.698056e-01 
9.773705e-01 2.699283e-01 
9.779379e-01 2.700493e-01 
9.785052e-01 2.701702e-01 
9.790650e-01 2.702896e-01 
9.796248e-01 2.704089e-01 
9.801774e-01 2.705267e-01 
9.807301e-01 2.706445e-01 
9.812760e-01 2.707609e-01 
9.818219e-01 2.708772e-01 
9.823614e-01 2.709922e-01 
9.829009e-01 2.711072e-01 
9.834344e-01 2.712208e-01 
9.839679e-01 2.713345e-01 
9.844958e-01 2.714470e-01 
9.850237e-01 2.715594e-01 
9.855463e-01 2.716708e-01 
9.860690e-01 2.717821e-01 
9.865867e-01 2.718924e-01 
9.871045e-01 2.720027e-01 
9.876177e-01 2.721120e-01 
9.881309e-01 2.722213e-01 
9.886400e-01 2.723297e-01 
9.891491e-01 2.724381e-01 
9.896543e-01 2.725457e-01 
9.901596e-01 2.726533e-01 
9.906614e-01 2.727601e-01 
9.911632e-01 2.728670e-01 
9.916619e-01 2.729731e-01 
9.921606e-01 2.730793e-01 
9.926566e-01 2.731849e-01 
9.931525e-01 2.732905e-01 
9.936461e-01 2.733955e-01 
9.941396e-01 2.735006e-01 
9.946311e-01 2.736052e-01 
9.951226e-01 2.737099e-01 
9.956124e-01 2.738141e-01 
9.961022e-01 2.739184e-01 
9.965906e-01 2.740223e-01 
9.970790e-01 2.741263e-01 
9.975664e-01 2.742300e-01 
9.980538e-01 2.743338e-01 
9.985405e-01 2.744374e-01 
9.990273e-01 2.745410e-01 
9.995136e-01 2.746445e-01 
1.000000e+00 2.747480e-01 
9.541521e-01 2.658987e-01 
9.549299e-01 2.660609e-01 
9.556920e-01 2.662197e-01 
9.564540e-01 2.663786e-01 
9.572008e-01 2.665342e-01 
9.579476e-01 2.666898e-01 
9.586796e-01 2.668424e-01 
9.594117e-01 2.669949e-01 
9.601295e-01 2.671444e-01 
9.608473e-01 2.672940e-01 
9.615515e-01 2.674406e-01 
9.622556e-01 2.675873e-01 
9.629465e-01 2.677312e-01 
9.636373e-01 2.678750e-01 
9.643155e-01 2.680162e-01 
9.649936e-01 2.681574e-01 
9.656595e-01 2.682960e-01 
9.663254e-01 2.684346e-01 
9.669795e-01 2.685707e-01 
9.676335e-01 2.687069e-01 
9.682763e-01 2.688406e-01 
9.689190e-01 2.689743e-01 
9.695509e-01 2.691058e-01 
9.701827e-01 2.692372e-01 
9.708041e-01 2.693665e-01 
9.714255e-01 2.694957e-01 
9.720369e-01 2.696229e-01 
9.726483e-01 2.697500e-01 
9.732501e-01 2.698751e-01 
9.738520e-01 2.700003e-01 
9.744446e-01 2.701235e-01 
9.750372e-01 2.702467e-01 
9.756212e-01 2.703680e-01 
9.762051e-01 2.704894e-01 
9.767806e-01 2.706090e-01 
9.773562e-01 2.707286e-01 
9.779238e-01 2.708466e-01 
9.784915e-01 2.709645e-01 
9.790515e-01 2.710809e-01 
9.796116e-01 2.711972e-01 
9.801646e-01 2.713121e-01 
9.807176e-01 2.714269e-01 
9.812637e-01 2.715403e-01 
9.818099e-01 2.716538e-01 
9.823498e-01 2.717659e-01 
9.828896e-01 2.718780e-01 
9.834234e-01 2.719888e-01 
9.839573e-01 2.720996e-01 
9.844855e-01 2.722093e-01 
9.850137e-01 2.723189e-01 
9.855366e-01 2.724275e-01 
9.860596e-01 2.725360e-01 
9.865777e-01 2.726436e-01 
9.870957e-01 2.727511e-01 
9.876093e-01 2.728577e-01 
9.881229e-01 2.729642e-01 
9.886322e-01 2.730699e-01 
9.891416e-01 2.731756e-01 
9.896472e-01 2.732805e-01 
9.901528e-01 2.733854e-01 
9.906550e-01 2.734896e-01 
9.911571e-01 2.735938e-01 
9.916561e-01 2.736973e-01 
9.921552e-01 2.738008e-01 
9.926515e-01 2.739038e-01 
9.931478e-01 2.740067e-01 
9.936417e-01 2.741092e-01 
9.941355e-01 2.742116e-01 
9.946274e-01 2.743136e-01 
9.951192e-01 2.744156e-01 
9.956093e-01 2.745173e-01 
9.960995e-01 2.746189e-01 
9.965882e-01 2.747203e-01 
9.970770e-01 2.748216e-01 
9.975647e-01 2.749228e-01 
9.980525e-01 2.750239e-01 
9.985395e-01 2.751249e-01 
9.990266e-01 2.752259e-01 
9.995133e-01 2.753269e-01 
1.000000e+00 2.754278e-01 
9.541293e-01 2.668228e-01 
9.549073e-01 2.669809e-01 
9.556695e-01 2.671356e-01 
9.564318e-01 2.672904e-01 
9.571787e-01 2.674421e-01 
9.579257e-01 2.675937e-01 
9.586579e-01 2.677423e-01 
9.593902e-01 2.678909e-01 
9.601082e-01 2.680366e-01 
9.608263e-01 2.681823e-01 
9.615306e-01 2.683252e-01 
9.622349e-01 2.684681e-01 
9.629260e-01 2.686083e-01 
9.636171e-01 2.687485e-01 
9.642955e-01 2.688861e-01 
9.649739e-01 2.690236e-01 
9.656400e-01 2.691587e-01 
9.663061e-01 2.692937e-01 
9.669605e-01 2.694264e-01 
9.676148e-01 2.695590e-01 
9.682578e-01 2.696893e-01 
9.689008e-01 2.698196e-01 
9.695329e-01 2.699477e-01 
9.701650e-01 2.700758e-01 
9.707867e-01 2.702017e-01 
9.714083e-01 2.703276e-01 
9.720200e-01 2.704515e-01 
9.726317e-01 2.705754e-01 
9.732338e-01 2.706973e-01 
9.738359e-01 2.708192e-01 
9.744288e-01 2.709393e-01 
9.750217e-01 2.710593e-01 
9.756059e-01 2.711776e-01 
9.761901e-01 2.712958e-01 
9.767660e-01 2.714124e-01 
9.773418e-01 2.715289e-01 
9.779098e-01 2.716438e-01 
9.784777e-01 2.717587e-01 
9.790381e-01 2.718721e-01 
9.795985e-01 2.719855e-01 
9.801517e-01 2.720974e-01 
9.807050e-01 2.722093e-01 
9.812515e-01 2.723198e-01 
9.817980e-01 2.724304e-01 
9.823382e-01 2.725396e-01 
9.828783e-01 2.726488e-01 
9.834124e-01 2.727568e-01 
9.839466e-01 2.728648e-01 
9.844751e-01 2.729716e-01 
9.850037e-01 2.730785e-01 
9.855269e-01 2.731842e-01 
9.860502e-01 2.732900e-01 
9.865686e-01 2.733948e-01 
9.870870e-01 2.734995e-01 
9.876009e-01 2.736034e-01 
9.881148e-01 2.737072e-01 
9.886245e-01 2.738102e-01 
9.891342e-01 2.739132e-01 
9.896401e-01 2.740154e-01 
9.901461e-01 2.741176e-01 
9.906485e-01 2.742191e-01 
9.911510e-01 2.743206e-01 
9.916504e-01 2.744215e-01 
9.921498e-01 2.745223e-01 
9.926464e-01 2.746226e-01 
9.931430e-01 2.747230e-01 
9.936372e-01 2.748228e-01 
9.941315e-01 2.749226e-01 
9.946236e-01 2.750220e-01 
9.951158e-01 2.751214e-01 
9.956063e-01 2.752204e-01 
9.960967e-01 2.753195e-01 
9.965859e-01 2.754182e-01 
9.970750e-01 2.755170e-01 
9.975630e-01 2.756155e-01 
9.980511e-01 2.757141e-01 
9.985385e-01 2.758125e-01 
9.990259e-01 2.759109e-01 
9.995129e-01 2.760093e-01 
1.000000e+00 2.761076e-01 
9.541065e-01 2.677470e-01 
9.548847e-01 2.679008e-01 
9.556471e-01 2.680515e-01 
9.564095e-01 2.682022e-01 
9.571566e-01 2.683499e-01 
9.579038e-01 2.684975e-01 
9.586362e-01 2.686423e-01 
9.593687e-01 2.687870e-01 
9.600869e-01 2.689288e-01 
9.608052e-01 2.690707e-01 
9.615097e-01 2.692098e-01 
9.622143e-01 2.693490e-01 
9.629056e-01 2.694855e-01 
9.635969e-01 2.696219e-01 
9.642755e-01 2.697559e-01 
9.649542e-01 2.698898e-01 
9.656205e-01 2.700213e-01 
9.662869e-01 2.701528e-01 
9.669414e-01 2.702820e-01 
9.675960e-01 2.704111e-01 
9.682393e-01 2.705380e-01 
9.688825e-01 2.706649e-01 
9.695149e-01 2.707896e-01 
9.701473e-01 2.709143e-01 
9.707692e-01 2.710369e-01 
9.713912e-01 2.711595e-01 
9.720031e-01 2.712802e-01 
9.726150e-01 2.714008e-01 
9.732174e-01 2.715195e-01 
9.738198e-01 2.716382e-01 
9.744130e-01 2.717551e-01 
9.750062e-01 2.718720e-01 
9.755907e-01 2.719871e-01 
9.761752e-01 2.721022e-01 
9.767513e-01 2.722157e-01 
9.773275e-01 2.723292e-01 
9.778957e-01 2.724411e-01 
9.784639e-01 2.725530e-01 
9.790246e-01 2.726634e-01 
9.795853e-01 2.727738e-01 
9.801389e-01 2.728827e-01 
9.806925e-01 2.729917e-01 
9.812393e-01 2.730993e-01 
9.817861e-01 2.732069e-01 
9.823265e-01 2.733133e-01 
9.828670e-01 2.734196e-01 
9.834015e-01 2.735248e-01 
9.839359e-01 2.736299e-01 
9.844648e-01 2.737339e-01 
9.849936e-01 2.738380e-01 
9.855172e-01 2.739410e-01 
9.860408e-01 2.740439e-01 
9.865596e-01 2.741460e-01 
9.870783e-01 2.742480e-01 
9.875925e-01 2.743491e-01 
9.881067e-01 2.744502e-01 
9.886167e-01 2.745505e-01 
9.891268e-01 2.746507e-01 
9.896331e-01 2.747502e-01 
9.901393e-01 2.748498e-01 
9.906421e-01 2.749486e-01 
9.911449e-01 2.750474e-01 
9.916446e-01 2.751456e-01 
9.921443e-01 2.752439e-01 
9.926413e-01 2.753415e-01 
9.931383e-01 2.754392e-01 
9.936328e-01 2.755364e-01 
9.941274e-01 2.756336e-01 
9.946199e-01 2.757303e-01 
9.951124e-01 2.758271e-01 
9.956032e-01 2.759236e-01 
9.960940e-01 2.760200e-01 
9.965835e-01 2.761162e-01 
9.970729e-01 2.762123e-01 
9.975613e-01 2.763083e-01 
9.980497e-01 2.764042e-01 
9.985375e-01 2.765001e-01 
9.990252e-01 2.765959e-01 
9.995126e-01 2.766916e-01 
1.000000e+00 2.767874e-01 
9.540837e-01 2.686711e-01 
9.548621e-01 2.688208e-01 
9.556246e-01 2.689674e-01 
9.563872e-01 2.691141e-01 
9.571346e-01 2.692577e-01 
9.578819e-01 2.694014e-01 
9.586146e-01 2.695422e-01 
9.593472e-01 2.696830e-01 
9.600656e-01 2.698210e-01 
9.607841e-01 2.699591e-01 
9.614889e-01 2.700944e-01 
9.621936e-01 2.702298e-01 
9.628852e-01 2.703626e-01 
9.635767e-01 2.704954e-01 
9.642556e-01 2.706257e-01 
9.649344e-01 2.707561e-01 
9.656010e-01 2.708840e-01 
9.662676e-01 2.710119e-01 
9.669224e-01 2.711376e-01 
9.675773e-01 2.712633e-01 
9.682208e-01 2.713867e-01 
9.688643e-01 2.715102e-01 
9.694969e-01 2.716315e-01 
9.701295e-01 2.717528e-01 
9.707517e-01 2.718721e-01 
9.713740e-01 2.719914e-01 
9.719862e-01 2.721088e-01 
9.725984e-01 2.722262e-01 
9.732010e-01 2.723417e-01 
9.738037e-01 2.724572e-01 
9.743972e-01 2.725709e-01 
9.749907e-01 2.726846e-01 
9.755754e-01 2.727966e-01 
9.761602e-01 2.729087e-01 
9.767367e-01 2.730191e-01 
9.773131e-01 2.731295e-01 
9.778816e-01 2.732384e-01 
9.784502e-01 2.733472e-01 
9.790112e-01 2.734546e-01 
9.795722e-01 2.735620e-01 
9.801260e-01 2.736681e-01 
9.806799e-01 2.737741e-01 
9.812270e-01 2.738788e-01 
9.817742e-01 2.739835e-01 
9.823149e-01 2.740870e-01 
9.828557e-01 2.741904e-01 
9.833905e-01 2.742927e-01 
9.839253e-01 2.743951e-01 
9.844544e-01 2.744963e-01 
9.849836e-01 2.745975e-01 
9.855075e-01 2.746977e-01 
9.860314e-01 2.747979e-01 
9.865505e-01 2.748971e-01 
9.870695e-01 2.749964e-01 
9.875841e-01 2.750948e-01 
9.880986e-01 2.751931e-01 
9.886090e-01 2.752907e-01 
9.891194e-01 2.753883e-01 
9.896260e-01 2.754851e-01 
9.901325e-01 2.755819e-01 
9.906357e-01 2.756781e-01 
9.911388e-01 2.757743e-01 
9.916389e-01 2.758698e-01 
9.921389e-01 2.759654e-01 
9.926362e-01 2.760604e-01 
9.931335e-01 2.761554e-01 
9.936284e-01 2.762500e-01 
9.941233e-01 2.763445e-01 
9.946162e-01 2.764387e-01 
9.951090e-01 2.765329e-01 
9.956002e-01 2.766267e-01 
9.960913e-01 2.767205e-01 
9.965811e-01 2.768141e-01 
9.970709e-01 2.769077e-01 
9.975596e-01 2.770010e-01 
9.980484e-01 2.770944e-01 
9.985365e-01 2.771876e-01 
9.990245e-01 2.772809e-01 
9.995123e-01 2.773740e-01 
1.000000e+00 2.774672e-01 
9.540609e-01 2.695953e-01 
9.548394e-01 2.697408e-01 
9.556022e-01 2.698833e-01 
9.563649e-01 2.700259e-01 
9.571125e-01 2.701656e-01 
9.578600e-01 2.703052e-01 
9.585929e-01 2.704421e-01 
9.593257e-01 2.705790e-01 
9.600444e-01 2.707132e-01 
9.607630e-01 2.708474e-01 
9.614680e-01 2.709790e-01 
9.621730e-01 2.711106e-01 
9.628647e-01 2.712398e-01 
9.635565e-01 2.713689e-01 
9.642356e-01 2.714956e-01 
9.649147e-01 2.716223e-01 
9.655815e-01 2.717467e-01 
9.662484e-01 2.718711e-01 
9.669034e-01 2.719932e-01 
9.675585e-01 2.721154e-01 
9.682023e-01 2.722354e-01 
9.688460e-01 2.723554e-01 
9.694789e-01 2.724734e-01 
9.701118e-01 2.725914e-01 
9.707343e-01 2.727074e-01 
9.713568e-01 2.728233e-01 
9.719692e-01 2.729374e-01 
9.725817e-01 2.730515e-01 
9.731847e-01 2.731638e-01 
9.737876e-01 2.732761e-01 
9.743814e-01 2.733867e-01 
9.749751e-01 2.734973e-01 
9.755602e-01 2.736062e-01 
9.761453e-01 2.737151e-01 
9.767220e-01 2.738224e-01 
9.772987e-01 2.739298e-01 
9.778676e-01 2.740356e-01 
9.784364e-01 2.741415e-01 
9.789977e-01 2.742459e-01 
9.795590e-01 2.743503e-01 
9.801132e-01 2.744534e-01 
9.806674e-01 2.745565e-01 
9.812148e-01 2.746583e-01 
9.817622e-01 2.747601e-01 
9.823033e-01 2.748607e-01 
9.828444e-01 2.749613e-01 
9.833795e-01 2.750607e-01 
9.839146e-01 2.751602e-01 
9.844441e-01 2.752586e-01 
9.849736e-01 2.753570e-01 
9.854978e-01 2.754544e-01 
9.860221e-01 2.755518e-01 
9.865414e-01 2.756483e-01 
9.870608e-01 2.757448e-01 
9.875757e-01 2.758405e-01 
9.880905e-01 2.759361e-01 
9.886013e-01 2.760310e-01 
9.891120e-01 2.761258e-01 
9.896189e-01 2.762200e-01 
9.901258e-01 2.763141e-01 
9.906293e-01 2.764076e-01 
9.911327e-01 2.765011e-01 
9.916331e-01 2.765940e-01 
9.921335e-01 2.766869e-01 
9.926311e-01 2.767793e-01 
9.931288e-01 2.768717e-01 
9.936240e-01 2.769636e-01 
9.941192e-01 2.770555e-01 
9.946124e-01 2.771471e-01 
9.951056e-01 2.772386e-01 
9.955971e-01 2.773298e-01 
9.960886e-01 2.774211e-01 
9.965787e-01 2.775120e-01 
9.970688e-01 2.776030e-01 
9.975579e-01 2.776938e-01 
9.980470e-01 2.777846e-01 
9.985354e-01 2.778752e-01 
9.990238e-01 2.779658e-01 
9.995119e-01 2.780564e-01 
1.000000e+00 2.781470e-01 
9.540382e-01 2.705194e-01 
9.548168e-01 2.706608e-01 
9.555797e-01 2.707993e-01 
9.563427e-01 2.709377e-01 
9.570904e-01 2.710734e-01 
9.578381e-01 2.712091e-01 
9.585712e-01 2.713421e-01 
9.593042e-01 2.714750e-01 
9.600231e-01 2.716054e-01 
9.607419e-01 2.717358e-01 
9.614471e-01 2.718636e-01 
9.621523e-01 2.719915e-01 
9.628443e-01 2.721169e-01 
9.635363e-01 2.722423e-01 
9.642156e-01 2.723654e-01 
9.648949e-01 2.724885e-01 
9.655620e-01 2.726093e-01 
9.662291e-01 2.727302e-01 
9.668844e-01 2.728488e-01 
9.675397e-01 2.729675e-01 
9.681838e-01 2.730841e-01 
9.688278e-01 2.732007e-01 
9.694609e-01 2.733153e-01 
9.700941e-01 2.734299e-01 
9.707168e-01 2.735426e-01 
9.713396e-01 2.736552e-01 
9.719523e-01 2.737661e-01 
9.725651e-01 2.738769e-01 
9.731683e-01 2.739860e-01 
9.737715e-01 2.740951e-01 
9.743656e-01 2.742025e-01 
9.749596e-01 2.743099e-01 
9.755450e-01 2.744157e-01 
9.761303e-01 2.745215e-01 
9.767074e-01 2.746258e-01 
9.772844e-01 2.747301e-01 
9.778535e-01 2.748329e-01 
9.784226e-01 2.749357e-01 
9.789842e-01 2.750372e-01 
9.795459e-01 2.751386e-01 
9.801003e-01 2.752387e-01 
9.806548e-01 2.753388e-01 
9.812026e-01 2.754377e-01 
9.817503e-01 2.755366e-01 
9.822917e-01 2.756344e-01 
9.828331e-01 2.757321e-01 
9.833685e-01 2.758287e-01 
9.839039e-01 2.759253e-01 
9.844337e-01 2.760209e-01 
9.849635e-01 2.761165e-01 
9.854881e-01 2.762112e-01 
9.860127e-01 2.763058e-01 
9.865324e-01 2.763995e-01 
9.870521e-01 2.764933e-01 
9.875673e-01 2.765862e-01 
9.880825e-01 2.766791e-01 
9.885935e-01 2.767712e-01 
9.891045e-01 2.768634e-01 
9.896118e-01 2.769548e-01 
9.901190e-01 2.770463e-01 
9.906228e-01 2.771371e-01 
9.911266e-01 2.772279e-01 
9.916274e-01 2.773182e-01 
9.921281e-01 2.774084e-01 
9.926260e-01 2.774982e-01 
9.931240e-01 2.775879e-01 
9.936196e-01 2.776772e-01 
9.941152e-01 2.777665e-01 
9.946087e-01 2.778554e-01 
9.951022e-01 2.779444e-01 
9.955940e-01 2.780330e-01 
9.960859e-01 2.781216e-01 
9.965763e-01 2.782100e-01 
9.970668e-01 2.782983e-01 
9.975562e-01 2.783865e-01 
9.980457e-01 2.784747e-01 
9.985344e-01 2.785628e-01 
9.990232e-01 2.786508e-01 
9.995116e-01 2.787388e-01 
1.000000e+00 2.788268e-01 
9.540154e-01 2.714435e-01 
9.547942e-01 2.715807e-01 
9.555573e-01 2.717152e-01 
9.563204e-01 2.718496e-01 
9.570683e-01 2.719813e-01 
9.578162e-01 2.721129e-01 
9.585495e-01 2.722420e-01 
9.592827e-01 2.723711e-01 
9.600018e-01 2.724976e-01 
9.607208e-01 2.726241e-01 
9.614262e-01 2.727482e-01 
9.621317e-01 2.728723e-01 
9.628239e-01 2.729941e-01 
9.635161e-01 2.731158e-01 
9.641957e-01 2.732353e-01 
9.648752e-01 2.733547e-01 
9.655425e-01 2.734720e-01 
9.662098e-01 2.735893e-01 
9.668654e-01 2.737045e-01 
9.675210e-01 2.738196e-01 
9.681652e-01 2.739328e-01 
9.688095e-01 2.740460e-01 
9.694429e-01 2.741572e-01 
9.700763e-01 2.742684e-01 
9.706994e-01 2.743778e-01 
9.713224e-01 2.744872e-01 
9.719354e-01 2.745947e-01 
9.725484e-01 2.747023e-01 
9.731519e-01 2.748082e-01 
9.737554e-01 2.749141e-01 
9.743497e-01 2.750183e-01 
9.749441e-01 2.751226e-01 
9.755297e-01 2.752253e-01 
9.761154e-01 2.753279e-01 
9.766927e-01 2.754292e-01 
9.772700e-01 2.755304e-01 
9.778395e-01 2.756302e-01 
9.784089e-01 2.757300e-01 
9.789708e-01 2.758284e-01 
9.795327e-01 2.759269e-01 
9.800875e-01 2.760241e-01 
9.806423e-01 2.761212e-01 
9.811903e-01 2.762172e-01 
9.817384e-01 2.763132e-01 
9.822801e-01 2.764081e-01 
9.828218e-01 2.765029e-01 
9.833575e-01 2.765967e-01 
9.838933e-01 2.766905e-01 
9.844234e-01 2.767832e-01 
9.849535e-01 2.768760e-01 
9.854784e-01 2.769679e-01 
9.860033e-01 2.770597e-01 
9.865233e-01 2.771507e-01 
9.870433e-01 2.772417e-01 
9.875589e-01 2.773319e-01 
9.880744e-01 2.774220e-01 
9.885858e-01 2.775115e-01 
9.890971e-01 2.776009e-01 
9.896047e-01 2.776897e-01 
9.901123e-01 2.777784e-01 
9.906164e-01 2.778666e-01 
9.911205e-01 2.779547e-01 
9.916216e-01 2.780423e-01 
9.921226e-01 2.781299e-01 
9.926209e-01 2.782170e-01 
9.931193e-01 2.783041e-01 
9.936152e-01 2.783908e-01 
9.941111e-01 2.784775e-01 
9.946050e-01 2.785638e-01 
9.950988e-01 2.786501e-01 
9.955910e-01 2.787361e-01 
9.960831e-01 2.788222e-01 
9.965739e-01 2.789079e-01 
9.970647e-01 2.789937e-01 
9.975545e-01 2.790793e-01 
9.980443e-01 2.791649e-01 
9.985334e-01 2.792503e-01 
9.990225e-01 2.793358e-01 
9.995112e-01 2.794212e-01 
1.000000e+00 2.795066e-01 
9.539926e-01 2.723677e-01 
9.547716e-01 2.725007e-01 
9.555349e-01 2.726311e-01 
9.562981e-01 2.727614e-01 
9.570462e-01 2.728891e-01 
9.577943e-01 2.730168e-01 
9.585278e-01 2.731420e-01 
9.592612e-01 2.732671e-01 
9.599805e-01 2.733898e-01 
9.606998e-01 2.735125e-01 
9.614054e-01 2.736328e-01 
9.621110e-01 2.737532e-01 
9.628035e-01 2.738712e-01 
9.634959e-01 2.739893e-01 
9.641757e-01 2.741051e-01 
9.648555e-01 2.742209e-01 
9.655230e-01 2.743347e-01 
9.661906e-01 2.744484e-01 
9.668464e-01 2.745601e-01 
9.675022e-01 2.746718e-01 
9.681467e-01 2.747815e-01 
9.687913e-01 2.748912e-01 
9.694249e-01 2.749991e-01 
9.700586e-01 2.751070e-01 
9.706819e-01 2.752130e-01 
9.713052e-01 2.753191e-01 
9.719185e-01 2.754234e-01 
9.725318e-01 2.755277e-01 
9.731355e-01 2.756304e-01 
9.737393e-01 2.757330e-01 
9.743339e-01 2.758341e-01 
9.749286e-01 2.759352e-01 
9.755145e-01 2.760348e-01 
9.761004e-01 2.761344e-01 
9.766781e-01 2.762325e-01 
9.772557e-01 2.763307e-01 
9.778254e-01 2.764274e-01 
9.783951e-01 2.765242e-01 
9.789573e-01 2.766197e-01 
9.795195e-01 2.767151e-01 
9.800746e-01 2.768094e-01 
9.806297e-01 2.769036e-01 
9.811781e-01 2.769967e-01 
9.817265e-01 2.770898e-01 
9.822685e-01 2.771817e-01 
9.828105e-01 2.772737e-01 
9.833466e-01 2.773647e-01 
9.838826e-01 2.774556e-01 
9.844130e-01 2.775456e-01 
9.849435e-01 2.776355e-01 
9.854687e-01 2.777246e-01 
9.859939e-01 2.778137e-01 
9.865143e-01 2.779019e-01 
9.870346e-01 2.779901e-01 
9.875505e-01 2.780776e-01 
9.880663e-01 2.781650e-01 
9.885780e-01 2.782517e-01 
9.890897e-01 2.783385e-01 
9.895976e-01 2.784245e-01 
9.901055e-01 2.785106e-01 
9.906100e-01 2.785961e-01 
9.911145e-01 2.786816e-01 
9.916158e-01 2.787665e-01 
9.921172e-01 2.788514e-01 
9.926159e-01 2.789359e-01 
9.931145e-01 2.790204e-01 
9.936108e-01 2.791044e-01 
9.941070e-01 2.791885e-01 
9.946012e-01 2.792722e-01 
9.950954e-01 2.793559e-01 
9.955879e-01 2.794393e-01 
9.960804e-01 2.795227e-01 
9.965716e-01 2.796059e-01 
9.970627e-01 2.796890e-01 
9.975528e-01 2.797720e-01 
9.980429e-01 2.798550e-01 
9.985324e-01 2.799379e-01 
9.990218e-01 2.800208e-01 
9.995109e-01 2.801036e-01 
1.000000e+00 2.801864e-01 
9.539698e-01 2.732918e-01 
9.547489e-01 2.734207e-01 
9.555124e-01 2.735470e-01 
9.562759e-01 2.736732e-01 
9.570242e-01 2.737969e-01 
9.577724e-01 2.739206e-01 
9.585061e-01 2.740419e-01 
9.592397e-01 2.741631e-01 
9.599592e-01 2.742820e-01 
9.606787e-01 2.744009e-01 
9.613845e-01 2.745174e-01 
9.620904e-01 2.746340e-01 
9.627830e-01 2.747484e-01 
9.634757e-01 2.748627e-01 
9.641557e-01 2.749749e-01 
9.648357e-01 2.750872e-01 
9.655035e-01 2.751973e-01 
9.661713e-01 2.753075e-01 
9.668274e-01 2.754157e-01 
9.674835e-01 2.755239e-01 
9.681282e-01 2.756302e-01 
9.687730e-01 2.757365e-01 
9.694069e-01 2.758410e-01 
9.700409e-01 2.759455e-01 
9.706644e-01 2.760482e-01 
9.712880e-01 2.761510e-01 
9.719016e-01 2.762520e-01 
9.725151e-01 2.763531e-01 
9.731192e-01 2.764525e-01 
9.737232e-01 2.765520e-01 
9.743181e-01 2.766499e-01 
9.749131e-01 2.767479e-01 
9.754993e-01 2.768443e-01 
9.760855e-01 2.769408e-01 
9.766634e-01 2.770359e-01 
9.772413e-01 2.771309e-01 
9.778113e-01 2.772247e-01 
9.783813e-01 2.773184e-01 
9.789439e-01 2.774109e-01 
9.795064e-01 2.775034e-01 
9.800618e-01 2.775947e-01 
9.806172e-01 2.776860e-01 
9.811659e-01 2.777762e-01 
9.817145e-01 2.778663e-01 
9.822569e-01 2.779554e-01 
9.827992e-01 2.780445e-01 
9.833356e-01 2.781326e-01 
9.838719e-01 2.782207e-01 
9.844027e-01 2.783079e-01 
9.849335e-01 2.783951e-01 
9.854590e-01 2.784813e-01 
9.859845e-01 2.785676e-01 
9.865052e-01 2.786531e-01 
9.870259e-01 2.787386e-01 
9.875421e-01 2.788233e-01 
9.880582e-01 2.789080e-01 
9.885703e-01 2.789920e-01 
9.890823e-01 2.790760e-01 
9.895905e-01 2.791594e-01 
9.900988e-01 2.792428e-01 
9.906036e-01 2.793256e-01 
9.911084e-01 2.794084e-01 
9.916101e-01 2.794907e-01 
9.921118e-01 2.795730e-01 
9.926108e-01 2.796548e-01 
9.931098e-01 2.797366e-01 
9.936063e-01 2.798180e-01 
9.941029e-01 2.798995e-01 
9.945975e-01 2.799806e-01 
9.950920e-01 2.800616e-01 
9.955849e-01 2.801424e-01 
9.960777e-01 2.802232e-01 
9.965692e-01 2.803038e-01 
9.970607e-01 2.803844e-01 
9.975511e-01 2.804648e-01 
9.980416e-01 2.805452e-01 
9.985313e-01 2.806255e-01 
9.990211e-01 2.807057e-01 
9.995106e-01 2.807860e-01 
1.000000e+00 2.808662e-01 
9.539470e-01 2.742159e-01 
9.547263e-01 2.743407e-01 
9.554900e-01 2.744629e-01 
9.562536e-01 2.745851e-01 
9.570021e-01 2.747048e-01 
9.577505e-01 2.748245e-01 
9.584844e-01 2.749418e-01 
9.592182e-01 2.750592e-01 
9.599379e-01 2.751742e-01 
9.606576e-01 2.752892e-01 
9.613636e-01 2.754020e-01 
9.620697e-01 2.755148e-01 
9.627626e-01 2.756255e-01 
9.634555e-01 2.757362e-01 
9.641357e-01 2.758448e-01 
9.648160e-01 2.759534e-01 
9.654840e-01 2.760600e-01 
9.661521e-01 2.761666e-01 
9.668084e-01 2.762713e-01 
9.674647e-01 2.763760e-01 
9.681097e-01 2.764789e-01 
9.687548e-01 2.765818e-01 
9.693890e-01 2.766829e-01 
9.700232e-01 2.767840e-01 
9.706470e-01 2.768834e-01 
9.712708e-01 2.769829e-01 
9.718846e-01 2.770807e-01 
9.724985e-01 2.771785e-01 
9.731028e-01 2.772747e-01 
9.737071e-01 2.773710e-01 
9.743023e-01 2.774657e-01 
9.748975e-01 2.775605e-01 
9.754840e-01 2.776539e-01 
9.760705e-01 2.777472e-01 
9.766487e-01 2.778392e-01 
9.772270e-01 2.779312e-01 
9.777973e-01 2.780220e-01 
9.783676e-01 2.781127e-01 
9.789304e-01 2.782022e-01 
9.794932e-01 2.782917e-01 
9.800489e-01 2.783800e-01 
9.806046e-01 2.784684e-01 
9.811536e-01 2.785557e-01 
9.817026e-01 2.786429e-01 
9.822453e-01 2.787291e-01 
9.827879e-01 2.788154e-01 
9.833246e-01 2.789006e-01 
9.838613e-01 2.789859e-01 
9.843924e-01 2.790702e-01 
9.849234e-01 2.791546e-01 
9.854493e-01 2.792381e-01 
9.859752e-01 2.793216e-01 
9.864962e-01 2.794043e-01 
9.870172e-01 2.794870e-01 
9.875336e-01 2.795690e-01 
9.880501e-01 2.796510e-01 
9.885625e-01 2.797323e-01 
9.890749e-01 2.798136e-01 
9.895834e-01 2.798943e-01 
9.900920e-01 2.799749e-01 
9.905971e-01 2.800551e-01 
9.911023e-01 2.801352e-01 
9.916043e-01 2.802148e-01 
9.921064e-01 2.802945e-01 
9.926057e-01 2.803737e-01 
9.931050e-01 2.804529e-01 
9.936019e-01 2.805317e-01 
9.940989e-01 2.806105e-01 
9.945937e-01 2.806889e-01 
9.950886e-01 2.807674e-01 
9.955818e-01 2.808456e-01 
9.960750e-01 2.809238e-01 
9.965668e-01 2.810017e-01 
9.970586e-01 2.810797e-01 
9.975494e-01 2.811575e-01 
9.980402e-01 2.812353e-01 
9.985303e-01 2.813130e-01 
9.990204e-01 2.813907e-01 
9.995102e-01 2.814684e-01 
1.000000e+00 2.815460e-01 
9.539242e-01 2.751401e-01 
9.547037e-01 2.752607e-01 
9.554675e-01 2.753788e-01 
9.562313e-01 2.754969e-01 
9.569800e-01 2.756126e-01 
9.577287e-01 2.757283e-01 
9.584627e-01 2.758418e-01 
9.591967e-01 2.759552e-01 
9.599166e-01 2.760664e-01 
9.606365e-01 2.761776e-01 
9.613428e-01 2.762866e-01 
9.620490e-01 2.763957e-01 
9.627422e-01 2.765027e-01 
9.634353e-01 2.766096e-01 
9.641158e-01 2.767146e-01 
9.647963e-01 2.768196e-01 
9.654645e-01 2.769227e-01 
9.661328e-01 2.770257e-01 
9.667894e-01 2.771270e-01 
9.674459e-01 2.772282e-01 
9.680912e-01 2.773276e-01 
9.687365e-01 2.774271e-01 
9.693710e-01 2.775248e-01 
9.700054e-01 2.776226e-01 
9.706295e-01 2.777187e-01 
9.712536e-01 2.778148e-01 
9.718677e-01 2.779093e-01 
9.724818e-01 2.780039e-01 
9.730864e-01 2.780969e-01 
9.736910e-01 2.781899e-01 
9.742865e-01 2.782816e-01 
9.748820e-01 2.783732e-01 
9.754688e-01 2.784634e-01 
9.760556e-01 2.785537e-01 
9.766341e-01 2.786426e-01 
9.772126e-01 2.787315e-01 
9.777832e-01 2.788192e-01 
9.783538e-01 2.789069e-01 
9.789169e-01 2.789935e-01 
9.794801e-01 2.790800e-01 
9.800361e-01 2.791654e-01 
9.805921e-01 2.792508e-01 
9.811414e-01 2.793351e-01 
9.816907e-01 2.794195e-01 
9.822336e-01 2.795028e-01 
9.827766e-01 2.795862e-01 
9.833136e-01 2.796686e-01 
9.838506e-01 2.797510e-01 
9.843820e-01 2.798326e-01 
9.849134e-01 2.799141e-01 
9.854396e-01 2.799948e-01 
9.859658e-01 2.800755e-01 
9.864871e-01 2.801555e-01 
9.870084e-01 2.802354e-01 
9.875252e-01 2.803147e-01 
9.880421e-01 2.803939e-01 
9.885548e-01 2.804725e-01 
9.890674e-01 2.805511e-01 
9.895763e-01 2.806291e-01 
9.900852e-01 2.807071e-01 
9.905907e-01 2.807846e-01 
9.910962e-01 2.808620e-01 
9.915986e-01 2.809390e-01 
9.921010e-01 2.810160e-01 
9.926006e-01 2.810925e-01 
9.931003e-01 2.811691e-01 
9.935975e-01 2.812453e-01 
9.940948e-01 2.813214e-01 
9.945900e-01 2.813973e-01 
9.950852e-01 2.814731e-01 
9.955787e-01 2.815487e-01 
9.960723e-01 2.816243e-01 
9.965644e-01 2.816997e-01 
9.970566e-01 2.817751e-01 
9.975477e-01 2.818503e-01 
9.980388e-01 2.819255e-01 
9.985293e-01 2.820006e-01 
9.990198e-01 2.820757e-01 
9.995099e-01 2.821507e-01 
1.000000e+00 2.822258e-01 
9.539014e-01 2.760642e-01 
9.546811e-01 2.761806e-01 
9.554451e-01 2.762947e-01 
9.562091e-01 2.764087e-01 
9.569579e-01 2.765205e-01 
9.577068e-01 2.766322e-01 
9.584410e-01 2.767417e-01 
9.591752e-01 2.768512e-01 
9.598953e-01 2.769586e-01 
9.606154e-01 2.770659e-01 
9.613219e-01 2.771712e-01 
9.620284e-01 2.772765e-01 
9.627218e-01 2.773798e-01 
9.634151e-01 2.774831e-01 
9.640958e-01 2.775845e-01 
9.647765e-01 2.776858e-01 
9.654450e-01 2.777853e-01 
9.661136e-01 2.778848e-01 
9.667704e-01 2.779826e-01 
9.674272e-01 2.780803e-01 
9.680727e-01 2.781763e-01 
9.687182e-01 2.782723e-01 
9.693530e-01 2.783667e-01 
9.699877e-01 2.784611e-01 
9.706120e-01 2.785539e-01 
9.712364e-01 2.786467e-01 
9.718508e-01 2.787380e-01 
9.724652e-01 2.788292e-01 
9.730701e-01 2.789191e-01 
9.736749e-01 2.790089e-01 
9.742707e-01 2.790974e-01 
9.748665e-01 2.791858e-01 
9.754536e-01 2.792729e-01 
9.760406e-01 2.793601e-01 
9.766194e-01 2.794460e-01 
9.771982e-01 2.795318e-01 
9.777691e-01 2.796165e-01 
9.783401e-01 2.797012e-01 
9.789035e-01 2.797847e-01 
9.794669e-01 2.798683e-01 
9.800232e-01 2.799507e-01 
9.805796e-01 2.800332e-01 
9.811292e-01 2.801146e-01 
9.816788e-01 2.801960e-01 
9.822220e-01 2.802765e-01 
9.827653e-01 2.803570e-01 
9.833026e-01 2.804366e-01 
9.838399e-01 2.805162e-01 
9.843717e-01 2.805949e-01 
9.849034e-01 2.806736e-01 
9.854299e-01 2.807515e-01 
9.859564e-01 2.808295e-01 
9.864780e-01 2.809067e-01 
9.869997e-01 2.809839e-01 
9.875168e-01 2.810604e-01 
9.880340e-01 2.811369e-01 
9.885470e-01 2.812128e-01 
9.890600e-01 2.812887e-01 
9.895693e-01 2.813640e-01 
9.900785e-01 2.814393e-01 
9.905843e-01 2.815141e-01 
9.910901e-01 2.815889e-01 
9.915928e-01 2.816632e-01 
9.920955e-01 2.817375e-01 
9.925955e-01 2.818114e-01 
9.930955e-01 2.818853e-01 
9.935931e-01 2.819589e-01 
9.940907e-01 2.820324e-01 
9.945863e-01 2.821057e-01 
9.950818e-01 2.821789e-01 
9.955757e-01 2.822519e-01 
9.960695e-01 2.823249e-01 
9.965620e-01 2.823976e-01 
9.970545e-01 2.824704e-01 
9.975460e-01 2.825430e-01 
9.980375e-01 2.826156e-01 
9.985283e-01 2.826882e-01 
9.990191e-01 2.827607e-01 
9.995095e-01 2.828331e-01 
1.000000e+00 2.829056e-01 
9.538786e-01 2.769883e-01 
9.546585e-01 2.771006e-01 
9.554226e-01 2.772106e-01 
9.561868e-01 2.773206e-01 
9.569358e-01 2.774283e-01 
9.576849e-01 2.775360e-01 
9.584193e-01 2.776416e-01 
9.591537e-01 2.777472e-01 
9.598740e-01 2.778508e-01 
9.605943e-01 2.779543e-01 
9.613010e-01 2.780558e-01 
9.620077e-01 2.781574e-01 
9.627013e-01 2.782570e-01 
9.633949e-01 2.783566e-01 
9.640758e-01 2.784543e-01 
9.647568e-01 2.785520e-01 
9.654255e-01 2.786480e-01 
9.660943e-01 2.787440e-01 
9.667514e-01 2.788382e-01 
9.674084e-01 2.789324e-01 
9.680542e-01 2.790250e-01 
9.687000e-01 2.791176e-01 
9.693350e-01 2.792086e-01 
9.699700e-01 2.792996e-01 
9.705946e-01 2.793891e-01 
9.712192e-01 2.794786e-01 
9.718339e-01 2.795666e-01 
9.724485e-01 2.796546e-01 
9.730537e-01 2.797413e-01 
9.736588e-01 2.798279e-01 
9.742549e-01 2.799132e-01 
9.748510e-01 2.799985e-01 
9.754383e-01 2.800825e-01 
9.760257e-01 2.801665e-01 
9.766048e-01 2.802493e-01 
9.771839e-01 2.803321e-01 
9.777551e-01 2.804138e-01 
9.783263e-01 2.804954e-01 
9.788900e-01 2.805760e-01 
9.794537e-01 2.806565e-01 
9.800104e-01 2.807360e-01 
9.805670e-01 2.808156e-01 
9.811169e-01 2.808941e-01 
9.816668e-01 2.809726e-01 
9.822104e-01 2.810502e-01 
9.827540e-01 2.811278e-01 
9.832916e-01 2.812046e-01 
9.838293e-01 2.812813e-01 
9.843613e-01 2.813572e-01 
9.848934e-01 2.814331e-01 
9.854202e-01 2.815083e-01 
9.859470e-01 2.815834e-01 
9.864690e-01 2.816579e-01 
9.869910e-01 2.817323e-01 
9.875084e-01 2.818061e-01 
9.880259e-01 2.818799e-01 
9.885393e-01 2.819530e-01 
9.890526e-01 2.820262e-01 
9.895622e-01 2.820988e-01 
9.900717e-01 2.821715e-01 
9.905779e-01 2.822436e-01 
9.910840e-01 2.823157e-01 
9.915871e-01 2.823874e-01 
9.920901e-01 2.824590e-01 
9.925904e-01 2.825303e-01 
9.930908e-01 2.826016e-01 
9.935887e-01 2.826725e-01 
9.940866e-01 2.827434e-01 
9.945825e-01 2.828140e-01 
9.950784e-01 2.828847e-01 
9.955726e-01 2.829550e-01 
9.960668e-01 2.830254e-01 
9.965596e-01 2.830956e-01 
9.970525e-01 2.831657e-01 
9.975443e-01 2.832358e-01 
9.980361e-01 2.833058e-01 
9.985273e-01 2.833757e-01 
9.990184e-01 2.834456e-01 
9.995092e-01 2.835155e-01 
1.000000e+00 2.835854e-01 
9.538558e-01 2.779125e-01 
9.546358e-01 2.780206e-01 
9.554002e-01 2.781265e-01 
9.561645e-01 2.782324e-01 
9.569138e-01 2.783361e-01 
9.576630e-01 2.784399e-01 
9.583976e-01 2.785416e-01 
9.591322e-01 2.786433e-01 
9.598527e-01 2.787430e-01 
9.605733e-01 2.788427e-01 
9.612802e-01 2.789404e-01 
9.619871e-01 2.790382e-01 
9.626809e-01 2.791341e-01 
9.633747e-01 2.792300e-01 
9.640559e-01 2.793241e-01 
9.647370e-01 2.794183e-01 
9.654060e-01 2.795107e-01 
9.660750e-01 2.796031e-01 
9.667323e-01 2.796938e-01 
9.673896e-01 2.797846e-01 
9.680357e-01 2.798737e-01 
9.686817e-01 2.799629e-01 
9.693170e-01 2.800505e-01 
9.699522e-01 2.801382e-01 
9.705771e-01 2.802243e-01 
9.712020e-01 2.803105e-01 
9.718169e-01 2.803952e-01 
9.724319e-01 2.804800e-01 
9.730373e-01 2.805634e-01 
9.736427e-01 2.806468e-01 
9.742391e-01 2.807290e-01 
9.748354e-01 2.808111e-01 
9.754231e-01 2.808920e-01 
9.760108e-01 2.809729e-01 
9.765901e-01 2.810527e-01 
9.771695e-01 2.811324e-01 
9.777410e-01 2.812110e-01 
9.783125e-01 2.812897e-01 
9.788766e-01 2.813672e-01 
9.794406e-01 2.814448e-01 
9.799975e-01 2.815214e-01 
9.805545e-01 2.815979e-01 
9.811047e-01 2.816736e-01 
9.816549e-01 2.817492e-01 
9.821988e-01 2.818239e-01 
9.827427e-01 2.818986e-01 
9.832807e-01 2.819725e-01 
9.838186e-01 2.820464e-01 
9.843510e-01 2.821195e-01 
9.848833e-01 2.821926e-01 
9.854105e-01 2.822650e-01 
9.859376e-01 2.823374e-01 
9.864599e-01 2.824090e-01 
9.869822e-01 2.824807e-01 
9.875000e-01 2.825518e-01 
9.880178e-01 2.826228e-01 
9.885315e-01 2.826933e-01 
9.890452e-01 2.827638e-01 
9.895551e-01 2.828337e-01 
9.900650e-01 2.829036e-01 
9.905714e-01 2.829731e-01 
9.910779e-01 2.830425e-01 
9.915813e-01 2.831115e-01 
9.920847e-01 2.831805e-01 
9.925853e-01 2.832492e-01 
9.930860e-01 2.833178e-01 
9.935843e-01 2.833861e-01 
9.940826e-01 2.834544e-01 
9.945788e-01 2.835224e-01 
9.950750e-01 2.835904e-01 
9.955696e-01 2.836582e-01 
9.960641e-01 2.837259e-01 
9.965573e-01 2.837935e-01 
9.970504e-01 2.838611e-01 
9.975426e-01 2.839285e-01 
9.980348e-01 2.839960e-01 
9.985262e-01 2.840633e-01 
9.990177e-01 2.841306e-01 
9.995089e-01 2.841979e-01 
1.000000e+00 2.842652e-01 
9.538330e-01 2.788366e-01 
9.546132e-01 2.789406e-01 
9.553777e-01 2.790424e-01 
9.561423e-01 2.791442e-01 
9.568917e-01 2.792440e-01 
9.576411e-01 2.793437e-01 
9.583759e-01 2.794415e-01 
9.591107e-01 2.795393e-01 
9.598314e-01 2.796352e-01 
9.605522e-01 2.797310e-01 
9.612593e-01 2.798250e-01 
9.619664e-01 2.799190e-01 
9.626605e-01 2.800113e-01 
9.633545e-01 2.801035e-01 
9.640359e-01 2.801940e-01 
9.647173e-01 2.802845e-01 
9.653865e-01 2.803733e-01 
9.660558e-01 2.804622e-01 
9.667133e-01 2.805494e-01 
9.673709e-01 2.806367e-01 
9.680172e-01 2.807224e-01 
9.686635e-01 2.808082e-01 
9.692990e-01 2.808924e-01 
9.699345e-01 2.809767e-01 
9.705596e-01 2.810595e-01 
9.711848e-01 2.811424e-01 
9.718000e-01 2.812239e-01 
9.724152e-01 2.813054e-01 
9.730209e-01 2.813856e-01 
9.736267e-01 2.814658e-01 
9.742233e-01 2.815448e-01 
9.748199e-01 2.816238e-01 
9.754079e-01 2.817016e-01 
9.759958e-01 2.817794e-01 
9.765755e-01 2.818560e-01 
9.771552e-01 2.819327e-01 
9.777270e-01 2.820083e-01 
9.782988e-01 2.820839e-01 
9.788631e-01 2.821585e-01 
9.794274e-01 2.822331e-01 
9.799847e-01 2.823067e-01 
9.805419e-01 2.823803e-01 
9.810925e-01 2.824530e-01 
9.816430e-01 2.825258e-01 
9.821872e-01 2.825976e-01 
9.827314e-01 2.826695e-01 
9.832697e-01 2.827405e-01 
9.838079e-01 2.828116e-01 
9.843406e-01 2.828819e-01 
9.848733e-01 2.829521e-01 
9.854008e-01 2.830217e-01 
9.859282e-01 2.830913e-01 
9.864509e-01 2.831602e-01 
9.869735e-01 2.832292e-01 
9.874916e-01 2.832975e-01 
9.880098e-01 2.833658e-01 
9.885238e-01 2.834335e-01 
9.890378e-01 2.835013e-01 
9.895480e-01 2.835685e-01 
9.900582e-01 2.836358e-01 
9.905650e-01 2.837026e-01 
9.910718e-01 2.837693e-01 
9.915755e-01 2.838357e-01 
9.920793e-01 2.839021e-01 
9.925803e-01 2.839681e-01 
9.930813e-01 2.840340e-01 
9.935799e-01 2.840997e-01 
9.940785e-01 2.841654e-01 
9.945750e-01 2.842308e-01 
9.950716e-01 2.842962e-01 
9.955665e-01 2.843613e-01 
9.960614e-01 2.844265e-01 
9.965549e-01 2.844915e-01 
9.970484e-01 2.845564e-01 
9.975409e-01 2.846213e-01 
9.980334e-01 2.846861e-01 
9.985252e-01 2.847509e-01 
9.990170e-01 2.848156e-01 
9.995085e-01 2.848803e-01 
1.000000e+00 2.849450e-01 
9.538102e-01 2.797607e-01 
9.545906e-01 2.798605e-01 
9.553553e-01 2.799583e-01 
9.561200e-01 2.800560e-01 
9.568696e-01 2.801518e-01 
9.576192e-01 2.802476e-01 
9.583542e-01 2.803415e-01 
9.590892e-01 2.804353e-01 
9.598102e-01 2.805274e-01 
9.605311e-01 2.806194e-01 
9.612384e-01 2.807096e-01 
9.619458e-01 2.807999e-01 
9.626400e-01 2.808884e-01 
9.633343e-01 2.809769e-01 
9.640159e-01 2.810638e-01 
9.646976e-01 2.811507e-01 
9.653670e-01 2.812360e-01 
9.660365e-01 2.813213e-01 
9.666943e-01 2.814051e-01 
9.673521e-01 2.814888e-01 
9.679987e-01 2.815711e-01 
9.686452e-01 2.816534e-01 
9.692810e-01 2.817343e-01 
9.699168e-01 2.818152e-01 
9.705422e-01 2.818948e-01 
9.711676e-01 2.819743e-01 
9.717831e-01 2.820525e-01 
9.723986e-01 2.821308e-01 
9.730046e-01 2.822078e-01 
9.736106e-01 2.822848e-01 
9.742075e-01 2.823606e-01 
9.748044e-01 2.824364e-01 
9.753926e-01 2.825111e-01 
9.759809e-01 2.825858e-01 
9.765608e-01 2.826594e-01 
9.771408e-01 2.827330e-01 
9.777129e-01 2.828056e-01 
9.782850e-01 2.828781e-01 
9.788496e-01 2.829498e-01 
9.794143e-01 2.830214e-01 
9.799718e-01 2.830920e-01 
9.805294e-01 2.831627e-01 
9.810802e-01 2.832325e-01 
9.816311e-01 2.833023e-01 
9.821756e-01 2.833713e-01 
9.827201e-01 2.834403e-01 
9.832587e-01 2.835085e-01 
9.837973e-01 2.835767e-01 
9.843303e-01 2.836442e-01 
9.848633e-01 2.837117e-01 
9.853911e-01 2.837785e-01 
9.859189e-01 2.838453e-01 
9.864418e-01 2.839114e-01 
9.869648e-01 2.839776e-01 
9.874832e-01 2.840432e-01 
9.880017e-01 2.841088e-01 
9.885160e-01 2.841738e-01 
9.890303e-01 2.842389e-01 
9.895409e-01 2.843034e-01 
9.900515e-01 2.843680e-01 
9.905586e-01 2.844321e-01 
9.910657e-01 2.844962e-01 
9.915698e-01 2.845599e-01 
9.920738e-01 2.846236e-01 
9.925752e-01 2.846869e-01 
9.930765e-01 2.847503e-01 
9.935754e-01 2.848133e-01 
9.940744e-01 2.848764e-01 
9.945713e-01 2.849391e-01 
9.950682e-01 2.850019e-01 
9.955634e-01 2.850645e-01 
9.960586e-01 2.851270e-01 
9.965525e-01 2.851894e-01 
9.970464e-01 2.852518e-01 
9.975392e-01 2.853140e-01 
9.980320e-01 2.853763e-01 
9.985242e-01 2.854384e-01 
9.990164e-01 2.855006e-01 
9.995082e-01 2.855627e-01 
1.000000e+00 2.856248e-01 
BC
4
4
4
4
4
4
4
4
4
4
4
4
4
4
4
4
4
4
4
4
4
4
4
4
4
4
4
4
4
4
4
4
4
4
4
4
4
4
4
4
4
4
4
4
4
4
4
4
4
4
4
4
4
4
4
4
4
4
4
4
4
4
4
4
4
4
4
4
4
4
4
4
4
4
4
4
4
4
4
-1
-1
-1
-1
-1
-1
-1
-1
-1
-1
-1
-1
-1
-1
-1
-1
-1
-1
-1
-1
-1
-1
-1
-1
-1
-1
-1
-1
-1
-1
-1
-1
-1
-1
-1
-1
-1
-1
-1
-1
-1
-1
-1
-1
-1
-1
-1
-1
-1
-1
-1
-1
-1
-1
-1
-1
-1
-1
-1
-1
-1
-1
-1
-1
-1
-1
-1
-1
-1
-1
-1
-1
-1
-1
-1
-1
-1
-1
-1
-1
-1
-1
-1
-1
-1
-1
-1
-1
-1
-1
-1
-1
-1
-1
-1
-1
-1
-1
-1
-1
-1
-1
-1
-1
-1
-1
-1
-1
-1
-1
-1
-1
-1
-1
-1
-1
-1
-1
-1
-1
-1
-1
-1
-1
-1
-1
-1
-1
-1
-1
-1
