npartb: 4 2 
ipartb: 1 0 
ngrid: 52 27 
1.057417e+00 2.667366e-01 
1.058812e+00 2.667072e-01 
1.060224e+00 2.666773e-01 
1.061652e+00 2.666471e-01 
1.063098e+00 2.666166e-01 
1.064562e+00 2.665856e-01 
1.066044e+00 2.665543e-01 
1.067544e+00 2.665226e-01 
1.069063e+00 2.664905e-01 
1.070602e+00 2.664580e-01 
1.072160e+00 2.664251e-01 
1.073739e+00 2.663917e-01 
1.075339e+00 2.663579e-01 
1.076959e+00 2.663237e-01 
1.078601e+00 2.662890e-01 
1.080265e+00 2.662538e-01 
1.081952e+00 2.662181e-01 
1.083662e+00 2.661820e-01 
1.085395e+00 2.661454e-01 
1.087152e+00 2.661083e-01 
1.088933e+00 2.660706e-01 
1.090740e+00 2.660324e-01 
1.092572e+00 2.659937e-01 
1.094430e+00 2.659545e-01 
1.096314e+00 2.659146e-01 
1.098225e+00 2.658742e-01 
1.100164e+00 2.658333e-01 
1.102131e+00 2.657917e-01 
1.104127e+00 2.657495e-01 
1.106152e+00 2.657067e-01 
1.108207e+00 2.656633e-01 
1.110292e+00 2.656193e-01 
1.112408e+00 2.655745e-01 
1.114555e+00 2.655292e-01 
1.116735e+00 2.654831e-01 
1.118947e+00 2.654363e-01 
1.121193e+00 2.653889e-01 
1.123473e+00 2.653407e-01 
1.125787e+00 2.652918e-01 
1.128137e+00 2.652421e-01 
1.130523e+00 2.651917e-01 
1.132945e+00 2.651405e-01 
1.135405e+00 2.650886e-01 
1.137902e+00 2.650358e-01 
1.140438e+00 2.649822e-01 
1.143014e+00 2.649277e-01 
1.145630e+00 2.648725e-01 
1.148286e+00 2.648163e-01 
1.150984e+00 2.647593e-01 
1.153725e+00 2.647014e-01 
1.156509e+00 2.646426e-01 
1.159336e+00 2.645828e-01 
1.057417e+00 2.674407e-01 
1.058812e+00 2.674118e-01 
1.060224e+00 2.673826e-01 
1.061653e+00 2.673530e-01 
1.063099e+00 2.673230e-01 
1.064562e+00 2.672927e-01 
1.066044e+00 2.672620e-01 
1.067544e+00 2.672310e-01 
1.069064e+00 2.671995e-01 
1.070602e+00 2.671676e-01 
1.072161e+00 2.671354e-01 
1.073739e+00 2.671027e-01 
1.075339e+00 2.670695e-01 
1.076959e+00 2.670360e-01 
1.078601e+00 2.670020e-01 
1.080266e+00 2.669675e-01 
1.081952e+00 2.669326e-01 
1.083662e+00 2.668972e-01 
1.085395e+00 2.668613e-01 
1.087152e+00 2.668249e-01 
1.088934e+00 2.667880e-01 
1.090740e+00 2.667506e-01 
1.092572e+00 2.667126e-01 
1.094430e+00 2.666742e-01 
1.096314e+00 2.666351e-01 
1.098226e+00 2.665956e-01 
1.100165e+00 2.665554e-01 
1.102132e+00 2.665147e-01 
1.104127e+00 2.664733e-01 
1.106152e+00 2.664314e-01 
1.108207e+00 2.663888e-01 
1.110292e+00 2.663457e-01 
1.112408e+00 2.663018e-01 
1.114556e+00 2.662574e-01 
1.116735e+00 2.662122e-01 
1.118948e+00 2.661664e-01 
1.121194e+00 2.661199e-01 
1.123473e+00 2.660727e-01 
1.125788e+00 2.660248e-01 
1.128137e+00 2.659761e-01 
1.130523e+00 2.659267e-01 
1.132945e+00 2.658765e-01 
1.135405e+00 2.658256e-01 
1.137902e+00 2.657739e-01 
1.140439e+00 2.657213e-01 
1.143014e+00 2.656680e-01 
1.145630e+00 2.656138e-01 
1.148287e+00 2.655588e-01 
1.150985e+00 2.655029e-01 
1.153725e+00 2.654462e-01 
1.156509e+00 2.653885e-01 
1.159337e+00 2.653300e-01 
1.057417e+00 2.681448e-01 
1.058812e+00 2.681165e-01 
1.060224e+00 2.680878e-01 
1.061653e+00 2.680588e-01 
1.063099e+00 2.680295e-01 
1.064563e+00 2.679998e-01 
1.066044e+00 2.679698e-01 
1.067545e+00 2.679393e-01 
1.069064e+00 2.679085e-01 
1.070603e+00 2.678773e-01 
1.072161e+00 2.678457e-01 
1.073740e+00 2.678136e-01 
1.075339e+00 2.677812e-01 
1.076960e+00 2.677483e-01 
1.078602e+00 2.677150e-01 
1.080266e+00 2.676812e-01 
1.081953e+00 2.676470e-01 
1.083662e+00 2.676123e-01 
1.085395e+00 2.675772e-01 
1.087152e+00 2.675415e-01 
1.088934e+00 2.675054e-01 
1.090740e+00 2.674687e-01 
1.092572e+00 2.674316e-01 
1.094430e+00 2.673939e-01 
1.096315e+00 2.673557e-01 
1.098226e+00 2.673169e-01 
1.100165e+00 2.672775e-01 
1.102132e+00 2.672376e-01 
1.104128e+00 2.671971e-01 
1.106153e+00 2.671561e-01 
1.108207e+00 2.671144e-01 
1.110293e+00 2.670721e-01 
1.112409e+00 2.670292e-01 
1.114556e+00 2.669856e-01 
1.116736e+00 2.669414e-01 
1.118948e+00 2.668965e-01 
1.121194e+00 2.668509e-01 
1.123474e+00 2.668047e-01 
1.125788e+00 2.667577e-01 
1.128138e+00 2.667101e-01 
1.130524e+00 2.666617e-01 
1.132946e+00 2.666125e-01 
1.135405e+00 2.665626e-01 
1.137903e+00 2.665119e-01 
1.140439e+00 2.664605e-01 
1.143015e+00 2.664082e-01 
1.145631e+00 2.663552e-01 
1.148287e+00 2.663013e-01 
1.150985e+00 2.662465e-01 
1.153726e+00 2.661909e-01 
1.156510e+00 2.661345e-01 
1.159337e+00 2.660771e-01 
1.057417e+00 2.688488e-01 
1.058813e+00 2.688211e-01 
1.060224e+00 2.687931e-01 
1.061653e+00 2.687647e-01 
1.063099e+00 2.687360e-01 
1.064563e+00 2.687069e-01 
1.066045e+00 2.686775e-01 
1.067545e+00 2.686477e-01 
1.069064e+00 2.686175e-01 
1.070603e+00 2.685869e-01 
1.072161e+00 2.685560e-01 
1.073740e+00 2.685246e-01 
1.075339e+00 2.684928e-01 
1.076960e+00 2.684606e-01 
1.078602e+00 2.684280e-01 
1.080266e+00 2.683950e-01 
1.081953e+00 2.683615e-01 
1.083663e+00 2.683275e-01 
1.085396e+00 2.682931e-01 
1.087153e+00 2.682582e-01 
1.088934e+00 2.682228e-01 
1.090741e+00 2.681869e-01 
1.092573e+00 2.681505e-01 
1.094431e+00 2.681136e-01 
1.096315e+00 2.680762e-01 
1.098226e+00 2.680382e-01 
1.100165e+00 2.679997e-01 
1.102132e+00 2.679606e-01 
1.104128e+00 2.679210e-01 
1.106153e+00 2.678807e-01 
1.108208e+00 2.678399e-01 
1.110293e+00 2.677985e-01 
1.112409e+00 2.677565e-01 
1.114556e+00 2.677138e-01 
1.116736e+00 2.676705e-01 
1.118949e+00 2.676266e-01 
1.121194e+00 2.675819e-01 
1.123474e+00 2.675367e-01 
1.125789e+00 2.674907e-01 
1.128138e+00 2.674440e-01 
1.130524e+00 2.673966e-01 
1.132946e+00 2.673485e-01 
1.135406e+00 2.672996e-01 
1.137903e+00 2.672500e-01 
1.140440e+00 2.671996e-01 
1.143015e+00 2.671485e-01 
1.145631e+00 2.670965e-01 
1.148288e+00 2.670438e-01 
1.150986e+00 2.669902e-01 
1.153726e+00 2.669357e-01 
1.156510e+00 2.668804e-01 
1.159338e+00 2.668242e-01 
1.057418e+00 2.695529e-01 
1.058813e+00 2.695258e-01 
1.060225e+00 2.694983e-01 
1.061653e+00 2.694706e-01 
1.063099e+00 2.694424e-01 
1.064563e+00 2.694140e-01 
1.066045e+00 2.693852e-01 
1.067545e+00 2.693560e-01 
1.069064e+00 2.693265e-01 
1.070603e+00 2.692966e-01 
1.072162e+00 2.692663e-01 
1.073740e+00 2.692356e-01 
1.075340e+00 2.692045e-01 
1.076960e+00 2.691730e-01 
1.078602e+00 2.691410e-01 
1.080266e+00 2.691087e-01 
1.081953e+00 2.690759e-01 
1.083663e+00 2.690427e-01 
1.085396e+00 2.690090e-01 
1.087153e+00 2.689748e-01 
1.088935e+00 2.689402e-01 
1.090741e+00 2.689050e-01 
1.092573e+00 2.688694e-01 
1.094431e+00 2.688333e-01 
1.096315e+00 2.687967e-01 
1.098227e+00 2.687595e-01 
1.100166e+00 2.687218e-01 
1.102133e+00 2.686836e-01 
1.104129e+00 2.686448e-01 
1.106154e+00 2.686054e-01 
1.108208e+00 2.685654e-01 
1.110293e+00 2.685249e-01 
1.112409e+00 2.684838e-01 
1.114557e+00 2.684420e-01 
1.116737e+00 2.683996e-01 
1.118949e+00 2.683566e-01 
1.121195e+00 2.683130e-01 
1.123475e+00 2.682686e-01 
1.125789e+00 2.682236e-01 
1.128139e+00 2.681780e-01 
1.130524e+00 2.681316e-01 
1.132947e+00 2.680845e-01 
1.135406e+00 2.680367e-01 
1.137904e+00 2.679881e-01 
1.140440e+00 2.679388e-01 
1.143016e+00 2.678887e-01 
1.145631e+00 2.678379e-01 
1.148288e+00 2.677862e-01 
1.150986e+00 2.677338e-01 
1.153727e+00 2.676805e-01 
1.156510e+00 2.676264e-01 
1.159338e+00 2.675714e-01 
1.057418e+00 2.702570e-01 
1.058813e+00 2.702304e-01 
1.060225e+00 2.702036e-01 
1.061654e+00 2.701764e-01 
1.063100e+00 2.701489e-01 
1.064563e+00 2.701211e-01 
1.066045e+00 2.700929e-01 
1.067545e+00 2.700644e-01 
1.069065e+00 2.700355e-01 
1.070603e+00 2.700062e-01 
1.072162e+00 2.699766e-01 
1.073741e+00 2.699465e-01 
1.075340e+00 2.699161e-01 
1.076960e+00 2.698853e-01 
1.078603e+00 2.698541e-01 
1.080267e+00 2.698224e-01 
1.081953e+00 2.697903e-01 
1.083663e+00 2.697578e-01 
1.085396e+00 2.697249e-01 
1.087153e+00 2.696914e-01 
1.088935e+00 2.696576e-01 
1.090741e+00 2.696232e-01 
1.092573e+00 2.695884e-01 
1.094431e+00 2.695530e-01 
1.096316e+00 2.695172e-01 
1.098227e+00 2.694808e-01 
1.100166e+00 2.694439e-01 
1.102133e+00 2.694065e-01 
1.104129e+00 2.693686e-01 
1.106154e+00 2.693301e-01 
1.108209e+00 2.692910e-01 
1.110294e+00 2.692513e-01 
1.112410e+00 2.692111e-01 
1.114557e+00 2.691702e-01 
1.116737e+00 2.691288e-01 
1.118949e+00 2.690867e-01 
1.121195e+00 2.690440e-01 
1.123475e+00 2.690006e-01 
1.125789e+00 2.689566e-01 
1.128139e+00 2.689119e-01 
1.130525e+00 2.688665e-01 
1.132947e+00 2.688205e-01 
1.135407e+00 2.687737e-01 
1.137904e+00 2.687262e-01 
1.140440e+00 2.686780e-01 
1.143016e+00 2.686290e-01 
1.145632e+00 2.685792e-01 
1.148288e+00 2.685287e-01 
1.150987e+00 2.684774e-01 
1.153727e+00 2.684253e-01 
1.156511e+00 2.683723e-01 
1.159339e+00 2.683185e-01 
1.057418e+00 2.709610e-01 
1.058813e+00 2.709351e-01 
1.060225e+00 2.709088e-01 
1.061654e+00 2.708823e-01 
1.063100e+00 2.708554e-01 
1.064564e+00 2.708282e-01 
1.066045e+00 2.708006e-01 
1.067546e+00 2.707727e-01 
1.069065e+00 2.707445e-01 
1.070604e+00 2.707158e-01 
1.072162e+00 2.706869e-01 
1.073741e+00 2.706575e-01 
1.075340e+00 2.706278e-01 
1.076961e+00 2.705976e-01 
1.078603e+00 2.705671e-01 
1.080267e+00 2.705361e-01 
1.081954e+00 2.705048e-01 
1.083663e+00 2.704730e-01 
1.085397e+00 2.704407e-01 
1.087154e+00 2.704081e-01 
1.088935e+00 2.703749e-01 
1.090742e+00 2.703413e-01 
1.092574e+00 2.703073e-01 
1.094432e+00 2.702727e-01 
1.096316e+00 2.702377e-01 
1.098227e+00 2.702021e-01 
1.100166e+00 2.701661e-01 
1.102134e+00 2.701295e-01 
1.104129e+00 2.700924e-01 
1.106154e+00 2.700547e-01 
1.108209e+00 2.700165e-01 
1.110294e+00 2.699777e-01 
1.112410e+00 2.699384e-01 
1.114558e+00 2.698985e-01 
1.116737e+00 2.698579e-01 
1.118950e+00 2.698168e-01 
1.121196e+00 2.697750e-01 
1.123475e+00 2.697326e-01 
1.125790e+00 2.696896e-01 
1.128140e+00 2.696459e-01 
1.130525e+00 2.696015e-01 
1.132947e+00 2.695565e-01 
1.135407e+00 2.695107e-01 
1.137905e+00 2.694643e-01 
1.140441e+00 2.694171e-01 
1.143017e+00 2.693692e-01 
1.145632e+00 2.693206e-01 
1.148289e+00 2.692712e-01 
1.150987e+00 2.692210e-01 
1.153728e+00 2.691700e-01 
1.156511e+00 2.691183e-01 
1.159339e+00 2.690657e-01 
1.057418e+00 2.716651e-01 
1.058814e+00 2.716398e-01 
1.060225e+00 2.716141e-01 
1.061654e+00 2.715881e-01 
1.063100e+00 2.715619e-01 
1.064564e+00 2.715352e-01 
1.066046e+00 2.715083e-01 
1.067546e+00 2.714811e-01 
1.069065e+00 2.714534e-01 
1.070604e+00 2.714255e-01 
1.072162e+00 2.713972e-01 
1.073741e+00 2.713685e-01 
1.075341e+00 2.713394e-01 
1.076961e+00 2.713099e-01 
1.078603e+00 2.712801e-01 
1.080267e+00 2.712499e-01 
1.081954e+00 2.712192e-01 
1.083664e+00 2.711881e-01 
1.085397e+00 2.711566e-01 
1.087154e+00 2.711247e-01 
1.088936e+00 2.710923e-01 
1.090742e+00 2.710595e-01 
1.092574e+00 2.710262e-01 
1.094432e+00 2.709924e-01 
1.096316e+00 2.709582e-01 
1.098228e+00 2.709235e-01 
1.100167e+00 2.708882e-01 
1.102134e+00 2.708525e-01 
1.104130e+00 2.708162e-01 
1.106155e+00 2.707794e-01 
1.108209e+00 2.707421e-01 
1.110294e+00 2.707042e-01 
1.112410e+00 2.706657e-01 
1.114558e+00 2.706267e-01 
1.116738e+00 2.705871e-01 
1.118950e+00 2.705468e-01 
1.121196e+00 2.705060e-01 
1.123476e+00 2.704646e-01 
1.125790e+00 2.704225e-01 
1.128140e+00 2.703798e-01 
1.130526e+00 2.703365e-01 
1.132948e+00 2.702925e-01 
1.135407e+00 2.702478e-01 
1.137905e+00 2.702024e-01 
1.140441e+00 2.701563e-01 
1.143017e+00 2.701095e-01 
1.145633e+00 2.700619e-01 
1.148289e+00 2.700136e-01 
1.150988e+00 2.699646e-01 
1.153728e+00 2.699148e-01 
1.156512e+00 2.698642e-01 
1.159339e+00 2.698128e-01 
1.057418e+00 2.723692e-01 
1.058814e+00 2.723444e-01 
1.060226e+00 2.723193e-01 
1.061654e+00 2.722940e-01 
1.063100e+00 2.722683e-01 
1.064564e+00 2.722423e-01 
1.066046e+00 2.722160e-01 
1.067546e+00 2.721894e-01 
1.069066e+00 2.721624e-01 
1.070604e+00 2.721351e-01 
1.072163e+00 2.721075e-01 
1.073741e+00 2.720794e-01 
1.075341e+00 2.720510e-01 
1.076961e+00 2.720223e-01 
1.078603e+00 2.719931e-01 
1.080268e+00 2.719636e-01 
1.081954e+00 2.719336e-01 
1.083664e+00 2.719033e-01 
1.085397e+00 2.718725e-01 
1.087154e+00 2.718413e-01 
1.088936e+00 2.718097e-01 
1.090742e+00 2.717776e-01 
1.092574e+00 2.717451e-01 
1.094432e+00 2.717121e-01 
1.096317e+00 2.716787e-01 
1.098228e+00 2.716448e-01 
1.100167e+00 2.716103e-01 
1.102134e+00 2.715754e-01 
1.104130e+00 2.715400e-01 
1.106155e+00 2.715041e-01 
1.108210e+00 2.714676e-01 
1.110295e+00 2.714306e-01 
1.112411e+00 2.713930e-01 
1.114558e+00 2.713549e-01 
1.116738e+00 2.713162e-01 
1.118951e+00 2.712769e-01 
1.121196e+00 2.712371e-01 
1.123476e+00 2.711966e-01 
1.125791e+00 2.711555e-01 
1.128140e+00 2.711138e-01 
1.130526e+00 2.710714e-01 
1.132948e+00 2.710284e-01 
1.135408e+00 2.709848e-01 
1.137905e+00 2.709405e-01 
1.140442e+00 2.708954e-01 
1.143017e+00 2.708497e-01 
1.145633e+00 2.708033e-01 
1.148290e+00 2.707561e-01 
1.150988e+00 2.707082e-01 
1.153729e+00 2.706596e-01 
1.156512e+00 2.706102e-01 
1.159340e+00 2.705600e-01 
1.057419e+00 2.730732e-01 
1.058814e+00 2.730491e-01 
1.060226e+00 2.730246e-01 
1.061655e+00 2.729998e-01 
1.063101e+00 2.729748e-01 
1.064564e+00 2.729494e-01 
1.066046e+00 2.729237e-01 
1.067546e+00 2.728977e-01 
1.069066e+00 2.728714e-01 
1.070604e+00 2.728448e-01 
1.072163e+00 2.728178e-01 
1.073742e+00 2.727904e-01 
1.075341e+00 2.727627e-01 
1.076962e+00 2.727346e-01 
1.078604e+00 2.727061e-01 
1.080268e+00 2.726773e-01 
1.081955e+00 2.726481e-01 
1.083664e+00 2.726185e-01 
1.085398e+00 2.725884e-01 
1.087155e+00 2.725580e-01 
1.088936e+00 2.725271e-01 
1.090743e+00 2.724958e-01 
1.092575e+00 2.724641e-01 
1.094433e+00 2.724319e-01 
1.096317e+00 2.723992e-01 
1.098229e+00 2.723661e-01 
1.100168e+00 2.723325e-01 
1.102135e+00 2.722984e-01 
1.104130e+00 2.722638e-01 
1.106155e+00 2.722287e-01 
1.108210e+00 2.721931e-01 
1.110295e+00 2.721570e-01 
1.112411e+00 2.721203e-01 
1.114559e+00 2.720831e-01 
1.116738e+00 2.720453e-01 
1.118951e+00 2.720070e-01 
1.121197e+00 2.719681e-01 
1.123477e+00 2.719286e-01 
1.125791e+00 2.718885e-01 
1.128141e+00 2.718478e-01 
1.130526e+00 2.718064e-01 
1.132949e+00 2.717644e-01 
1.135408e+00 2.717218e-01 
1.137906e+00 2.716785e-01 
1.140442e+00 2.716346e-01 
1.143018e+00 2.715900e-01 
1.145634e+00 2.715446e-01 
1.148290e+00 2.714986e-01 
1.150988e+00 2.714518e-01 
1.153729e+00 2.714043e-01 
1.156513e+00 2.713561e-01 
1.159340e+00 2.713071e-01 
1.057419e+00 2.737773e-01 
1.058814e+00 2.737537e-01 
1.060226e+00 2.737299e-01 
1.061655e+00 2.737057e-01 
1.063101e+00 2.736813e-01 
1.064565e+00 2.736565e-01 
1.066046e+00 2.736315e-01 
1.067547e+00 2.736061e-01 
1.069066e+00 2.735804e-01 
1.070605e+00 2.735544e-01 
1.072163e+00 2.735281e-01 
1.073742e+00 2.735014e-01 
1.075341e+00 2.734743e-01 
1.076962e+00 2.734469e-01 
1.078604e+00 2.734192e-01 
1.080268e+00 2.733910e-01 
1.081955e+00 2.733625e-01 
1.083665e+00 2.733336e-01 
1.085398e+00 2.733043e-01 
1.087155e+00 2.732746e-01 
1.088937e+00 2.732445e-01 
1.090743e+00 2.732139e-01 
1.092575e+00 2.731830e-01 
1.094433e+00 2.731516e-01 
1.096317e+00 2.731197e-01 
1.098229e+00 2.730874e-01 
1.100168e+00 2.730546e-01 
1.102135e+00 2.730214e-01 
1.104131e+00 2.729876e-01 
1.106156e+00 2.729534e-01 
1.108210e+00 2.729187e-01 
1.110296e+00 2.728834e-01 
1.112412e+00 2.728476e-01 
1.114559e+00 2.728113e-01 
1.116739e+00 2.727745e-01 
1.118951e+00 2.727371e-01 
1.121197e+00 2.726991e-01 
1.123477e+00 2.726606e-01 
1.125791e+00 2.726214e-01 
1.128141e+00 2.725817e-01 
1.130527e+00 2.725414e-01 
1.132949e+00 2.725004e-01 
1.135409e+00 2.724588e-01 
1.137906e+00 2.724166e-01 
1.140443e+00 2.723737e-01 
1.143018e+00 2.723302e-01 
1.145634e+00 2.722860e-01 
1.148291e+00 2.722411e-01 
1.150989e+00 2.721954e-01 
1.153730e+00 2.721491e-01 
1.156513e+00 2.721021e-01 
1.159341e+00 2.720543e-01 
1.057419e+00 2.744814e-01 
1.058814e+00 2.744584e-01 
1.060226e+00 2.744351e-01 
1.061655e+00 2.744116e-01 
1.063101e+00 2.743877e-01 
1.064565e+00 2.743636e-01 
1.066047e+00 2.743392e-01 
1.067547e+00 2.743144e-01 
1.069066e+00 2.742894e-01 
1.070605e+00 2.742640e-01 
1.072164e+00 2.742384e-01 
1.073742e+00 2.742123e-01 
1.075342e+00 2.741860e-01 
1.076962e+00 2.741593e-01 
1.078604e+00 2.741322e-01 
1.080269e+00 2.741048e-01 
1.081955e+00 2.740770e-01 
1.083665e+00 2.740488e-01 
1.085398e+00 2.740202e-01 
1.087155e+00 2.739912e-01 
1.088937e+00 2.739619e-01 
1.090743e+00 2.739321e-01 
1.092575e+00 2.739019e-01 
1.094433e+00 2.738713e-01 
1.096318e+00 2.738402e-01 
1.098229e+00 2.738087e-01 
1.100168e+00 2.737768e-01 
1.102135e+00 2.737443e-01 
1.104131e+00 2.737114e-01 
1.106156e+00 2.736781e-01 
1.108211e+00 2.736442e-01 
1.110296e+00 2.736098e-01 
1.112412e+00 2.735749e-01 
1.114560e+00 2.735395e-01 
1.116739e+00 2.735036e-01 
1.118952e+00 2.734671e-01 
1.121198e+00 2.734301e-01 
1.123477e+00 2.733925e-01 
1.125792e+00 2.733544e-01 
1.128142e+00 2.733157e-01 
1.130527e+00 2.732763e-01 
1.132950e+00 2.732364e-01 
1.135409e+00 2.731959e-01 
1.137907e+00 2.731547e-01 
1.140443e+00 2.731129e-01 
1.143019e+00 2.730704e-01 
1.145635e+00 2.730273e-01 
1.148291e+00 2.729835e-01 
1.150989e+00 2.729391e-01 
1.153730e+00 2.728939e-01 
1.156514e+00 2.728480e-01 
1.159341e+00 2.728014e-01 
1.057419e+00 2.751854e-01 
1.058815e+00 2.751630e-01 
1.060227e+00 2.751404e-01 
1.061655e+00 2.751174e-01 
1.063101e+00 2.750942e-01 
1.064565e+00 2.750707e-01 
1.066047e+00 2.750469e-01 
1.067547e+00 2.750228e-01 
1.069067e+00 2.749984e-01 
1.070605e+00 2.749737e-01 
1.072164e+00 2.749486e-01 
1.073743e+00 2.749233e-01 
1.075342e+00 2.748976e-01 
1.076963e+00 2.748716e-01 
1.078605e+00 2.748452e-01 
1.080269e+00 2.748185e-01 
1.081956e+00 2.747914e-01 
1.083665e+00 2.747639e-01 
1.085398e+00 2.747361e-01 
1.087156e+00 2.747079e-01 
1.088937e+00 2.746793e-01 
1.090744e+00 2.746503e-01 
1.092576e+00 2.746208e-01 
1.094434e+00 2.745910e-01 
1.096318e+00 2.745607e-01 
1.098230e+00 2.745300e-01 
1.100169e+00 2.744989e-01 
1.102136e+00 2.744673e-01 
1.104131e+00 2.744352e-01 
1.106156e+00 2.744027e-01 
1.108211e+00 2.743697e-01 
1.110296e+00 2.743362e-01 
1.112412e+00 2.743022e-01 
1.114560e+00 2.742678e-01 
1.116740e+00 2.742327e-01 
1.118952e+00 2.741972e-01 
1.121198e+00 2.741611e-01 
1.123478e+00 2.741245e-01 
1.125792e+00 2.740874e-01 
1.128142e+00 2.740496e-01 
1.130528e+00 2.740113e-01 
1.132950e+00 2.739724e-01 
1.135410e+00 2.739329e-01 
1.137907e+00 2.738928e-01 
1.140443e+00 2.738521e-01 
1.143019e+00 2.738107e-01 
1.145635e+00 2.737687e-01 
1.148292e+00 2.737260e-01 
1.150990e+00 2.736827e-01 
1.153730e+00 2.736387e-01 
1.156514e+00 2.735940e-01 
1.159342e+00 2.735485e-01 
1.057420e+00 2.758895e-01 
1.058815e+00 2.758677e-01 
1.060227e+00 2.758456e-01 
1.061656e+00 2.758233e-01 
1.063102e+00 2.758007e-01 
1.064565e+00 2.757778e-01 
1.066047e+00 2.757546e-01 
1.067548e+00 2.757311e-01 
1.069067e+00 2.757074e-01 
1.070606e+00 2.756833e-01 
1.072164e+00 2.756589e-01 
1.073743e+00 2.756343e-01 
1.075342e+00 2.756092e-01 
1.076963e+00 2.755839e-01 
1.078605e+00 2.755582e-01 
1.080269e+00 2.755322e-01 
1.081956e+00 2.755058e-01 
1.083666e+00 2.754791e-01 
1.085399e+00 2.754520e-01 
1.087156e+00 2.754245e-01 
1.088938e+00 2.753967e-01 
1.090744e+00 2.753684e-01 
1.092576e+00 2.753398e-01 
1.094434e+00 2.753107e-01 
1.096318e+00 2.752812e-01 
1.098230e+00 2.752513e-01 
1.100169e+00 2.752210e-01 
1.102136e+00 2.751903e-01 
1.104132e+00 2.751590e-01 
1.106157e+00 2.751274e-01 
1.108212e+00 2.750953e-01 
1.110297e+00 2.750626e-01 
1.112413e+00 2.750296e-01 
1.114560e+00 2.749960e-01 
1.116740e+00 2.749619e-01 
1.118952e+00 2.749273e-01 
1.121198e+00 2.748922e-01 
1.123478e+00 2.748565e-01 
1.125793e+00 2.748203e-01 
1.128142e+00 2.747836e-01 
1.130528e+00 2.747463e-01 
1.132950e+00 2.747084e-01 
1.135410e+00 2.746699e-01 
1.137908e+00 2.746309e-01 
1.140444e+00 2.745912e-01 
1.143020e+00 2.745509e-01 
1.145635e+00 2.745100e-01 
1.148292e+00 2.744685e-01 
1.150990e+00 2.744263e-01 
1.153731e+00 2.743834e-01 
1.156515e+00 2.743399e-01 
1.159342e+00 2.742957e-01 
1.057420e+00 2.765936e-01 
1.058815e+00 2.765724e-01 
1.060227e+00 2.765509e-01 
1.061656e+00 2.765291e-01 
1.063102e+00 2.765071e-01 
1.064566e+00 2.764849e-01 
1.066047e+00 2.764623e-01 
1.067548e+00 2.764395e-01 
1.069067e+00 2.764164e-01 
1.070606e+00 2.763930e-01 
1.072164e+00 2.763692e-01 
1.073743e+00 2.763452e-01 
1.075343e+00 2.763209e-01 
1.076963e+00 2.762962e-01 
1.078605e+00 2.762712e-01 
1.080269e+00 2.762459e-01 
1.081956e+00 2.762203e-01 
1.083666e+00 2.761943e-01 
1.085399e+00 2.761679e-01 
1.087156e+00 2.761411e-01 
1.088938e+00 2.761140e-01 
1.090744e+00 2.760866e-01 
1.092576e+00 2.760587e-01 
1.094434e+00 2.760304e-01 
1.096319e+00 2.760017e-01 
1.098230e+00 2.759727e-01 
1.100169e+00 2.759432e-01 
1.102136e+00 2.759132e-01 
1.104132e+00 2.758829e-01 
1.106157e+00 2.758520e-01 
1.108212e+00 2.758208e-01 
1.110297e+00 2.757891e-01 
1.112413e+00 2.757569e-01 
1.114561e+00 2.757242e-01 
1.116740e+00 2.756910e-01 
1.118953e+00 2.756574e-01 
1.121199e+00 2.756232e-01 
1.123479e+00 2.755885e-01 
1.125793e+00 2.755533e-01 
1.128143e+00 2.755175e-01 
1.130529e+00 2.754812e-01 
1.132951e+00 2.754444e-01 
1.135410e+00 2.754070e-01 
1.137908e+00 2.753690e-01 
1.140444e+00 2.753304e-01 
1.143020e+00 2.752912e-01 
1.145636e+00 2.752514e-01 
1.148292e+00 2.752110e-01 
1.150991e+00 2.751699e-01 
1.153731e+00 2.751282e-01 
1.156515e+00 2.750859e-01 
1.159343e+00 2.750428e-01 
1.057420e+00 2.772976e-01 
1.058815e+00 2.772770e-01 
1.060227e+00 2.772561e-01 
1.061656e+00 2.772350e-01 
1.063102e+00 2.772136e-01 
1.064566e+00 2.771919e-01 
1.066048e+00 2.771700e-01 
1.067548e+00 2.771478e-01 
1.069067e+00 2.771254e-01 
1.070606e+00 2.771026e-01 
1.072165e+00 2.770795e-01 
1.073743e+00 2.770562e-01 
1.075343e+00 2.770325e-01 
1.076963e+00 2.770086e-01 
1.078606e+00 2.769843e-01 
1.080270e+00 2.769597e-01 
1.081957e+00 2.769347e-01 
1.083666e+00 2.769094e-01 
1.085399e+00 2.768838e-01 
1.087157e+00 2.768578e-01 
1.088938e+00 2.768314e-01 
1.090745e+00 2.768047e-01 
1.092577e+00 2.767776e-01 
1.094435e+00 2.767501e-01 
1.096319e+00 2.767222e-01 
1.098231e+00 2.766940e-01 
1.100170e+00 2.766653e-01 
1.102137e+00 2.766362e-01 
1.104133e+00 2.766067e-01 
1.106158e+00 2.765767e-01 
1.108212e+00 2.765463e-01 
1.110297e+00 2.765155e-01 
1.112413e+00 2.764842e-01 
1.114561e+00 2.764524e-01 
1.116741e+00 2.764202e-01 
1.118953e+00 2.763874e-01 
1.121199e+00 2.763542e-01 
1.123479e+00 2.763205e-01 
1.125793e+00 2.762863e-01 
1.128143e+00 2.762515e-01 
1.130529e+00 2.762162e-01 
1.132951e+00 2.761804e-01 
1.135411e+00 2.761440e-01 
1.137908e+00 2.761070e-01 
1.140445e+00 2.760695e-01 
1.143020e+00 2.760314e-01 
1.145636e+00 2.759927e-01 
1.148293e+00 2.759534e-01 
1.150991e+00 2.759135e-01 
1.153732e+00 2.758730e-01 
1.156516e+00 2.758318e-01 
1.159343e+00 2.757900e-01 
1.057420e+00 2.780017e-01 
1.058816e+00 2.779817e-01 
1.060228e+00 2.779614e-01 
1.061656e+00 2.779408e-01 
1.063102e+00 2.779201e-01 
1.064566e+00 2.778990e-01 
1.066048e+00 2.778777e-01 
1.067548e+00 2.778562e-01 
1.069068e+00 2.778343e-01 
1.070606e+00 2.778122e-01 
1.072165e+00 2.777898e-01 
1.073744e+00 2.777672e-01 
1.075343e+00 2.777442e-01 
1.076964e+00 2.777209e-01 
1.078606e+00 2.776973e-01 
1.080270e+00 2.776734e-01 
1.081957e+00 2.776491e-01 
1.083667e+00 2.776246e-01 
1.085400e+00 2.775997e-01 
1.087157e+00 2.775744e-01 
1.088938e+00 2.775488e-01 
1.090745e+00 2.775229e-01 
1.092577e+00 2.774965e-01 
1.094435e+00 2.774698e-01 
1.096319e+00 2.774428e-01 
1.098231e+00 2.774153e-01 
1.100170e+00 2.773874e-01 
1.102137e+00 2.773592e-01 
1.104133e+00 2.773305e-01 
1.106158e+00 2.773014e-01 
1.108213e+00 2.772719e-01 
1.110298e+00 2.772419e-01 
1.112414e+00 2.772115e-01 
1.114561e+00 2.771806e-01 
1.116741e+00 2.771493e-01 
1.118954e+00 2.771175e-01 
1.121200e+00 2.770852e-01 
1.123479e+00 2.770525e-01 
1.125794e+00 2.770192e-01 
1.128144e+00 2.769855e-01 
1.130529e+00 2.769512e-01 
1.132952e+00 2.769164e-01 
1.135411e+00 2.768810e-01 
1.137909e+00 2.768451e-01 
1.140445e+00 2.768087e-01 
1.143021e+00 2.767717e-01 
1.145637e+00 2.767341e-01 
1.148293e+00 2.766959e-01 
1.150992e+00 2.766571e-01 
1.153732e+00 2.766178e-01 
1.156516e+00 2.765777e-01 
1.159344e+00 2.765371e-01 
1.057421e+00 2.787058e-01 
1.058816e+00 2.786863e-01 
1.060228e+00 2.786666e-01 
1.061657e+00 2.786467e-01 
1.063103e+00 2.786265e-01 
1.064566e+00 2.786061e-01 
1.066048e+00 2.785855e-01 
1.067549e+00 2.785645e-01 
1.069068e+00 2.785433e-01 
1.070607e+00 2.785219e-01 
1.072165e+00 2.785001e-01 
1.073744e+00 2.784781e-01 
1.075343e+00 2.784558e-01 
1.076964e+00 2.784332e-01 
1.078606e+00 2.784103e-01 
1.080270e+00 2.783871e-01 
1.081957e+00 2.783636e-01 
1.083667e+00 2.783397e-01 
1.085400e+00 2.783156e-01 
1.087157e+00 2.782911e-01 
1.088939e+00 2.782662e-01 
1.090745e+00 2.782410e-01 
1.092577e+00 2.782155e-01 
1.094435e+00 2.781895e-01 
1.096320e+00 2.781633e-01 
1.098231e+00 2.781366e-01 
1.100170e+00 2.781096e-01 
1.102137e+00 2.780821e-01 
1.104133e+00 2.780543e-01 
1.106158e+00 2.780260e-01 
1.108213e+00 2.779974e-01 
1.110298e+00 2.779683e-01 
1.112414e+00 2.779388e-01 
1.114562e+00 2.779088e-01 
1.116742e+00 2.778784e-01 
1.118954e+00 2.778476e-01 
1.121200e+00 2.778163e-01 
1.123480e+00 2.777845e-01 
1.125794e+00 2.777522e-01 
1.128144e+00 2.777194e-01 
1.130530e+00 2.776861e-01 
1.132952e+00 2.776524e-01 
1.135412e+00 2.776180e-01 
1.137909e+00 2.775832e-01 
1.140446e+00 2.775478e-01 
1.143021e+00 2.775119e-01 
1.145637e+00 2.774754e-01 
1.148294e+00 2.774384e-01 
1.150992e+00 2.774007e-01 
1.153733e+00 2.773625e-01 
1.156516e+00 2.773237e-01 
1.159344e+00 2.772843e-01 
1.057421e+00 2.794098e-01 
1.058816e+00 2.793910e-01 
1.060228e+00 2.793719e-01 
1.061657e+00 2.793526e-01 
1.063103e+00 2.793330e-01 
1.064567e+00 2.793132e-01 
1.066048e+00 2.792932e-01 
1.067549e+00 2.792729e-01 
1.069068e+00 2.792523e-01 
1.070607e+00 2.792315e-01 
1.072165e+00 2.792104e-01 
1.073744e+00 2.791891e-01 
1.075344e+00 2.791675e-01 
1.076964e+00 2.791455e-01 
1.078606e+00 2.791233e-01 
1.080271e+00 2.791008e-01 
1.081957e+00 2.790780e-01 
1.083667e+00 2.790549e-01 
1.085400e+00 2.790315e-01 
1.087158e+00 2.790077e-01 
1.088939e+00 2.789836e-01 
1.090746e+00 2.789592e-01 
1.092578e+00 2.789344e-01 
1.094436e+00 2.789093e-01 
1.096320e+00 2.788838e-01 
1.098232e+00 2.788579e-01 
1.100171e+00 2.788317e-01 
1.102138e+00 2.788051e-01 
1.104134e+00 2.787781e-01 
1.106159e+00 2.787507e-01 
1.108213e+00 2.787229e-01 
1.110299e+00 2.786947e-01 
1.112415e+00 2.786661e-01 
1.114562e+00 2.786371e-01 
1.116742e+00 2.786076e-01 
1.118954e+00 2.785777e-01 
1.121200e+00 2.785473e-01 
1.123480e+00 2.785164e-01 
1.125795e+00 2.784851e-01 
1.128144e+00 2.784534e-01 
1.130530e+00 2.784211e-01 
1.132953e+00 2.783883e-01 
1.135412e+00 2.783551e-01 
1.137910e+00 2.783213e-01 
1.140446e+00 2.782870e-01 
1.143022e+00 2.782522e-01 
1.145638e+00 2.782168e-01 
1.148294e+00 2.781809e-01 
1.150993e+00 2.781444e-01 
1.153733e+00 2.781073e-01 
1.156517e+00 2.780696e-01 
1.159345e+00 2.780314e-01 
1.057421e+00 2.801139e-01 
1.058816e+00 2.800956e-01 
1.060228e+00 2.800771e-01 
1.061657e+00 2.800584e-01 
1.063103e+00 2.800395e-01 
1.064567e+00 2.800203e-01 
1.066049e+00 2.800009e-01 
1.067549e+00 2.799812e-01 
1.069068e+00 2.799613e-01 
1.070607e+00 2.799412e-01 
1.072166e+00 2.799207e-01 
1.073745e+00 2.799001e-01 
1.075344e+00 2.798791e-01 
1.076965e+00 2.798579e-01 
1.078607e+00 2.798364e-01 
1.080271e+00 2.798145e-01 
1.081958e+00 2.797925e-01 
1.083667e+00 2.797701e-01 
1.085401e+00 2.797473e-01 
1.087158e+00 2.797243e-01 
1.088939e+00 2.797010e-01 
1.090746e+00 2.796773e-01 
1.092578e+00 2.796533e-01 
1.094436e+00 2.796290e-01 
1.096321e+00 2.796043e-01 
1.098232e+00 2.795792e-01 
1.100171e+00 2.795538e-01 
1.102138e+00 2.795281e-01 
1.104134e+00 2.795019e-01 
1.106159e+00 2.794754e-01 
1.108214e+00 2.794485e-01 
1.110299e+00 2.794211e-01 
1.112415e+00 2.793934e-01 
1.114563e+00 2.793653e-01 
1.116742e+00 2.793367e-01 
1.118955e+00 2.793077e-01 
1.121201e+00 2.792783e-01 
1.123481e+00 2.792484e-01 
1.125795e+00 2.792181e-01 
1.128145e+00 2.791873e-01 
1.130531e+00 2.791561e-01 
1.132953e+00 2.791243e-01 
1.135413e+00 2.790921e-01 
1.137910e+00 2.790594e-01 
1.140447e+00 2.790262e-01 
1.143022e+00 2.789924e-01 
1.145638e+00 2.789581e-01 
1.148295e+00 2.789233e-01 
1.150993e+00 2.788880e-01 
1.153734e+00 2.788521e-01 
1.156517e+00 2.788156e-01 
1.159345e+00 2.787785e-01 
1.057421e+00 2.808180e-01 
1.058817e+00 2.808003e-01 
1.060228e+00 2.807824e-01 
1.061657e+00 2.807643e-01 
1.063103e+00 2.807459e-01 
1.064567e+00 2.807274e-01 
1.066049e+00 2.807086e-01 
1.067549e+00 2.806896e-01 
1.069069e+00 2.806703e-01 
1.070607e+00 2.806508e-01 
1.072166e+00 2.806310e-01 
1.073745e+00 2.806110e-01 
1.075344e+00 2.805907e-01 
1.076965e+00 2.805702e-01 
1.078607e+00 2.805494e-01 
1.080271e+00 2.805283e-01 
1.081958e+00 2.805069e-01 
1.083668e+00 2.804852e-01 
1.085401e+00 2.804632e-01 
1.087158e+00 2.804410e-01 
1.088940e+00 2.804184e-01 
1.090746e+00 2.803955e-01 
1.092578e+00 2.803722e-01 
1.094436e+00 2.803487e-01 
1.096321e+00 2.803248e-01 
1.098232e+00 2.803005e-01 
1.100171e+00 2.802760e-01 
1.102139e+00 2.802510e-01 
1.104134e+00 2.802257e-01 
1.106159e+00 2.802000e-01 
1.108214e+00 2.801740e-01 
1.110299e+00 2.801476e-01 
1.112415e+00 2.801207e-01 
1.114563e+00 2.800935e-01 
1.116743e+00 2.800659e-01 
1.118955e+00 2.800378e-01 
1.121201e+00 2.800093e-01 
1.123481e+00 2.799804e-01 
1.125795e+00 2.799511e-01 
1.128145e+00 2.799213e-01 
1.130531e+00 2.798910e-01 
1.132953e+00 2.798603e-01 
1.135413e+00 2.798291e-01 
1.137911e+00 2.797975e-01 
1.140447e+00 2.797653e-01 
1.143023e+00 2.797326e-01 
1.145638e+00 2.796995e-01 
1.148295e+00 2.796658e-01 
1.150993e+00 2.796316e-01 
1.153734e+00 2.795968e-01 
1.156518e+00 2.795615e-01 
1.159345e+00 2.795257e-01 
1.057421e+00 2.815221e-01 
1.058817e+00 2.815049e-01 
1.060229e+00 2.814876e-01 
1.061658e+00 2.814701e-01 
1.063104e+00 2.814524e-01 
1.064567e+00 2.814345e-01 
1.066049e+00 2.814163e-01 
1.067550e+00 2.813979e-01 
1.069069e+00 2.813793e-01 
1.070608e+00 2.813604e-01 
1.072166e+00 2.813413e-01 
1.073745e+00 2.813220e-01 
1.075345e+00 2.813024e-01 
1.076965e+00 2.812825e-01 
1.078607e+00 2.812624e-01 
1.080272e+00 2.812420e-01 
1.081958e+00 2.812213e-01 
1.083668e+00 2.812004e-01 
1.085401e+00 2.811791e-01 
1.087158e+00 2.811576e-01 
1.088940e+00 2.811358e-01 
1.090747e+00 2.811136e-01 
1.092579e+00 2.810912e-01 
1.094437e+00 2.810684e-01 
1.096321e+00 2.810453e-01 
1.098233e+00 2.810219e-01 
1.100172e+00 2.809981e-01 
1.102139e+00 2.809740e-01 
1.104135e+00 2.809495e-01 
1.106160e+00 2.809247e-01 
1.108215e+00 2.808995e-01 
1.110300e+00 2.808740e-01 
1.112416e+00 2.808480e-01 
1.114563e+00 2.808217e-01 
1.116743e+00 2.807950e-01 
1.118956e+00 2.807679e-01 
1.121202e+00 2.807403e-01 
1.123481e+00 2.807124e-01 
1.125796e+00 2.806840e-01 
1.128146e+00 2.806552e-01 
1.130531e+00 2.806260e-01 
1.132954e+00 2.805963e-01 
1.135413e+00 2.805662e-01 
1.137911e+00 2.805356e-01 
1.140447e+00 2.805045e-01 
1.143023e+00 2.804729e-01 
1.145639e+00 2.804408e-01 
1.148296e+00 2.804083e-01 
1.150994e+00 2.803752e-01 
1.153735e+00 2.803416e-01 
1.156518e+00 2.803075e-01 
1.159346e+00 2.802728e-01 
1.057422e+00 2.822261e-01 
1.058817e+00 2.822096e-01 
1.060229e+00 2.821929e-01 
1.061658e+00 2.821760e-01 
1.063104e+00 2.821589e-01 
1.064568e+00 2.821416e-01 
1.066049e+00 2.821240e-01 
1.067550e+00 2.821063e-01 
1.069069e+00 2.820883e-01 
1.070608e+00 2.820701e-01 
1.072167e+00 2.820516e-01 
1.073745e+00 2.820330e-01 
1.075345e+00 2.820140e-01 
1.076965e+00 2.819948e-01 
1.078608e+00 2.819754e-01 
1.080272e+00 2.819557e-01 
1.081959e+00 2.819358e-01 
1.083668e+00 2.819155e-01 
1.085402e+00 2.818950e-01 
1.087159e+00 2.818742e-01 
1.088940e+00 2.818531e-01 
1.090747e+00 2.818318e-01 
1.092579e+00 2.818101e-01 
1.094437e+00 2.817881e-01 
1.096322e+00 2.817658e-01 
1.098233e+00 2.817432e-01 
1.100172e+00 2.817202e-01 
1.102139e+00 2.816970e-01 
1.104135e+00 2.816733e-01 
1.106160e+00 2.816494e-01 
1.108215e+00 2.816251e-01 
1.110300e+00 2.816004e-01 
1.112416e+00 2.815753e-01 
1.114564e+00 2.815499e-01 
1.116744e+00 2.815241e-01 
1.118956e+00 2.814979e-01 
1.121202e+00 2.814714e-01 
1.123482e+00 2.814444e-01 
1.125796e+00 2.814170e-01 
1.128146e+00 2.813892e-01 
1.130532e+00 2.813610e-01 
1.132954e+00 2.813323e-01 
1.135414e+00 2.813032e-01 
1.137911e+00 2.812736e-01 
1.140448e+00 2.812436e-01 
1.143024e+00 2.812131e-01 
1.145639e+00 2.811822e-01 
1.148296e+00 2.811507e-01 
1.150994e+00 2.811188e-01 
1.153735e+00 2.810864e-01 
1.156519e+00 2.810534e-01 
1.159346e+00 2.810200e-01 
1.057422e+00 2.829302e-01 
1.058817e+00 2.829143e-01 
1.060229e+00 2.828982e-01 
1.061658e+00 2.828818e-01 
1.063104e+00 2.828653e-01 
1.064568e+00 2.828486e-01 
1.066050e+00 2.828317e-01 
1.067550e+00 2.828146e-01 
1.069070e+00 2.827973e-01 
1.070608e+00 2.827797e-01 
1.072167e+00 2.827619e-01 
1.073746e+00 2.827439e-01 
1.075345e+00 2.827257e-01 
1.076966e+00 2.827072e-01 
1.078608e+00 2.826884e-01 
1.080272e+00 2.826694e-01 
1.081959e+00 2.826502e-01 
1.083669e+00 2.826307e-01 
1.085402e+00 2.826109e-01 
1.087159e+00 2.825909e-01 
1.088941e+00 2.825705e-01 
1.090747e+00 2.825499e-01 
1.092579e+00 2.825290e-01 
1.094437e+00 2.825078e-01 
1.096322e+00 2.824863e-01 
1.098233e+00 2.824645e-01 
1.100172e+00 2.824424e-01 
1.102140e+00 2.824199e-01 
1.104135e+00 2.823971e-01 
1.106160e+00 2.823740e-01 
1.108215e+00 2.823506e-01 
1.110300e+00 2.823268e-01 
1.112417e+00 2.823026e-01 
1.114564e+00 2.822781e-01 
1.116744e+00 2.822533e-01 
1.118956e+00 2.822280e-01 
1.121202e+00 2.822024e-01 
1.123482e+00 2.821764e-01 
1.125797e+00 2.821500e-01 
1.128147e+00 2.821232e-01 
1.130532e+00 2.820959e-01 
1.132955e+00 2.820683e-01 
1.135414e+00 2.820402e-01 
1.137912e+00 2.820117e-01 
1.140448e+00 2.819828e-01 
1.143024e+00 2.819534e-01 
1.145640e+00 2.819235e-01 
1.148296e+00 2.818932e-01 
1.150995e+00 2.818624e-01 
1.153735e+00 2.818312e-01 
1.156519e+00 2.817994e-01 
1.159347e+00 2.817671e-01 
1.057422e+00 2.836343e-01 
1.058818e+00 2.836189e-01 
1.060229e+00 2.836034e-01 
1.061658e+00 2.835877e-01 
1.063104e+00 2.835718e-01 
1.064568e+00 2.835557e-01 
1.066050e+00 2.835394e-01 
1.067550e+00 2.835230e-01 
1.069070e+00 2.835063e-01 
1.070609e+00 2.834894e-01 
1.072167e+00 2.834722e-01 
1.073746e+00 2.834549e-01 
1.075345e+00 2.834373e-01 
1.076966e+00 2.834195e-01 
1.078608e+00 2.834015e-01 
1.080272e+00 2.833832e-01 
1.081959e+00 2.833646e-01 
1.083669e+00 2.833458e-01 
1.085402e+00 2.833268e-01 
1.087159e+00 2.833075e-01 
1.088941e+00 2.832879e-01 
1.090748e+00 2.832681e-01 
1.092580e+00 2.832479e-01 
1.094438e+00 2.832275e-01 
1.096322e+00 2.832068e-01 
1.098234e+00 2.831858e-01 
1.100173e+00 2.831645e-01 
1.102140e+00 2.831429e-01 
1.104136e+00 2.831210e-01 
1.106161e+00 2.830987e-01 
1.108216e+00 2.830761e-01 
1.110301e+00 2.830532e-01 
1.112417e+00 2.830300e-01 
1.114565e+00 2.830064e-01 
1.116744e+00 2.829824e-01 
1.118957e+00 2.829581e-01 
1.121203e+00 2.829334e-01 
1.123483e+00 2.829084e-01 
1.125797e+00 2.828829e-01 
1.128147e+00 2.828571e-01 
1.130533e+00 2.828309e-01 
1.132955e+00 2.828043e-01 
1.135415e+00 2.827772e-01 
1.137912e+00 2.827498e-01 
1.140449e+00 2.827219e-01 
1.143024e+00 2.826936e-01 
1.145640e+00 2.826649e-01 
1.148297e+00 2.826357e-01 
1.150995e+00 2.826060e-01 
1.153736e+00 2.825759e-01 
1.156520e+00 2.825453e-01 
1.159347e+00 2.825143e-01 
1.057422e+00 2.843383e-01 
1.058818e+00 2.843236e-01 
1.060230e+00 2.843087e-01 
1.061658e+00 2.842936e-01 
1.063105e+00 2.842783e-01 
1.064568e+00 2.842628e-01 
1.066050e+00 2.842472e-01 
1.067551e+00 2.842313e-01 
1.069070e+00 2.842153e-01 
1.070609e+00 2.841990e-01 
1.072167e+00 2.841825e-01 
1.073746e+00 2.841659e-01 
1.075346e+00 2.841490e-01 
1.076966e+00 2.841318e-01 
1.078609e+00 2.841145e-01 
1.080273e+00 2.840969e-01 
1.081960e+00 2.840791e-01 
1.083669e+00 2.840610e-01 
1.085403e+00 2.840427e-01 
1.087160e+00 2.840241e-01 
1.088941e+00 2.840053e-01 
1.090748e+00 2.839862e-01 
1.092580e+00 2.839669e-01 
1.094438e+00 2.839472e-01 
1.096323e+00 2.839273e-01 
1.098234e+00 2.839071e-01 
1.100173e+00 2.838866e-01 
1.102140e+00 2.838659e-01 
1.104136e+00 2.838448e-01 
1.106161e+00 2.838234e-01 
1.108216e+00 2.838017e-01 
1.110301e+00 2.837796e-01 
1.112417e+00 2.837573e-01 
1.114565e+00 2.837346e-01 
1.116745e+00 2.837115e-01 
1.118957e+00 2.836882e-01 
1.121203e+00 2.836644e-01 
1.123483e+00 2.836404e-01 
1.125798e+00 2.836159e-01 
1.128147e+00 2.835911e-01 
1.130533e+00 2.835659e-01 
1.132955e+00 2.835403e-01 
1.135415e+00 2.835143e-01 
1.137913e+00 2.834879e-01 
1.140449e+00 2.834611e-01 
1.143025e+00 2.834339e-01 
1.145641e+00 2.834062e-01 
1.148297e+00 2.833782e-01 
1.150996e+00 2.833497e-01 
1.153736e+00 2.833207e-01 
1.156520e+00 2.832913e-01 
1.159348e+00 2.832614e-01 
1.057423e+00 2.850424e-01 
1.058818e+00 2.850282e-01 
1.060230e+00 2.850139e-01 
1.061659e+00 2.849994e-01 
1.063105e+00 2.849848e-01 
1.064569e+00 2.849699e-01 
1.066051e+00 2.849549e-01 
1.067551e+00 2.849397e-01 
1.069070e+00 2.849242e-01 
1.070609e+00 2.849086e-01 
1.072168e+00 2.848928e-01 
1.073746e+00 2.848768e-01 
1.075346e+00 2.848606e-01 
1.076967e+00 2.848442e-01 
1.078609e+00 2.848275e-01 
1.080273e+00 2.848106e-01 
1.081960e+00 2.847935e-01 
1.083670e+00 2.847762e-01 
1.085403e+00 2.847586e-01 
1.087160e+00 2.847408e-01 
1.088942e+00 2.847227e-01 
1.090748e+00 2.847044e-01 
1.092580e+00 2.846858e-01 
1.094438e+00 2.846669e-01 
1.096323e+00 2.846478e-01 
1.098234e+00 2.846284e-01 
1.100174e+00 2.846088e-01 
1.102141e+00 2.845888e-01 
1.104137e+00 2.845686e-01 
1.106162e+00 2.845480e-01 
1.108216e+00 2.845272e-01 
1.110302e+00 2.845060e-01 
1.112418e+00 2.844846e-01 
1.114565e+00 2.844628e-01 
1.116745e+00 2.844407e-01 
1.118958e+00 2.844182e-01 
1.121204e+00 2.843955e-01 
1.123483e+00 2.843723e-01 
1.125798e+00 2.843489e-01 
1.128148e+00 2.843250e-01 
1.130534e+00 2.843008e-01 
1.132956e+00 2.842763e-01 
1.135416e+00 2.842513e-01 
1.137913e+00 2.842260e-01 
1.140450e+00 2.842002e-01 
1.143025e+00 2.841741e-01 
1.145641e+00 2.841476e-01 
1.148298e+00 2.841206e-01 
1.150996e+00 2.840933e-01 
1.153737e+00 2.840655e-01 
1.156521e+00 2.840372e-01 
1.159348e+00 2.840086e-01 
BC
4
4
4
4
4
4
4
4
4
4
4
4
4
4
4
4
4
4
4
4
4
4
4
4
4
4
4
4
4
4
4
4
4
4
4
4
4
4
4
4
4
4
4
4
4
4
4
4
4
4
4
-1
-1
-1
-1
-1
-1
-1
-1
-1
-1
-1
-1
-1
-1
-1
-1
-1
-1
-1
-1
-1
-1
-1
-1
-1
-1
-1
-1
-1
-1
-1
-1
-1
-1
-1
-1
-1
-1
-1
-1
-1
-1
-1
-1
-1
-1
-1
-1
-1
-1
-1
-1
-1
-1
-1
-1
-1
-1
-1
-1
-1
-1
-1
-1
-1
-1
-1
-1
-1
-1
-1
-1
-1
-1
-1
-1
-1
-1
-1
-1
-1
-1
-1
-1
-1
-1
-1
-1
-1
-1
-1
-1
-1
-1
-1
-1
-1
-1
-1
-1
-1
-1
-1
