npartb: 4 2 
ipartb: 1 1 
ngrid: 52 25 
1.057423e+00 2.850424e-01 
1.058818e+00 2.850282e-01 
1.060230e+00 2.850139e-01 
1.061659e+00 2.849994e-01 
1.063105e+00 2.849848e-01 
1.064569e+00 2.849699e-01 
1.066051e+00 2.849549e-01 
1.067551e+00 2.849397e-01 
1.069070e+00 2.849242e-01 
1.070609e+00 2.849086e-01 
1.072168e+00 2.848928e-01 
1.073746e+00 2.848768e-01 
1.075346e+00 2.848606e-01 
1.076967e+00 2.848442e-01 
1.078609e+00 2.848275e-01 
1.080273e+00 2.848106e-01 
1.081960e+00 2.847935e-01 
1.083670e+00 2.847762e-01 
1.085403e+00 2.847586e-01 
1.087160e+00 2.847408e-01 
1.088942e+00 2.847227e-01 
1.090748e+00 2.847044e-01 
1.092580e+00 2.846858e-01 
1.094438e+00 2.846669e-01 
1.096323e+00 2.846478e-01 
1.098234e+00 2.846284e-01 
1.100174e+00 2.846088e-01 
1.102141e+00 2.845888e-01 
1.104137e+00 2.845686e-01 
1.106162e+00 2.845480e-01 
1.108216e+00 2.845272e-01 
1.110302e+00 2.845060e-01 
1.112418e+00 2.844846e-01 
1.114565e+00 2.844628e-01 
1.116745e+00 2.844407e-01 
1.118958e+00 2.844182e-01 
1.121204e+00 2.843955e-01 
1.123483e+00 2.843723e-01 
1.125798e+00 2.843489e-01 
1.128148e+00 2.843250e-01 
1.130534e+00 2.843008e-01 
1.132956e+00 2.842763e-01 
1.135416e+00 2.842513e-01 
1.137913e+00 2.842260e-01 
1.140450e+00 2.842002e-01 
1.143025e+00 2.841741e-01 
1.145641e+00 2.841476e-01 
1.148298e+00 2.841206e-01 
1.150996e+00 2.840933e-01 
1.153737e+00 2.840655e-01 
1.156521e+00 2.840372e-01 
1.159348e+00 2.840086e-01 
1.057423e+00 2.857465e-01 
1.058818e+00 2.857329e-01 
1.060230e+00 2.857192e-01 
1.061659e+00 2.857053e-01 
1.063105e+00 2.856912e-01 
1.064569e+00 2.856770e-01 
1.066051e+00 2.856626e-01 
1.067551e+00 2.856480e-01 
1.069071e+00 2.856332e-01 
1.070609e+00 2.856183e-01 
1.072168e+00 2.856031e-01 
1.073747e+00 2.855878e-01 
1.075346e+00 2.855722e-01 
1.076967e+00 2.855565e-01 
1.078609e+00 2.855405e-01 
1.080273e+00 2.855243e-01 
1.081960e+00 2.855079e-01 
1.083670e+00 2.854913e-01 
1.085403e+00 2.854745e-01 
1.087160e+00 2.854574e-01 
1.088942e+00 2.854401e-01 
1.090749e+00 2.854225e-01 
1.092581e+00 2.854047e-01 
1.094439e+00 2.853867e-01 
1.096323e+00 2.853683e-01 
1.098235e+00 2.853498e-01 
1.100174e+00 2.853309e-01 
1.102141e+00 2.853118e-01 
1.104137e+00 2.852924e-01 
1.106162e+00 2.852727e-01 
1.108217e+00 2.852527e-01 
1.110302e+00 2.852325e-01 
1.112418e+00 2.852119e-01 
1.114566e+00 2.851910e-01 
1.116745e+00 2.851698e-01 
1.118958e+00 2.851483e-01 
1.121204e+00 2.851265e-01 
1.123484e+00 2.851043e-01 
1.125798e+00 2.850818e-01 
1.128148e+00 2.850590e-01 
1.130534e+00 2.850358e-01 
1.132956e+00 2.850122e-01 
1.135416e+00 2.849883e-01 
1.137914e+00 2.849641e-01 
1.140450e+00 2.849394e-01 
1.143026e+00 2.849144e-01 
1.145642e+00 2.848889e-01 
1.148298e+00 2.848631e-01 
1.150997e+00 2.848369e-01 
1.153737e+00 2.848102e-01 
1.156521e+00 2.847832e-01 
1.159349e+00 2.847557e-01 
1.057423e+00 2.864505e-01 
1.058818e+00 2.864375e-01 
1.060230e+00 2.864244e-01 
1.061659e+00 2.864111e-01 
1.063105e+00 2.863977e-01 
1.064569e+00 2.863841e-01 
1.066051e+00 2.863703e-01 
1.067551e+00 2.863564e-01 
1.069071e+00 2.863422e-01 
1.070610e+00 2.863279e-01 
1.072168e+00 2.863134e-01 
1.073747e+00 2.862987e-01 
1.075347e+00 2.862839e-01 
1.076967e+00 2.862688e-01 
1.078609e+00 2.862535e-01 
1.080274e+00 2.862381e-01 
1.081960e+00 2.862224e-01 
1.083670e+00 2.862065e-01 
1.085404e+00 2.861904e-01 
1.087161e+00 2.861740e-01 
1.088942e+00 2.861575e-01 
1.090749e+00 2.861407e-01 
1.092581e+00 2.861236e-01 
1.094439e+00 2.861064e-01 
1.096324e+00 2.860888e-01 
1.098235e+00 2.860711e-01 
1.100174e+00 2.860530e-01 
1.102141e+00 2.860347e-01 
1.104137e+00 2.860162e-01 
1.106162e+00 2.859974e-01 
1.108217e+00 2.859783e-01 
1.110302e+00 2.859589e-01 
1.112418e+00 2.859392e-01 
1.114566e+00 2.859192e-01 
1.116746e+00 2.858990e-01 
1.118958e+00 2.858784e-01 
1.121204e+00 2.858575e-01 
1.123484e+00 2.858363e-01 
1.125799e+00 2.858148e-01 
1.128149e+00 2.857929e-01 
1.130534e+00 2.857708e-01 
1.132957e+00 2.857482e-01 
1.135416e+00 2.857254e-01 
1.137914e+00 2.857021e-01 
1.140450e+00 2.856786e-01 
1.143026e+00 2.856546e-01 
1.145642e+00 2.856303e-01 
1.148299e+00 2.856056e-01 
1.150997e+00 2.855805e-01 
1.153738e+00 2.855550e-01 
1.156521e+00 2.855291e-01 
1.159349e+00 2.855028e-01 
1.057423e+00 2.871546e-01 
1.058819e+00 2.871422e-01 
1.060231e+00 2.871297e-01 
1.061659e+00 2.871170e-01 
1.063106e+00 2.871042e-01 
1.064569e+00 2.870912e-01 
1.066051e+00 2.870780e-01 
1.067552e+00 2.870647e-01 
1.069071e+00 2.870512e-01 
1.070610e+00 2.870376e-01 
1.072169e+00 2.870237e-01 
1.073747e+00 2.870097e-01 
1.075347e+00 2.869955e-01 
1.076967e+00 2.869811e-01 
1.078610e+00 2.869666e-01 
1.080274e+00 2.869518e-01 
1.081961e+00 2.869368e-01 
1.083671e+00 2.869216e-01 
1.085404e+00 2.869063e-01 
1.087161e+00 2.868907e-01 
1.088943e+00 2.868749e-01 
1.090749e+00 2.868588e-01 
1.092581e+00 2.868426e-01 
1.094439e+00 2.868261e-01 
1.096324e+00 2.868093e-01 
1.098235e+00 2.867924e-01 
1.100175e+00 2.867752e-01 
1.102142e+00 2.867577e-01 
1.104138e+00 2.867400e-01 
1.106163e+00 2.867220e-01 
1.108217e+00 2.867038e-01 
1.110303e+00 2.866853e-01 
1.112419e+00 2.866665e-01 
1.114566e+00 2.866474e-01 
1.116746e+00 2.866281e-01 
1.118959e+00 2.866085e-01 
1.121205e+00 2.865885e-01 
1.123485e+00 2.865683e-01 
1.125799e+00 2.865478e-01 
1.128149e+00 2.865269e-01 
1.130535e+00 2.865057e-01 
1.132957e+00 2.864842e-01 
1.135417e+00 2.864624e-01 
1.137914e+00 2.864402e-01 
1.140451e+00 2.864177e-01 
1.143027e+00 2.863949e-01 
1.145642e+00 2.863716e-01 
1.148299e+00 2.863481e-01 
1.150997e+00 2.863241e-01 
1.153738e+00 2.862998e-01 
1.156522e+00 2.862751e-01 
1.159350e+00 2.862500e-01 
1.057424e+00 2.878587e-01 
1.058819e+00 2.878469e-01 
1.060231e+00 2.878349e-01 
1.061660e+00 2.878229e-01 
1.063106e+00 2.878106e-01 
1.064570e+00 2.877983e-01 
1.066052e+00 2.877857e-01 
1.067552e+00 2.877730e-01 
1.069071e+00 2.877602e-01 
1.070610e+00 2.877472e-01 
1.072169e+00 2.877340e-01 
1.073748e+00 2.877207e-01 
1.075347e+00 2.877072e-01 
1.076968e+00 2.876935e-01 
1.078610e+00 2.876796e-01 
1.080274e+00 2.876655e-01 
1.081961e+00 2.876513e-01 
1.083671e+00 2.876368e-01 
1.085404e+00 2.876222e-01 
1.087161e+00 2.876073e-01 
1.088943e+00 2.875922e-01 
1.090750e+00 2.875770e-01 
1.092582e+00 2.875615e-01 
1.094440e+00 2.875458e-01 
1.096324e+00 2.875299e-01 
1.098236e+00 2.875137e-01 
1.100175e+00 2.874973e-01 
1.102142e+00 2.874807e-01 
1.104138e+00 2.874638e-01 
1.106163e+00 2.874467e-01 
1.108218e+00 2.874293e-01 
1.110303e+00 2.874117e-01 
1.112419e+00 2.873938e-01 
1.114567e+00 2.873757e-01 
1.116747e+00 2.873572e-01 
1.118959e+00 2.873385e-01 
1.121205e+00 2.873196e-01 
1.123485e+00 2.873003e-01 
1.125800e+00 2.872807e-01 
1.128149e+00 2.872609e-01 
1.130535e+00 2.872407e-01 
1.132958e+00 2.872202e-01 
1.135417e+00 2.871994e-01 
1.137915e+00 2.871783e-01 
1.140451e+00 2.871569e-01 
1.143027e+00 2.871351e-01 
1.145643e+00 2.871130e-01 
1.148300e+00 2.870905e-01 
1.150998e+00 2.870677e-01 
1.153739e+00 2.870446e-01 
1.156522e+00 2.870210e-01 
1.159350e+00 2.869971e-01 
1.057424e+00 2.885627e-01 
1.058819e+00 2.885515e-01 
1.060231e+00 2.885402e-01 
1.061660e+00 2.885287e-01 
1.063106e+00 2.885171e-01 
1.064570e+00 2.885053e-01 
1.066052e+00 2.884934e-01 
1.067552e+00 2.884814e-01 
1.069072e+00 2.884692e-01 
1.070610e+00 2.884568e-01 
1.072169e+00 2.884443e-01 
1.073748e+00 2.884316e-01 
1.075347e+00 2.884188e-01 
1.076968e+00 2.884058e-01 
1.078610e+00 2.883926e-01 
1.080275e+00 2.883792e-01 
1.081961e+00 2.883657e-01 
1.083671e+00 2.883520e-01 
1.085404e+00 2.883380e-01 
1.087162e+00 2.883239e-01 
1.088943e+00 2.883096e-01 
1.090750e+00 2.882951e-01 
1.092582e+00 2.882804e-01 
1.094440e+00 2.882655e-01 
1.096325e+00 2.882504e-01 
1.098236e+00 2.882350e-01 
1.100175e+00 2.882194e-01 
1.102142e+00 2.882036e-01 
1.104138e+00 2.881876e-01 
1.106163e+00 2.881714e-01 
1.108218e+00 2.881549e-01 
1.110303e+00 2.881381e-01 
1.112420e+00 2.881211e-01 
1.114567e+00 2.881039e-01 
1.116747e+00 2.880864e-01 
1.118960e+00 2.880686e-01 
1.121205e+00 2.880506e-01 
1.123485e+00 2.880323e-01 
1.125800e+00 2.880137e-01 
1.128150e+00 2.879948e-01 
1.130536e+00 2.879757e-01 
1.132958e+00 2.879562e-01 
1.135418e+00 2.879365e-01 
1.137915e+00 2.879164e-01 
1.140452e+00 2.878960e-01 
1.143027e+00 2.878753e-01 
1.145643e+00 2.878543e-01 
1.148300e+00 2.878330e-01 
1.150998e+00 2.878113e-01 
1.153739e+00 2.877893e-01 
1.156523e+00 2.877670e-01 
1.159351e+00 2.877443e-01 
1.057424e+00 2.892668e-01 
1.058819e+00 2.892562e-01 
1.060231e+00 2.892454e-01 
1.061660e+00 2.892346e-01 
1.063106e+00 2.892236e-01 
1.064570e+00 2.892124e-01 
1.066052e+00 2.892012e-01 
1.067553e+00 2.891897e-01 
1.069072e+00 2.891782e-01 
1.070611e+00 2.891665e-01 
1.072169e+00 2.891546e-01 
1.073748e+00 2.891426e-01 
1.075348e+00 2.891304e-01 
1.076968e+00 2.891181e-01 
1.078611e+00 2.891056e-01 
1.080275e+00 2.890930e-01 
1.081962e+00 2.890801e-01 
1.083672e+00 2.890671e-01 
1.085405e+00 2.890539e-01 
1.087162e+00 2.890406e-01 
1.088944e+00 2.890270e-01 
1.090750e+00 2.890133e-01 
1.092582e+00 2.889993e-01 
1.094440e+00 2.889852e-01 
1.096325e+00 2.889709e-01 
1.098237e+00 2.889563e-01 
1.100176e+00 2.889416e-01 
1.102143e+00 2.889266e-01 
1.104139e+00 2.889114e-01 
1.106164e+00 2.888960e-01 
1.108219e+00 2.888804e-01 
1.110304e+00 2.888645e-01 
1.112420e+00 2.888484e-01 
1.114568e+00 2.888321e-01 
1.116747e+00 2.888155e-01 
1.118960e+00 2.887987e-01 
1.121206e+00 2.887816e-01 
1.123486e+00 2.887643e-01 
1.125800e+00 2.887466e-01 
1.128150e+00 2.887288e-01 
1.130536e+00 2.887106e-01 
1.132958e+00 2.886922e-01 
1.135418e+00 2.886735e-01 
1.137916e+00 2.886545e-01 
1.140452e+00 2.886352e-01 
1.143028e+00 2.886156e-01 
1.145644e+00 2.885957e-01 
1.148301e+00 2.885755e-01 
1.150999e+00 2.885550e-01 
1.153740e+00 2.885341e-01 
1.156523e+00 2.885129e-01 
1.159351e+00 2.884914e-01 
1.057424e+00 2.899709e-01 
1.058820e+00 2.899608e-01 
1.060232e+00 2.899507e-01 
1.061660e+00 2.899404e-01 
1.063107e+00 2.899300e-01 
1.064570e+00 2.899195e-01 
1.066052e+00 2.899089e-01 
1.067553e+00 2.898981e-01 
1.069072e+00 2.898872e-01 
1.070611e+00 2.898761e-01 
1.072170e+00 2.898649e-01 
1.073748e+00 2.898536e-01 
1.075348e+00 2.898421e-01 
1.076969e+00 2.898304e-01 
1.078611e+00 2.898186e-01 
1.080275e+00 2.898067e-01 
1.081962e+00 2.897946e-01 
1.083672e+00 2.897823e-01 
1.085405e+00 2.897698e-01 
1.087162e+00 2.897572e-01 
1.088944e+00 2.897444e-01 
1.090751e+00 2.897314e-01 
1.092583e+00 2.897183e-01 
1.094441e+00 2.897049e-01 
1.096325e+00 2.896914e-01 
1.098237e+00 2.896776e-01 
1.100176e+00 2.896637e-01 
1.102143e+00 2.896496e-01 
1.104139e+00 2.896352e-01 
1.106164e+00 2.896207e-01 
1.108219e+00 2.896059e-01 
1.110304e+00 2.895909e-01 
1.112420e+00 2.895757e-01 
1.114568e+00 2.895603e-01 
1.116748e+00 2.895447e-01 
1.118960e+00 2.895288e-01 
1.121206e+00 2.895126e-01 
1.123486e+00 2.894962e-01 
1.125801e+00 2.894796e-01 
1.128151e+00 2.894627e-01 
1.130536e+00 2.894456e-01 
1.132959e+00 2.894282e-01 
1.135419e+00 2.894105e-01 
1.137916e+00 2.893926e-01 
1.140453e+00 2.893743e-01 
1.143028e+00 2.893558e-01 
1.145644e+00 2.893370e-01 
1.148301e+00 2.893180e-01 
1.150999e+00 2.892986e-01 
1.153740e+00 2.892789e-01 
1.156524e+00 2.892589e-01 
1.159351e+00 2.892386e-01 
1.057424e+00 2.906749e-01 
1.058820e+00 2.906655e-01 
1.060232e+00 2.906559e-01 
1.061661e+00 2.906463e-01 
1.063107e+00 2.906365e-01 
1.064571e+00 2.906266e-01 
1.066053e+00 2.906166e-01 
1.067553e+00 2.906064e-01 
1.069073e+00 2.905962e-01 
1.070611e+00 2.905858e-01 
1.072170e+00 2.905752e-01 
1.073749e+00 2.905645e-01 
1.075348e+00 2.905537e-01 
1.076969e+00 2.905428e-01 
1.078611e+00 2.905317e-01 
1.080276e+00 2.905204e-01 
1.081962e+00 2.905090e-01 
1.083672e+00 2.904974e-01 
1.085405e+00 2.904857e-01 
1.087163e+00 2.904738e-01 
1.088944e+00 2.904618e-01 
1.090751e+00 2.904496e-01 
1.092583e+00 2.904372e-01 
1.094441e+00 2.904246e-01 
1.096326e+00 2.904119e-01 
1.098237e+00 2.903990e-01 
1.100176e+00 2.903858e-01 
1.102144e+00 2.903725e-01 
1.104139e+00 2.903590e-01 
1.106164e+00 2.903454e-01 
1.108219e+00 2.903315e-01 
1.110305e+00 2.903174e-01 
1.112421e+00 2.903031e-01 
1.114568e+00 2.902885e-01 
1.116748e+00 2.902738e-01 
1.118961e+00 2.902588e-01 
1.121207e+00 2.902436e-01 
1.123487e+00 2.902282e-01 
1.125801e+00 2.902126e-01 
1.128151e+00 2.901967e-01 
1.130537e+00 2.901806e-01 
1.132959e+00 2.901642e-01 
1.135419e+00 2.901475e-01 
1.137917e+00 2.901306e-01 
1.140453e+00 2.901135e-01 
1.143029e+00 2.900961e-01 
1.145645e+00 2.900784e-01 
1.148301e+00 2.900604e-01 
1.151000e+00 2.900422e-01 
1.153740e+00 2.900236e-01 
1.156524e+00 2.900048e-01 
1.159352e+00 2.899857e-01 
1.057425e+00 2.913790e-01 
1.058820e+00 2.913701e-01 
1.060232e+00 2.913612e-01 
1.061661e+00 2.913521e-01 
1.063107e+00 2.913430e-01 
1.064571e+00 2.913337e-01 
1.066053e+00 2.913243e-01 
1.067553e+00 2.913148e-01 
1.069073e+00 2.913052e-01 
1.070612e+00 2.912954e-01 
1.072170e+00 2.912855e-01 
1.073749e+00 2.912755e-01 
1.075349e+00 2.912654e-01 
1.076969e+00 2.912551e-01 
1.078611e+00 2.912447e-01 
1.080276e+00 2.912341e-01 
1.081963e+00 2.912234e-01 
1.083672e+00 2.912126e-01 
1.085406e+00 2.912016e-01 
1.087163e+00 2.911905e-01 
1.088945e+00 2.911792e-01 
1.090751e+00 2.911677e-01 
1.092583e+00 2.911561e-01 
1.094441e+00 2.911443e-01 
1.096326e+00 2.911324e-01 
1.098238e+00 2.911203e-01 
1.100177e+00 2.911080e-01 
1.102144e+00 2.910955e-01 
1.104140e+00 2.910829e-01 
1.106165e+00 2.910700e-01 
1.108220e+00 2.910570e-01 
1.110305e+00 2.910438e-01 
1.112421e+00 2.910304e-01 
1.114569e+00 2.910167e-01 
1.116749e+00 2.910029e-01 
1.118961e+00 2.909889e-01 
1.121207e+00 2.909747e-01 
1.123487e+00 2.909602e-01 
1.125802e+00 2.909455e-01 
1.128151e+00 2.909306e-01 
1.130537e+00 2.909155e-01 
1.132960e+00 2.909002e-01 
1.135419e+00 2.908846e-01 
1.137917e+00 2.908687e-01 
1.140453e+00 2.908527e-01 
1.143029e+00 2.908363e-01 
1.145645e+00 2.908197e-01 
1.148302e+00 2.908029e-01 
1.151000e+00 2.907858e-01 
1.153741e+00 2.907684e-01 
1.156525e+00 2.907508e-01 
1.159352e+00 2.907328e-01 
1.057425e+00 2.920831e-01 
1.058820e+00 2.920748e-01 
1.060232e+00 2.920664e-01 
1.061661e+00 2.920580e-01 
1.063107e+00 2.920494e-01 
1.064571e+00 2.920408e-01 
1.066053e+00 2.920320e-01 
1.067554e+00 2.920231e-01 
1.069073e+00 2.920141e-01 
1.070612e+00 2.920050e-01 
1.072170e+00 2.919958e-01 
1.073749e+00 2.919865e-01 
1.075349e+00 2.919770e-01 
1.076970e+00 2.919674e-01 
1.078612e+00 2.919577e-01 
1.080276e+00 2.919479e-01 
1.081963e+00 2.919379e-01 
1.083673e+00 2.919278e-01 
1.085406e+00 2.919175e-01 
1.087163e+00 2.919071e-01 
1.088945e+00 2.918966e-01 
1.090752e+00 2.918859e-01 
1.092584e+00 2.918750e-01 
1.094442e+00 2.918640e-01 
1.096326e+00 2.918529e-01 
1.098238e+00 2.918416e-01 
1.100177e+00 2.918301e-01 
1.102144e+00 2.918185e-01 
1.104140e+00 2.918067e-01 
1.106165e+00 2.917947e-01 
1.108220e+00 2.917825e-01 
1.110305e+00 2.917702e-01 
1.112421e+00 2.917577e-01 
1.114569e+00 2.917450e-01 
1.116749e+00 2.917321e-01 
1.118962e+00 2.917190e-01 
1.121207e+00 2.917057e-01 
1.123487e+00 2.916922e-01 
1.125802e+00 2.916785e-01 
1.128152e+00 2.916646e-01 
1.130538e+00 2.916505e-01 
1.132960e+00 2.916361e-01 
1.135420e+00 2.916216e-01 
1.137917e+00 2.916068e-01 
1.140454e+00 2.915918e-01 
1.143030e+00 2.915766e-01 
1.145646e+00 2.915611e-01 
1.148302e+00 2.915454e-01 
1.151001e+00 2.915294e-01 
1.153741e+00 2.915132e-01 
1.156525e+00 2.914967e-01 
1.159353e+00 2.914800e-01 
1.057425e+00 2.927871e-01 
1.058821e+00 2.927795e-01 
1.060233e+00 2.927717e-01 
1.061661e+00 2.927639e-01 
1.063108e+00 2.927559e-01 
1.064571e+00 2.927479e-01 
1.066053e+00 2.927397e-01 
1.067554e+00 2.927315e-01 
1.069073e+00 2.927231e-01 
1.070612e+00 2.927147e-01 
1.072171e+00 2.927061e-01 
1.073750e+00 2.926974e-01 
1.075349e+00 2.926887e-01 
1.076970e+00 2.926798e-01 
1.078612e+00 2.926707e-01 
1.080276e+00 2.926616e-01 
1.081963e+00 2.926523e-01 
1.083673e+00 2.926429e-01 
1.085406e+00 2.926334e-01 
1.087164e+00 2.926237e-01 
1.088945e+00 2.926140e-01 
1.090752e+00 2.926040e-01 
1.092584e+00 2.925940e-01 
1.094442e+00 2.925838e-01 
1.096327e+00 2.925734e-01 
1.098238e+00 2.925629e-01 
1.100177e+00 2.925523e-01 
1.102145e+00 2.925414e-01 
1.104140e+00 2.925305e-01 
1.106166e+00 2.925194e-01 
1.108220e+00 2.925081e-01 
1.110306e+00 2.924966e-01 
1.112422e+00 2.924850e-01 
1.114570e+00 2.924732e-01 
1.116749e+00 2.924612e-01 
1.118962e+00 2.924490e-01 
1.121208e+00 2.924367e-01 
1.123488e+00 2.924242e-01 
1.125802e+00 2.924115e-01 
1.128152e+00 2.923986e-01 
1.130538e+00 2.923854e-01 
1.132961e+00 2.923721e-01 
1.135420e+00 2.923586e-01 
1.137918e+00 2.923449e-01 
1.140454e+00 2.923310e-01 
1.143030e+00 2.923168e-01 
1.145646e+00 2.923024e-01 
1.148303e+00 2.922878e-01 
1.151001e+00 2.922730e-01 
1.153742e+00 2.922580e-01 
1.156526e+00 2.922427e-01 
1.159353e+00 2.922271e-01 
1.057425e+00 2.934912e-01 
1.058821e+00 2.934841e-01 
1.060233e+00 2.934770e-01 
1.061662e+00 2.934697e-01 
1.063108e+00 2.934624e-01 
1.064572e+00 2.934550e-01 
1.066054e+00 2.934474e-01 
1.067554e+00 2.934398e-01 
1.069074e+00 2.934321e-01 
1.070612e+00 2.934243e-01 
1.072171e+00 2.934164e-01 
1.073750e+00 2.934084e-01 
1.075349e+00 2.934003e-01 
1.076970e+00 2.933921e-01 
1.078612e+00 2.933837e-01 
1.080277e+00 2.933753e-01 
1.081964e+00 2.933668e-01 
1.083673e+00 2.933581e-01 
1.085407e+00 2.933493e-01 
1.087164e+00 2.933404e-01 
1.088946e+00 2.933313e-01 
1.090752e+00 2.933222e-01 
1.092584e+00 2.933129e-01 
1.094442e+00 2.933035e-01 
1.096327e+00 2.932939e-01 
1.098239e+00 2.932842e-01 
1.100178e+00 2.932744e-01 
1.102145e+00 2.932644e-01 
1.104141e+00 2.932543e-01 
1.106166e+00 2.932440e-01 
1.108221e+00 2.932336e-01 
1.110306e+00 2.932230e-01 
1.112422e+00 2.932123e-01 
1.114570e+00 2.932014e-01 
1.116750e+00 2.931903e-01 
1.118962e+00 2.931791e-01 
1.121208e+00 2.931677e-01 
1.123488e+00 2.931562e-01 
1.125803e+00 2.931444e-01 
1.128153e+00 2.931325e-01 
1.130538e+00 2.931204e-01 
1.132961e+00 2.931081e-01 
1.135421e+00 2.930957e-01 
1.137918e+00 2.930830e-01 
1.140455e+00 2.930701e-01 
1.143031e+00 2.930571e-01 
1.145646e+00 2.930438e-01 
1.148303e+00 2.930303e-01 
1.151002e+00 2.930166e-01 
1.153742e+00 2.930027e-01 
1.156526e+00 2.929886e-01 
1.159354e+00 2.929743e-01 
1.057426e+00 2.941953e-01 
1.058821e+00 2.941888e-01 
1.060233e+00 2.941822e-01 
1.061662e+00 2.941756e-01 
1.063108e+00 2.941688e-01 
1.064572e+00 2.941620e-01 
1.066054e+00 2.941552e-01 
1.067554e+00 2.941482e-01 
1.069074e+00 2.941411e-01 
1.070613e+00 2.941340e-01 
1.072171e+00 2.941267e-01 
1.073750e+00 2.941194e-01 
1.075350e+00 2.941119e-01 
1.076970e+00 2.941044e-01 
1.078613e+00 2.940968e-01 
1.080277e+00 2.940890e-01 
1.081964e+00 2.940812e-01 
1.083674e+00 2.940732e-01 
1.085407e+00 2.940652e-01 
1.087164e+00 2.940570e-01 
1.088946e+00 2.940487e-01 
1.090753e+00 2.940403e-01 
1.092585e+00 2.940318e-01 
1.094443e+00 2.940232e-01 
1.096327e+00 2.940144e-01 
1.098239e+00 2.940055e-01 
1.100178e+00 2.939965e-01 
1.102145e+00 2.939874e-01 
1.104141e+00 2.939781e-01 
1.106166e+00 2.939687e-01 
1.108221e+00 2.939591e-01 
1.110306e+00 2.939494e-01 
1.112423e+00 2.939396e-01 
1.114570e+00 2.939296e-01 
1.116750e+00 2.939195e-01 
1.118963e+00 2.939092e-01 
1.121209e+00 2.938988e-01 
1.123489e+00 2.938882e-01 
1.125803e+00 2.938774e-01 
1.128153e+00 2.938665e-01 
1.130539e+00 2.938554e-01 
1.132961e+00 2.938441e-01 
1.135421e+00 2.938327e-01 
1.137919e+00 2.938211e-01 
1.140455e+00 2.938093e-01 
1.143031e+00 2.937973e-01 
1.145647e+00 2.937851e-01 
1.148304e+00 2.937728e-01 
1.151002e+00 2.937602e-01 
1.153743e+00 2.937475e-01 
1.156527e+00 2.937346e-01 
1.159354e+00 2.937214e-01 
1.057426e+00 2.948993e-01 
1.058821e+00 2.948934e-01 
1.060233e+00 2.948875e-01 
1.061662e+00 2.948814e-01 
1.063108e+00 2.948753e-01 
1.064572e+00 2.948691e-01 
1.066054e+00 2.948629e-01 
1.067555e+00 2.948565e-01 
1.069074e+00 2.948501e-01 
1.070613e+00 2.948436e-01 
1.072172e+00 2.948370e-01 
1.073750e+00 2.948303e-01 
1.075350e+00 2.948236e-01 
1.076971e+00 2.948167e-01 
1.078613e+00 2.948098e-01 
1.080277e+00 2.948028e-01 
1.081964e+00 2.947956e-01 
1.083674e+00 2.947884e-01 
1.085407e+00 2.947811e-01 
1.087165e+00 2.947737e-01 
1.088946e+00 2.947661e-01 
1.090753e+00 2.947585e-01 
1.092585e+00 2.947507e-01 
1.094443e+00 2.947429e-01 
1.096328e+00 2.947349e-01 
1.098239e+00 2.947268e-01 
1.100178e+00 2.947187e-01 
1.102146e+00 2.947103e-01 
1.104142e+00 2.947019e-01 
1.106167e+00 2.946933e-01 
1.108222e+00 2.946847e-01 
1.110307e+00 2.946759e-01 
1.112423e+00 2.946669e-01 
1.114571e+00 2.946578e-01 
1.116751e+00 2.946486e-01 
1.118963e+00 2.946393e-01 
1.121209e+00 2.946298e-01 
1.123489e+00 2.946201e-01 
1.125804e+00 2.946104e-01 
1.128154e+00 2.946004e-01 
1.130539e+00 2.945903e-01 
1.132962e+00 2.945801e-01 
1.135421e+00 2.945697e-01 
1.137919e+00 2.945592e-01 
1.140456e+00 2.945484e-01 
1.143031e+00 2.945375e-01 
1.145647e+00 2.945265e-01 
1.148304e+00 2.945153e-01 
1.151002e+00 2.945039e-01 
1.153743e+00 2.944923e-01 
1.156527e+00 2.944805e-01 
1.159355e+00 2.944686e-01 
1.057426e+00 2.956034e-01 
1.058822e+00 2.955981e-01 
1.060234e+00 2.955927e-01 
1.061662e+00 2.955873e-01 
1.063109e+00 2.955818e-01 
1.064572e+00 2.955762e-01 
1.066054e+00 2.955706e-01 
1.067555e+00 2.955649e-01 
1.069074e+00 2.955591e-01 
1.070613e+00 2.955532e-01 
1.072172e+00 2.955473e-01 
1.073751e+00 2.955413e-01 
1.075350e+00 2.955352e-01 
1.076971e+00 2.955291e-01 
1.078613e+00 2.955228e-01 
1.080278e+00 2.955165e-01 
1.081964e+00 2.955101e-01 
1.083674e+00 2.955036e-01 
1.085408e+00 2.954970e-01 
1.087165e+00 2.954903e-01 
1.088947e+00 2.954835e-01 
1.090753e+00 2.954766e-01 
1.092585e+00 2.954697e-01 
1.094443e+00 2.954626e-01 
1.096328e+00 2.954554e-01 
1.098240e+00 2.954482e-01 
1.100179e+00 2.954408e-01 
1.102146e+00 2.954333e-01 
1.104142e+00 2.954257e-01 
1.106167e+00 2.954180e-01 
1.108222e+00 2.954102e-01 
1.110307e+00 2.954023e-01 
1.112423e+00 2.953942e-01 
1.114571e+00 2.953860e-01 
1.116751e+00 2.953778e-01 
1.118964e+00 2.953693e-01 
1.121209e+00 2.953608e-01 
1.123489e+00 2.953521e-01 
1.125804e+00 2.953433e-01 
1.128154e+00 2.953344e-01 
1.130540e+00 2.953253e-01 
1.132962e+00 2.953161e-01 
1.135422e+00 2.953067e-01 
1.137920e+00 2.952972e-01 
1.140456e+00 2.952876e-01 
1.143032e+00 2.952778e-01 
1.145648e+00 2.952678e-01 
1.148305e+00 2.952577e-01 
1.151003e+00 2.952475e-01 
1.153744e+00 2.952371e-01 
1.156527e+00 2.952265e-01 
1.159355e+00 2.952157e-01 
1.057426e+00 2.963075e-01 
1.058822e+00 2.963027e-01 
1.060234e+00 2.962980e-01 
1.061663e+00 2.962931e-01 
1.063109e+00 2.962883e-01 
1.064573e+00 2.962833e-01 
1.066055e+00 2.962783e-01 
1.067555e+00 2.962732e-01 
1.069075e+00 2.962681e-01 
1.070613e+00 2.962629e-01 
1.072172e+00 2.962576e-01 
1.073751e+00 2.962523e-01 
1.075351e+00 2.962469e-01 
1.076971e+00 2.962414e-01 
1.078614e+00 2.962358e-01 
1.080278e+00 2.962302e-01 
1.081965e+00 2.962245e-01 
1.083675e+00 2.962187e-01 
1.085408e+00 2.962129e-01 
1.087165e+00 2.962069e-01 
1.088947e+00 2.962009e-01 
1.090754e+00 2.961948e-01 
1.092586e+00 2.961886e-01 
1.094444e+00 2.961823e-01 
1.096328e+00 2.961759e-01 
1.098240e+00 2.961695e-01 
1.100179e+00 2.961629e-01 
1.102146e+00 2.961563e-01 
1.104142e+00 2.961495e-01 
1.106167e+00 2.961427e-01 
1.108222e+00 2.961357e-01 
1.110308e+00 2.961287e-01 
1.112424e+00 2.961215e-01 
1.114571e+00 2.961143e-01 
1.116751e+00 2.961069e-01 
1.118964e+00 2.960994e-01 
1.121210e+00 2.960918e-01 
1.123490e+00 2.960841e-01 
1.125804e+00 2.960763e-01 
1.128154e+00 2.960683e-01 
1.130540e+00 2.960603e-01 
1.132963e+00 2.960521e-01 
1.135422e+00 2.960438e-01 
1.137920e+00 2.960353e-01 
1.140456e+00 2.960267e-01 
1.143032e+00 2.960180e-01 
1.145648e+00 2.960092e-01 
1.148305e+00 2.960002e-01 
1.151003e+00 2.959911e-01 
1.153744e+00 2.959818e-01 
1.156528e+00 2.959724e-01 
1.159356e+00 2.959629e-01 
1.057427e+00 2.970115e-01 
1.058822e+00 2.970074e-01 
1.060234e+00 2.970032e-01 
1.061663e+00 2.969990e-01 
1.063109e+00 2.969947e-01 
1.064573e+00 2.969904e-01 
1.066055e+00 2.969860e-01 
1.067555e+00 2.969816e-01 
1.069075e+00 2.969771e-01 
1.070614e+00 2.969725e-01 
1.072172e+00 2.969679e-01 
1.073751e+00 2.969632e-01 
1.075351e+00 2.969585e-01 
1.076972e+00 2.969537e-01 
1.078614e+00 2.969489e-01 
1.080278e+00 2.969439e-01 
1.081965e+00 2.969389e-01 
1.083675e+00 2.969339e-01 
1.085408e+00 2.969288e-01 
1.087166e+00 2.969236e-01 
1.088947e+00 2.969183e-01 
1.090754e+00 2.969129e-01 
1.092586e+00 2.969075e-01 
1.094444e+00 2.969020e-01 
1.096329e+00 2.968964e-01 
1.098240e+00 2.968908e-01 
1.100179e+00 2.968851e-01 
1.102147e+00 2.968792e-01 
1.104143e+00 2.968733e-01 
1.106168e+00 2.968673e-01 
1.108223e+00 2.968613e-01 
1.110308e+00 2.968551e-01 
1.112424e+00 2.968488e-01 
1.114572e+00 2.968425e-01 
1.116752e+00 2.968360e-01 
1.118964e+00 2.968295e-01 
1.121210e+00 2.968228e-01 
1.123490e+00 2.968161e-01 
1.125805e+00 2.968093e-01 
1.128155e+00 2.968023e-01 
1.130541e+00 2.967952e-01 
1.132963e+00 2.967881e-01 
1.135423e+00 2.967808e-01 
1.137920e+00 2.967734e-01 
1.140457e+00 2.967659e-01 
1.143033e+00 2.967583e-01 
1.145649e+00 2.967505e-01 
1.148305e+00 2.967427e-01 
1.151004e+00 2.967347e-01 
1.153745e+00 2.967266e-01 
1.156528e+00 2.967184e-01 
1.159356e+00 2.967100e-01 
1.057427e+00 2.977156e-01 
1.058822e+00 2.977121e-01 
1.060234e+00 2.977085e-01 
1.061663e+00 2.977049e-01 
1.063109e+00 2.977012e-01 
1.064573e+00 2.976975e-01 
1.066055e+00 2.976937e-01 
1.067556e+00 2.976899e-01 
1.069075e+00 2.976861e-01 
1.070614e+00 2.976822e-01 
1.072173e+00 2.976782e-01 
1.073752e+00 2.976742e-01 
1.075351e+00 2.976701e-01 
1.076972e+00 2.976660e-01 
1.078614e+00 2.976619e-01 
1.080279e+00 2.976577e-01 
1.081965e+00 2.976534e-01 
1.083675e+00 2.976490e-01 
1.085409e+00 2.976446e-01 
1.087166e+00 2.976402e-01 
1.088948e+00 2.976357e-01 
1.090754e+00 2.976311e-01 
1.092586e+00 2.976264e-01 
1.094444e+00 2.976217e-01 
1.096329e+00 2.976170e-01 
1.098241e+00 2.976121e-01 
1.100180e+00 2.976072e-01 
1.102147e+00 2.976022e-01 
1.104143e+00 2.975971e-01 
1.106168e+00 2.975920e-01 
1.108223e+00 2.975868e-01 
1.110308e+00 2.975815e-01 
1.112424e+00 2.975761e-01 
1.114572e+00 2.975707e-01 
1.116752e+00 2.975652e-01 
1.118965e+00 2.975596e-01 
1.121211e+00 2.975539e-01 
1.123491e+00 2.975481e-01 
1.125805e+00 2.975422e-01 
1.128155e+00 2.975363e-01 
1.130541e+00 2.975302e-01 
1.132963e+00 2.975241e-01 
1.135423e+00 2.975178e-01 
1.137921e+00 2.975115e-01 
1.140457e+00 2.975051e-01 
1.143033e+00 2.974985e-01 
1.145649e+00 2.974919e-01 
1.148306e+00 2.974852e-01 
1.151004e+00 2.974783e-01 
1.153745e+00 2.974714e-01 
1.156529e+00 2.974643e-01 
1.159357e+00 2.974571e-01 
1.057427e+00 2.984197e-01 
1.058823e+00 2.984167e-01 
1.060234e+00 2.984137e-01 
1.061663e+00 2.984107e-01 
1.063110e+00 2.984077e-01 
1.064573e+00 2.984046e-01 
1.066055e+00 2.984014e-01 
1.067556e+00 2.983983e-01 
1.069075e+00 2.983951e-01 
1.070614e+00 2.983918e-01 
1.072173e+00 2.983885e-01 
1.073752e+00 2.983852e-01 
1.075351e+00 2.983818e-01 
1.076972e+00 2.983784e-01 
1.078614e+00 2.983749e-01 
1.080279e+00 2.983714e-01 
1.081966e+00 2.983678e-01 
1.083676e+00 2.983642e-01 
1.085409e+00 2.983605e-01 
1.087166e+00 2.983568e-01 
1.088948e+00 2.983531e-01 
1.090755e+00 2.983492e-01 
1.092587e+00 2.983454e-01 
1.094445e+00 2.983414e-01 
1.096329e+00 2.983375e-01 
1.098241e+00 2.983334e-01 
1.100180e+00 2.983293e-01 
1.102147e+00 2.983252e-01 
1.104143e+00 2.983210e-01 
1.106169e+00 2.983167e-01 
1.108223e+00 2.983123e-01 
1.110309e+00 2.983079e-01 
1.112425e+00 2.983035e-01 
1.114573e+00 2.982989e-01 
1.116752e+00 2.982943e-01 
1.118965e+00 2.982896e-01 
1.121211e+00 2.982849e-01 
1.123491e+00 2.982801e-01 
1.125806e+00 2.982752e-01 
1.128156e+00 2.982702e-01 
1.130541e+00 2.982652e-01 
1.132964e+00 2.982601e-01 
1.135424e+00 2.982549e-01 
1.137921e+00 2.982496e-01 
1.140458e+00 2.982442e-01 
1.143034e+00 2.982388e-01 
1.145650e+00 2.982332e-01 
1.148306e+00 2.982276e-01 
1.151005e+00 2.982219e-01 
1.153745e+00 2.982161e-01 
1.156529e+00 2.982103e-01 
1.159357e+00 2.982043e-01 
1.057427e+00 2.991237e-01 
1.058823e+00 2.991214e-01 
1.060235e+00 2.991190e-01 
1.061664e+00 2.991166e-01 
1.063110e+00 2.991141e-01 
1.064574e+00 2.991117e-01 
1.066056e+00 2.991091e-01 
1.067556e+00 2.991066e-01 
1.069076e+00 2.991040e-01 
1.070615e+00 2.991014e-01 
1.072173e+00 2.990988e-01 
1.073752e+00 2.990961e-01 
1.075352e+00 2.990934e-01 
1.076972e+00 2.990907e-01 
1.078615e+00 2.990879e-01 
1.080279e+00 2.990851e-01 
1.081966e+00 2.990823e-01 
1.083676e+00 2.990794e-01 
1.085409e+00 2.990764e-01 
1.087166e+00 2.990735e-01 
1.088948e+00 2.990704e-01 
1.090755e+00 2.990674e-01 
1.092587e+00 2.990643e-01 
1.094445e+00 2.990612e-01 
1.096330e+00 2.990580e-01 
1.098241e+00 2.990547e-01 
1.100181e+00 2.990515e-01 
1.102148e+00 2.990481e-01 
1.104144e+00 2.990448e-01 
1.106169e+00 2.990413e-01 
1.108224e+00 2.990379e-01 
1.110309e+00 2.990343e-01 
1.112425e+00 2.990308e-01 
1.114573e+00 2.990271e-01 
1.116753e+00 2.990234e-01 
1.118965e+00 2.990197e-01 
1.121211e+00 2.990159e-01 
1.123491e+00 2.990121e-01 
1.125806e+00 2.990081e-01 
1.128156e+00 2.990042e-01 
1.130542e+00 2.990001e-01 
1.132964e+00 2.989960e-01 
1.135424e+00 2.989919e-01 
1.137922e+00 2.989877e-01 
1.140458e+00 2.989834e-01 
1.143034e+00 2.989790e-01 
1.145650e+00 2.989746e-01 
1.148307e+00 2.989701e-01 
1.151005e+00 2.989655e-01 
1.153746e+00 2.989609e-01 
1.156530e+00 2.989562e-01 
1.159358e+00 2.989514e-01 
1.057427e+00 2.998278e-01 
1.058823e+00 2.998260e-01 
1.060235e+00 2.998242e-01 
1.061664e+00 2.998224e-01 
1.063110e+00 2.998206e-01 
1.064574e+00 2.998187e-01 
1.066056e+00 2.998169e-01 
1.067557e+00 2.998150e-01 
1.069076e+00 2.998130e-01 
1.070615e+00 2.998111e-01 
1.072174e+00 2.998091e-01 
1.073752e+00 2.998071e-01 
1.075352e+00 2.998051e-01 
1.076973e+00 2.998030e-01 
1.078615e+00 2.998009e-01 
1.080279e+00 2.997988e-01 
1.081966e+00 2.997967e-01 
1.083676e+00 2.997945e-01 
1.085410e+00 2.997923e-01 
1.087167e+00 2.997901e-01 
1.088949e+00 2.997878e-01 
1.090755e+00 2.997855e-01 
1.092587e+00 2.997832e-01 
1.094445e+00 2.997809e-01 
1.096330e+00 2.997785e-01 
1.098242e+00 2.997761e-01 
1.100181e+00 2.997736e-01 
1.102148e+00 2.997711e-01 
1.104144e+00 2.997686e-01 
1.106169e+00 2.997660e-01 
1.108224e+00 2.997634e-01 
1.110309e+00 2.997608e-01 
1.112426e+00 2.997581e-01 
1.114573e+00 2.997553e-01 
1.116753e+00 2.997526e-01 
1.118966e+00 2.997498e-01 
1.121212e+00 2.997469e-01 
1.123492e+00 2.997440e-01 
1.125806e+00 2.997411e-01 
1.128156e+00 2.997381e-01 
1.130542e+00 2.997351e-01 
1.132965e+00 2.997320e-01 
1.135424e+00 2.997289e-01 
1.137922e+00 2.997257e-01 
1.140459e+00 2.997225e-01 
1.143034e+00 2.997193e-01 
1.145650e+00 2.997159e-01 
1.148307e+00 2.997126e-01 
1.151006e+00 2.997092e-01 
1.153746e+00 2.997057e-01 
1.156530e+00 2.997022e-01 
1.159358e+00 2.996986e-01 
1.057428e+00 3.005319e-01 
1.058823e+00 3.005307e-01 
1.060235e+00 3.005295e-01 
1.061664e+00 3.005283e-01 
1.063110e+00 3.005271e-01 
1.064574e+00 3.005258e-01 
1.066056e+00 3.005246e-01 
1.067557e+00 3.005233e-01 
1.069076e+00 3.005220e-01 
1.070615e+00 3.005207e-01 
1.072174e+00 3.005194e-01 
1.073753e+00 3.005181e-01 
1.075352e+00 3.005167e-01 
1.076973e+00 3.005153e-01 
1.078615e+00 3.005140e-01 
1.080280e+00 3.005126e-01 
1.081967e+00 3.005111e-01 
1.083676e+00 3.005097e-01 
1.085410e+00 3.005082e-01 
1.087167e+00 3.005067e-01 
1.088949e+00 3.005052e-01 
1.090756e+00 3.005037e-01 
1.092588e+00 3.005021e-01 
1.094446e+00 3.005006e-01 
1.096330e+00 3.004990e-01 
1.098242e+00 3.004974e-01 
1.100181e+00 3.004957e-01 
1.102149e+00 3.004941e-01 
1.104144e+00 3.004924e-01 
1.106170e+00 3.004907e-01 
1.108225e+00 3.004889e-01 
1.110310e+00 3.004872e-01 
1.112426e+00 3.004854e-01 
1.114574e+00 3.004836e-01 
1.116754e+00 3.004817e-01 
1.118966e+00 3.004799e-01 
1.121212e+00 3.004780e-01 
1.123492e+00 3.004760e-01 
1.125807e+00 3.004741e-01 
1.128157e+00 3.004721e-01 
1.130543e+00 3.004701e-01 
1.132965e+00 3.004680e-01 
1.135425e+00 3.004659e-01 
1.137923e+00 3.004638e-01 
1.140459e+00 3.004617e-01 
1.143035e+00 3.004595e-01 
1.145651e+00 3.004573e-01 
1.148308e+00 3.004551e-01 
1.151006e+00 3.004528e-01 
1.153747e+00 3.004505e-01 
1.156531e+00 3.004481e-01 
1.159358e+00 3.004457e-01 
1.057428e+00 3.012359e-01 
1.058823e+00 3.012353e-01 
1.060235e+00 3.012347e-01 
1.061664e+00 3.012341e-01 
1.063111e+00 3.012335e-01 
1.064574e+00 3.012329e-01 
1.066056e+00 3.012323e-01 
1.067557e+00 3.012317e-01 
1.069077e+00 3.012310e-01 
1.070615e+00 3.012304e-01 
1.072174e+00 3.012297e-01 
1.073753e+00 3.012290e-01 
1.075353e+00 3.012284e-01 
1.076973e+00 3.012277e-01 
1.078616e+00 3.012270e-01 
1.080280e+00 3.012263e-01 
1.081967e+00 3.012256e-01 
1.083677e+00 3.012248e-01 
1.085410e+00 3.012241e-01 
1.087167e+00 3.012234e-01 
1.088949e+00 3.012226e-01 
1.090756e+00 3.012218e-01 
1.092588e+00 3.012211e-01 
1.094446e+00 3.012203e-01 
1.096331e+00 3.012195e-01 
1.098242e+00 3.012187e-01 
1.100182e+00 3.012179e-01 
1.102149e+00 3.012170e-01 
1.104145e+00 3.012162e-01 
1.106170e+00 3.012153e-01 
1.108225e+00 3.012145e-01 
1.110310e+00 3.012136e-01 
1.112426e+00 3.012127e-01 
1.114574e+00 3.012118e-01 
1.116754e+00 3.012109e-01 
1.118967e+00 3.012099e-01 
1.121213e+00 3.012090e-01 
1.123493e+00 3.012080e-01 
1.125807e+00 3.012070e-01 
1.128157e+00 3.012060e-01 
1.130543e+00 3.012050e-01 
1.132966e+00 3.012040e-01 
1.135425e+00 3.012030e-01 
1.137923e+00 3.012019e-01 
1.140460e+00 3.012008e-01 
1.143035e+00 3.011998e-01 
1.145651e+00 3.011986e-01 
1.148308e+00 3.011975e-01 
1.151006e+00 3.011964e-01 
1.153747e+00 3.011952e-01 
1.156531e+00 3.011941e-01 
1.159359e+00 3.011929e-01 
1.057428e+00 3.019400e-01 
1.058824e+00 3.019400e-01 
1.060236e+00 3.019400e-01 
1.061665e+00 3.019400e-01 
1.063111e+00 3.019400e-01 
1.064575e+00 3.019400e-01 
1.066057e+00 3.019400e-01 
1.067557e+00 3.019400e-01 
1.069077e+00 3.019400e-01 
1.070616e+00 3.019400e-01 
1.072174e+00 3.019400e-01 
1.073753e+00 3.019400e-01 
1.075353e+00 3.019400e-01 
1.076974e+00 3.019400e-01 
1.078616e+00 3.019400e-01 
1.080280e+00 3.019400e-01 
1.081967e+00 3.019400e-01 
1.083677e+00 3.019400e-01 
1.085410e+00 3.019400e-01 
1.087168e+00 3.019400e-01 
1.088950e+00 3.019400e-01 
1.090756e+00 3.019400e-01 
1.092588e+00 3.019400e-01 
1.094447e+00 3.019400e-01 
1.096331e+00 3.019400e-01 
1.098243e+00 3.019400e-01 
1.100182e+00 3.019400e-01 
1.102149e+00 3.019400e-01 
1.104145e+00 3.019400e-01 
1.106170e+00 3.019400e-01 
1.108225e+00 3.019400e-01 
1.110311e+00 3.019400e-01 
1.112427e+00 3.019400e-01 
1.114575e+00 3.019400e-01 
1.116754e+00 3.019400e-01 
1.118967e+00 3.019400e-01 
1.121213e+00 3.019400e-01 
1.123493e+00 3.019400e-01 
1.125808e+00 3.019400e-01 
1.128158e+00 3.019400e-01 
1.130543e+00 3.019400e-01 
1.132966e+00 3.019400e-01 
1.135426e+00 3.019400e-01 
1.137923e+00 3.019400e-01 
1.140460e+00 3.019400e-01 
1.143036e+00 3.019400e-01 
1.145652e+00 3.019400e-01 
1.148309e+00 3.019400e-01 
1.151007e+00 3.019400e-01 
1.153748e+00 3.019400e-01 
1.156532e+00 3.019400e-01 
1.159359e+00 3.019400e-01 
BC
-1
-1
-1
-1
-1
-1
-1
-1
-1
-1
-1
-1
-1
-1
-1
-1
-1
-1
-1
-1
-1
-1
-1
-1
-1
-1
-1
-1
-1
-1
-1
-1
-1
-1
-1
-1
-1
-1
-1
-1
-1
-1
-1
-1
-1
-1
-1
-1
-1
-1
-1
-1
-1
-1
-1
-1
-1
-1
-1
-1
-1
-1
-1
-1
-1
-1
-1
-1
-1
-1
-1
-1
-1
-1
-1
4
4
4
4
4
4
4
4
4
4
4
4
4
4
4
4
4
4
4
4
4
4
4
4
4
4
4
4
4
4
4
4
4
4
4
4
4
4
4
4
4
4
4
4
4
4
4
4
4
4
4
-1
-1
-1
-1
-1
-1
-1
-1
-1
-1
-1
-1
-1
-1
-1
-1
-1
-1
-1
-1
-1
-1
-1
-1
