npartb: 4 2 
ipartb: 0 0 
ngrid: 52 27 
1.000000e+00 2.679500e-01 
1.001000e+00 2.679289e-01 
1.002000e+00 2.679077e-01 
1.003000e+00 2.678866e-01 
1.004002e+00 2.678654e-01 
1.005004e+00 2.678442e-01 
1.006008e+00 2.678230e-01 
1.007014e+00 2.678018e-01 
1.008022e+00 2.677805e-01 
1.009032e+00 2.677591e-01 
1.010044e+00 2.677377e-01 
1.011059e+00 2.677163e-01 
1.012078e+00 2.676948e-01 
1.013099e+00 2.676732e-01 
1.014125e+00 2.676515e-01 
1.015154e+00 2.676298e-01 
1.016188e+00 2.676079e-01 
1.017226e+00 2.675860e-01 
1.018269e+00 2.675639e-01 
1.019317e+00 2.675418e-01 
1.020371e+00 2.675195e-01 
1.021430e+00 2.674971e-01 
1.022495e+00 2.674746e-01 
1.023567e+00 2.674520e-01 
1.024645e+00 2.674292e-01 
1.025730e+00 2.674063e-01 
1.026822e+00 2.673832e-01 
1.027922e+00 2.673599e-01 
1.029030e+00 2.673365e-01 
1.030146e+00 2.673129e-01 
1.031270e+00 2.672892e-01 
1.032403e+00 2.672652e-01 
1.033545e+00 2.672411e-01 
1.034697e+00 2.672168e-01 
1.035858e+00 2.671922e-01 
1.037029e+00 2.671675e-01 
1.038211e+00 2.671425e-01 
1.039403e+00 2.671173e-01 
1.040607e+00 2.670919e-01 
1.041822e+00 2.670662e-01 
1.043048e+00 2.670403e-01 
1.044287e+00 2.670141e-01 
1.045538e+00 2.669877e-01 
1.046802e+00 2.669609e-01 
1.048079e+00 2.669340e-01 
1.049370e+00 2.669067e-01 
1.050674e+00 2.668791e-01 
1.051993e+00 2.668513e-01 
1.053326e+00 2.668231e-01 
1.054674e+00 2.667946e-01 
1.056037e+00 2.667658e-01 
1.057417e+00 2.667366e-01 
1.000000e+00 2.686298e-01 
1.001000e+00 2.686091e-01 
1.002000e+00 2.685884e-01 
1.003000e+00 2.685677e-01 
1.004002e+00 2.685469e-01 
1.005005e+00 2.685262e-01 
1.006009e+00 2.685054e-01 
1.007014e+00 2.684845e-01 
1.008022e+00 2.684637e-01 
1.009032e+00 2.684428e-01 
1.010044e+00 2.684218e-01 
1.011059e+00 2.684008e-01 
1.012078e+00 2.683797e-01 
1.013099e+00 2.683585e-01 
1.014125e+00 2.683373e-01 
1.015154e+00 2.683160e-01 
1.016188e+00 2.682946e-01 
1.017226e+00 2.682731e-01 
1.018269e+00 2.682515e-01 
1.019317e+00 2.682297e-01 
1.020371e+00 2.682079e-01 
1.021430e+00 2.681860e-01 
1.022495e+00 2.681639e-01 
1.023567e+00 2.681417e-01 
1.024645e+00 2.681194e-01 
1.025730e+00 2.680969e-01 
1.026822e+00 2.680743e-01 
1.027922e+00 2.680515e-01 
1.029030e+00 2.680286e-01 
1.030146e+00 2.680055e-01 
1.031270e+00 2.679822e-01 
1.032403e+00 2.679587e-01 
1.033545e+00 2.679351e-01 
1.034697e+00 2.679112e-01 
1.035858e+00 2.678872e-01 
1.037029e+00 2.678629e-01 
1.038211e+00 2.678385e-01 
1.039404e+00 2.678138e-01 
1.040607e+00 2.677888e-01 
1.041822e+00 2.677637e-01 
1.043049e+00 2.677383e-01 
1.044287e+00 2.677126e-01 
1.045538e+00 2.676867e-01 
1.046802e+00 2.676605e-01 
1.048079e+00 2.676341e-01 
1.049370e+00 2.676074e-01 
1.050674e+00 2.675803e-01 
1.051993e+00 2.675530e-01 
1.053326e+00 2.675254e-01 
1.054674e+00 2.674975e-01 
1.056038e+00 2.674693e-01 
1.057417e+00 2.674407e-01 
1.000000e+00 2.693096e-01 
1.001000e+00 2.692893e-01 
1.002000e+00 2.692690e-01 
1.003000e+00 2.692487e-01 
1.004002e+00 2.692284e-01 
1.005005e+00 2.692081e-01 
1.006009e+00 2.691877e-01 
1.007014e+00 2.691673e-01 
1.008022e+00 2.691469e-01 
1.009032e+00 2.691264e-01 
1.010044e+00 2.691058e-01 
1.011059e+00 2.690852e-01 
1.012078e+00 2.690646e-01 
1.013100e+00 2.690438e-01 
1.014125e+00 2.690230e-01 
1.015154e+00 2.690022e-01 
1.016188e+00 2.689812e-01 
1.017226e+00 2.689601e-01 
1.018269e+00 2.689390e-01 
1.019317e+00 2.689177e-01 
1.020371e+00 2.688963e-01 
1.021430e+00 2.688748e-01 
1.022495e+00 2.688532e-01 
1.023567e+00 2.688315e-01 
1.024645e+00 2.688096e-01 
1.025730e+00 2.687876e-01 
1.026823e+00 2.687654e-01 
1.027922e+00 2.687431e-01 
1.029030e+00 2.687207e-01 
1.030146e+00 2.686980e-01 
1.031270e+00 2.686752e-01 
1.032403e+00 2.686522e-01 
1.033545e+00 2.686291e-01 
1.034697e+00 2.686057e-01 
1.035858e+00 2.685821e-01 
1.037030e+00 2.685584e-01 
1.038211e+00 2.685344e-01 
1.039404e+00 2.685102e-01 
1.040607e+00 2.684858e-01 
1.041822e+00 2.684611e-01 
1.043049e+00 2.684363e-01 
1.044288e+00 2.684111e-01 
1.045539e+00 2.683858e-01 
1.046803e+00 2.683601e-01 
1.048080e+00 2.683342e-01 
1.049370e+00 2.683080e-01 
1.050675e+00 2.682816e-01 
1.051993e+00 2.682548e-01 
1.053326e+00 2.682278e-01 
1.054674e+00 2.682004e-01 
1.056038e+00 2.681728e-01 
1.057417e+00 2.681448e-01 
1.000000e+00 2.699894e-01 
1.001000e+00 2.699695e-01 
1.002000e+00 2.699497e-01 
1.003000e+00 2.699298e-01 
1.004002e+00 2.699099e-01 
1.005005e+00 2.698900e-01 
1.006009e+00 2.698700e-01 
1.007014e+00 2.698501e-01 
1.008022e+00 2.698301e-01 
1.009032e+00 2.698100e-01 
1.010044e+00 2.697899e-01 
1.011059e+00 2.697697e-01 
1.012078e+00 2.697495e-01 
1.013100e+00 2.697292e-01 
1.014125e+00 2.697088e-01 
1.015154e+00 2.696884e-01 
1.016188e+00 2.696678e-01 
1.017226e+00 2.696472e-01 
1.018269e+00 2.696265e-01 
1.019317e+00 2.696057e-01 
1.020371e+00 2.695847e-01 
1.021430e+00 2.695637e-01 
1.022495e+00 2.695425e-01 
1.023567e+00 2.695213e-01 
1.024645e+00 2.694998e-01 
1.025730e+00 2.694783e-01 
1.026823e+00 2.694566e-01 
1.027923e+00 2.694347e-01 
1.029030e+00 2.694127e-01 
1.030146e+00 2.693906e-01 
1.031270e+00 2.693682e-01 
1.032403e+00 2.693457e-01 
1.033546e+00 2.693230e-01 
1.034697e+00 2.693002e-01 
1.035858e+00 2.692771e-01 
1.037030e+00 2.692538e-01 
1.038211e+00 2.692304e-01 
1.039404e+00 2.692067e-01 
1.040607e+00 2.691828e-01 
1.041822e+00 2.691586e-01 
1.043049e+00 2.691343e-01 
1.044288e+00 2.691097e-01 
1.045539e+00 2.690848e-01 
1.046803e+00 2.690597e-01 
1.048080e+00 2.690343e-01 
1.049370e+00 2.690087e-01 
1.050675e+00 2.689828e-01 
1.051993e+00 2.689566e-01 
1.053326e+00 2.689301e-01 
1.054675e+00 2.689033e-01 
1.056038e+00 2.688762e-01 
1.057417e+00 2.688488e-01 
1.000000e+00 2.706692e-01 
1.001000e+00 2.706498e-01 
1.002000e+00 2.706303e-01 
1.003001e+00 2.706109e-01 
1.004002e+00 2.705914e-01 
1.005005e+00 2.705719e-01 
1.006009e+00 2.705524e-01 
1.007014e+00 2.705328e-01 
1.008022e+00 2.705132e-01 
1.009032e+00 2.704936e-01 
1.010044e+00 2.704739e-01 
1.011060e+00 2.704542e-01 
1.012078e+00 2.704344e-01 
1.013100e+00 2.704145e-01 
1.014125e+00 2.703946e-01 
1.015154e+00 2.703746e-01 
1.016188e+00 2.703545e-01 
1.017226e+00 2.703343e-01 
1.018269e+00 2.703140e-01 
1.019317e+00 2.702936e-01 
1.020371e+00 2.702732e-01 
1.021430e+00 2.702526e-01 
1.022496e+00 2.702319e-01 
1.023567e+00 2.702110e-01 
1.024645e+00 2.701901e-01 
1.025730e+00 2.701690e-01 
1.026823e+00 2.701477e-01 
1.027923e+00 2.701263e-01 
1.029030e+00 2.701048e-01 
1.030146e+00 2.700831e-01 
1.031270e+00 2.700613e-01 
1.032404e+00 2.700392e-01 
1.033546e+00 2.700170e-01 
1.034697e+00 2.699946e-01 
1.035859e+00 2.699721e-01 
1.037030e+00 2.699493e-01 
1.038212e+00 2.699263e-01 
1.039404e+00 2.699031e-01 
1.040608e+00 2.698797e-01 
1.041823e+00 2.698561e-01 
1.043049e+00 2.698323e-01 
1.044288e+00 2.698082e-01 
1.045539e+00 2.697838e-01 
1.046803e+00 2.697593e-01 
1.048080e+00 2.697344e-01 
1.049371e+00 2.697094e-01 
1.050675e+00 2.696840e-01 
1.051994e+00 2.696584e-01 
1.053327e+00 2.696324e-01 
1.054675e+00 2.696062e-01 
1.056038e+00 2.695797e-01 
1.057418e+00 2.695529e-01 
1.000000e+00 2.713490e-01 
1.001000e+00 2.713300e-01 
1.002000e+00 2.713110e-01 
1.003001e+00 2.712919e-01 
1.004002e+00 2.712729e-01 
1.005005e+00 2.712538e-01 
1.006009e+00 2.712347e-01 
1.007014e+00 2.712156e-01 
1.008022e+00 2.711964e-01 
1.009032e+00 2.711772e-01 
1.010044e+00 2.711580e-01 
1.011060e+00 2.711387e-01 
1.012078e+00 2.711193e-01 
1.013100e+00 2.710999e-01 
1.014125e+00 2.710804e-01 
1.015155e+00 2.710608e-01 
1.016188e+00 2.710411e-01 
1.017226e+00 2.710214e-01 
1.018269e+00 2.710015e-01 
1.019318e+00 2.709816e-01 
1.020371e+00 2.709616e-01 
1.021430e+00 2.709414e-01 
1.022496e+00 2.709212e-01 
1.023567e+00 2.709008e-01 
1.024645e+00 2.708803e-01 
1.025731e+00 2.708596e-01 
1.026823e+00 2.708389e-01 
1.027923e+00 2.708179e-01 
1.029030e+00 2.707969e-01 
1.030146e+00 2.707757e-01 
1.031271e+00 2.707543e-01 
1.032404e+00 2.707327e-01 
1.033546e+00 2.707110e-01 
1.034697e+00 2.706891e-01 
1.035859e+00 2.706670e-01 
1.037030e+00 2.706447e-01 
1.038212e+00 2.706223e-01 
1.039404e+00 2.705996e-01 
1.040608e+00 2.705767e-01 
1.041823e+00 2.705536e-01 
1.043049e+00 2.705302e-01 
1.044288e+00 2.705067e-01 
1.045539e+00 2.704829e-01 
1.046803e+00 2.704589e-01 
1.048080e+00 2.704346e-01 
1.049371e+00 2.704100e-01 
1.050675e+00 2.703852e-01 
1.051994e+00 2.703601e-01 
1.053327e+00 2.703348e-01 
1.054675e+00 2.703091e-01 
1.056039e+00 2.702832e-01 
1.057418e+00 2.702570e-01 
1.000000e+00 2.720288e-01 
1.001000e+00 2.720102e-01 
1.002000e+00 2.719916e-01 
1.003001e+00 2.719730e-01 
1.004002e+00 2.719544e-01 
1.005005e+00 2.719357e-01 
1.006009e+00 2.719171e-01 
1.007014e+00 2.718984e-01 
1.008022e+00 2.718796e-01 
1.009032e+00 2.718608e-01 
1.010044e+00 2.718420e-01 
1.011060e+00 2.718231e-01 
1.012078e+00 2.718042e-01 
1.013100e+00 2.717852e-01 
1.014125e+00 2.717661e-01 
1.015155e+00 2.717470e-01 
1.016188e+00 2.717278e-01 
1.017226e+00 2.717085e-01 
1.018269e+00 2.716891e-01 
1.019318e+00 2.716696e-01 
1.020371e+00 2.716500e-01 
1.021430e+00 2.716303e-01 
1.022496e+00 2.716105e-01 
1.023567e+00 2.715905e-01 
1.024646e+00 2.715705e-01 
1.025731e+00 2.715503e-01 
1.026823e+00 2.715300e-01 
1.027923e+00 2.715095e-01 
1.029031e+00 2.714889e-01 
1.030146e+00 2.714682e-01 
1.031271e+00 2.714473e-01 
1.032404e+00 2.714262e-01 
1.033546e+00 2.714050e-01 
1.034698e+00 2.713836e-01 
1.035859e+00 2.713620e-01 
1.037030e+00 2.713402e-01 
1.038212e+00 2.713182e-01 
1.039404e+00 2.712960e-01 
1.040608e+00 2.712736e-01 
1.041823e+00 2.712511e-01 
1.043050e+00 2.712282e-01 
1.044288e+00 2.712052e-01 
1.045539e+00 2.711819e-01 
1.046803e+00 2.711584e-01 
1.048080e+00 2.711347e-01 
1.049371e+00 2.711107e-01 
1.050675e+00 2.710864e-01 
1.051994e+00 2.710619e-01 
1.053327e+00 2.710371e-01 
1.054675e+00 2.710120e-01 
1.056039e+00 2.709867e-01 
1.057418e+00 2.709610e-01 
1.000000e+00 2.727086e-01 
1.001000e+00 2.726904e-01 
1.002000e+00 2.726723e-01 
1.003001e+00 2.726541e-01 
1.004002e+00 2.726359e-01 
1.005005e+00 2.726176e-01 
1.006009e+00 2.725994e-01 
1.007014e+00 2.725811e-01 
1.008022e+00 2.725628e-01 
1.009032e+00 2.725445e-01 
1.010044e+00 2.725261e-01 
1.011060e+00 2.725076e-01 
1.012078e+00 2.724891e-01 
1.013100e+00 2.724705e-01 
1.014125e+00 2.724519e-01 
1.015155e+00 2.724332e-01 
1.016188e+00 2.724144e-01 
1.017227e+00 2.723955e-01 
1.018270e+00 2.723766e-01 
1.019318e+00 2.723575e-01 
1.020371e+00 2.723384e-01 
1.021431e+00 2.723191e-01 
1.022496e+00 2.722998e-01 
1.023567e+00 2.722803e-01 
1.024646e+00 2.722607e-01 
1.025731e+00 2.722410e-01 
1.026823e+00 2.722211e-01 
1.027923e+00 2.722011e-01 
1.029031e+00 2.721810e-01 
1.030147e+00 2.721607e-01 
1.031271e+00 2.721403e-01 
1.032404e+00 2.721197e-01 
1.033546e+00 2.720990e-01 
1.034698e+00 2.720780e-01 
1.035859e+00 2.720569e-01 
1.037030e+00 2.720356e-01 
1.038212e+00 2.720142e-01 
1.039405e+00 2.719925e-01 
1.040608e+00 2.719706e-01 
1.041823e+00 2.719485e-01 
1.043050e+00 2.719262e-01 
1.044288e+00 2.719037e-01 
1.045540e+00 2.718810e-01 
1.046804e+00 2.718580e-01 
1.048081e+00 2.718348e-01 
1.049371e+00 2.718114e-01 
1.050676e+00 2.717876e-01 
1.051994e+00 2.717637e-01 
1.053327e+00 2.717395e-01 
1.054676e+00 2.717150e-01 
1.056039e+00 2.716902e-01 
1.057418e+00 2.716651e-01 
1.000000e+00 2.733884e-01 
1.001000e+00 2.733707e-01 
1.002000e+00 2.733529e-01 
1.003001e+00 2.733351e-01 
1.004002e+00 2.733174e-01 
1.005005e+00 2.732996e-01 
1.006009e+00 2.732817e-01 
1.007014e+00 2.732639e-01 
1.008022e+00 2.732460e-01 
1.009032e+00 2.732281e-01 
1.010044e+00 2.732101e-01 
1.011060e+00 2.731921e-01 
1.012078e+00 2.731740e-01 
1.013100e+00 2.731559e-01 
1.014125e+00 2.731377e-01 
1.015155e+00 2.731194e-01 
1.016188e+00 2.731010e-01 
1.017227e+00 2.730826e-01 
1.018270e+00 2.730641e-01 
1.019318e+00 2.730455e-01 
1.020371e+00 2.730268e-01 
1.021431e+00 2.730080e-01 
1.022496e+00 2.729891e-01 
1.023568e+00 2.729701e-01 
1.024646e+00 2.729509e-01 
1.025731e+00 2.729317e-01 
1.026823e+00 2.729123e-01 
1.027923e+00 2.728927e-01 
1.029031e+00 2.728731e-01 
1.030147e+00 2.728533e-01 
1.031271e+00 2.728333e-01 
1.032404e+00 2.728132e-01 
1.033546e+00 2.727929e-01 
1.034698e+00 2.727725e-01 
1.035859e+00 2.727519e-01 
1.037031e+00 2.727311e-01 
1.038212e+00 2.727101e-01 
1.039405e+00 2.726889e-01 
1.040608e+00 2.726676e-01 
1.041823e+00 2.726460e-01 
1.043050e+00 2.726242e-01 
1.044289e+00 2.726022e-01 
1.045540e+00 2.725800e-01 
1.046804e+00 2.725576e-01 
1.048081e+00 2.725349e-01 
1.049371e+00 2.725120e-01 
1.050676e+00 2.724889e-01 
1.051994e+00 2.724655e-01 
1.053328e+00 2.724418e-01 
1.054676e+00 2.724179e-01 
1.056039e+00 2.723937e-01 
1.057418e+00 2.723692e-01 
1.000000e+00 2.740682e-01 
1.001000e+00 2.740509e-01 
1.002000e+00 2.740335e-01 
1.003001e+00 2.740162e-01 
1.004002e+00 2.739989e-01 
1.005005e+00 2.739815e-01 
1.006009e+00 2.739641e-01 
1.007014e+00 2.739467e-01 
1.008022e+00 2.739292e-01 
1.009032e+00 2.739117e-01 
1.010045e+00 2.738941e-01 
1.011060e+00 2.738766e-01 
1.012078e+00 2.738589e-01 
1.013100e+00 2.738412e-01 
1.014125e+00 2.738234e-01 
1.015155e+00 2.738056e-01 
1.016188e+00 2.737877e-01 
1.017227e+00 2.737697e-01 
1.018270e+00 2.737516e-01 
1.019318e+00 2.737335e-01 
1.020371e+00 2.737152e-01 
1.021431e+00 2.736968e-01 
1.022496e+00 2.736784e-01 
1.023568e+00 2.736598e-01 
1.024646e+00 2.736411e-01 
1.025731e+00 2.736223e-01 
1.026823e+00 2.736034e-01 
1.027923e+00 2.735843e-01 
1.029031e+00 2.735652e-01 
1.030147e+00 2.735458e-01 
1.031271e+00 2.735263e-01 
1.032404e+00 2.735067e-01 
1.033546e+00 2.734869e-01 
1.034698e+00 2.734670e-01 
1.035859e+00 2.734468e-01 
1.037031e+00 2.734265e-01 
1.038212e+00 2.734061e-01 
1.039405e+00 2.733854e-01 
1.040608e+00 2.733645e-01 
1.041823e+00 2.733435e-01 
1.043050e+00 2.733222e-01 
1.044289e+00 2.733008e-01 
1.045540e+00 2.732791e-01 
1.046804e+00 2.732572e-01 
1.048081e+00 2.732350e-01 
1.049372e+00 2.732127e-01 
1.050676e+00 2.731901e-01 
1.051995e+00 2.731672e-01 
1.053328e+00 2.731441e-01 
1.054676e+00 2.731208e-01 
1.056039e+00 2.730971e-01 
1.057419e+00 2.730732e-01 
1.000000e+00 2.747480e-01 
1.001000e+00 2.747311e-01 
1.002000e+00 2.747142e-01 
1.003001e+00 2.746973e-01 
1.004002e+00 2.746803e-01 
1.005005e+00 2.746634e-01 
1.006009e+00 2.746464e-01 
1.007014e+00 2.746294e-01 
1.008022e+00 2.746124e-01 
1.009032e+00 2.745953e-01 
1.010045e+00 2.745782e-01 
1.011060e+00 2.745610e-01 
1.012078e+00 2.745438e-01 
1.013100e+00 2.745265e-01 
1.014125e+00 2.745092e-01 
1.015155e+00 2.744918e-01 
1.016189e+00 2.744743e-01 
1.017227e+00 2.744568e-01 
1.018270e+00 2.744391e-01 
1.019318e+00 2.744214e-01 
1.020372e+00 2.744036e-01 
1.021431e+00 2.743857e-01 
1.022496e+00 2.743677e-01 
1.023568e+00 2.743496e-01 
1.024646e+00 2.743314e-01 
1.025731e+00 2.743130e-01 
1.026823e+00 2.742945e-01 
1.027923e+00 2.742759e-01 
1.029031e+00 2.742572e-01 
1.030147e+00 2.742384e-01 
1.031271e+00 2.742193e-01 
1.032404e+00 2.742002e-01 
1.033547e+00 2.741809e-01 
1.034698e+00 2.741614e-01 
1.035859e+00 2.741418e-01 
1.037031e+00 2.741220e-01 
1.038213e+00 2.741020e-01 
1.039405e+00 2.740818e-01 
1.040609e+00 2.740615e-01 
1.041824e+00 2.740410e-01 
1.043050e+00 2.740202e-01 
1.044289e+00 2.739993e-01 
1.045540e+00 2.739781e-01 
1.046804e+00 2.739568e-01 
1.048081e+00 2.739352e-01 
1.049372e+00 2.739134e-01 
1.050676e+00 2.738913e-01 
1.051995e+00 2.738690e-01 
1.053328e+00 2.738465e-01 
1.054676e+00 2.738237e-01 
1.056040e+00 2.738006e-01 
1.057419e+00 2.737773e-01 
1.000000e+00 2.754278e-01 
1.001000e+00 2.754113e-01 
1.002000e+00 2.753948e-01 
1.003001e+00 2.753783e-01 
1.004002e+00 2.753618e-01 
1.005005e+00 2.753453e-01 
1.006009e+00 2.753288e-01 
1.007014e+00 2.753122e-01 
1.008022e+00 2.752956e-01 
1.009032e+00 2.752789e-01 
1.010045e+00 2.752622e-01 
1.011060e+00 2.752455e-01 
1.012078e+00 2.752287e-01 
1.013100e+00 2.752119e-01 
1.014126e+00 2.751950e-01 
1.015155e+00 2.751780e-01 
1.016189e+00 2.751610e-01 
1.017227e+00 2.751439e-01 
1.018270e+00 2.751267e-01 
1.019318e+00 2.751094e-01 
1.020372e+00 2.750920e-01 
1.021431e+00 2.750746e-01 
1.022496e+00 2.750570e-01 
1.023568e+00 2.750393e-01 
1.024646e+00 2.750216e-01 
1.025731e+00 2.750037e-01 
1.026824e+00 2.749857e-01 
1.027923e+00 2.749675e-01 
1.029031e+00 2.749493e-01 
1.030147e+00 2.749309e-01 
1.031271e+00 2.749124e-01 
1.032405e+00 2.748937e-01 
1.033547e+00 2.748749e-01 
1.034698e+00 2.748559e-01 
1.035860e+00 2.748367e-01 
1.037031e+00 2.748174e-01 
1.038213e+00 2.747980e-01 
1.039405e+00 2.747783e-01 
1.040609e+00 2.747585e-01 
1.041824e+00 2.747384e-01 
1.043050e+00 2.747182e-01 
1.044289e+00 2.746978e-01 
1.045540e+00 2.746772e-01 
1.046804e+00 2.746563e-01 
1.048081e+00 2.746353e-01 
1.049372e+00 2.746140e-01 
1.050676e+00 2.745925e-01 
1.051995e+00 2.745708e-01 
1.053328e+00 2.745488e-01 
1.054676e+00 2.745266e-01 
1.056040e+00 2.745041e-01 
1.057419e+00 2.744814e-01 
1.000000e+00 2.761076e-01 
1.001000e+00 2.760915e-01 
1.002000e+00 2.760755e-01 
1.003001e+00 2.760594e-01 
1.004002e+00 2.760433e-01 
1.005005e+00 2.760272e-01 
1.006009e+00 2.760111e-01 
1.007015e+00 2.759949e-01 
1.008022e+00 2.759788e-01 
1.009032e+00 2.759625e-01 
1.010045e+00 2.759463e-01 
1.011060e+00 2.759300e-01 
1.012078e+00 2.759136e-01 
1.013100e+00 2.758972e-01 
1.014126e+00 2.758807e-01 
1.015155e+00 2.758642e-01 
1.016189e+00 2.758476e-01 
1.017227e+00 2.758309e-01 
1.018270e+00 2.758142e-01 
1.019318e+00 2.757974e-01 
1.020372e+00 2.757804e-01 
1.021431e+00 2.757634e-01 
1.022496e+00 2.757463e-01 
1.023568e+00 2.757291e-01 
1.024646e+00 2.757118e-01 
1.025731e+00 2.756944e-01 
1.026824e+00 2.756768e-01 
1.027924e+00 2.756591e-01 
1.029031e+00 2.756414e-01 
1.030147e+00 2.756234e-01 
1.031272e+00 2.756054e-01 
1.032405e+00 2.755872e-01 
1.033547e+00 2.755688e-01 
1.034698e+00 2.755503e-01 
1.035860e+00 2.755317e-01 
1.037031e+00 2.755129e-01 
1.038213e+00 2.754939e-01 
1.039405e+00 2.754748e-01 
1.040609e+00 2.754554e-01 
1.041824e+00 2.754359e-01 
1.043051e+00 2.754162e-01 
1.044289e+00 2.753963e-01 
1.045541e+00 2.753762e-01 
1.046805e+00 2.753559e-01 
1.048082e+00 2.753354e-01 
1.049372e+00 2.753147e-01 
1.050677e+00 2.752937e-01 
1.051995e+00 2.752726e-01 
1.053328e+00 2.752511e-01 
1.054677e+00 2.752295e-01 
1.056040e+00 2.752076e-01 
1.057419e+00 2.751854e-01 
1.000000e+00 2.767874e-01 
1.001000e+00 2.767718e-01 
1.002000e+00 2.767561e-01 
1.003001e+00 2.767405e-01 
1.004002e+00 2.767248e-01 
1.005005e+00 2.767091e-01 
1.006009e+00 2.766934e-01 
1.007015e+00 2.766777e-01 
1.008022e+00 2.766620e-01 
1.009032e+00 2.766462e-01 
1.010045e+00 2.766303e-01 
1.011060e+00 2.766145e-01 
1.012078e+00 2.765985e-01 
1.013100e+00 2.765825e-01 
1.014126e+00 2.765665e-01 
1.015155e+00 2.765504e-01 
1.016189e+00 2.765343e-01 
1.017227e+00 2.765180e-01 
1.018270e+00 2.765017e-01 
1.019318e+00 2.764853e-01 
1.020372e+00 2.764688e-01 
1.021431e+00 2.764523e-01 
1.022496e+00 2.764356e-01 
1.023568e+00 2.764189e-01 
1.024646e+00 2.764020e-01 
1.025731e+00 2.763850e-01 
1.026824e+00 2.763679e-01 
1.027924e+00 2.763508e-01 
1.029031e+00 2.763334e-01 
1.030147e+00 2.763160e-01 
1.031272e+00 2.762984e-01 
1.032405e+00 2.762807e-01 
1.033547e+00 2.762628e-01 
1.034699e+00 2.762448e-01 
1.035860e+00 2.762267e-01 
1.037031e+00 2.762083e-01 
1.038213e+00 2.761899e-01 
1.039406e+00 2.761712e-01 
1.040609e+00 2.761524e-01 
1.041824e+00 2.761334e-01 
1.043051e+00 2.761142e-01 
1.044290e+00 2.760948e-01 
1.045541e+00 2.760753e-01 
1.046805e+00 2.760555e-01 
1.048082e+00 2.760355e-01 
1.049372e+00 2.760154e-01 
1.050677e+00 2.759950e-01 
1.051995e+00 2.759743e-01 
1.053329e+00 2.759535e-01 
1.054677e+00 2.759324e-01 
1.056040e+00 2.759111e-01 
1.057420e+00 2.758895e-01 
1.000000e+00 2.774672e-01 
1.001000e+00 2.774520e-01 
1.002000e+00 2.774368e-01 
1.003001e+00 2.774215e-01 
1.004002e+00 2.774063e-01 
1.005005e+00 2.773911e-01 
1.006009e+00 2.773758e-01 
1.007015e+00 2.773605e-01 
1.008022e+00 2.773451e-01 
1.009032e+00 2.773298e-01 
1.010045e+00 2.773144e-01 
1.011060e+00 2.772989e-01 
1.012078e+00 2.772834e-01 
1.013100e+00 2.772679e-01 
1.014126e+00 2.772523e-01 
1.015155e+00 2.772366e-01 
1.016189e+00 2.772209e-01 
1.017227e+00 2.772051e-01 
1.018270e+00 2.771892e-01 
1.019318e+00 2.771733e-01 
1.020372e+00 2.771573e-01 
1.021431e+00 2.771411e-01 
1.022497e+00 2.771249e-01 
1.023568e+00 2.771086e-01 
1.024646e+00 2.770922e-01 
1.025732e+00 2.770757e-01 
1.026824e+00 2.770591e-01 
1.027924e+00 2.770424e-01 
1.029032e+00 2.770255e-01 
1.030147e+00 2.770085e-01 
1.031272e+00 2.769914e-01 
1.032405e+00 2.769742e-01 
1.033547e+00 2.769568e-01 
1.034699e+00 2.769393e-01 
1.035860e+00 2.769216e-01 
1.037031e+00 2.769038e-01 
1.038213e+00 2.768858e-01 
1.039406e+00 2.768677e-01 
1.040609e+00 2.768493e-01 
1.041824e+00 2.768309e-01 
1.043051e+00 2.768122e-01 
1.044290e+00 2.767934e-01 
1.045541e+00 2.767743e-01 
1.046805e+00 2.767551e-01 
1.048082e+00 2.767357e-01 
1.049373e+00 2.767160e-01 
1.050677e+00 2.766962e-01 
1.051996e+00 2.766761e-01 
1.053329e+00 2.766558e-01 
1.054677e+00 2.766353e-01 
1.056041e+00 2.766146e-01 
1.057420e+00 2.765936e-01 
1.000000e+00 2.781470e-01 
1.001000e+00 2.781322e-01 
1.002000e+00 2.781174e-01 
1.003001e+00 2.781026e-01 
1.004002e+00 2.780878e-01 
1.005005e+00 2.780730e-01 
1.006009e+00 2.780581e-01 
1.007015e+00 2.780432e-01 
1.008022e+00 2.780283e-01 
1.009032e+00 2.780134e-01 
1.010045e+00 2.779984e-01 
1.011060e+00 2.779834e-01 
1.012078e+00 2.779683e-01 
1.013100e+00 2.779532e-01 
1.014126e+00 2.779381e-01 
1.015155e+00 2.779228e-01 
1.016189e+00 2.779075e-01 
1.017227e+00 2.778922e-01 
1.018270e+00 2.778768e-01 
1.019318e+00 2.778612e-01 
1.020372e+00 2.778457e-01 
1.021431e+00 2.778300e-01 
1.022497e+00 2.778142e-01 
1.023568e+00 2.777984e-01 
1.024647e+00 2.777824e-01 
1.025732e+00 2.777664e-01 
1.026824e+00 2.777502e-01 
1.027924e+00 2.777340e-01 
1.029032e+00 2.777176e-01 
1.030148e+00 2.777011e-01 
1.031272e+00 2.776844e-01 
1.032405e+00 2.776677e-01 
1.033547e+00 2.776508e-01 
1.034699e+00 2.776337e-01 
1.035860e+00 2.776166e-01 
1.037032e+00 2.775992e-01 
1.038213e+00 2.775818e-01 
1.039406e+00 2.775641e-01 
1.040610e+00 2.775463e-01 
1.041824e+00 2.775283e-01 
1.043051e+00 2.775102e-01 
1.044290e+00 2.774919e-01 
1.045541e+00 2.774734e-01 
1.046805e+00 2.774547e-01 
1.048082e+00 2.774358e-01 
1.049373e+00 2.774167e-01 
1.050677e+00 2.773974e-01 
1.051996e+00 2.773779e-01 
1.053329e+00 2.773582e-01 
1.054677e+00 2.773382e-01 
1.056041e+00 2.773180e-01 
1.057420e+00 2.772976e-01 
1.000000e+00 2.788268e-01 
1.001000e+00 2.788124e-01 
1.002000e+00 2.787981e-01 
1.003001e+00 2.787837e-01 
1.004002e+00 2.787693e-01 
1.005005e+00 2.787549e-01 
1.006009e+00 2.787405e-01 
1.007015e+00 2.787260e-01 
1.008022e+00 2.787115e-01 
1.009032e+00 2.786970e-01 
1.010045e+00 2.786825e-01 
1.011060e+00 2.786679e-01 
1.012079e+00 2.786532e-01 
1.013100e+00 2.786386e-01 
1.014126e+00 2.786238e-01 
1.015155e+00 2.786090e-01 
1.016189e+00 2.785942e-01 
1.017227e+00 2.785793e-01 
1.018270e+00 2.785643e-01 
1.019318e+00 2.785492e-01 
1.020372e+00 2.785341e-01 
1.021431e+00 2.785188e-01 
1.022497e+00 2.785035e-01 
1.023568e+00 2.784881e-01 
1.024647e+00 2.784726e-01 
1.025732e+00 2.784571e-01 
1.026824e+00 2.784414e-01 
1.027924e+00 2.784256e-01 
1.029032e+00 2.784096e-01 
1.030148e+00 2.783936e-01 
1.031272e+00 2.783774e-01 
1.032405e+00 2.783612e-01 
1.033547e+00 2.783448e-01 
1.034699e+00 2.783282e-01 
1.035860e+00 2.783115e-01 
1.037032e+00 2.782947e-01 
1.038214e+00 2.782777e-01 
1.039406e+00 2.782606e-01 
1.040610e+00 2.782433e-01 
1.041825e+00 2.782258e-01 
1.043051e+00 2.782082e-01 
1.044290e+00 2.781904e-01 
1.045541e+00 2.781724e-01 
1.046805e+00 2.781542e-01 
1.048082e+00 2.781359e-01 
1.049373e+00 2.781173e-01 
1.050677e+00 2.780986e-01 
1.051996e+00 2.780797e-01 
1.053329e+00 2.780605e-01 
1.054678e+00 2.780411e-01 
1.056041e+00 2.780215e-01 
1.057420e+00 2.780017e-01 
1.000000e+00 2.795066e-01 
1.001000e+00 2.794927e-01 
1.002000e+00 2.794787e-01 
1.003001e+00 2.794648e-01 
1.004002e+00 2.794508e-01 
1.005005e+00 2.794368e-01 
1.006009e+00 2.794228e-01 
1.007015e+00 2.794088e-01 
1.008022e+00 2.793947e-01 
1.009032e+00 2.793806e-01 
1.010045e+00 2.793665e-01 
1.011060e+00 2.793523e-01 
1.012079e+00 2.793381e-01 
1.013100e+00 2.793239e-01 
1.014126e+00 2.793096e-01 
1.015155e+00 2.792952e-01 
1.016189e+00 2.792808e-01 
1.017227e+00 2.792663e-01 
1.018270e+00 2.792518e-01 
1.019319e+00 2.792372e-01 
1.020372e+00 2.792225e-01 
1.021431e+00 2.792077e-01 
1.022497e+00 2.791928e-01 
1.023568e+00 2.791779e-01 
1.024647e+00 2.791629e-01 
1.025732e+00 2.791477e-01 
1.026824e+00 2.791325e-01 
1.027924e+00 2.791172e-01 
1.029032e+00 2.791017e-01 
1.030148e+00 2.790861e-01 
1.031272e+00 2.790705e-01 
1.032405e+00 2.790547e-01 
1.033548e+00 2.790387e-01 
1.034699e+00 2.790227e-01 
1.035861e+00 2.790065e-01 
1.037032e+00 2.789901e-01 
1.038214e+00 2.789737e-01 
1.039406e+00 2.789570e-01 
1.040610e+00 2.789402e-01 
1.041825e+00 2.789233e-01 
1.043052e+00 2.789062e-01 
1.044290e+00 2.788889e-01 
1.045542e+00 2.788715e-01 
1.046805e+00 2.788538e-01 
1.048083e+00 2.788360e-01 
1.049373e+00 2.788180e-01 
1.050678e+00 2.787998e-01 
1.051996e+00 2.787814e-01 
1.053330e+00 2.787628e-01 
1.054678e+00 2.787440e-01 
1.056041e+00 2.787250e-01 
1.057421e+00 2.787058e-01 
1.000000e+00 2.801864e-01 
1.001000e+00 2.801729e-01 
1.002000e+00 2.801594e-01 
1.003001e+00 2.801458e-01 
1.004002e+00 2.801323e-01 
1.005005e+00 2.801187e-01 
1.006009e+00 2.801051e-01 
1.007015e+00 2.800915e-01 
1.008022e+00 2.800779e-01 
1.009032e+00 2.800642e-01 
1.010045e+00 2.800506e-01 
1.011060e+00 2.800368e-01 
1.012079e+00 2.800231e-01 
1.013100e+00 2.800092e-01 
1.014126e+00 2.799954e-01 
1.015155e+00 2.799814e-01 
1.016189e+00 2.799675e-01 
1.017227e+00 2.799534e-01 
1.018270e+00 2.799393e-01 
1.019319e+00 2.799251e-01 
1.020372e+00 2.799109e-01 
1.021432e+00 2.798966e-01 
1.022497e+00 2.798822e-01 
1.023569e+00 2.798677e-01 
1.024647e+00 2.798531e-01 
1.025732e+00 2.798384e-01 
1.026824e+00 2.798236e-01 
1.027924e+00 2.798088e-01 
1.029032e+00 2.797938e-01 
1.030148e+00 2.797787e-01 
1.031272e+00 2.797635e-01 
1.032405e+00 2.797482e-01 
1.033548e+00 2.797327e-01 
1.034699e+00 2.797171e-01 
1.035861e+00 2.797014e-01 
1.037032e+00 2.796856e-01 
1.038214e+00 2.796696e-01 
1.039406e+00 2.796535e-01 
1.040610e+00 2.796372e-01 
1.041825e+00 2.796208e-01 
1.043052e+00 2.796042e-01 
1.044290e+00 2.795874e-01 
1.045542e+00 2.795705e-01 
1.046806e+00 2.795534e-01 
1.048083e+00 2.795361e-01 
1.049373e+00 2.795187e-01 
1.050678e+00 2.795010e-01 
1.051996e+00 2.794832e-01 
1.053330e+00 2.794652e-01 
1.054678e+00 2.794469e-01 
1.056041e+00 2.794285e-01 
1.057421e+00 2.794098e-01 
1.000000e+00 2.808662e-01 
1.001000e+00 2.808531e-01 
1.002000e+00 2.808400e-01 
1.003001e+00 2.808269e-01 
1.004002e+00 2.808138e-01 
1.005005e+00 2.808006e-01 
1.006009e+00 2.807875e-01 
1.007015e+00 2.807743e-01 
1.008022e+00 2.807611e-01 
1.009032e+00 2.807479e-01 
1.010045e+00 2.807346e-01 
1.011060e+00 2.807213e-01 
1.012079e+00 2.807080e-01 
1.013101e+00 2.806946e-01 
1.014126e+00 2.806811e-01 
1.015155e+00 2.806676e-01 
1.016189e+00 2.806541e-01 
1.017227e+00 2.806405e-01 
1.018271e+00 2.806268e-01 
1.019319e+00 2.806131e-01 
1.020372e+00 2.805993e-01 
1.021432e+00 2.805854e-01 
1.022497e+00 2.805715e-01 
1.023569e+00 2.805574e-01 
1.024647e+00 2.805433e-01 
1.025732e+00 2.805291e-01 
1.026825e+00 2.805148e-01 
1.027924e+00 2.805004e-01 
1.029032e+00 2.804858e-01 
1.030148e+00 2.804712e-01 
1.031272e+00 2.804565e-01 
1.032406e+00 2.804417e-01 
1.033548e+00 2.804267e-01 
1.034699e+00 2.804116e-01 
1.035861e+00 2.803964e-01 
1.037032e+00 2.803810e-01 
1.038214e+00 2.803656e-01 
1.039407e+00 2.803499e-01 
1.040610e+00 2.803342e-01 
1.041825e+00 2.803182e-01 
1.043052e+00 2.803022e-01 
1.044291e+00 2.802859e-01 
1.045542e+00 2.802695e-01 
1.046806e+00 2.802530e-01 
1.048083e+00 2.802363e-01 
1.049374e+00 2.802193e-01 
1.050678e+00 2.802023e-01 
1.051997e+00 2.801850e-01 
1.053330e+00 2.801675e-01 
1.054678e+00 2.801499e-01 
1.056042e+00 2.801320e-01 
1.057421e+00 2.801139e-01 
1.000000e+00 2.815460e-01 
1.001000e+00 2.815333e-01 
1.002000e+00 2.815206e-01 
1.003001e+00 2.815080e-01 
1.004002e+00 2.814953e-01 
1.005005e+00 2.814825e-01 
1.006009e+00 2.814698e-01 
1.007015e+00 2.814571e-01 
1.008023e+00 2.814443e-01 
1.009032e+00 2.814315e-01 
1.010045e+00 2.814186e-01 
1.011060e+00 2.814058e-01 
1.012079e+00 2.813929e-01 
1.013101e+00 2.813799e-01 
1.014126e+00 2.813669e-01 
1.015156e+00 2.813539e-01 
1.016189e+00 2.813407e-01 
1.017228e+00 2.813276e-01 
1.018271e+00 2.813144e-01 
1.019319e+00 2.813011e-01 
1.020372e+00 2.812877e-01 
1.021432e+00 2.812743e-01 
1.022497e+00 2.812608e-01 
1.023569e+00 2.812472e-01 
1.024647e+00 2.812335e-01 
1.025732e+00 2.812198e-01 
1.026825e+00 2.812059e-01 
1.027925e+00 2.811920e-01 
1.029032e+00 2.811779e-01 
1.030148e+00 2.811638e-01 
1.031273e+00 2.811495e-01 
1.032406e+00 2.811351e-01 
1.033548e+00 2.811207e-01 
1.034700e+00 2.811061e-01 
1.035861e+00 2.810913e-01 
1.037032e+00 2.810765e-01 
1.038214e+00 2.810615e-01 
1.039407e+00 2.810464e-01 
1.040610e+00 2.810311e-01 
1.041825e+00 2.810157e-01 
1.043052e+00 2.810002e-01 
1.044291e+00 2.809845e-01 
1.045542e+00 2.809686e-01 
1.046806e+00 2.809526e-01 
1.048083e+00 2.809364e-01 
1.049374e+00 2.809200e-01 
1.050678e+00 2.809035e-01 
1.051997e+00 2.808868e-01 
1.053330e+00 2.808699e-01 
1.054678e+00 2.808528e-01 
1.056042e+00 2.808355e-01 
1.057421e+00 2.808180e-01 
1.000000e+00 2.822258e-01 
1.001000e+00 2.822135e-01 
1.002000e+00 2.822013e-01 
1.003001e+00 2.821890e-01 
1.004002e+00 2.821767e-01 
1.005005e+00 2.821645e-01 
1.006009e+00 2.821522e-01 
1.007015e+00 2.821398e-01 
1.008023e+00 2.821275e-01 
1.009033e+00 2.821151e-01 
1.010045e+00 2.821027e-01 
1.011060e+00 2.820902e-01 
1.012079e+00 2.820778e-01 
1.013101e+00 2.820652e-01 
1.014126e+00 2.820527e-01 
1.015156e+00 2.820401e-01 
1.016189e+00 2.820274e-01 
1.017228e+00 2.820147e-01 
1.018271e+00 2.820019e-01 
1.019319e+00 2.819890e-01 
1.020373e+00 2.819761e-01 
1.021432e+00 2.819631e-01 
1.022497e+00 2.819501e-01 
1.023569e+00 2.819369e-01 
1.024647e+00 2.819237e-01 
1.025732e+00 2.819104e-01 
1.026825e+00 2.818970e-01 
1.027925e+00 2.818836e-01 
1.029032e+00 2.818700e-01 
1.030148e+00 2.818563e-01 
1.031273e+00 2.818425e-01 
1.032406e+00 2.818286e-01 
1.033548e+00 2.818146e-01 
1.034700e+00 2.818005e-01 
1.035861e+00 2.817863e-01 
1.037033e+00 2.817719e-01 
1.038214e+00 2.817575e-01 
1.039407e+00 2.817428e-01 
1.040611e+00 2.817281e-01 
1.041826e+00 2.817132e-01 
1.043052e+00 2.816982e-01 
1.044291e+00 2.816830e-01 
1.045542e+00 2.816676e-01 
1.046806e+00 2.816522e-01 
1.048083e+00 2.816365e-01 
1.049374e+00 2.816207e-01 
1.050678e+00 2.816047e-01 
1.051997e+00 2.815885e-01 
1.053330e+00 2.815722e-01 
1.054679e+00 2.815557e-01 
1.056042e+00 2.815390e-01 
1.057421e+00 2.815221e-01 
1.000000e+00 2.829056e-01 
1.001000e+00 2.828938e-01 
1.002000e+00 2.828819e-01 
1.003001e+00 2.828701e-01 
1.004002e+00 2.828582e-01 
1.005005e+00 2.828464e-01 
1.006009e+00 2.828345e-01 
1.007015e+00 2.828226e-01 
1.008023e+00 2.828107e-01 
1.009033e+00 2.827987e-01 
1.010045e+00 2.827867e-01 
1.011060e+00 2.827747e-01 
1.012079e+00 2.827627e-01 
1.013101e+00 2.827506e-01 
1.014126e+00 2.827384e-01 
1.015156e+00 2.827263e-01 
1.016189e+00 2.827140e-01 
1.017228e+00 2.827017e-01 
1.018271e+00 2.826894e-01 
1.019319e+00 2.826770e-01 
1.020373e+00 2.826645e-01 
1.021432e+00 2.826520e-01 
1.022497e+00 2.826394e-01 
1.023569e+00 2.826267e-01 
1.024647e+00 2.826139e-01 
1.025732e+00 2.826011e-01 
1.026825e+00 2.825882e-01 
1.027925e+00 2.825752e-01 
1.029033e+00 2.825621e-01 
1.030149e+00 2.825488e-01 
1.031273e+00 2.825355e-01 
1.032406e+00 2.825221e-01 
1.033548e+00 2.825086e-01 
1.034700e+00 2.824950e-01 
1.035861e+00 2.824812e-01 
1.037033e+00 2.824674e-01 
1.038215e+00 2.824534e-01 
1.039407e+00 2.824393e-01 
1.040611e+00 2.824250e-01 
1.041826e+00 2.824107e-01 
1.043052e+00 2.823962e-01 
1.044291e+00 2.823815e-01 
1.045542e+00 2.823667e-01 
1.046806e+00 2.823517e-01 
1.048084e+00 2.823366e-01 
1.049374e+00 2.823213e-01 
1.050679e+00 2.823059e-01 
1.051997e+00 2.822903e-01 
1.053331e+00 2.822745e-01 
1.054679e+00 2.822586e-01 
1.056042e+00 2.822424e-01 
1.057422e+00 2.822261e-01 
1.000000e+00 2.835854e-01 
1.001000e+00 2.835740e-01 
1.002000e+00 2.835626e-01 
1.003001e+00 2.835512e-01 
1.004002e+00 2.835397e-01 
1.005005e+00 2.835283e-01 
1.006009e+00 2.835168e-01 
1.007015e+00 2.835054e-01 
1.008023e+00 2.834939e-01 
1.009033e+00 2.834823e-01 
1.010045e+00 2.834708e-01 
1.011060e+00 2.834592e-01 
1.012079e+00 2.834476e-01 
1.013101e+00 2.834359e-01 
1.014126e+00 2.834242e-01 
1.015156e+00 2.834125e-01 
1.016189e+00 2.834007e-01 
1.017228e+00 2.833888e-01 
1.018271e+00 2.833769e-01 
1.019319e+00 2.833650e-01 
1.020373e+00 2.833529e-01 
1.021432e+00 2.833409e-01 
1.022497e+00 2.833287e-01 
1.023569e+00 2.833165e-01 
1.024647e+00 2.833042e-01 
1.025733e+00 2.832918e-01 
1.026825e+00 2.832793e-01 
1.027925e+00 2.832668e-01 
1.029033e+00 2.832541e-01 
1.030149e+00 2.832414e-01 
1.031273e+00 2.832286e-01 
1.032406e+00 2.832156e-01 
1.033548e+00 2.832026e-01 
1.034700e+00 2.831895e-01 
1.035861e+00 2.831762e-01 
1.037033e+00 2.831628e-01 
1.038215e+00 2.831494e-01 
1.039407e+00 2.831357e-01 
1.040611e+00 2.831220e-01 
1.041826e+00 2.831081e-01 
1.043053e+00 2.830941e-01 
1.044291e+00 2.830800e-01 
1.045543e+00 2.830657e-01 
1.046807e+00 2.830513e-01 
1.048084e+00 2.830367e-01 
1.049374e+00 2.830220e-01 
1.050679e+00 2.830071e-01 
1.051998e+00 2.829921e-01 
1.053331e+00 2.829769e-01 
1.054679e+00 2.829615e-01 
1.056043e+00 2.829459e-01 
1.057422e+00 2.829302e-01 
1.000000e+00 2.842652e-01 
1.001000e+00 2.842542e-01 
1.002000e+00 2.842432e-01 
1.003001e+00 2.842322e-01 
1.004002e+00 2.842212e-01 
1.005005e+00 2.842102e-01 
1.006009e+00 2.841992e-01 
1.007015e+00 2.841881e-01 
1.008023e+00 2.841770e-01 
1.009033e+00 2.841660e-01 
1.010045e+00 2.841548e-01 
1.011061e+00 2.841437e-01 
1.012079e+00 2.841325e-01 
1.013101e+00 2.841213e-01 
1.014126e+00 2.841100e-01 
1.015156e+00 2.840987e-01 
1.016190e+00 2.840873e-01 
1.017228e+00 2.840759e-01 
1.018271e+00 2.840644e-01 
1.019319e+00 2.840529e-01 
1.020373e+00 2.840413e-01 
1.021432e+00 2.840297e-01 
1.022498e+00 2.840180e-01 
1.023569e+00 2.840062e-01 
1.024647e+00 2.839944e-01 
1.025733e+00 2.839825e-01 
1.026825e+00 2.839705e-01 
1.027925e+00 2.839584e-01 
1.029033e+00 2.839462e-01 
1.030149e+00 2.839339e-01 
1.031273e+00 2.839216e-01 
1.032406e+00 2.839091e-01 
1.033549e+00 2.838966e-01 
1.034700e+00 2.838839e-01 
1.035862e+00 2.838712e-01 
1.037033e+00 2.838583e-01 
1.038215e+00 2.838453e-01 
1.039407e+00 2.838322e-01 
1.040611e+00 2.838190e-01 
1.041826e+00 2.838056e-01 
1.043053e+00 2.837921e-01 
1.044292e+00 2.837785e-01 
1.045543e+00 2.837648e-01 
1.046807e+00 2.837509e-01 
1.048084e+00 2.837369e-01 
1.049375e+00 2.837227e-01 
1.050679e+00 2.837083e-01 
1.051998e+00 2.836939e-01 
1.053331e+00 2.836792e-01 
1.054679e+00 2.836644e-01 
1.056043e+00 2.836494e-01 
1.057422e+00 2.836343e-01 
1.000000e+00 2.849450e-01 
1.001000e+00 2.849344e-01 
1.002000e+00 2.849239e-01 
1.003001e+00 2.849133e-01 
1.004002e+00 2.849027e-01 
1.005005e+00 2.848921e-01 
1.006009e+00 2.848815e-01 
1.007015e+00 2.848709e-01 
1.008023e+00 2.848602e-01 
1.009033e+00 2.848496e-01 
1.010045e+00 2.848389e-01 
1.011061e+00 2.848281e-01 
1.012079e+00 2.848174e-01 
1.013101e+00 2.848066e-01 
1.014126e+00 2.847958e-01 
1.015156e+00 2.847849e-01 
1.016190e+00 2.847740e-01 
1.017228e+00 2.847630e-01 
1.018271e+00 2.847520e-01 
1.019319e+00 2.847409e-01 
1.020373e+00 2.847298e-01 
1.021432e+00 2.847186e-01 
1.022498e+00 2.847073e-01 
1.023569e+00 2.846960e-01 
1.024648e+00 2.846846e-01 
1.025733e+00 2.846731e-01 
1.026825e+00 2.846616e-01 
1.027925e+00 2.846500e-01 
1.029033e+00 2.846383e-01 
1.030149e+00 2.846265e-01 
1.031273e+00 2.846146e-01 
1.032406e+00 2.846026e-01 
1.033549e+00 2.845906e-01 
1.034700e+00 2.845784e-01 
1.035862e+00 2.845661e-01 
1.037033e+00 2.845537e-01 
1.038215e+00 2.845413e-01 
1.039408e+00 2.845287e-01 
1.040611e+00 2.845159e-01 
1.041826e+00 2.845031e-01 
1.043053e+00 2.844901e-01 
1.044292e+00 2.844770e-01 
1.045543e+00 2.844638e-01 
1.046807e+00 2.844505e-01 
1.048084e+00 2.844370e-01 
1.049375e+00 2.844233e-01 
1.050679e+00 2.844096e-01 
1.051998e+00 2.843956e-01 
1.053331e+00 2.843815e-01 
1.054680e+00 2.843673e-01 
1.056043e+00 2.843529e-01 
1.057422e+00 2.843383e-01 
1.000000e+00 2.856248e-01 
1.001000e+00 2.856147e-01 
1.002000e+00 2.856045e-01 
1.003001e+00 2.855944e-01 
1.004002e+00 2.855842e-01 
1.005005e+00 2.855740e-01 
1.006009e+00 2.855639e-01 
1.007015e+00 2.855537e-01 
1.008023e+00 2.855434e-01 
1.009033e+00 2.855332e-01 
1.010045e+00 2.855229e-01 
1.011061e+00 2.855126e-01 
1.012079e+00 2.855023e-01 
1.013101e+00 2.854919e-01 
1.014126e+00 2.854815e-01 
1.015156e+00 2.854711e-01 
1.016190e+00 2.854606e-01 
1.017228e+00 2.854501e-01 
1.018271e+00 2.854395e-01 
1.019319e+00 2.854289e-01 
1.020373e+00 2.854182e-01 
1.021432e+00 2.854074e-01 
1.022498e+00 2.853966e-01 
1.023569e+00 2.853857e-01 
1.024648e+00 2.853748e-01 
1.025733e+00 2.853638e-01 
1.026825e+00 2.853527e-01 
1.027925e+00 2.853416e-01 
1.029033e+00 2.853303e-01 
1.030149e+00 2.853190e-01 
1.031273e+00 2.853076e-01 
1.032407e+00 2.852961e-01 
1.033549e+00 2.852845e-01 
1.034701e+00 2.852728e-01 
1.035862e+00 2.852611e-01 
1.037033e+00 2.852492e-01 
1.038215e+00 2.852372e-01 
1.039408e+00 2.852251e-01 
1.040611e+00 2.852129e-01 
1.041826e+00 2.852006e-01 
1.043053e+00 2.851881e-01 
1.044292e+00 2.851756e-01 
1.045543e+00 2.851629e-01 
1.046807e+00 2.851501e-01 
1.048084e+00 2.851371e-01 
1.049375e+00 2.851240e-01 
1.050679e+00 2.851108e-01 
1.051998e+00 2.850974e-01 
1.053331e+00 2.850839e-01 
1.054680e+00 2.850702e-01 
1.056043e+00 2.850564e-01 
1.057423e+00 2.850424e-01 
BC
4
4
4
4
4
4
4
4
4
4
4
4
4
4
4
4
4
4
4
4
4
4
4
4
4
4
4
4
4
4
4
4
4
4
4
4
4
4
4
4
4
4
4
4
4
4
4
4
4
4
4
-1
-1
-1
-1
-1
-1
-1
-1
-1
-1
-1
-1
-1
-1
-1
-1
-1
-1
-1
-1
-1
-1
-1
-1
-1
-1
-1
-1
-1
-1
-1
-1
-1
-1
-1
-1
-1
-1
-1
-1
-1
-1
-1
-1
-1
-1
-1
-1
-1
-1
-1
-1
-1
-1
-1
-1
-1
-1
-1
-1
-1
-1
-1
-1
-1
-1
-1
-1
-1
-1
-1
-1
-1
-1
-1
-1
-1
-1
-1
-1
-1
-1
-1
-1
-1
-1
-1
-1
-1
-1
-1
-1
-1
-1
-1
-1
-1
-1
-1
-1
-1
-1
-1
