npartb: 4 2 
ipartb: 1 1 
ngrid: 52 25 
-1.170696e-01 1.570088e-01 
-1.095611e-01 1.570088e-01 
-1.020527e-01 1.570088e-01 
-9.454424e-02 1.570088e-01 
-8.703580e-02 1.570088e-01 
-7.952736e-02 1.570088e-01 
-7.201892e-02 1.570088e-01 
-6.451048e-02 1.570088e-01 
-5.700204e-02 1.570088e-01 
-4.949360e-02 1.570088e-01 
-4.307293e-02 1.577891e-01 
-3.665226e-02 1.585695e-01 
-3.023159e-02 1.593498e-01 
-2.381093e-02 1.601302e-01 
-1.739026e-02 1.609105e-01 
-1.096959e-02 1.616909e-01 
-4.548920e-03 1.624712e-01 
1.871749e-03 1.632515e-01 
8.292417e-03 1.640319e-01 
1.471309e-02 1.648122e-01 
2.113375e-02 1.655926e-01 
2.755442e-02 1.663729e-01 
3.397509e-02 1.671533e-01 
4.039576e-02 1.679336e-01 
4.681643e-02 1.687139e-01 
5.323710e-02 1.694943e-01 
5.965777e-02 1.702746e-01 
6.607843e-02 1.710550e-01 
7.249910e-02 1.718353e-01 
7.891977e-02 1.726157e-01 
8.534044e-02 1.733960e-01 
9.176111e-02 1.741763e-01 
9.818178e-02 1.749567e-01 
1.046024e-01 1.757370e-01 
1.110231e-01 1.765174e-01 
1.174438e-01 1.772977e-01 
1.238645e-01 1.780781e-01 
1.302851e-01 1.788584e-01 
1.367058e-01 1.796387e-01 
1.431265e-01 1.804191e-01 
1.495471e-01 1.811994e-01 
1.559678e-01 1.819798e-01 
1.623885e-01 1.827601e-01 
1.688091e-01 1.835405e-01 
1.752298e-01 1.843208e-01 
1.816505e-01 1.851011e-01 
1.880711e-01 1.858815e-01 
1.944918e-01 1.866618e-01 
2.009125e-01 1.874422e-01 
2.073331e-01 1.882225e-01 
2.137538e-01 1.890029e-01 
2.201745e-01 1.897832e-01 
-1.186876e-01 1.630476e-01 
-1.112109e-01 1.630476e-01 
-1.037342e-01 1.630476e-01 
-9.625748e-02 1.630476e-01 
-8.878077e-02 1.630476e-01 
-8.130405e-02 1.630476e-01 
-7.382734e-02 1.630476e-01 
-6.635063e-02 1.630476e-01 
-5.887391e-02 1.630476e-01 
-5.139720e-02 1.630476e-01 
-4.496293e-02 1.637954e-01 
-3.852867e-02 1.645433e-01 
-3.209440e-02 1.652911e-01 
-2.566014e-02 1.660389e-01 
-1.922587e-02 1.667867e-01 
-1.279161e-02 1.675346e-01 
-6.357340e-03 1.682824e-01 
7.692571e-05 1.690302e-01 
6.511191e-03 1.697781e-01 
1.294546e-02 1.705259e-01 
1.937972e-02 1.712737e-01 
2.581399e-02 1.720215e-01 
3.224825e-02 1.727694e-01 
3.868252e-02 1.735172e-01 
4.511679e-02 1.742650e-01 
5.155105e-02 1.750129e-01 
5.798532e-02 1.757607e-01 
6.441958e-02 1.765085e-01 
7.085385e-02 1.772563e-01 
7.728811e-02 1.780042e-01 
8.372238e-02 1.787520e-01 
9.015665e-02 1.794998e-01 
9.659091e-02 1.802477e-01 
1.030252e-01 1.809955e-01 
1.094594e-01 1.817433e-01 
1.158937e-01 1.824911e-01 
1.223280e-01 1.832390e-01 
1.287622e-01 1.839868e-01 
1.351965e-01 1.847346e-01 
1.416308e-01 1.854825e-01 
1.480650e-01 1.862303e-01 
1.544993e-01 1.869781e-01 
1.609336e-01 1.877259e-01 
1.673678e-01 1.884738e-01 
1.738021e-01 1.892216e-01 
1.802364e-01 1.899694e-01 
1.866706e-01 1.907173e-01 
1.931049e-01 1.914651e-01 
1.995392e-01 1.922129e-01 
2.059734e-01 1.929607e-01 
2.124077e-01 1.937086e-01 
2.188420e-01 1.944564e-01 
-1.203057e-01 1.690864e-01 
-1.128607e-01 1.690864e-01 
-1.054157e-01 1.690864e-01 
-9.797072e-02 1.690864e-01 
-9.052573e-02 1.690864e-01 
-8.308075e-02 1.690864e-01 
-7.563576e-02 1.690864e-01 
-6.819077e-02 1.690864e-01 
-6.074579e-02 1.690864e-01 
-5.330080e-02 1.690864e-01 
-4.685294e-02 1.698017e-01 
-4.040507e-02 1.705170e-01 
-3.395721e-02 1.712323e-01 
-2.750935e-02 1.719477e-01 
-2.106149e-02 1.726630e-01 
-1.461362e-02 1.733783e-01 
-8.165760e-03 1.740936e-01 
-1.717897e-03 1.748089e-01 
4.729966e-03 1.755242e-01 
1.117783e-02 1.762395e-01 
1.762569e-02 1.769549e-01 
2.407355e-02 1.776702e-01 
3.052142e-02 1.783855e-01 
3.696928e-02 1.791008e-01 
4.341714e-02 1.798161e-01 
4.986501e-02 1.805314e-01 
5.631287e-02 1.812467e-01 
6.276073e-02 1.819621e-01 
6.920859e-02 1.826774e-01 
7.565646e-02 1.833927e-01 
8.210432e-02 1.841080e-01 
8.855218e-02 1.848233e-01 
9.500005e-02 1.855386e-01 
1.014479e-01 1.862539e-01 
1.078958e-01 1.869693e-01 
1.143436e-01 1.876846e-01 
1.207915e-01 1.883999e-01 
1.272394e-01 1.891152e-01 
1.336872e-01 1.898305e-01 
1.401351e-01 1.905458e-01 
1.465829e-01 1.912611e-01 
1.530308e-01 1.919765e-01 
1.594787e-01 1.926918e-01 
1.659265e-01 1.934071e-01 
1.723744e-01 1.941224e-01 
1.788223e-01 1.948377e-01 
1.852701e-01 1.955530e-01 
1.917180e-01 1.962683e-01 
1.981659e-01 1.969837e-01 
2.046137e-01 1.976990e-01 
2.110616e-01 1.984143e-01 
2.175094e-01 1.991296e-01 
-1.219237e-01 1.751252e-01 
-1.145105e-01 1.751252e-01 
-1.070972e-01 1.751252e-01 
-9.968396e-02 1.751252e-01 
-9.227070e-02 1.751252e-01 
-8.485744e-02 1.751252e-01 
-7.744418e-02 1.751252e-01 
-7.003092e-02 1.751252e-01 
-6.261766e-02 1.751252e-01 
-5.520440e-02 1.751252e-01 
-4.874294e-02 1.758080e-01 
-4.228148e-02 1.764908e-01 
-3.582002e-02 1.771736e-01 
-2.935856e-02 1.778564e-01 
-2.289710e-02 1.785392e-01 
-1.643564e-02 1.792220e-01 
-9.974180e-03 1.799048e-01 
-3.512720e-03 1.805876e-01 
2.948740e-03 1.812704e-01 
9.410200e-03 1.819532e-01 
1.587166e-02 1.826360e-01 
2.233312e-02 1.833188e-01 
2.879458e-02 1.840016e-01 
3.525604e-02 1.846844e-01 
4.171750e-02 1.853672e-01 
4.817896e-02 1.860500e-01 
5.464042e-02 1.867328e-01 
6.110188e-02 1.874156e-01 
6.756334e-02 1.880984e-01 
7.402480e-02 1.887812e-01 
8.048626e-02 1.894640e-01 
8.694772e-02 1.901468e-01 
9.340918e-02 1.908296e-01 
9.987064e-02 1.915124e-01 
1.063321e-01 1.921952e-01 
1.127936e-01 1.928780e-01 
1.192550e-01 1.935608e-01 
1.257165e-01 1.942436e-01 
1.321779e-01 1.949264e-01 
1.386394e-01 1.956092e-01 
1.451009e-01 1.962920e-01 
1.515623e-01 1.969748e-01 
1.580238e-01 1.976576e-01 
1.644852e-01 1.983404e-01 
1.709467e-01 1.990232e-01 
1.774082e-01 1.997060e-01 
1.838696e-01 2.003888e-01 
1.903311e-01 2.010716e-01 
1.967925e-01 2.017544e-01 
2.032540e-01 2.024372e-01 
2.097155e-01 2.031200e-01 
2.161769e-01 2.038028e-01 
-1.235418e-01 1.811640e-01 
-1.161603e-01 1.811640e-01 
-1.087787e-01 1.811640e-01 
-1.013972e-01 1.811640e-01 
-9.401567e-02 1.811640e-01 
-8.663413e-02 1.811640e-01 
-7.925260e-02 1.811640e-01 
-7.187107e-02 1.811640e-01 
-6.448953e-02 1.811640e-01 
-5.710800e-02 1.811640e-01 
-5.063294e-02 1.818143e-01 
-4.415789e-02 1.824646e-01 
-3.768283e-02 1.831149e-01 
-3.120777e-02 1.837651e-01 
-2.473271e-02 1.844154e-01 
-1.825766e-02 1.850657e-01 
-1.178260e-02 1.857160e-01 
-5.307543e-03 1.863663e-01 
1.167514e-03 1.870166e-01 
7.642571e-03 1.876669e-01 
1.411763e-02 1.883171e-01 
2.059269e-02 1.889674e-01 
2.706774e-02 1.896177e-01 
3.354280e-02 1.902680e-01 
4.001786e-02 1.909183e-01 
4.649291e-02 1.915686e-01 
5.296797e-02 1.922189e-01 
5.944303e-02 1.928691e-01 
6.591809e-02 1.935194e-01 
7.239314e-02 1.941697e-01 
7.886820e-02 1.948200e-01 
8.534326e-02 1.954703e-01 
9.181831e-02 1.961206e-01 
9.829337e-02 1.967709e-01 
1.047684e-01 1.974211e-01 
1.112435e-01 1.980714e-01 
1.177185e-01 1.987217e-01 
1.241936e-01 1.993720e-01 
1.306687e-01 2.000223e-01 
1.371437e-01 2.006726e-01 
1.436188e-01 2.013229e-01 
1.500938e-01 2.019731e-01 
1.565689e-01 2.026234e-01 
1.630439e-01 2.032737e-01 
1.695190e-01 2.039240e-01 
1.759941e-01 2.045743e-01 
1.824691e-01 2.052246e-01 
1.889442e-01 2.058749e-01 
1.954192e-01 2.065251e-01 
2.018943e-01 2.071754e-01 
2.083693e-01 2.078257e-01 
2.148444e-01 2.084760e-01 
-1.251599e-01 1.872028e-01 
-1.178101e-01 1.872028e-01 
-1.104602e-01 1.872028e-01 
-1.031104e-01 1.872028e-01 
-9.576063e-02 1.872028e-01 
-8.841083e-02 1.872028e-01 
-8.106102e-02 1.872028e-01 
-7.371121e-02 1.872028e-01 
-6.636141e-02 1.872028e-01 
-5.901160e-02 1.872028e-01 
-5.252295e-02 1.878206e-01 
-4.603429e-02 1.884383e-01 
-3.954564e-02 1.890561e-01 
-3.305698e-02 1.896739e-01 
-2.656833e-02 1.902917e-01 
-2.007967e-02 1.909094e-01 
-1.359102e-02 1.915272e-01 
-7.102366e-03 1.921450e-01 
-6.137114e-04 1.927627e-01 
5.874943e-03 1.933805e-01 
1.236360e-02 1.939983e-01 
1.885225e-02 1.946161e-01 
2.534091e-02 1.952338e-01 
3.182956e-02 1.958516e-01 
3.831821e-02 1.964694e-01 
4.480687e-02 1.970871e-01 
5.129552e-02 1.977049e-01 
5.778418e-02 1.983227e-01 
6.427283e-02 1.989405e-01 
7.076149e-02 1.995582e-01 
7.725014e-02 2.001760e-01 
8.373879e-02 2.007938e-01 
9.022745e-02 2.014115e-01 
9.671610e-02 2.020293e-01 
1.032048e-01 2.026471e-01 
1.096934e-01 2.032649e-01 
1.161821e-01 2.038826e-01 
1.226707e-01 2.045004e-01 
1.291594e-01 2.051182e-01 
1.356480e-01 2.057359e-01 
1.421367e-01 2.063537e-01 
1.486253e-01 2.069715e-01 
1.551140e-01 2.075893e-01 
1.616026e-01 2.082070e-01 
1.680913e-01 2.088248e-01 
1.745800e-01 2.094426e-01 
1.810686e-01 2.100603e-01 
1.875573e-01 2.106781e-01 
1.940459e-01 2.112959e-01 
2.005346e-01 2.119137e-01 
2.070232e-01 2.125314e-01 
2.135119e-01 2.131492e-01 
-1.267779e-01 1.932416e-01 
-1.194598e-01 1.932416e-01 
-1.121418e-01 1.932416e-01 
-1.048237e-01 1.932416e-01 
-9.750560e-02 1.932416e-01 
-9.018752e-02 1.932416e-01 
-8.286944e-02 1.932416e-01 
-7.555136e-02 1.932416e-01 
-6.823328e-02 1.932416e-01 
-6.091520e-02 1.932416e-01 
-5.441295e-02 1.938269e-01 
-4.791070e-02 1.944121e-01 
-4.140845e-02 1.949974e-01 
-3.490619e-02 1.955826e-01 
-2.840394e-02 1.961679e-01 
-2.190169e-02 1.967531e-01 
-1.539944e-02 1.973384e-01 
-8.897189e-03 1.979237e-01 
-2.394937e-03 1.985089e-01 
4.107314e-03 1.990942e-01 
1.060957e-02 1.996794e-01 
1.711182e-02 2.002647e-01 
2.361407e-02 2.008499e-01 
3.011632e-02 2.014352e-01 
3.661857e-02 2.020205e-01 
4.312082e-02 2.026057e-01 
4.962307e-02 2.031910e-01 
5.612533e-02 2.037762e-01 
6.262758e-02 2.043615e-01 
6.912983e-02 2.049467e-01 
7.563208e-02 2.055320e-01 
8.213433e-02 2.061173e-01 
8.863658e-02 2.067025e-01 
9.513883e-02 2.072878e-01 
1.016411e-01 2.078730e-01 
1.081433e-01 2.084583e-01 
1.146456e-01 2.090435e-01 
1.211478e-01 2.096288e-01 
1.276501e-01 2.102141e-01 
1.341523e-01 2.107993e-01 
1.406546e-01 2.113846e-01 
1.471568e-01 2.119698e-01 
1.536591e-01 2.125551e-01 
1.601613e-01 2.131403e-01 
1.666636e-01 2.137256e-01 
1.731659e-01 2.143109e-01 
1.796681e-01 2.148961e-01 
1.861704e-01 2.154814e-01 
1.926726e-01 2.160666e-01 
1.991749e-01 2.166519e-01 
2.056771e-01 2.172371e-01 
2.121794e-01 2.178224e-01 
-1.283960e-01 1.992804e-01 
-1.211096e-01 1.992804e-01 
-1.138233e-01 1.992804e-01 
-1.065369e-01 1.992804e-01 
-9.925057e-02 1.992804e-01 
-9.196421e-02 1.992804e-01 
-8.467786e-02 1.992804e-01 
-7.739151e-02 1.992804e-01 
-7.010515e-02 1.992804e-01 
-6.281880e-02 1.992804e-01 
-5.630295e-02 1.998331e-01 
-4.978710e-02 2.003859e-01 
-4.327125e-02 2.009386e-01 
-3.675541e-02 2.014914e-01 
-3.023956e-02 2.020441e-01 
-2.372371e-02 2.025969e-01 
-1.720786e-02 2.031496e-01 
-1.069201e-02 2.037023e-01 
-4.176163e-03 2.042551e-01 
2.339686e-03 2.048078e-01 
8.855534e-03 2.053606e-01 
1.537138e-02 2.059133e-01 
2.188723e-02 2.064661e-01 
2.840308e-02 2.070188e-01 
3.491893e-02 2.075715e-01 
4.143478e-02 2.081243e-01 
4.795063e-02 2.086770e-01 
5.446647e-02 2.092298e-01 
6.098232e-02 2.097825e-01 
6.749817e-02 2.103353e-01 
7.401402e-02 2.108880e-01 
8.052987e-02 2.114407e-01 
8.704572e-02 2.119935e-01 
9.356157e-02 2.125462e-01 
1.000774e-01 2.130990e-01 
1.065933e-01 2.136517e-01 
1.131091e-01 2.142045e-01 
1.196250e-01 2.147572e-01 
1.261408e-01 2.153099e-01 
1.326567e-01 2.158627e-01 
1.391725e-01 2.164154e-01 
1.456884e-01 2.169682e-01 
1.522042e-01 2.175209e-01 
1.587201e-01 2.180737e-01 
1.652359e-01 2.186264e-01 
1.717517e-01 2.191791e-01 
1.782676e-01 2.197319e-01 
1.847834e-01 2.202846e-01 
1.912993e-01 2.208374e-01 
1.978151e-01 2.213901e-01 
2.043310e-01 2.219429e-01 
2.108468e-01 2.224956e-01 
-1.300140e-01 2.053192e-01 
-1.227594e-01 2.053192e-01 
-1.155048e-01 2.053192e-01 
-1.082502e-01 2.053192e-01 
-1.009955e-01 2.053192e-01 
-9.374091e-02 2.053192e-01 
-8.648628e-02 2.053192e-01 
-7.923165e-02 2.053192e-01 
-7.197703e-02 2.053192e-01 
-6.472240e-02 2.053192e-01 
-5.819295e-02 2.058394e-01 
-5.166351e-02 2.063597e-01 
-4.513406e-02 2.068799e-01 
-3.860462e-02 2.074001e-01 
-3.207517e-02 2.079203e-01 
-2.554573e-02 2.084406e-01 
-1.901628e-02 2.089608e-01 
-1.248683e-02 2.094810e-01 
-5.957389e-03 2.100013e-01 
5.720571e-04 2.105215e-01 
7.101503e-03 2.110417e-01 
1.363095e-02 2.115619e-01 
2.016039e-02 2.120822e-01 
2.668984e-02 2.126024e-01 
3.321929e-02 2.131226e-01 
3.974873e-02 2.136429e-01 
4.627818e-02 2.141631e-01 
5.280762e-02 2.146833e-01 
5.933707e-02 2.152035e-01 
6.586651e-02 2.157238e-01 
7.239596e-02 2.162440e-01 
7.892541e-02 2.167642e-01 
8.545485e-02 2.172845e-01 
9.198430e-02 2.178047e-01 
9.851374e-02 2.183249e-01 
1.050432e-01 2.188451e-01 
1.115726e-01 2.193654e-01 
1.181021e-01 2.198856e-01 
1.246315e-01 2.204058e-01 
1.311610e-01 2.209261e-01 
1.376904e-01 2.214463e-01 
1.442199e-01 2.219665e-01 
1.507493e-01 2.224867e-01 
1.572788e-01 2.230070e-01 
1.638082e-01 2.235272e-01 
1.703376e-01 2.240474e-01 
1.768671e-01 2.245677e-01 
1.833965e-01 2.250879e-01 
1.899260e-01 2.256081e-01 
1.964554e-01 2.261283e-01 
2.029849e-01 2.266486e-01 
2.095143e-01 2.271688e-01 
-1.316321e-01 2.113580e-01 
-1.244092e-01 2.113580e-01 
-1.171863e-01 2.113580e-01 
-1.099634e-01 2.113580e-01 
-1.027405e-01 2.113580e-01 
-9.551760e-02 2.113580e-01 
-8.829470e-02 2.113580e-01 
-8.107180e-02 2.113580e-01 
-7.384890e-02 2.113580e-01 
-6.662600e-02 2.113580e-01 
-6.008296e-02 2.118457e-01 
-5.353991e-02 2.123334e-01 
-4.699687e-02 2.128211e-01 
-4.045383e-02 2.133089e-01 
-3.391079e-02 2.137966e-01 
-2.736774e-02 2.142843e-01 
-2.082470e-02 2.147720e-01 
-1.428166e-02 2.152597e-01 
-7.738614e-03 2.157474e-01 
-1.195571e-03 2.162351e-01 
5.347471e-03 2.167229e-01 
1.189051e-02 2.172106e-01 
1.843356e-02 2.176983e-01 
2.497660e-02 2.181860e-01 
3.151964e-02 2.186737e-01 
3.806269e-02 2.191614e-01 
4.460573e-02 2.196491e-01 
5.114877e-02 2.201369e-01 
5.769181e-02 2.206246e-01 
6.423486e-02 2.211123e-01 
7.077790e-02 2.216000e-01 
7.732094e-02 2.220877e-01 
8.386399e-02 2.225754e-01 
9.040703e-02 2.230631e-01 
9.695007e-02 2.235509e-01 
1.034931e-01 2.240386e-01 
1.100362e-01 2.245263e-01 
1.165792e-01 2.250140e-01 
1.231222e-01 2.255017e-01 
1.296653e-01 2.259894e-01 
1.362083e-01 2.264771e-01 
1.427514e-01 2.269649e-01 
1.492944e-01 2.274526e-01 
1.558375e-01 2.279403e-01 
1.623805e-01 2.284280e-01 
1.689235e-01 2.289157e-01 
1.754666e-01 2.294034e-01 
1.820096e-01 2.298911e-01 
1.885527e-01 2.303789e-01 
1.950957e-01 2.308666e-01 
2.016388e-01 2.313543e-01 
2.081818e-01 2.318420e-01 
-1.332502e-01 2.173968e-01 
-1.260590e-01 2.173968e-01 
-1.188678e-01 2.173968e-01 
-1.116766e-01 2.173968e-01 
-1.044855e-01 2.173968e-01 
-9.729429e-02 2.173968e-01 
-9.010312e-02 2.173968e-01 
-8.291195e-02 2.173968e-01 
-7.572077e-02 2.173968e-01 
-6.852960e-02 2.173968e-01 
-6.197296e-02 2.178520e-01 
-5.541632e-02 2.183072e-01 
-4.885968e-02 2.187624e-01 
-4.230304e-02 2.192176e-01 
-3.574640e-02 2.196728e-01 
-2.918976e-02 2.201280e-01 
-2.263312e-02 2.205832e-01 
-1.607648e-02 2.210384e-01 
-9.519840e-03 2.214936e-01 
-2.963200e-03 2.219488e-01 
3.593440e-03 2.224040e-01 
1.015008e-02 2.228592e-01 
1.670672e-02 2.233144e-01 
2.326336e-02 2.237696e-01 
2.982000e-02 2.242248e-01 
3.637664e-02 2.246800e-01 
4.293328e-02 2.251352e-01 
4.948992e-02 2.255904e-01 
5.604656e-02 2.260456e-01 
6.260320e-02 2.265008e-01 
6.915984e-02 2.269560e-01 
7.571648e-02 2.274112e-01 
8.227312e-02 2.278664e-01 
8.882976e-02 2.283216e-01 
9.538640e-02 2.287768e-01 
1.019430e-01 2.292320e-01 
1.084997e-01 2.296872e-01 
1.150563e-01 2.301424e-01 
1.216130e-01 2.305976e-01 
1.281696e-01 2.310528e-01 
1.347262e-01 2.315080e-01 
1.412829e-01 2.319632e-01 
1.478395e-01 2.324184e-01 
1.543962e-01 2.328736e-01 
1.609528e-01 2.333288e-01 
1.675094e-01 2.337840e-01 
1.740661e-01 2.342392e-01 
1.806227e-01 2.346944e-01 
1.871794e-01 2.351496e-01 
1.937360e-01 2.356048e-01 
2.002926e-01 2.360600e-01 
2.068493e-01 2.365152e-01 
-1.348682e-01 2.234356e-01 
-1.277088e-01 2.234356e-01 
-1.205493e-01 2.234356e-01 
-1.133899e-01 2.234356e-01 
-1.062304e-01 2.234356e-01 
-9.907099e-02 2.234356e-01 
-9.191154e-02 2.234356e-01 
-8.475209e-02 2.234356e-01 
-7.759265e-02 2.234356e-01 
-7.043320e-02 2.234356e-01 
-6.386296e-02 2.238583e-01 
-5.729273e-02 2.242810e-01 
-5.072249e-02 2.247037e-01 
-4.415225e-02 2.251263e-01 
-3.758201e-02 2.255490e-01 
-3.101178e-02 2.259717e-01 
-2.444154e-02 2.263944e-01 
-1.787130e-02 2.268171e-01 
-1.130107e-02 2.272398e-01 
-4.730829e-03 2.276625e-01 
1.839409e-03 2.280851e-01 
8.409646e-03 2.285078e-01 
1.497988e-02 2.289305e-01 
2.155012e-02 2.293532e-01 
2.812036e-02 2.297759e-01 
3.469059e-02 2.301986e-01 
4.126083e-02 2.306213e-01 
4.783107e-02 2.310439e-01 
5.440131e-02 2.314666e-01 
6.097154e-02 2.318893e-01 
6.754178e-02 2.323120e-01 
7.411202e-02 2.327347e-01 
8.068225e-02 2.331574e-01 
8.725249e-02 2.335801e-01 
9.382273e-02 2.340027e-01 
1.003930e-01 2.344254e-01 
1.069632e-01 2.348481e-01 
1.135334e-01 2.352708e-01 
1.201037e-01 2.356935e-01 
1.266739e-01 2.361162e-01 
1.332442e-01 2.365389e-01 
1.398144e-01 2.369615e-01 
1.463846e-01 2.373842e-01 
1.529549e-01 2.378069e-01 
1.595251e-01 2.382296e-01 
1.660953e-01 2.386523e-01 
1.726656e-01 2.390750e-01 
1.792358e-01 2.394977e-01 
1.858060e-01 2.399203e-01 
1.923763e-01 2.403430e-01 
1.989465e-01 2.407657e-01 
2.055168e-01 2.411884e-01 
-1.364863e-01 2.294744e-01 
-1.293586e-01 2.294744e-01 
-1.222308e-01 2.294744e-01 
-1.151031e-01 2.294744e-01 
-1.079754e-01 2.294744e-01 
-1.008477e-01 2.294744e-01 
-9.371996e-02 2.294744e-01 
-8.659224e-02 2.294744e-01 
-7.946452e-02 2.294744e-01 
-7.233680e-02 2.294744e-01 
-6.575297e-02 2.298646e-01 
-5.916913e-02 2.302547e-01 
-5.258530e-02 2.306449e-01 
-4.600146e-02 2.310351e-01 
-3.941763e-02 2.314253e-01 
-3.283379e-02 2.318154e-01 
-2.624996e-02 2.322056e-01 
-1.966613e-02 2.325958e-01 
-1.308229e-02 2.329859e-01 
-6.498457e-03 2.333761e-01 
8.537714e-05 2.337663e-01 
6.669211e-03 2.341565e-01 
1.325305e-02 2.345466e-01 
1.983688e-02 2.349368e-01 
2.642071e-02 2.353270e-01 
3.300455e-02 2.357171e-01 
3.958838e-02 2.361073e-01 
4.617222e-02 2.364975e-01 
5.275605e-02 2.368877e-01 
5.933989e-02 2.372778e-01 
6.592372e-02 2.376680e-01 
7.250755e-02 2.380582e-01 
7.909139e-02 2.384483e-01 
8.567522e-02 2.388385e-01 
9.225906e-02 2.392287e-01 
9.884289e-02 2.396189e-01 
1.054267e-01 2.400090e-01 
1.120106e-01 2.403992e-01 
1.185944e-01 2.407894e-01 
1.251782e-01 2.411795e-01 
1.317621e-01 2.415697e-01 
1.383459e-01 2.419599e-01 
1.449297e-01 2.423501e-01 
1.515136e-01 2.427402e-01 
1.580974e-01 2.431304e-01 
1.646812e-01 2.435206e-01 
1.712651e-01 2.439107e-01 
1.778489e-01 2.443009e-01 
1.844327e-01 2.446911e-01 
1.910166e-01 2.450813e-01 
1.976004e-01 2.454714e-01 
2.041842e-01 2.458616e-01 
-1.381043e-01 2.355132e-01 
-1.310083e-01 2.355132e-01 
-1.239124e-01 2.355132e-01 
-1.168164e-01 2.355132e-01 
-1.097204e-01 2.355132e-01 
-1.026244e-01 2.355132e-01 
-9.552838e-02 2.355132e-01 
-8.843239e-02 2.355132e-01 
-8.133639e-02 2.355132e-01 
-7.424040e-02 2.355132e-01 
-6.764297e-02 2.358709e-01 
-6.104554e-02 2.362285e-01 
-5.444811e-02 2.365862e-01 
-4.785067e-02 2.369438e-01 
-4.125324e-02 2.373015e-01 
-3.465581e-02 2.376591e-01 
-2.805838e-02 2.380168e-01 
-2.146095e-02 2.383745e-01 
-1.486352e-02 2.387321e-01 
-8.266086e-03 2.390898e-01 
-1.668654e-03 2.394474e-01 
4.928777e-03 2.398051e-01 
1.152621e-02 2.401627e-01 
1.812364e-02 2.405204e-01 
2.472107e-02 2.408781e-01 
3.131850e-02 2.412357e-01 
3.791593e-02 2.415934e-01 
4.451337e-02 2.419510e-01 
5.111080e-02 2.423087e-01 
5.770823e-02 2.426663e-01 
6.430566e-02 2.430240e-01 
7.090309e-02 2.433817e-01 
7.750052e-02 2.437393e-01 
8.409795e-02 2.440970e-01 
9.069539e-02 2.444546e-01 
9.729282e-02 2.448123e-01 
1.038902e-01 2.451699e-01 
1.104877e-01 2.455276e-01 
1.170851e-01 2.458853e-01 
1.236825e-01 2.462429e-01 
1.302800e-01 2.466006e-01 
1.368774e-01 2.469582e-01 
1.434748e-01 2.473159e-01 
1.500723e-01 2.476735e-01 
1.566697e-01 2.480312e-01 
1.632671e-01 2.483889e-01 
1.698646e-01 2.487465e-01 
1.764620e-01 2.491042e-01 
1.830594e-01 2.494618e-01 
1.896569e-01 2.498195e-01 
1.962543e-01 2.501771e-01 
2.028517e-01 2.505348e-01 
-1.397224e-01 2.415520e-01 
-1.326581e-01 2.415520e-01 
-1.255939e-01 2.415520e-01 
-1.185296e-01 2.415520e-01 
-1.114653e-01 2.415520e-01 
-1.044011e-01 2.415520e-01 
-9.733680e-02 2.415520e-01 
-9.027253e-02 2.415520e-01 
-8.320827e-02 2.415520e-01 
-7.614400e-02 2.415520e-01 
-6.953297e-02 2.418771e-01 
-6.292194e-02 2.422023e-01 
-5.631091e-02 2.425274e-01 
-4.969989e-02 2.428526e-01 
-4.308886e-02 2.431777e-01 
-3.647783e-02 2.435029e-01 
-2.986680e-02 2.438280e-01 
-2.325577e-02 2.441531e-01 
-1.664474e-02 2.444783e-01 
-1.003371e-02 2.448034e-01 
-3.422686e-03 2.451286e-01 
3.188343e-03 2.454537e-01 
9.799371e-03 2.457789e-01 
1.641040e-02 2.461040e-01 
2.302143e-02 2.464291e-01 
2.963246e-02 2.467543e-01 
3.624349e-02 2.470794e-01 
4.285451e-02 2.474046e-01 
4.946554e-02 2.477297e-01 
5.607657e-02 2.480549e-01 
6.268760e-02 2.483800e-01 
6.929863e-02 2.487051e-01 
7.590966e-02 2.490303e-01 
8.252069e-02 2.493554e-01 
8.913171e-02 2.496806e-01 
9.574274e-02 2.500057e-01 
1.023538e-01 2.503309e-01 
1.089648e-01 2.506560e-01 
1.155758e-01 2.509811e-01 
1.221869e-01 2.513063e-01 
1.287979e-01 2.516314e-01 
1.354089e-01 2.519566e-01 
1.420199e-01 2.522817e-01 
1.486310e-01 2.526069e-01 
1.552420e-01 2.529320e-01 
1.618530e-01 2.532571e-01 
1.684641e-01 2.535823e-01 
1.750751e-01 2.539074e-01 
1.816861e-01 2.542326e-01 
1.882971e-01 2.545577e-01 
1.949082e-01 2.548829e-01 
2.015192e-01 2.552080e-01 
-1.413405e-01 2.475908e-01 
-1.343079e-01 2.475908e-01 
-1.272754e-01 2.475908e-01 
-1.202428e-01 2.475908e-01 
-1.132103e-01 2.475908e-01 
-1.061778e-01 2.475908e-01 
-9.914522e-02 2.475908e-01 
-9.211268e-02 2.475908e-01 
-8.508014e-02 2.475908e-01 
-7.804760e-02 2.475908e-01 
-7.142297e-02 2.478834e-01 
-6.479835e-02 2.481761e-01 
-5.817372e-02 2.484687e-01 
-5.154910e-02 2.487613e-01 
-4.492447e-02 2.490539e-01 
-3.829985e-02 2.493466e-01 
-3.167522e-02 2.496392e-01 
-2.505059e-02 2.499318e-01 
-1.842597e-02 2.502245e-01 
-1.180134e-02 2.505171e-01 
-5.176717e-03 2.508097e-01 
1.447909e-03 2.511023e-01 
8.072534e-03 2.513950e-01 
1.469716e-02 2.516876e-01 
2.132179e-02 2.519802e-01 
2.794641e-02 2.522729e-01 
3.457104e-02 2.525655e-01 
4.119566e-02 2.528581e-01 
4.782029e-02 2.531507e-01 
5.444491e-02 2.534434e-01 
6.106954e-02 2.537360e-01 
6.769417e-02 2.540286e-01 
7.431879e-02 2.543213e-01 
8.094342e-02 2.546139e-01 
8.756804e-02 2.549065e-01 
9.419267e-02 2.551991e-01 
1.008173e-01 2.554918e-01 
1.074419e-01 2.557844e-01 
1.140665e-01 2.560770e-01 
1.206912e-01 2.563697e-01 
1.273158e-01 2.566623e-01 
1.339404e-01 2.569549e-01 
1.405650e-01 2.572475e-01 
1.471897e-01 2.575402e-01 
1.538143e-01 2.578328e-01 
1.604389e-01 2.581254e-01 
1.670636e-01 2.584181e-01 
1.736882e-01 2.587107e-01 
1.803128e-01 2.590033e-01 
1.869374e-01 2.592959e-01 
1.935621e-01 2.595886e-01 
2.001867e-01 2.598812e-01 
-1.429585e-01 2.536296e-01 
-1.359577e-01 2.536296e-01 
-1.289569e-01 2.536296e-01 
-1.219561e-01 2.536296e-01 
-1.149553e-01 2.536296e-01 
-1.079545e-01 2.536296e-01 
-1.009536e-01 2.536296e-01 
-9.395283e-02 2.536296e-01 
-8.695201e-02 2.536296e-01 
-7.995120e-02 2.536296e-01 
-7.331298e-02 2.538897e-01 
-6.667475e-02 2.541498e-01 
-6.003653e-02 2.544099e-01 
-5.339831e-02 2.546701e-01 
-4.676009e-02 2.549302e-01 
-4.012186e-02 2.551903e-01 
-3.348364e-02 2.554504e-01 
-2.684542e-02 2.557105e-01 
-2.020719e-02 2.559706e-01 
-1.356897e-02 2.562307e-01 
-6.930749e-03 2.564909e-01 
-2.925257e-04 2.567510e-01 
6.345697e-03 2.570111e-01 
1.298392e-02 2.572712e-01 
1.962214e-02 2.575313e-01 
2.626037e-02 2.577914e-01 
3.289859e-02 2.580515e-01 
3.953681e-02 2.583117e-01 
4.617503e-02 2.585718e-01 
5.281326e-02 2.588319e-01 
5.945148e-02 2.590920e-01 
6.608970e-02 2.593521e-01 
7.272793e-02 2.596122e-01 
7.936615e-02 2.598723e-01 
8.600437e-02 2.601325e-01 
9.264259e-02 2.603926e-01 
9.928082e-02 2.606527e-01 
1.059190e-01 2.609128e-01 
1.125573e-01 2.611729e-01 
1.191955e-01 2.614330e-01 
1.258337e-01 2.616931e-01 
1.324719e-01 2.619533e-01 
1.391102e-01 2.622134e-01 
1.457484e-01 2.624735e-01 
1.523866e-01 2.627336e-01 
1.590248e-01 2.629937e-01 
1.656630e-01 2.632538e-01 
1.723013e-01 2.635139e-01 
1.789395e-01 2.637741e-01 
1.855777e-01 2.640342e-01 
1.922159e-01 2.642943e-01 
1.988542e-01 2.645544e-01 
-1.445766e-01 2.596684e-01 
-1.376075e-01 2.596684e-01 
-1.306384e-01 2.596684e-01 
-1.236693e-01 2.596684e-01 
-1.167002e-01 2.596684e-01 
-1.097311e-01 2.596684e-01 
-1.027621e-01 2.596684e-01 
-9.579297e-02 2.596684e-01 
-8.882389e-02 2.596684e-01 
-8.185480e-02 2.596684e-01 
-7.520298e-02 2.598960e-01 
-6.855116e-02 2.601236e-01 
-6.189934e-02 2.603512e-01 
-5.524752e-02 2.605788e-01 
-4.859570e-02 2.608064e-01 
-4.194388e-02 2.610340e-01 
-3.529206e-02 2.612616e-01 
-2.864024e-02 2.614892e-01 
-2.198842e-02 2.617168e-01 
-1.533660e-02 2.619444e-01 
-8.684780e-03 2.621720e-01 
-2.032960e-03 2.623996e-01 
4.618860e-03 2.626272e-01 
1.127068e-02 2.628548e-01 
1.792250e-02 2.630824e-01 
2.457432e-02 2.633100e-01 
3.122614e-02 2.635376e-01 
3.787796e-02 2.637652e-01 
4.452978e-02 2.639928e-01 
5.118160e-02 2.642204e-01 
5.783342e-02 2.644480e-01 
6.448524e-02 2.646756e-01 
7.113706e-02 2.649032e-01 
7.778888e-02 2.651308e-01 
8.444070e-02 2.653584e-01 
9.109252e-02 2.655860e-01 
9.774434e-02 2.658136e-01 
1.043962e-01 2.660412e-01 
1.110480e-01 2.662688e-01 
1.176998e-01 2.664964e-01 
1.243516e-01 2.667240e-01 
1.310034e-01 2.669516e-01 
1.376553e-01 2.671792e-01 
1.443071e-01 2.674068e-01 
1.509589e-01 2.676344e-01 
1.576107e-01 2.678620e-01 
1.642625e-01 2.680896e-01 
1.709144e-01 2.683172e-01 
1.775662e-01 2.685448e-01 
1.842180e-01 2.687724e-01 
1.908698e-01 2.690000e-01 
1.975216e-01 2.692276e-01 
-1.461946e-01 2.657072e-01 
-1.392573e-01 2.657072e-01 
-1.323199e-01 2.657072e-01 
-1.253826e-01 2.657072e-01 
-1.184452e-01 2.657072e-01 
-1.115078e-01 2.657072e-01 
-1.045705e-01 2.657072e-01 
-9.763312e-02 2.657072e-01 
-9.069576e-02 2.657072e-01 
-8.375840e-02 2.657072e-01 
-7.709298e-02 2.659023e-01 
-7.042757e-02 2.660974e-01 
-6.376215e-02 2.662925e-01 
-5.709673e-02 2.664875e-01 
-5.043131e-02 2.666826e-01 
-4.376590e-02 2.668777e-01 
-3.710048e-02 2.670728e-01 
-3.043506e-02 2.672679e-01 
-2.376965e-02 2.674630e-01 
-1.710423e-02 2.676581e-01 
-1.043881e-02 2.678531e-01 
-3.773394e-03 2.680482e-01 
2.892023e-03 2.682433e-01 
9.557440e-03 2.684384e-01 
1.622286e-02 2.686335e-01 
2.288827e-02 2.688286e-01 
2.955369e-02 2.690237e-01 
3.621911e-02 2.692187e-01 
4.288453e-02 2.694138e-01 
4.954994e-02 2.696089e-01 
5.621536e-02 2.698040e-01 
6.288078e-02 2.699991e-01 
6.954619e-02 2.701942e-01 
7.621161e-02 2.703893e-01 
8.287703e-02 2.705843e-01 
8.954245e-02 2.707794e-01 
9.620786e-02 2.709745e-01 
1.028733e-01 2.711696e-01 
1.095387e-01 2.713647e-01 
1.162041e-01 2.715598e-01 
1.228695e-01 2.717549e-01 
1.295349e-01 2.719499e-01 
1.362004e-01 2.721450e-01 
1.428658e-01 2.723401e-01 
1.495312e-01 2.725352e-01 
1.561966e-01 2.727303e-01 
1.628620e-01 2.729254e-01 
1.695275e-01 2.731205e-01 
1.761929e-01 2.733155e-01 
1.828583e-01 2.735106e-01 
1.895237e-01 2.737057e-01 
1.961891e-01 2.739008e-01 
-1.478127e-01 2.717460e-01 
-1.409071e-01 2.717460e-01 
-1.340014e-01 2.717460e-01 
-1.270958e-01 2.717460e-01 
-1.201902e-01 2.717460e-01 
-1.132845e-01 2.717460e-01 
-1.063789e-01 2.717460e-01 
-9.947327e-02 2.717460e-01 
-9.256763e-02 2.717460e-01 
-8.566200e-02 2.717460e-01 
-7.898299e-02 2.719086e-01 
-7.230397e-02 2.720711e-01 
-6.562496e-02 2.722337e-01 
-5.894594e-02 2.723963e-01 
-5.226693e-02 2.725589e-01 
-4.558791e-02 2.727214e-01 
-3.890890e-02 2.728840e-01 
-3.222989e-02 2.730466e-01 
-2.555087e-02 2.732091e-01 
-1.887186e-02 2.733717e-01 
-1.219284e-02 2.735343e-01 
-5.513829e-03 2.736969e-01 
1.165186e-03 2.738594e-01 
7.844200e-03 2.740220e-01 
1.452321e-02 2.741846e-01 
2.120223e-02 2.743471e-01 
2.788124e-02 2.745097e-01 
3.456026e-02 2.746723e-01 
4.123927e-02 2.748349e-01 
4.791829e-02 2.749974e-01 
5.459730e-02 2.751600e-01 
6.127631e-02 2.753226e-01 
6.795533e-02 2.754851e-01 
7.463434e-02 2.756477e-01 
8.131336e-02 2.758103e-01 
8.799237e-02 2.759729e-01 
9.467139e-02 2.761354e-01 
1.013504e-01 2.762980e-01 
1.080294e-01 2.764606e-01 
1.147084e-01 2.766231e-01 
1.213874e-01 2.767857e-01 
1.280665e-01 2.769483e-01 
1.347455e-01 2.771109e-01 
1.414245e-01 2.772734e-01 
1.481035e-01 2.774360e-01 
1.547825e-01 2.775986e-01 
1.614615e-01 2.777611e-01 
1.681405e-01 2.779237e-01 
1.748196e-01 2.780863e-01 
1.814986e-01 2.782489e-01 
1.881776e-01 2.784114e-01 
1.948566e-01 2.785740e-01 
-1.494308e-01 2.777848e-01 
-1.425569e-01 2.777848e-01 
-1.356829e-01 2.777848e-01 
-1.288090e-01 2.777848e-01 
-1.219351e-01 2.777848e-01 
-1.150612e-01 2.777848e-01 
-1.081873e-01 2.777848e-01 
-1.013134e-01 2.777848e-01 
-9.443951e-02 2.777848e-01 
-8.756560e-02 2.777848e-01 
-8.087299e-02 2.779149e-01 
-7.418038e-02 2.780449e-01 
-6.748777e-02 2.781750e-01 
-6.079515e-02 2.783050e-01 
-5.410254e-02 2.784351e-01 
-4.740993e-02 2.785651e-01 
-4.071732e-02 2.786952e-01 
-3.402471e-02 2.788253e-01 
-2.733210e-02 2.789553e-01 
-2.063949e-02 2.790854e-01 
-1.394687e-02 2.792154e-01 
-7.254263e-03 2.793455e-01 
-5.616514e-04 2.794755e-01 
6.130960e-03 2.796056e-01 
1.282357e-02 2.797357e-01 
1.951618e-02 2.798657e-01 
2.620879e-02 2.799958e-01 
3.290141e-02 2.801258e-01 
3.959402e-02 2.802559e-01 
4.628663e-02 2.803859e-01 
5.297924e-02 2.805160e-01 
5.967185e-02 2.806461e-01 
6.636446e-02 2.807761e-01 
7.305707e-02 2.809062e-01 
7.974969e-02 2.810362e-01 
8.644230e-02 2.811663e-01 
9.313491e-02 2.812963e-01 
9.982752e-02 2.814264e-01 
1.065201e-01 2.815565e-01 
1.132127e-01 2.816865e-01 
1.199054e-01 2.818166e-01 
1.265980e-01 2.819466e-01 
1.332906e-01 2.820767e-01 
1.399832e-01 2.822067e-01 
1.466758e-01 2.823368e-01 
1.533684e-01 2.824669e-01 
1.600610e-01 2.825969e-01 
1.667536e-01 2.827270e-01 
1.734462e-01 2.828570e-01 
1.801389e-01 2.829871e-01 
1.868315e-01 2.831171e-01 
1.935241e-01 2.832472e-01 
-1.510488e-01 2.838236e-01 
-1.442066e-01 2.838236e-01 
-1.373645e-01 2.838236e-01 
-1.305223e-01 2.838236e-01 
-1.236801e-01 2.838236e-01 
-1.168379e-01 2.838236e-01 
-1.099957e-01 2.838236e-01 
-1.031536e-01 2.838236e-01 
-9.631138e-02 2.838236e-01 
-8.946920e-02 2.838236e-01 
-8.276299e-02 2.839211e-01 
-7.605678e-02 2.840187e-01 
-6.935057e-02 2.841162e-01 
-6.264437e-02 2.842138e-01 
-5.593816e-02 2.843113e-01 
-4.923195e-02 2.844089e-01 
-4.252574e-02 2.845064e-01 
-3.581953e-02 2.846039e-01 
-2.911332e-02 2.847015e-01 
-2.240711e-02 2.847990e-01 
-1.570091e-02 2.848966e-01 
-8.994697e-03 2.849941e-01 
-2.288489e-03 2.850917e-01 
4.417720e-03 2.851892e-01 
1.112393e-02 2.852867e-01 
1.783014e-02 2.853843e-01 
2.453635e-02 2.854818e-01 
3.124255e-02 2.855794e-01 
3.794876e-02 2.856769e-01 
4.465497e-02 2.857745e-01 
5.136118e-02 2.858720e-01 
5.806739e-02 2.859695e-01 
6.477360e-02 2.860671e-01 
7.147981e-02 2.861646e-01 
7.818601e-02 2.862622e-01 
8.489222e-02 2.863597e-01 
9.159843e-02 2.864573e-01 
9.830464e-02 2.865548e-01 
1.050108e-01 2.866523e-01 
1.117171e-01 2.867499e-01 
1.184233e-01 2.868474e-01 
1.251295e-01 2.869450e-01 
1.318357e-01 2.870425e-01 
1.385419e-01 2.871401e-01 
1.452481e-01 2.872376e-01 
1.519543e-01 2.873351e-01 
1.586605e-01 2.874327e-01 
1.653667e-01 2.875302e-01 
1.720729e-01 2.876278e-01 
1.787791e-01 2.877253e-01 
1.854854e-01 2.878229e-01 
1.921916e-01 2.879204e-01 
-1.526669e-01 2.898624e-01 
-1.458564e-01 2.898624e-01 
-1.390460e-01 2.898624e-01 
-1.322355e-01 2.898624e-01 
-1.254251e-01 2.898624e-01 
-1.186146e-01 2.898624e-01 
-1.118042e-01 2.898624e-01 
-1.049937e-01 2.898624e-01 
-9.818325e-02 2.898624e-01 
-9.137280e-02 2.898624e-01 
-8.465299e-02 2.899274e-01 
-7.793319e-02 2.899925e-01 
-7.121338e-02 2.900575e-01 
-6.449358e-02 2.901225e-01 
-5.777377e-02 2.901875e-01 
-5.105397e-02 2.902526e-01 
-4.433416e-02 2.903176e-01 
-3.761435e-02 2.903826e-01 
-3.089455e-02 2.904477e-01 
-2.417474e-02 2.905127e-01 
-1.745494e-02 2.905777e-01 
-1.073513e-02 2.906427e-01 
-4.015326e-03 2.907078e-01 
2.704480e-03 2.907728e-01 
9.424286e-03 2.908378e-01 
1.614409e-02 2.909029e-01 
2.286390e-02 2.909679e-01 
2.958370e-02 2.910329e-01 
3.630351e-02 2.910979e-01 
4.302331e-02 2.911630e-01 
4.974312e-02 2.912280e-01 
5.646293e-02 2.912930e-01 
6.318273e-02 2.913581e-01 
6.990254e-02 2.914231e-01 
7.662234e-02 2.914881e-01 
8.334215e-02 2.915531e-01 
9.006195e-02 2.916182e-01 
9.678176e-02 2.916832e-01 
1.035016e-01 2.917482e-01 
1.102214e-01 2.918133e-01 
1.169412e-01 2.918783e-01 
1.236610e-01 2.919433e-01 
1.303808e-01 2.920083e-01 
1.371006e-01 2.920734e-01 
1.438204e-01 2.921384e-01 
1.505402e-01 2.922034e-01 
1.572600e-01 2.922685e-01 
1.639798e-01 2.923335e-01 
1.706996e-01 2.923985e-01 
1.774194e-01 2.924635e-01 
1.841392e-01 2.925286e-01 
1.908590e-01 2.925936e-01 
-1.542849e-01 2.959012e-01 
-1.475062e-01 2.959012e-01 
-1.407275e-01 2.959012e-01 
-1.339488e-01 2.959012e-01 
-1.271700e-01 2.959012e-01 
-1.203913e-01 2.959012e-01 
-1.136126e-01 2.959012e-01 
-1.068339e-01 2.959012e-01 
-1.000551e-01 2.959012e-01 
-9.327640e-02 2.959012e-01 
-8.654300e-02 2.959337e-01 
-7.980959e-02 2.959662e-01 
-7.307619e-02 2.959987e-01 
-6.634279e-02 2.960313e-01 
-5.960939e-02 2.960638e-01 
-5.287598e-02 2.960963e-01 
-4.614258e-02 2.961288e-01 
-3.940918e-02 2.961613e-01 
-3.267577e-02 2.961938e-01 
-2.594237e-02 2.962263e-01 
-1.920897e-02 2.962589e-01 
-1.247557e-02 2.962914e-01 
-5.742163e-03 2.963239e-01 
9.912400e-04 2.963564e-01 
7.724643e-03 2.963889e-01 
1.445805e-02 2.964214e-01 
2.119145e-02 2.964539e-01 
2.792485e-02 2.964865e-01 
3.465825e-02 2.965190e-01 
4.139166e-02 2.965515e-01 
4.812506e-02 2.965840e-01 
5.485846e-02 2.966165e-01 
6.159187e-02 2.966490e-01 
6.832527e-02 2.966815e-01 
7.505867e-02 2.967141e-01 
8.179207e-02 2.967466e-01 
8.852548e-02 2.967791e-01 
9.525888e-02 2.968116e-01 
1.019923e-01 2.968441e-01 
1.087257e-01 2.968766e-01 
1.154591e-01 2.969091e-01 
1.221925e-01 2.969417e-01 
1.289259e-01 2.969742e-01 
1.356593e-01 2.970067e-01 
1.423927e-01 2.970392e-01 
1.491261e-01 2.970717e-01 
1.558595e-01 2.971042e-01 
1.625929e-01 2.971367e-01 
1.693263e-01 2.971693e-01 
1.760597e-01 2.972018e-01 
1.827931e-01 2.972343e-01 
1.895265e-01 2.972668e-01 
-1.559030e-01 3.019400e-01 
-1.491560e-01 3.019400e-01 
-1.424090e-01 3.019400e-01 
-1.356620e-01 3.019400e-01 
-1.289150e-01 3.019400e-01 
-1.221680e-01 3.019400e-01 
-1.154210e-01 3.019400e-01 
-1.086740e-01 3.019400e-01 
-1.019270e-01 3.019400e-01 
-9.518000e-02 3.019400e-01 
-8.843300e-02 3.019400e-01 
-8.168600e-02 3.019400e-01 
-7.493900e-02 3.019400e-01 
-6.819200e-02 3.019400e-01 
-6.144500e-02 3.019400e-01 
-5.469800e-02 3.019400e-01 
-4.795100e-02 3.019400e-01 
-4.120400e-02 3.019400e-01 
-3.445700e-02 3.019400e-01 
-2.771000e-02 3.019400e-01 
-2.096300e-02 3.019400e-01 
-1.421600e-02 3.019400e-01 
-7.469000e-03 3.019400e-01 
-7.220000e-04 3.019400e-01 
6.025000e-03 3.019400e-01 
1.277200e-02 3.019400e-01 
1.951900e-02 3.019400e-01 
2.626600e-02 3.019400e-01 
3.301300e-02 3.019400e-01 
3.976000e-02 3.019400e-01 
4.650700e-02 3.019400e-01 
5.325400e-02 3.019400e-01 
6.000100e-02 3.019400e-01 
6.674800e-02 3.019400e-01 
7.349500e-02 3.019400e-01 
8.024200e-02 3.019400e-01 
8.698900e-02 3.019400e-01 
9.373600e-02 3.019400e-01 
1.004830e-01 3.019400e-01 
1.072300e-01 3.019400e-01 
1.139770e-01 3.019400e-01 
1.207240e-01 3.019400e-01 
1.274710e-01 3.019400e-01 
1.342180e-01 3.019400e-01 
1.409650e-01 3.019400e-01 
1.477120e-01 3.019400e-01 
1.544590e-01 3.019400e-01 
1.612060e-01 3.019400e-01 
1.679530e-01 3.019400e-01 
1.747000e-01 3.019400e-01 
1.814470e-01 3.019400e-01 
1.881940e-01 3.019400e-01 
BC
-1
-1
-1
-1
-1
-1
-1
-1
-1
-1
-1
-1
-1
-1
-1
-1
-1
-1
-1
-1
-1
-1
-1
-1
-1
-1
-1
-1
-1
-1
-1
-1
-1
-1
-1
-1
-1
-1
-1
-1
-1
-1
-1
-1
-1
-1
-1
-1
-1
-1
-1
-1
-1
-1
-1
-1
-1
-1
-1
-1
-1
-1
-1
-1
-1
-1
-1
-1
-1
-1
-1
-1
-1
-1
-1
-1
-1
-1
-1
-1
-1
-1
-1
-1
-1
-1
-1
-1
-1
-1
-1
-1
-1
-1
-1
-1
-1
-1
-1
-1
-1
-1
-1
-1
-1
-1
-1
-1
-1
-1
-1
-1
-1
-1
-1
-1
-1
-1
-1
-1
-1
-1
-1
-1
-1
-1
-1
-1
-1
-1
-1
-1
-1
-1
-1
-1
-1
-1
-1
-1
-1
-1
-1
-1
-1
-1
-1
-1
-1
-1
