npartb: 4 2 
ipartb: 2 0 
ngrid: 52 27 
2.548200e-01 6.828000e-02 
2.608871e-01 6.990571e-02 
2.669543e-01 7.153143e-02 
2.730214e-01 7.315714e-02 
2.790886e-01 7.478286e-02 
2.851557e-01 7.640857e-02 
2.912229e-01 7.803429e-02 
2.972900e-01 7.966000e-02 
3.033571e-01 8.128571e-02 
3.094243e-01 8.291143e-02 
3.154914e-01 8.453714e-02 
3.215586e-01 8.616286e-02 
3.276257e-01 8.778857e-02 
3.336929e-01 8.941429e-02 
3.397600e-01 9.104000e-02 
3.458271e-01 9.266571e-02 
3.518943e-01 9.429143e-02 
3.579614e-01 9.591714e-02 
3.640286e-01 9.754286e-02 
3.700957e-01 9.916857e-02 
3.761629e-01 1.007943e-01 
3.822300e-01 1.024200e-01 
3.882971e-01 1.040457e-01 
3.943643e-01 1.056714e-01 
4.004314e-01 1.072971e-01 
4.064986e-01 1.089229e-01 
4.125657e-01 1.105486e-01 
4.186329e-01 1.121743e-01 
4.247000e-01 1.138000e-01 
4.307671e-01 1.154257e-01 
4.368343e-01 1.170514e-01 
4.429014e-01 1.186771e-01 
4.489686e-01 1.203029e-01 
4.550357e-01 1.219286e-01 
4.611029e-01 1.235543e-01 
4.671700e-01 1.251800e-01 
4.732371e-01 1.268057e-01 
4.793043e-01 1.284314e-01 
4.853714e-01 1.300571e-01 
4.914386e-01 1.316829e-01 
4.975057e-01 1.333086e-01 
5.035729e-01 1.349343e-01 
5.096400e-01 1.365600e-01 
5.157071e-01 1.381857e-01 
5.217743e-01 1.398114e-01 
5.278414e-01 1.414371e-01 
5.339086e-01 1.430629e-01 
5.399757e-01 1.446886e-01 
5.460429e-01 1.463143e-01 
5.521100e-01 1.479400e-01 
5.581771e-01 1.495657e-01 
5.642443e-01 1.511914e-01 
2.534875e-01 7.295320e-02 
2.595682e-01 7.454640e-02 
2.656490e-01 7.613960e-02 
2.717297e-01 7.773280e-02 
2.778104e-01 7.932600e-02 
2.838912e-01 8.091920e-02 
2.899719e-01 8.251240e-02 
2.960527e-01 8.410560e-02 
3.021334e-01 8.569880e-02 
3.082141e-01 8.729200e-02 
3.142949e-01 8.888520e-02 
3.203756e-01 9.047840e-02 
3.264564e-01 9.207160e-02 
3.325371e-01 9.366480e-02 
3.386178e-01 9.525800e-02 
3.446986e-01 9.685120e-02 
3.507793e-01 9.844440e-02 
3.568601e-01 1.000376e-01 
3.629408e-01 1.016308e-01 
3.690215e-01 1.032240e-01 
3.751023e-01 1.048172e-01 
3.811830e-01 1.064104e-01 
3.872638e-01 1.080036e-01 
3.933445e-01 1.095968e-01 
3.994252e-01 1.111900e-01 
4.055060e-01 1.127832e-01 
4.115867e-01 1.143764e-01 
4.176675e-01 1.159696e-01 
4.237482e-01 1.175628e-01 
4.298289e-01 1.191560e-01 
4.359097e-01 1.207492e-01 
4.419904e-01 1.223424e-01 
4.480712e-01 1.239356e-01 
4.541519e-01 1.255288e-01 
4.602326e-01 1.271220e-01 
4.663134e-01 1.287152e-01 
4.723941e-01 1.303084e-01 
4.784749e-01 1.319016e-01 
4.845556e-01 1.334948e-01 
4.906363e-01 1.350880e-01 
4.967171e-01 1.366812e-01 
5.027978e-01 1.382744e-01 
5.088786e-01 1.398676e-01 
5.149593e-01 1.414608e-01 
5.210400e-01 1.430540e-01 
5.271208e-01 1.446472e-01 
5.332015e-01 1.462404e-01 
5.392823e-01 1.478336e-01 
5.453630e-01 1.494268e-01 
5.514437e-01 1.510200e-01 
5.575245e-01 1.526132e-01 
5.636052e-01 1.542064e-01 
2.521550e-01 7.762640e-02 
2.582493e-01 7.918709e-02 
2.643436e-01 8.074777e-02 
2.704380e-01 8.230846e-02 
2.765323e-01 8.386914e-02 
2.826266e-01 8.542983e-02 
2.887210e-01 8.699051e-02 
2.948153e-01 8.855120e-02 
3.009097e-01 9.011189e-02 
3.070040e-01 9.167257e-02 
3.130983e-01 9.323326e-02 
3.191927e-01 9.479394e-02 
3.252870e-01 9.635463e-02 
3.313813e-01 9.791531e-02 
3.374757e-01 9.947600e-02 
3.435700e-01 1.010367e-01 
3.496644e-01 1.025974e-01 
3.557587e-01 1.041581e-01 
3.618530e-01 1.057187e-01 
3.679474e-01 1.072794e-01 
3.740417e-01 1.088401e-01 
3.801360e-01 1.104008e-01 
3.862304e-01 1.119615e-01 
3.923247e-01 1.135222e-01 
3.984191e-01 1.150829e-01 
4.045134e-01 1.166435e-01 
4.106077e-01 1.182042e-01 
4.167021e-01 1.197649e-01 
4.227964e-01 1.213256e-01 
4.288907e-01 1.228863e-01 
4.349851e-01 1.244470e-01 
4.410794e-01 1.260077e-01 
4.471737e-01 1.275683e-01 
4.532681e-01 1.291290e-01 
4.593624e-01 1.306897e-01 
4.654568e-01 1.322504e-01 
4.715511e-01 1.338111e-01 
4.776454e-01 1.353718e-01 
4.837398e-01 1.369325e-01 
4.898341e-01 1.384931e-01 
4.959284e-01 1.400538e-01 
5.020228e-01 1.416145e-01 
5.081171e-01 1.431752e-01 
5.142115e-01 1.447359e-01 
5.203058e-01 1.462966e-01 
5.264001e-01 1.478573e-01 
5.324945e-01 1.494179e-01 
5.385888e-01 1.509786e-01 
5.446831e-01 1.525393e-01 
5.507775e-01 1.541000e-01 
5.568718e-01 1.556607e-01 
5.629662e-01 1.572214e-01 
2.508224e-01 8.229960e-02 
2.569304e-01 8.382777e-02 
2.630383e-01 8.535594e-02 
2.691462e-01 8.688411e-02 
2.752542e-01 8.841229e-02 
2.813621e-01 8.994046e-02 
2.874700e-01 9.146863e-02 
2.935780e-01 9.299680e-02 
2.996859e-01 9.452497e-02 
3.057938e-01 9.605314e-02 
3.119018e-01 9.758131e-02 
3.180097e-01 9.910949e-02 
3.241177e-01 1.006377e-01 
3.302256e-01 1.021658e-01 
3.363335e-01 1.036940e-01 
3.424415e-01 1.052222e-01 
3.485494e-01 1.067503e-01 
3.546573e-01 1.082785e-01 
3.607653e-01 1.098067e-01 
3.668732e-01 1.113349e-01 
3.729811e-01 1.128630e-01 
3.790891e-01 1.143912e-01 
3.851970e-01 1.159194e-01 
3.913049e-01 1.174475e-01 
3.974129e-01 1.189757e-01 
4.035208e-01 1.205039e-01 
4.096287e-01 1.220321e-01 
4.157367e-01 1.235602e-01 
4.218446e-01 1.250884e-01 
4.279525e-01 1.266166e-01 
4.340605e-01 1.281447e-01 
4.401684e-01 1.296729e-01 
4.462763e-01 1.312011e-01 
4.523843e-01 1.327293e-01 
4.584922e-01 1.342574e-01 
4.646001e-01 1.357856e-01 
4.707081e-01 1.373138e-01 
4.768160e-01 1.388419e-01 
4.829239e-01 1.403701e-01 
4.890319e-01 1.418983e-01 
4.951398e-01 1.434265e-01 
5.012477e-01 1.449546e-01 
5.073557e-01 1.464828e-01 
5.134636e-01 1.480110e-01 
5.195715e-01 1.495391e-01 
5.256795e-01 1.510673e-01 
5.317874e-01 1.525955e-01 
5.378954e-01 1.541237e-01 
5.440033e-01 1.556518e-01 
5.501112e-01 1.571800e-01 
5.562192e-01 1.587082e-01 
5.623271e-01 1.602363e-01 
2.494899e-01 8.697280e-02 
2.556115e-01 8.846846e-02 
2.617330e-01 8.996411e-02 
2.678545e-01 9.145977e-02 
2.739760e-01 9.295543e-02 
2.800976e-01 9.445109e-02 
2.862191e-01 9.594674e-02 
2.923406e-01 9.744240e-02 
2.984622e-01 9.893806e-02 
3.045837e-01 1.004337e-01 
3.107052e-01 1.019294e-01 
3.168268e-01 1.034250e-01 
3.229483e-01 1.049207e-01 
3.290698e-01 1.064163e-01 
3.351914e-01 1.079120e-01 
3.413129e-01 1.094077e-01 
3.474344e-01 1.109033e-01 
3.535560e-01 1.123990e-01 
3.596775e-01 1.138946e-01 
3.657990e-01 1.153903e-01 
3.719205e-01 1.168859e-01 
3.780421e-01 1.183816e-01 
3.841636e-01 1.198773e-01 
3.902851e-01 1.213729e-01 
3.964067e-01 1.228686e-01 
4.025282e-01 1.243642e-01 
4.086497e-01 1.258599e-01 
4.147713e-01 1.273555e-01 
4.208928e-01 1.288512e-01 
4.270143e-01 1.303469e-01 
4.331359e-01 1.318425e-01 
4.392574e-01 1.333382e-01 
4.453789e-01 1.348338e-01 
4.515005e-01 1.363295e-01 
4.576220e-01 1.378251e-01 
4.637435e-01 1.393208e-01 
4.698651e-01 1.408165e-01 
4.759866e-01 1.423121e-01 
4.821081e-01 1.438078e-01 
4.882296e-01 1.453034e-01 
4.943512e-01 1.467991e-01 
5.004727e-01 1.482947e-01 
5.065942e-01 1.497904e-01 
5.127158e-01 1.512861e-01 
5.188373e-01 1.527817e-01 
5.249588e-01 1.542774e-01 
5.310804e-01 1.557730e-01 
5.372019e-01 1.572687e-01 
5.433234e-01 1.587643e-01 
5.494450e-01 1.602600e-01 
5.555665e-01 1.617557e-01 
5.616880e-01 1.632513e-01 
2.481574e-01 9.164600e-02 
2.542925e-01 9.310914e-02 
2.604277e-01 9.457229e-02 
2.665628e-01 9.603543e-02 
2.726979e-01 9.749857e-02 
2.788330e-01 9.896171e-02 
2.849682e-01 1.004249e-01 
2.911033e-01 1.018880e-01 
2.972384e-01 1.033511e-01 
3.033736e-01 1.048143e-01 
3.095087e-01 1.062774e-01 
3.156438e-01 1.077406e-01 
3.217789e-01 1.092037e-01 
3.279141e-01 1.106669e-01 
3.340492e-01 1.121300e-01 
3.401843e-01 1.135931e-01 
3.463195e-01 1.150563e-01 
3.524546e-01 1.165194e-01 
3.585897e-01 1.179826e-01 
3.647248e-01 1.194457e-01 
3.708600e-01 1.209089e-01 
3.769951e-01 1.223720e-01 
3.831302e-01 1.238351e-01 
3.892654e-01 1.252983e-01 
3.954005e-01 1.267614e-01 
4.015356e-01 1.282246e-01 
4.076707e-01 1.296877e-01 
4.138059e-01 1.311509e-01 
4.199410e-01 1.326140e-01 
4.260761e-01 1.340771e-01 
4.322113e-01 1.355403e-01 
4.383464e-01 1.370034e-01 
4.444815e-01 1.384666e-01 
4.506166e-01 1.399297e-01 
4.567518e-01 1.413929e-01 
4.628869e-01 1.428560e-01 
4.690220e-01 1.443191e-01 
4.751572e-01 1.457823e-01 
4.812923e-01 1.472454e-01 
4.874274e-01 1.487086e-01 
4.935625e-01 1.501717e-01 
4.996977e-01 1.516349e-01 
5.058328e-01 1.530980e-01 
5.119679e-01 1.545611e-01 
5.181031e-01 1.560243e-01 
5.242382e-01 1.574874e-01 
5.303733e-01 1.589506e-01 
5.365084e-01 1.604137e-01 
5.426436e-01 1.618769e-01 
5.487787e-01 1.633400e-01 
5.549138e-01 1.648031e-01 
5.610490e-01 1.662663e-01 
2.468249e-01 9.631920e-02 
2.529736e-01 9.774983e-02 
2.591223e-01 9.918046e-02 
2.652711e-01 1.006111e-01 
2.714198e-01 1.020417e-01 
2.775685e-01 1.034723e-01 
2.837172e-01 1.049030e-01 
2.898660e-01 1.063336e-01 
2.960147e-01 1.077642e-01 
3.021634e-01 1.091949e-01 
3.083121e-01 1.106255e-01 
3.144609e-01 1.120561e-01 
3.206096e-01 1.134867e-01 
3.267583e-01 1.149174e-01 
3.329070e-01 1.163480e-01 
3.390558e-01 1.177786e-01 
3.452045e-01 1.192093e-01 
3.513532e-01 1.206399e-01 
3.575019e-01 1.220705e-01 
3.636507e-01 1.235011e-01 
3.697994e-01 1.249318e-01 
3.759481e-01 1.263624e-01 
3.820968e-01 1.277930e-01 
3.882456e-01 1.292237e-01 
3.943943e-01 1.306543e-01 
4.005430e-01 1.320849e-01 
4.066917e-01 1.335155e-01 
4.128405e-01 1.349462e-01 
4.189892e-01 1.363768e-01 
4.251379e-01 1.378074e-01 
4.312867e-01 1.392381e-01 
4.374354e-01 1.406687e-01 
4.435841e-01 1.420993e-01 
4.497328e-01 1.435299e-01 
4.558816e-01 1.449606e-01 
4.620303e-01 1.463912e-01 
4.681790e-01 1.478218e-01 
4.743277e-01 1.492525e-01 
4.804765e-01 1.506831e-01 
4.866252e-01 1.521137e-01 
4.927739e-01 1.535443e-01 
4.989226e-01 1.549750e-01 
5.050714e-01 1.564056e-01 
5.112201e-01 1.578362e-01 
5.173688e-01 1.592669e-01 
5.235175e-01 1.606975e-01 
5.296663e-01 1.621281e-01 
5.358150e-01 1.635587e-01 
5.419637e-01 1.649894e-01 
5.481124e-01 1.664200e-01 
5.542612e-01 1.678506e-01 
5.604099e-01 1.692813e-01 
2.454924e-01 1.009924e-01 
2.516547e-01 1.023905e-01 
2.578170e-01 1.037886e-01 
2.639793e-01 1.051867e-01 
2.701417e-01 1.065849e-01 
2.763040e-01 1.079830e-01 
2.824663e-01 1.093811e-01 
2.886286e-01 1.107792e-01 
2.947909e-01 1.121773e-01 
3.009533e-01 1.135754e-01 
3.071156e-01 1.149735e-01 
3.132779e-01 1.163717e-01 
3.194402e-01 1.177698e-01 
3.256026e-01 1.191679e-01 
3.317649e-01 1.205660e-01 
3.379272e-01 1.219641e-01 
3.440895e-01 1.233622e-01 
3.502518e-01 1.247603e-01 
3.564142e-01 1.261585e-01 
3.625765e-01 1.275566e-01 
3.687388e-01 1.289547e-01 
3.749011e-01 1.303528e-01 
3.810635e-01 1.317509e-01 
3.872258e-01 1.331490e-01 
3.933881e-01 1.345471e-01 
3.995504e-01 1.359453e-01 
4.057128e-01 1.373434e-01 
4.118751e-01 1.387415e-01 
4.180374e-01 1.401396e-01 
4.241997e-01 1.415377e-01 
4.303620e-01 1.429358e-01 
4.365244e-01 1.443339e-01 
4.426867e-01 1.457321e-01 
4.488490e-01 1.471302e-01 
4.550113e-01 1.485283e-01 
4.611737e-01 1.499264e-01 
4.673360e-01 1.513245e-01 
4.734983e-01 1.527226e-01 
4.796606e-01 1.541207e-01 
4.858230e-01 1.555189e-01 
4.919853e-01 1.569170e-01 
4.981476e-01 1.583151e-01 
5.043099e-01 1.597132e-01 
5.104722e-01 1.611113e-01 
5.166346e-01 1.625094e-01 
5.227969e-01 1.639075e-01 
5.289592e-01 1.653057e-01 
5.351215e-01 1.667038e-01 
5.412839e-01 1.681019e-01 
5.474462e-01 1.695000e-01 
5.536085e-01 1.708981e-01 
5.597708e-01 1.722962e-01 
2.441598e-01 1.056656e-01 
2.503358e-01 1.070312e-01 
2.565117e-01 1.083968e-01 
2.626876e-01 1.097624e-01 
2.688635e-01 1.111280e-01 
2.750394e-01 1.124936e-01 
2.812154e-01 1.138592e-01 
2.873913e-01 1.152248e-01 
2.935672e-01 1.165904e-01 
2.997431e-01 1.179560e-01 
3.059190e-01 1.193216e-01 
3.120950e-01 1.206872e-01 
3.182709e-01 1.220528e-01 
3.244468e-01 1.234184e-01 
3.306227e-01 1.247840e-01 
3.367986e-01 1.261496e-01 
3.429746e-01 1.275152e-01 
3.491505e-01 1.288808e-01 
3.553264e-01 1.302464e-01 
3.615023e-01 1.316120e-01 
3.676782e-01 1.329776e-01 
3.738542e-01 1.343432e-01 
3.800301e-01 1.357088e-01 
3.862060e-01 1.370744e-01 
3.923819e-01 1.384400e-01 
3.985578e-01 1.398056e-01 
4.047338e-01 1.411712e-01 
4.109097e-01 1.425368e-01 
4.170856e-01 1.439024e-01 
4.232615e-01 1.452680e-01 
4.294374e-01 1.466336e-01 
4.356134e-01 1.479992e-01 
4.417893e-01 1.493648e-01 
4.479652e-01 1.507304e-01 
4.541411e-01 1.520960e-01 
4.603170e-01 1.534616e-01 
4.664930e-01 1.548272e-01 
4.726689e-01 1.561928e-01 
4.788448e-01 1.575584e-01 
4.850207e-01 1.589240e-01 
4.911966e-01 1.602896e-01 
4.973726e-01 1.616552e-01 
5.035485e-01 1.630208e-01 
5.097244e-01 1.643864e-01 
5.159003e-01 1.657520e-01 
5.220762e-01 1.671176e-01 
5.282522e-01 1.684832e-01 
5.344281e-01 1.698488e-01 
5.406040e-01 1.712144e-01 
5.467799e-01 1.725800e-01 
5.529558e-01 1.739456e-01 
5.591318e-01 1.753112e-01 
2.428273e-01 1.103388e-01 
2.490168e-01 1.116719e-01 
2.552064e-01 1.130050e-01 
2.613959e-01 1.143381e-01 
2.675854e-01 1.156711e-01 
2.737749e-01 1.170042e-01 
2.799644e-01 1.183373e-01 
2.861539e-01 1.196704e-01 
2.923435e-01 1.210035e-01 
2.985330e-01 1.223366e-01 
3.047225e-01 1.236697e-01 
3.109120e-01 1.250027e-01 
3.171015e-01 1.263358e-01 
3.232910e-01 1.276689e-01 
3.294806e-01 1.290020e-01 
3.356701e-01 1.303351e-01 
3.418596e-01 1.316682e-01 
3.480491e-01 1.330013e-01 
3.542386e-01 1.343343e-01 
3.604281e-01 1.356674e-01 
3.666177e-01 1.370005e-01 
3.728072e-01 1.383336e-01 
3.789967e-01 1.396667e-01 
3.851862e-01 1.409998e-01 
3.913757e-01 1.423329e-01 
3.975652e-01 1.436659e-01 
4.037548e-01 1.449990e-01 
4.099443e-01 1.463321e-01 
4.161338e-01 1.476652e-01 
4.223233e-01 1.489983e-01 
4.285128e-01 1.503314e-01 
4.347024e-01 1.516645e-01 
4.408919e-01 1.529975e-01 
4.470814e-01 1.543306e-01 
4.532709e-01 1.556637e-01 
4.594604e-01 1.569968e-01 
4.656499e-01 1.583299e-01 
4.718395e-01 1.596630e-01 
4.780290e-01 1.609961e-01 
4.842185e-01 1.623291e-01 
4.904080e-01 1.636622e-01 
4.965975e-01 1.649953e-01 
5.027870e-01 1.663284e-01 
5.089766e-01 1.676615e-01 
5.151661e-01 1.689946e-01 
5.213556e-01 1.703277e-01 
5.275451e-01 1.716607e-01 
5.337346e-01 1.729938e-01 
5.399241e-01 1.743269e-01 
5.461137e-01 1.756600e-01 
5.523032e-01 1.769931e-01 
5.584927e-01 1.783262e-01 
2.414948e-01 1.150120e-01 
2.476979e-01 1.163126e-01 
2.539010e-01 1.176131e-01 
2.601041e-01 1.189137e-01 
2.663073e-01 1.202143e-01 
2.725104e-01 1.215149e-01 
2.787135e-01 1.228154e-01 
2.849166e-01 1.241160e-01 
2.911197e-01 1.254166e-01 
2.973228e-01 1.267171e-01 
3.035259e-01 1.280177e-01 
3.097291e-01 1.293183e-01 
3.159322e-01 1.306189e-01 
3.221353e-01 1.319194e-01 
3.283384e-01 1.332200e-01 
3.345415e-01 1.345206e-01 
3.407446e-01 1.358211e-01 
3.469477e-01 1.371217e-01 
3.531509e-01 1.384223e-01 
3.593540e-01 1.397229e-01 
3.655571e-01 1.410234e-01 
3.717602e-01 1.423240e-01 
3.779633e-01 1.436246e-01 
3.841664e-01 1.449251e-01 
3.903695e-01 1.462257e-01 
3.965727e-01 1.475263e-01 
4.027758e-01 1.488269e-01 
4.089789e-01 1.501274e-01 
4.151820e-01 1.514280e-01 
4.213851e-01 1.527286e-01 
4.275882e-01 1.540291e-01 
4.337913e-01 1.553297e-01 
4.399945e-01 1.566303e-01 
4.461976e-01 1.579309e-01 
4.524007e-01 1.592314e-01 
4.586038e-01 1.605320e-01 
4.648069e-01 1.618326e-01 
4.710100e-01 1.631331e-01 
4.772131e-01 1.644337e-01 
4.834163e-01 1.657343e-01 
4.896194e-01 1.670349e-01 
4.958225e-01 1.683354e-01 
5.020256e-01 1.696360e-01 
5.082287e-01 1.709366e-01 
5.144318e-01 1.722371e-01 
5.206349e-01 1.735377e-01 
5.268381e-01 1.748383e-01 
5.330412e-01 1.761389e-01 
5.392443e-01 1.774394e-01 
5.454474e-01 1.787400e-01 
5.516505e-01 1.800406e-01 
5.578536e-01 1.813411e-01 
2.401623e-01 1.196852e-01 
2.463790e-01 1.209533e-01 
2.525957e-01 1.222213e-01 
2.588124e-01 1.234894e-01 
2.650291e-01 1.247574e-01 
2.712458e-01 1.260255e-01 
2.774625e-01 1.272935e-01 
2.836793e-01 1.285616e-01 
2.898960e-01 1.298297e-01 
2.961127e-01 1.310977e-01 
3.023294e-01 1.323658e-01 
3.085461e-01 1.336338e-01 
3.147628e-01 1.349019e-01 
3.209795e-01 1.361699e-01 
3.271962e-01 1.374380e-01 
3.334130e-01 1.387061e-01 
3.396297e-01 1.399741e-01 
3.458464e-01 1.412422e-01 
3.520631e-01 1.425102e-01 
3.582798e-01 1.437783e-01 
3.644965e-01 1.450463e-01 
3.707132e-01 1.463144e-01 
3.769299e-01 1.475825e-01 
3.831466e-01 1.488505e-01 
3.893634e-01 1.501186e-01 
3.955801e-01 1.513866e-01 
4.017968e-01 1.526547e-01 
4.080135e-01 1.539227e-01 
4.142302e-01 1.551908e-01 
4.204469e-01 1.564589e-01 
4.266636e-01 1.577269e-01 
4.328803e-01 1.589950e-01 
4.390970e-01 1.602630e-01 
4.453138e-01 1.615311e-01 
4.515305e-01 1.627991e-01 
4.577472e-01 1.640672e-01 
4.639639e-01 1.653353e-01 
4.701806e-01 1.666033e-01 
4.763973e-01 1.678714e-01 
4.826140e-01 1.691394e-01 
4.888307e-01 1.704075e-01 
4.950474e-01 1.716755e-01 
5.012642e-01 1.729436e-01 
5.074809e-01 1.742117e-01 
5.136976e-01 1.754797e-01 
5.199143e-01 1.767478e-01 
5.261310e-01 1.780158e-01 
5.323477e-01 1.792839e-01 
5.385644e-01 1.805519e-01 
5.447811e-01 1.818200e-01 
5.509979e-01 1.830881e-01 
5.572146e-01 1.843561e-01 
2.388298e-01 1.243584e-01 
2.450601e-01 1.255939e-01 
2.512904e-01 1.268295e-01 
2.575207e-01 1.280650e-01 
2.637510e-01 1.293006e-01 
2.699813e-01 1.305361e-01 
2.762116e-01 1.317717e-01 
2.824419e-01 1.330072e-01 
2.886722e-01 1.342427e-01 
2.949025e-01 1.354783e-01 
3.011328e-01 1.367138e-01 
3.073632e-01 1.379494e-01 
3.135935e-01 1.391849e-01 
3.198238e-01 1.404205e-01 
3.260541e-01 1.416560e-01 
3.322844e-01 1.428915e-01 
3.385147e-01 1.441271e-01 
3.447450e-01 1.453626e-01 
3.509753e-01 1.465982e-01 
3.572056e-01 1.478337e-01 
3.634359e-01 1.490693e-01 
3.696662e-01 1.503048e-01 
3.758965e-01 1.515403e-01 
3.821269e-01 1.527759e-01 
3.883572e-01 1.540114e-01 
3.945875e-01 1.552470e-01 
4.008178e-01 1.564825e-01 
4.070481e-01 1.577181e-01 
4.132784e-01 1.589536e-01 
4.195087e-01 1.601891e-01 
4.257390e-01 1.614247e-01 
4.319693e-01 1.626602e-01 
4.381996e-01 1.638958e-01 
4.444299e-01 1.651313e-01 
4.506603e-01 1.663669e-01 
4.568906e-01 1.676024e-01 
4.631209e-01 1.688379e-01 
4.693512e-01 1.700735e-01 
4.755815e-01 1.713090e-01 
4.818118e-01 1.725446e-01 
4.880421e-01 1.737801e-01 
4.942724e-01 1.750157e-01 
5.005027e-01 1.762512e-01 
5.067330e-01 1.774867e-01 
5.129633e-01 1.787223e-01 
5.191936e-01 1.799578e-01 
5.254240e-01 1.811934e-01 
5.316543e-01 1.824289e-01 
5.378846e-01 1.836645e-01 
5.441149e-01 1.849000e-01 
5.503452e-01 1.861355e-01 
5.565755e-01 1.873711e-01 
2.374972e-01 1.290316e-01 
2.437411e-01 1.302346e-01 
2.499851e-01 1.314377e-01 
2.562290e-01 1.326407e-01 
2.624729e-01 1.338437e-01 
2.687168e-01 1.350467e-01 
2.749607e-01 1.362498e-01 
2.812046e-01 1.374528e-01 
2.874485e-01 1.386558e-01 
2.936924e-01 1.398589e-01 
2.999363e-01 1.410619e-01 
3.061802e-01 1.422649e-01 
3.124241e-01 1.434679e-01 
3.186680e-01 1.446710e-01 
3.249119e-01 1.458740e-01 
3.311558e-01 1.470770e-01 
3.373997e-01 1.482801e-01 
3.436436e-01 1.494831e-01 
3.498875e-01 1.506861e-01 
3.561314e-01 1.518891e-01 
3.623754e-01 1.530922e-01 
3.686193e-01 1.542952e-01 
3.748632e-01 1.554982e-01 
3.811071e-01 1.567013e-01 
3.873510e-01 1.579043e-01 
3.935949e-01 1.591073e-01 
3.998388e-01 1.603103e-01 
4.060827e-01 1.615134e-01 
4.123266e-01 1.627164e-01 
4.185705e-01 1.639194e-01 
4.248144e-01 1.651225e-01 
4.310583e-01 1.663255e-01 
4.373022e-01 1.675285e-01 
4.435461e-01 1.687315e-01 
4.497900e-01 1.699346e-01 
4.560339e-01 1.711376e-01 
4.622778e-01 1.723406e-01 
4.685218e-01 1.735437e-01 
4.747657e-01 1.747467e-01 
4.810096e-01 1.759497e-01 
4.872535e-01 1.771527e-01 
4.934974e-01 1.783558e-01 
4.997413e-01 1.795588e-01 
5.059852e-01 1.807618e-01 
5.122291e-01 1.819649e-01 
5.184730e-01 1.831679e-01 
5.247169e-01 1.843709e-01 
5.309608e-01 1.855739e-01 
5.372047e-01 1.867770e-01 
5.434486e-01 1.879800e-01 
5.496925e-01 1.891830e-01 
5.559364e-01 1.903861e-01 
2.361647e-01 1.337048e-01 
2.424222e-01 1.348753e-01 
2.486797e-01 1.360458e-01 
2.549372e-01 1.372163e-01 
2.611947e-01 1.383869e-01 
2.674522e-01 1.395574e-01 
2.737097e-01 1.407279e-01 
2.799672e-01 1.418984e-01 
2.862247e-01 1.430689e-01 
2.924822e-01 1.442394e-01 
2.987397e-01 1.454099e-01 
3.049973e-01 1.465805e-01 
3.112548e-01 1.477510e-01 
3.175123e-01 1.489215e-01 
3.237698e-01 1.500920e-01 
3.300273e-01 1.512625e-01 
3.362848e-01 1.524330e-01 
3.425423e-01 1.536035e-01 
3.487998e-01 1.547741e-01 
3.550573e-01 1.559446e-01 
3.613148e-01 1.571151e-01 
3.675723e-01 1.582856e-01 
3.738298e-01 1.594561e-01 
3.800873e-01 1.606266e-01 
3.863448e-01 1.617971e-01 
3.926023e-01 1.629677e-01 
3.988598e-01 1.641382e-01 
4.051173e-01 1.653087e-01 
4.113748e-01 1.664792e-01 
4.176323e-01 1.676497e-01 
4.238898e-01 1.688202e-01 
4.301473e-01 1.699907e-01 
4.364048e-01 1.711613e-01 
4.426623e-01 1.723318e-01 
4.489198e-01 1.735023e-01 
4.551773e-01 1.746728e-01 
4.614348e-01 1.758433e-01 
4.676923e-01 1.770138e-01 
4.739498e-01 1.781843e-01 
4.802073e-01 1.793549e-01 
4.864648e-01 1.805254e-01 
4.927223e-01 1.816959e-01 
4.989798e-01 1.828664e-01 
5.052373e-01 1.840369e-01 
5.114948e-01 1.852074e-01 
5.177523e-01 1.863779e-01 
5.240099e-01 1.875485e-01 
5.302674e-01 1.887190e-01 
5.365249e-01 1.898895e-01 
5.427824e-01 1.910600e-01 
5.490399e-01 1.922305e-01 
5.552974e-01 1.934010e-01 
2.348322e-01 1.383780e-01 
2.411033e-01 1.395160e-01 
2.473744e-01 1.406540e-01 
2.536455e-01 1.417920e-01 
2.599166e-01 1.429300e-01 
2.661877e-01 1.440680e-01 
2.724588e-01 1.452060e-01 
2.787299e-01 1.463440e-01 
2.850010e-01 1.474820e-01 
2.912721e-01 1.486200e-01 
2.975432e-01 1.497580e-01 
3.038143e-01 1.508960e-01 
3.100854e-01 1.520340e-01 
3.163565e-01 1.531720e-01 
3.226276e-01 1.543100e-01 
3.288987e-01 1.554480e-01 
3.351698e-01 1.565860e-01 
3.414409e-01 1.577240e-01 
3.477120e-01 1.588620e-01 
3.539831e-01 1.600000e-01 
3.602542e-01 1.611380e-01 
3.665253e-01 1.622760e-01 
3.727964e-01 1.634140e-01 
3.790675e-01 1.645520e-01 
3.853386e-01 1.656900e-01 
3.916097e-01 1.668280e-01 
3.978808e-01 1.679660e-01 
4.041519e-01 1.691040e-01 
4.104230e-01 1.702420e-01 
4.166941e-01 1.713800e-01 
4.229652e-01 1.725180e-01 
4.292363e-01 1.736560e-01 
4.355074e-01 1.747940e-01 
4.417785e-01 1.759320e-01 
4.480496e-01 1.770700e-01 
4.543207e-01 1.782080e-01 
4.605918e-01 1.793460e-01 
4.668629e-01 1.804840e-01 
4.731340e-01 1.816220e-01 
4.794051e-01 1.827600e-01 
4.856762e-01 1.838980e-01 
4.919473e-01 1.850360e-01 
4.982184e-01 1.861740e-01 
5.044895e-01 1.873120e-01 
5.107606e-01 1.884500e-01 
5.170317e-01 1.895880e-01 
5.233028e-01 1.907260e-01 
5.295739e-01 1.918640e-01 
5.358450e-01 1.930020e-01 
5.421161e-01 1.941400e-01 
5.483872e-01 1.952780e-01 
5.546583e-01 1.964160e-01 
2.334997e-01 1.430512e-01 
2.397844e-01 1.441567e-01 
2.460691e-01 1.452622e-01 
2.523538e-01 1.463677e-01 
2.586385e-01 1.474731e-01 
2.649232e-01 1.485786e-01 
2.712079e-01 1.496841e-01 
2.774926e-01 1.507896e-01 
2.837773e-01 1.518951e-01 
2.900620e-01 1.530006e-01 
2.963467e-01 1.541061e-01 
3.026313e-01 1.552115e-01 
3.089160e-01 1.563170e-01 
3.152007e-01 1.574225e-01 
3.214854e-01 1.585280e-01 
3.277701e-01 1.596335e-01 
3.340548e-01 1.607390e-01 
3.403395e-01 1.618445e-01 
3.466242e-01 1.629499e-01 
3.529089e-01 1.640554e-01 
3.591936e-01 1.651609e-01 
3.654783e-01 1.662664e-01 
3.717630e-01 1.673719e-01 
3.780477e-01 1.684774e-01 
3.843324e-01 1.695829e-01 
3.906171e-01 1.706883e-01 
3.969018e-01 1.717938e-01 
4.031865e-01 1.728993e-01 
4.094712e-01 1.740048e-01 
4.157559e-01 1.751103e-01 
4.220406e-01 1.762158e-01 
4.283253e-01 1.773213e-01 
4.346100e-01 1.784267e-01 
4.408947e-01 1.795322e-01 
4.471794e-01 1.806377e-01 
4.534641e-01 1.817432e-01 
4.597488e-01 1.828487e-01 
4.660335e-01 1.839542e-01 
4.723182e-01 1.850597e-01 
4.786029e-01 1.861651e-01 
4.848876e-01 1.872706e-01 
4.911723e-01 1.883761e-01 
4.974570e-01 1.894816e-01 
5.037417e-01 1.905871e-01 
5.100264e-01 1.916926e-01 
5.163111e-01 1.927981e-01 
5.225957e-01 1.939035e-01 
5.288804e-01 1.950090e-01 
5.351651e-01 1.961145e-01 
5.414498e-01 1.972200e-01 
5.477345e-01 1.983255e-01 
5.540192e-01 1.994310e-01 
2.321672e-01 1.477244e-01 
2.384655e-01 1.487974e-01 
2.447637e-01 1.498703e-01 
2.510620e-01 1.509433e-01 
2.573603e-01 1.520163e-01 
2.636586e-01 1.530893e-01 
2.699569e-01 1.541622e-01 
2.762552e-01 1.552352e-01 
2.825535e-01 1.563082e-01 
2.888518e-01 1.573811e-01 
2.951501e-01 1.584541e-01 
3.014484e-01 1.595271e-01 
3.077467e-01 1.606001e-01 
3.140450e-01 1.616730e-01 
3.203433e-01 1.627460e-01 
3.266416e-01 1.638190e-01 
3.329399e-01 1.648919e-01 
3.392382e-01 1.659649e-01 
3.455365e-01 1.670379e-01 
3.518348e-01 1.681109e-01 
3.581330e-01 1.691838e-01 
3.644313e-01 1.702568e-01 
3.707296e-01 1.713298e-01 
3.770279e-01 1.724027e-01 
3.833262e-01 1.734757e-01 
3.896245e-01 1.745487e-01 
3.959228e-01 1.756217e-01 
4.022211e-01 1.766946e-01 
4.085194e-01 1.777676e-01 
4.148177e-01 1.788406e-01 
4.211160e-01 1.799135e-01 
4.274143e-01 1.809865e-01 
4.337126e-01 1.820595e-01 
4.400109e-01 1.831325e-01 
4.463092e-01 1.842054e-01 
4.526075e-01 1.852784e-01 
4.589058e-01 1.863514e-01 
4.652040e-01 1.874243e-01 
4.715023e-01 1.884973e-01 
4.778006e-01 1.895703e-01 
4.840989e-01 1.906433e-01 
4.903972e-01 1.917162e-01 
4.966955e-01 1.927892e-01 
5.029938e-01 1.938622e-01 
5.092921e-01 1.949351e-01 
5.155904e-01 1.960081e-01 
5.218887e-01 1.970811e-01 
5.281870e-01 1.981541e-01 
5.344853e-01 1.992270e-01 
5.407836e-01 2.003000e-01 
5.470819e-01 2.013730e-01 
5.533802e-01 2.024459e-01 
2.308346e-01 1.523976e-01 
2.371465e-01 1.534381e-01 
2.434584e-01 1.544785e-01 
2.497703e-01 1.555190e-01 
2.560822e-01 1.565594e-01 
2.623941e-01 1.575999e-01 
2.687060e-01 1.586403e-01 
2.750179e-01 1.596808e-01 
2.813298e-01 1.607213e-01 
2.876417e-01 1.617617e-01 
2.939536e-01 1.628022e-01 
3.002654e-01 1.638426e-01 
3.065773e-01 1.648831e-01 
3.128892e-01 1.659235e-01 
3.192011e-01 1.669640e-01 
3.255130e-01 1.680045e-01 
3.318249e-01 1.690449e-01 
3.381368e-01 1.700854e-01 
3.444487e-01 1.711258e-01 
3.507606e-01 1.721663e-01 
3.570725e-01 1.732067e-01 
3.633844e-01 1.742472e-01 
3.696963e-01 1.752877e-01 
3.760081e-01 1.763281e-01 
3.823200e-01 1.773686e-01 
3.886319e-01 1.784090e-01 
3.949438e-01 1.794495e-01 
4.012557e-01 1.804899e-01 
4.075676e-01 1.815304e-01 
4.138795e-01 1.825709e-01 
4.201914e-01 1.836113e-01 
4.265033e-01 1.846518e-01 
4.328152e-01 1.856922e-01 
4.391271e-01 1.867327e-01 
4.454389e-01 1.877731e-01 
4.517508e-01 1.888136e-01 
4.580627e-01 1.898541e-01 
4.643746e-01 1.908945e-01 
4.706865e-01 1.919350e-01 
4.769984e-01 1.929754e-01 
4.833103e-01 1.940159e-01 
4.896222e-01 1.950563e-01 
4.959341e-01 1.960968e-01 
5.022460e-01 1.971373e-01 
5.085579e-01 1.981777e-01 
5.148698e-01 1.992182e-01 
5.211816e-01 2.002586e-01 
5.274935e-01 2.012991e-01 
5.338054e-01 2.023395e-01 
5.401173e-01 2.033800e-01 
5.464292e-01 2.044205e-01 
5.527411e-01 2.054609e-01 
2.295021e-01 1.570708e-01 
2.358276e-01 1.580787e-01 
2.421531e-01 1.590867e-01 
2.484786e-01 1.600946e-01 
2.548041e-01 1.611026e-01 
2.611296e-01 1.621105e-01 
2.674551e-01 1.631185e-01 
2.737805e-01 1.641264e-01 
2.801060e-01 1.651343e-01 
2.864315e-01 1.661423e-01 
2.927570e-01 1.671502e-01 
2.990825e-01 1.681582e-01 
3.054080e-01 1.691661e-01 
3.117335e-01 1.701741e-01 
3.180590e-01 1.711820e-01 
3.243844e-01 1.721899e-01 
3.307099e-01 1.731979e-01 
3.370354e-01 1.742058e-01 
3.433609e-01 1.752138e-01 
3.496864e-01 1.762217e-01 
3.560119e-01 1.772297e-01 
3.623374e-01 1.782376e-01 
3.686629e-01 1.792455e-01 
3.749884e-01 1.802535e-01 
3.813138e-01 1.812614e-01 
3.876393e-01 1.822694e-01 
3.939648e-01 1.832773e-01 
4.002903e-01 1.842853e-01 
4.066158e-01 1.852932e-01 
4.129413e-01 1.863011e-01 
4.192668e-01 1.873091e-01 
4.255923e-01 1.883170e-01 
4.319178e-01 1.893250e-01 
4.382432e-01 1.903329e-01 
4.445687e-01 1.913409e-01 
4.508942e-01 1.923488e-01 
4.572197e-01 1.933567e-01 
4.635452e-01 1.943647e-01 
4.698707e-01 1.953726e-01 
4.761962e-01 1.963806e-01 
4.825217e-01 1.973885e-01 
4.888472e-01 1.983965e-01 
4.951726e-01 1.994044e-01 
5.014981e-01 2.004123e-01 
5.078236e-01 2.014203e-01 
5.141491e-01 2.024282e-01 
5.204746e-01 2.034362e-01 
5.268001e-01 2.044441e-01 
5.331256e-01 2.054521e-01 
5.394511e-01 2.064600e-01 
5.457765e-01 2.074679e-01 
5.521020e-01 2.084759e-01 
2.281696e-01 1.617440e-01 
2.345087e-01 1.627194e-01 
2.408478e-01 1.636949e-01 
2.471869e-01 1.646703e-01 
2.535259e-01 1.656457e-01 
2.598650e-01 1.666211e-01 
2.662041e-01 1.675966e-01 
2.725432e-01 1.685720e-01 
2.788823e-01 1.695474e-01 
2.852214e-01 1.705229e-01 
2.915605e-01 1.714983e-01 
2.978995e-01 1.724737e-01 
3.042386e-01 1.734491e-01 
3.105777e-01 1.744246e-01 
3.169168e-01 1.754000e-01 
3.232559e-01 1.763754e-01 
3.295950e-01 1.773509e-01 
3.359341e-01 1.783263e-01 
3.422731e-01 1.793017e-01 
3.486122e-01 1.802771e-01 
3.549513e-01 1.812526e-01 
3.612904e-01 1.822280e-01 
3.676295e-01 1.832034e-01 
3.739686e-01 1.841789e-01 
3.803077e-01 1.851543e-01 
3.866467e-01 1.861297e-01 
3.929858e-01 1.871051e-01 
3.993249e-01 1.880806e-01 
4.056640e-01 1.890560e-01 
4.120031e-01 1.900314e-01 
4.183422e-01 1.910069e-01 
4.246813e-01 1.919823e-01 
4.310203e-01 1.929577e-01 
4.373594e-01 1.939331e-01 
4.436985e-01 1.949086e-01 
4.500376e-01 1.958840e-01 
4.563767e-01 1.968594e-01 
4.627158e-01 1.978349e-01 
4.690549e-01 1.988103e-01 
4.753939e-01 1.997857e-01 
4.817330e-01 2.007611e-01 
4.880721e-01 2.017366e-01 
4.944112e-01 2.027120e-01 
5.007503e-01 2.036874e-01 
5.070894e-01 2.046629e-01 
5.134285e-01 2.056383e-01 
5.197675e-01 2.066137e-01 
5.261066e-01 2.075891e-01 
5.324457e-01 2.085646e-01 
5.387848e-01 2.095400e-01 
5.451239e-01 2.105154e-01 
5.514630e-01 2.114909e-01 
2.268371e-01 1.664172e-01 
2.331898e-01 1.673601e-01 
2.395424e-01 1.683030e-01 
2.458951e-01 1.692459e-01 
2.522478e-01 1.701889e-01 
2.586005e-01 1.711318e-01 
2.649532e-01 1.720747e-01 
2.713059e-01 1.730176e-01 
2.776585e-01 1.739605e-01 
2.840112e-01 1.749034e-01 
2.903639e-01 1.758463e-01 
2.967166e-01 1.767893e-01 
3.030693e-01 1.777322e-01 
3.094220e-01 1.786751e-01 
3.157746e-01 1.796180e-01 
3.221273e-01 1.805609e-01 
3.284800e-01 1.815038e-01 
3.348327e-01 1.824467e-01 
3.411854e-01 1.833897e-01 
3.475381e-01 1.843326e-01 
3.538907e-01 1.852755e-01 
3.602434e-01 1.862184e-01 
3.665961e-01 1.871613e-01 
3.729488e-01 1.881042e-01 
3.793015e-01 1.890471e-01 
3.856542e-01 1.899901e-01 
3.920068e-01 1.909330e-01 
3.983595e-01 1.918759e-01 
4.047122e-01 1.928188e-01 
4.110649e-01 1.937617e-01 
4.174176e-01 1.947046e-01 
4.237702e-01 1.956475e-01 
4.301229e-01 1.965905e-01 
4.364756e-01 1.975334e-01 
4.428283e-01 1.984763e-01 
4.491810e-01 1.994192e-01 
4.555337e-01 2.003621e-01 
4.618863e-01 2.013050e-01 
4.682390e-01 2.022479e-01 
4.745917e-01 2.031909e-01 
4.809444e-01 2.041338e-01 
4.872971e-01 2.050767e-01 
4.936498e-01 2.060196e-01 
5.000024e-01 2.069625e-01 
5.063551e-01 2.079054e-01 
5.127078e-01 2.088483e-01 
5.190605e-01 2.097913e-01 
5.254132e-01 2.107342e-01 
5.317659e-01 2.116771e-01 
5.381185e-01 2.126200e-01 
5.444712e-01 2.135629e-01 
5.508239e-01 2.145058e-01 
2.255046e-01 1.710904e-01 
2.318708e-01 1.720008e-01 
2.382371e-01 1.729112e-01 
2.446034e-01 1.738216e-01 
2.509697e-01 1.747320e-01 
2.573360e-01 1.756424e-01 
2.637022e-01 1.765528e-01 
2.700685e-01 1.774632e-01 
2.764348e-01 1.783736e-01 
2.828011e-01 1.792840e-01 
2.891674e-01 1.801944e-01 
2.955336e-01 1.811048e-01 
3.018999e-01 1.820152e-01 
3.082662e-01 1.829256e-01 
3.146325e-01 1.838360e-01 
3.209988e-01 1.847464e-01 
3.273650e-01 1.856568e-01 
3.337313e-01 1.865672e-01 
3.400976e-01 1.874776e-01 
3.464639e-01 1.883880e-01 
3.528302e-01 1.892984e-01 
3.591964e-01 1.902088e-01 
3.655627e-01 1.911192e-01 
3.719290e-01 1.920296e-01 
3.782953e-01 1.929400e-01 
3.846616e-01 1.938504e-01 
3.910278e-01 1.947608e-01 
3.973941e-01 1.956712e-01 
4.037604e-01 1.965816e-01 
4.101267e-01 1.974920e-01 
4.164930e-01 1.984024e-01 
4.228592e-01 1.993128e-01 
4.292255e-01 2.002232e-01 
4.355918e-01 2.011336e-01 
4.419581e-01 2.020440e-01 
4.483244e-01 2.029544e-01 
4.546906e-01 2.038648e-01 
4.610569e-01 2.047752e-01 
4.674232e-01 2.056856e-01 
4.737895e-01 2.065960e-01 
4.801558e-01 2.075064e-01 
4.865220e-01 2.084168e-01 
4.928883e-01 2.093272e-01 
4.992546e-01 2.102376e-01 
5.056209e-01 2.111480e-01 
5.119872e-01 2.120584e-01 
5.183534e-01 2.129688e-01 
5.247197e-01 2.138792e-01 
5.310860e-01 2.147896e-01 
5.374523e-01 2.157000e-01 
5.438186e-01 2.166104e-01 
5.501848e-01 2.175208e-01 
2.241720e-01 1.757636e-01 
2.305519e-01 1.766415e-01 
2.369318e-01 1.775194e-01 
2.433117e-01 1.783973e-01 
2.496915e-01 1.792751e-01 
2.560714e-01 1.801530e-01 
2.624513e-01 1.810309e-01 
2.688312e-01 1.819088e-01 
2.752111e-01 1.827867e-01 
2.815909e-01 1.836646e-01 
2.879708e-01 1.845425e-01 
2.943507e-01 1.854203e-01 
3.007306e-01 1.862982e-01 
3.071104e-01 1.871761e-01 
3.134903e-01 1.880540e-01 
3.198702e-01 1.889319e-01 
3.262501e-01 1.898098e-01 
3.326300e-01 1.906877e-01 
3.390098e-01 1.915655e-01 
3.453897e-01 1.924434e-01 
3.517696e-01 1.933213e-01 
3.581495e-01 1.941992e-01 
3.645293e-01 1.950771e-01 
3.709092e-01 1.959550e-01 
3.772891e-01 1.968329e-01 
3.836690e-01 1.977107e-01 
3.900488e-01 1.985886e-01 
3.964287e-01 1.994665e-01 
4.028086e-01 2.003444e-01 
4.091885e-01 2.012223e-01 
4.155684e-01 2.021002e-01 
4.219482e-01 2.029781e-01 
4.283281e-01 2.038559e-01 
4.347080e-01 2.047338e-01 
4.410879e-01 2.056117e-01 
4.474677e-01 2.064896e-01 
4.538476e-01 2.073675e-01 
4.602275e-01 2.082454e-01 
4.666074e-01 2.091233e-01 
4.729872e-01 2.100011e-01 
4.793671e-01 2.108790e-01 
4.857470e-01 2.117569e-01 
4.921269e-01 2.126348e-01 
4.985068e-01 2.135127e-01 
5.048866e-01 2.143906e-01 
5.112665e-01 2.152685e-01 
5.176464e-01 2.161463e-01 
5.240263e-01 2.170242e-01 
5.304061e-01 2.179021e-01 
5.367860e-01 2.187800e-01 
5.431659e-01 2.196579e-01 
5.495458e-01 2.205358e-01 
2.228395e-01 1.804368e-01 
2.292330e-01 1.812822e-01 
2.356265e-01 1.821275e-01 
2.420199e-01 1.829729e-01 
2.484134e-01 1.838183e-01 
2.548069e-01 1.846637e-01 
2.612004e-01 1.855090e-01 
2.675938e-01 1.863544e-01 
2.739873e-01 1.871998e-01 
2.803808e-01 1.880451e-01 
2.867743e-01 1.888905e-01 
2.931677e-01 1.897359e-01 
2.995612e-01 1.905813e-01 
3.059547e-01 1.914266e-01 
3.123482e-01 1.922720e-01 
3.187416e-01 1.931174e-01 
3.251351e-01 1.939627e-01 
3.315286e-01 1.948081e-01 
3.379221e-01 1.956535e-01 
3.443155e-01 1.964989e-01 
3.507090e-01 1.973442e-01 
3.571025e-01 1.981896e-01 
3.634960e-01 1.990350e-01 
3.698894e-01 1.998803e-01 
3.762829e-01 2.007257e-01 
3.826764e-01 2.015711e-01 
3.890699e-01 2.024165e-01 
3.954633e-01 2.032618e-01 
4.018568e-01 2.041072e-01 
4.082503e-01 2.049526e-01 
4.146437e-01 2.057979e-01 
4.210372e-01 2.066433e-01 
4.274307e-01 2.074887e-01 
4.338242e-01 2.083341e-01 
4.402176e-01 2.091794e-01 
4.466111e-01 2.100248e-01 
4.530046e-01 2.108702e-01 
4.593981e-01 2.117155e-01 
4.657915e-01 2.125609e-01 
4.721850e-01 2.134063e-01 
4.785785e-01 2.142517e-01 
4.849720e-01 2.150970e-01 
4.913654e-01 2.159424e-01 
4.977589e-01 2.167878e-01 
5.041524e-01 2.176331e-01 
5.105459e-01 2.184785e-01 
5.169393e-01 2.193239e-01 
5.233328e-01 2.201693e-01 
5.297263e-01 2.210146e-01 
5.361198e-01 2.218600e-01 
5.425132e-01 2.227054e-01 
5.489067e-01 2.235507e-01 
2.215070e-01 1.851100e-01 
2.279141e-01 1.859229e-01 
2.343211e-01 1.867357e-01 
2.407282e-01 1.875486e-01 
2.471353e-01 1.883614e-01 
2.535424e-01 1.891743e-01 
2.599494e-01 1.899871e-01 
2.663565e-01 1.908000e-01 
2.727636e-01 1.916129e-01 
2.791706e-01 1.924257e-01 
2.855777e-01 1.932386e-01 
2.919848e-01 1.940514e-01 
2.983919e-01 1.948643e-01 
3.047989e-01 1.956771e-01 
3.112060e-01 1.964900e-01 
3.176131e-01 1.973029e-01 
3.240201e-01 1.981157e-01 
3.304272e-01 1.989286e-01 
3.368343e-01 1.997414e-01 
3.432414e-01 2.005543e-01 
3.496484e-01 2.013671e-01 
3.560555e-01 2.021800e-01 
3.624626e-01 2.029929e-01 
3.688696e-01 2.038057e-01 
3.752767e-01 2.046186e-01 
3.816838e-01 2.054314e-01 
3.880909e-01 2.062443e-01 
3.944979e-01 2.070571e-01 
4.009050e-01 2.078700e-01 
4.073121e-01 2.086829e-01 
4.137191e-01 2.094957e-01 
4.201262e-01 2.103086e-01 
4.265333e-01 2.111214e-01 
4.329404e-01 2.119343e-01 
4.393474e-01 2.127471e-01 
4.457545e-01 2.135600e-01 
4.521616e-01 2.143729e-01 
4.585686e-01 2.151857e-01 
4.649757e-01 2.159986e-01 
4.713828e-01 2.168114e-01 
4.777899e-01 2.176243e-01 
4.841969e-01 2.184371e-01 
4.906040e-01 2.192500e-01 
4.970111e-01 2.200629e-01 
5.034181e-01 2.208757e-01 
5.098252e-01 2.216886e-01 
5.162323e-01 2.225014e-01 
5.226394e-01 2.233143e-01 
5.290464e-01 2.241271e-01 
5.354535e-01 2.249400e-01 
5.418606e-01 2.257529e-01 
5.482676e-01 2.265657e-01 
2.201745e-01 1.897832e-01 
2.265951e-01 1.905635e-01 
2.330158e-01 1.913439e-01 
2.394365e-01 1.921242e-01 
2.458572e-01 1.929046e-01 
2.522778e-01 1.936849e-01 
2.586985e-01 1.944653e-01 
2.651192e-01 1.952456e-01 
2.715398e-01 1.960259e-01 
2.779605e-01 1.968063e-01 
2.843812e-01 1.975866e-01 
2.908018e-01 1.983670e-01 
2.972225e-01 1.991473e-01 
3.036432e-01 1.999277e-01 
3.100638e-01 2.007080e-01 
3.164845e-01 2.014883e-01 
3.229052e-01 2.022687e-01 
3.293258e-01 2.030490e-01 
3.357465e-01 2.038294e-01 
3.421672e-01 2.046097e-01 
3.485879e-01 2.053901e-01 
3.550085e-01 2.061704e-01 
3.614292e-01 2.069507e-01 
3.678499e-01 2.077311e-01 
3.742705e-01 2.085114e-01 
3.806912e-01 2.092918e-01 
3.871119e-01 2.100721e-01 
3.935325e-01 2.108525e-01 
3.999532e-01 2.116328e-01 
4.063739e-01 2.124131e-01 
4.127945e-01 2.131935e-01 
4.192152e-01 2.139738e-01 
4.256359e-01 2.147542e-01 
4.320565e-01 2.155345e-01 
4.384772e-01 2.163149e-01 
4.448979e-01 2.170952e-01 
4.513185e-01 2.178755e-01 
4.577392e-01 2.186559e-01 
4.641599e-01 2.194362e-01 
4.705806e-01 2.202166e-01 
4.770012e-01 2.209969e-01 
4.834219e-01 2.217773e-01 
4.898426e-01 2.225576e-01 
4.962632e-01 2.233379e-01 
5.026839e-01 2.241183e-01 
5.091046e-01 2.248986e-01 
5.155252e-01 2.256790e-01 
5.219459e-01 2.264593e-01 
5.283666e-01 2.272397e-01 
5.347872e-01 2.280200e-01 
5.412079e-01 2.288003e-01 
5.476286e-01 2.295807e-01 
BC
4
4
4
4
4
4
4
4
4
4
4
4
4
4
4
4
4
4
4
4
4
4
4
4
4
4
4
4
4
4
4
4
4
4
4
4
4
4
4
4
4
4
4
4
4
4
4
4
4
4
4
-1
-1
-1
-1
-1
-1
-1
-1
-1
-1
-1
-1
-1
-1
-1
-1
-1
-1
-1
-1
-1
-1
-1
-1
-1
-1
-1
-1
-1
-1
-1
-1
-1
-1
-1
-1
-1
-1
-1
-1
-1
-1
-1
-1
-1
-1
-1
-1
-1
-1
-1
-1
-1
-1
-1
-1
-1
-1
-1
-1
-1
-1
-1
-1
-1
-1
-1
-1
-1
-1
-1
-1
-1
-1
-1
-1
-1
-1
-1
-1
-1
-1
-1
-1
-1
-1
-1
-1
-1
-1
-1
-1
-1
-1
-1
-1
-1
-1
-1
-1
-1
-1
-1
