npartb: 4 2 
ipartb: 3 1 
ngrid: 48 25 
1.384770e+00 2.817220e-01 
1.391346e+00 2.816553e-01 
1.398031e+00 2.815875e-01 
1.404828e+00 2.815185e-01 
1.411738e+00 2.814484e-01 
1.418764e+00 2.813772e-01 
1.425908e+00 2.813047e-01 
1.433170e+00 2.812310e-01 
1.440555e+00 2.811561e-01 
1.448063e+00 2.810800e-01 
1.455696e+00 2.810025e-01 
1.463458e+00 2.809238e-01 
1.471349e+00 2.808437e-01 
1.479373e+00 2.807624e-01 
1.487531e+00 2.806796e-01 
1.495826e+00 2.805955e-01 
1.504260e+00 2.805099e-01 
1.512835e+00 2.804229e-01 
1.521555e+00 2.803345e-01 
1.530420e+00 2.802445e-01 
1.539434e+00 2.801531e-01 
1.548600e+00 2.800601e-01 
1.557920e+00 2.799656e-01 
1.567396e+00 2.798695e-01 
1.577031e+00 2.797717e-01 
1.586828e+00 2.796723e-01 
1.596789e+00 2.795713e-01 
1.606918e+00 2.794685e-01 
1.617218e+00 2.793641e-01 
1.627690e+00 2.792578e-01 
1.638339e+00 2.791498e-01 
1.649166e+00 2.790400e-01 
1.660176e+00 2.789283e-01 
1.671371e+00 2.788147e-01 
1.682754e+00 2.786993e-01 
1.694328e+00 2.785819e-01 
1.706098e+00 2.784625e-01 
1.718065e+00 2.783411e-01 
1.730234e+00 2.782176e-01 
1.742608e+00 2.780921e-01 
1.755190e+00 2.779645e-01 
1.767983e+00 2.778347e-01 
1.780993e+00 2.777027e-01 
1.794221e+00 2.775685e-01 
1.807672e+00 2.774321e-01 
1.821350e+00 2.772933e-01 
1.835258e+00 2.771523e-01 
1.849400e+00 2.770088e-01 
1.384771e+00 2.825644e-01 
1.391346e+00 2.825005e-01 
1.398031e+00 2.824355e-01 
1.404828e+00 2.823694e-01 
1.411739e+00 2.823022e-01 
1.418765e+00 2.822339e-01 
1.425908e+00 2.821645e-01 
1.433171e+00 2.820939e-01 
1.440555e+00 2.820221e-01 
1.448063e+00 2.819491e-01 
1.455697e+00 2.818749e-01 
1.463458e+00 2.817995e-01 
1.471350e+00 2.817228e-01 
1.479373e+00 2.816448e-01 
1.487532e+00 2.815654e-01 
1.495826e+00 2.814848e-01 
1.504260e+00 2.814028e-01 
1.512836e+00 2.813195e-01 
1.521555e+00 2.812347e-01 
1.530421e+00 2.811485e-01 
1.539435e+00 2.810609e-01 
1.548601e+00 2.809718e-01 
1.557920e+00 2.808812e-01 
1.567396e+00 2.807891e-01 
1.577031e+00 2.806954e-01 
1.586828e+00 2.806002e-01 
1.596790e+00 2.805033e-01 
1.606919e+00 2.804049e-01 
1.617218e+00 2.803047e-01 
1.627691e+00 2.802029e-01 
1.638339e+00 2.800994e-01 
1.649166e+00 2.799942e-01 
1.660176e+00 2.798871e-01 
1.671371e+00 2.797783e-01 
1.682754e+00 2.796676e-01 
1.694329e+00 2.795551e-01 
1.706098e+00 2.794407e-01 
1.718065e+00 2.793244e-01 
1.730234e+00 2.792061e-01 
1.742608e+00 2.790858e-01 
1.755190e+00 2.789635e-01 
1.767984e+00 2.788391e-01 
1.780993e+00 2.787126e-01 
1.794221e+00 2.785840e-01 
1.807672e+00 2.784533e-01 
1.821350e+00 2.783203e-01 
1.835258e+00 2.781851e-01 
1.849400e+00 2.780476e-01 
1.384771e+00 2.834068e-01 
1.391347e+00 2.833457e-01 
1.398032e+00 2.832835e-01 
1.404829e+00 2.832203e-01 
1.411739e+00 2.831561e-01 
1.418765e+00 2.830907e-01 
1.425909e+00 2.830243e-01 
1.433172e+00 2.829568e-01 
1.440556e+00 2.828881e-01 
1.448064e+00 2.828183e-01 
1.455697e+00 2.827473e-01 
1.463459e+00 2.826751e-01 
1.471350e+00 2.826018e-01 
1.479374e+00 2.825272e-01 
1.487532e+00 2.824513e-01 
1.495827e+00 2.823742e-01 
1.504261e+00 2.822957e-01 
1.512836e+00 2.822160e-01 
1.521556e+00 2.821349e-01 
1.530421e+00 2.820525e-01 
1.539435e+00 2.819687e-01 
1.548601e+00 2.818834e-01 
1.557920e+00 2.817968e-01 
1.567396e+00 2.817087e-01 
1.577032e+00 2.816191e-01 
1.586829e+00 2.815280e-01 
1.596790e+00 2.814354e-01 
1.606919e+00 2.813412e-01 
1.617218e+00 2.812454e-01 
1.627691e+00 2.811480e-01 
1.638339e+00 2.810490e-01 
1.649167e+00 2.809483e-01 
1.660176e+00 2.808459e-01 
1.671371e+00 2.807418e-01 
1.682754e+00 2.806360e-01 
1.694329e+00 2.805284e-01 
1.706098e+00 2.804189e-01 
1.718066e+00 2.803076e-01 
1.730234e+00 2.801945e-01 
1.742608e+00 2.800794e-01 
1.755190e+00 2.799624e-01 
1.767984e+00 2.798435e-01 
1.780993e+00 2.797225e-01 
1.794221e+00 2.795995e-01 
1.807672e+00 2.794744e-01 
1.821350e+00 2.793472e-01 
1.835258e+00 2.792179e-01 
1.849400e+00 2.790864e-01 
1.384772e+00 2.842492e-01 
1.391347e+00 2.841909e-01 
1.398033e+00 2.841315e-01 
1.404829e+00 2.840712e-01 
1.411740e+00 2.840099e-01 
1.418766e+00 2.839475e-01 
1.425909e+00 2.838841e-01 
1.433172e+00 2.838196e-01 
1.440556e+00 2.837541e-01 
1.448064e+00 2.836875e-01 
1.455698e+00 2.836197e-01 
1.463459e+00 2.835508e-01 
1.471351e+00 2.834808e-01 
1.479374e+00 2.834096e-01 
1.487533e+00 2.833371e-01 
1.495827e+00 2.832635e-01 
1.504261e+00 2.831887e-01 
1.512837e+00 2.831125e-01 
1.521556e+00 2.830352e-01 
1.530421e+00 2.829565e-01 
1.539436e+00 2.828765e-01 
1.548601e+00 2.827951e-01 
1.557921e+00 2.827124e-01 
1.567397e+00 2.826283e-01 
1.577032e+00 2.825428e-01 
1.586829e+00 2.824558e-01 
1.596791e+00 2.823674e-01 
1.606920e+00 2.822775e-01 
1.617219e+00 2.821861e-01 
1.627691e+00 2.820931e-01 
1.638340e+00 2.819986e-01 
1.649167e+00 2.819025e-01 
1.660177e+00 2.818048e-01 
1.671371e+00 2.817054e-01 
1.682754e+00 2.816044e-01 
1.694329e+00 2.815016e-01 
1.706098e+00 2.813972e-01 
1.718066e+00 2.812909e-01 
1.730235e+00 2.811829e-01 
1.742608e+00 2.810731e-01 
1.755190e+00 2.809614e-01 
1.767984e+00 2.808479e-01 
1.780993e+00 2.807324e-01 
1.794221e+00 2.806150e-01 
1.807672e+00 2.804956e-01 
1.821350e+00 2.803742e-01 
1.835258e+00 2.802507e-01 
1.849400e+00 2.801252e-01 
1.384772e+00 2.850917e-01 
1.391348e+00 2.850361e-01 
1.398033e+00 2.849796e-01 
1.404830e+00 2.849221e-01 
1.411740e+00 2.848637e-01 
1.418766e+00 2.848043e-01 
1.425910e+00 2.847439e-01 
1.433173e+00 2.846825e-01 
1.440557e+00 2.846201e-01 
1.448065e+00 2.845566e-01 
1.455698e+00 2.844921e-01 
1.463460e+00 2.844265e-01 
1.471351e+00 2.843598e-01 
1.479375e+00 2.842920e-01 
1.487533e+00 2.842230e-01 
1.495828e+00 2.841529e-01 
1.504262e+00 2.840816e-01 
1.512837e+00 2.840091e-01 
1.521556e+00 2.839354e-01 
1.530422e+00 2.838604e-01 
1.539436e+00 2.837842e-01 
1.548602e+00 2.837068e-01 
1.557921e+00 2.836280e-01 
1.567397e+00 2.835479e-01 
1.577032e+00 2.834664e-01 
1.586829e+00 2.833836e-01 
1.596791e+00 2.832994e-01 
1.606920e+00 2.832138e-01 
1.617219e+00 2.831267e-01 
1.627692e+00 2.830382e-01 
1.638340e+00 2.829482e-01 
1.649167e+00 2.828567e-01 
1.660177e+00 2.827636e-01 
1.671372e+00 2.826690e-01 
1.682755e+00 2.825727e-01 
1.694329e+00 2.824749e-01 
1.706099e+00 2.823754e-01 
1.718066e+00 2.822742e-01 
1.730235e+00 2.821714e-01 
1.742608e+00 2.820668e-01 
1.755190e+00 2.819604e-01 
1.767984e+00 2.818522e-01 
1.780993e+00 2.817423e-01 
1.794221e+00 2.816305e-01 
1.807672e+00 2.815167e-01 
1.821350e+00 2.814011e-01 
1.835258e+00 2.812836e-01 
1.849400e+00 2.811640e-01 
1.384773e+00 2.859341e-01 
1.391348e+00 2.858813e-01 
1.398034e+00 2.858276e-01 
1.404831e+00 2.857730e-01 
1.411741e+00 2.857175e-01 
1.418767e+00 2.856611e-01 
1.425910e+00 2.856037e-01 
1.433173e+00 2.855454e-01 
1.440557e+00 2.854861e-01 
1.448065e+00 2.854258e-01 
1.455699e+00 2.853645e-01 
1.463460e+00 2.853022e-01 
1.471352e+00 2.852388e-01 
1.479375e+00 2.851744e-01 
1.487534e+00 2.851088e-01 
1.495828e+00 2.850422e-01 
1.504262e+00 2.849745e-01 
1.512838e+00 2.849056e-01 
1.521557e+00 2.848356e-01 
1.530422e+00 2.847644e-01 
1.539437e+00 2.846920e-01 
1.548602e+00 2.846184e-01 
1.557922e+00 2.845436e-01 
1.567398e+00 2.844675e-01 
1.577033e+00 2.843901e-01 
1.586830e+00 2.843114e-01 
1.596791e+00 2.842314e-01 
1.606920e+00 2.841501e-01 
1.617220e+00 2.840674e-01 
1.627692e+00 2.839833e-01 
1.638340e+00 2.838978e-01 
1.649168e+00 2.838108e-01 
1.660177e+00 2.837224e-01 
1.671372e+00 2.836325e-01 
1.682755e+00 2.835411e-01 
1.694330e+00 2.834481e-01 
1.706099e+00 2.833536e-01 
1.718066e+00 2.832575e-01 
1.730235e+00 2.831598e-01 
1.742609e+00 2.830604e-01 
1.755190e+00 2.829594e-01 
1.767984e+00 2.828566e-01 
1.780993e+00 2.827522e-01 
1.794221e+00 2.826459e-01 
1.807672e+00 2.825379e-01 
1.821350e+00 2.824281e-01 
1.835258e+00 2.823164e-01 
1.849400e+00 2.822028e-01 
1.384774e+00 2.867765e-01 
1.391349e+00 2.867265e-01 
1.398034e+00 2.866756e-01 
1.404831e+00 2.866239e-01 
1.411742e+00 2.865713e-01 
1.418767e+00 2.865179e-01 
1.425911e+00 2.864635e-01 
1.433174e+00 2.864083e-01 
1.440558e+00 2.863521e-01 
1.448066e+00 2.862950e-01 
1.455700e+00 2.862369e-01 
1.463461e+00 2.861778e-01 
1.471352e+00 2.861178e-01 
1.479376e+00 2.860568e-01 
1.487534e+00 2.859947e-01 
1.495829e+00 2.859316e-01 
1.504263e+00 2.858674e-01 
1.512838e+00 2.858022e-01 
1.521557e+00 2.857359e-01 
1.530423e+00 2.856684e-01 
1.539437e+00 2.855998e-01 
1.548603e+00 2.855301e-01 
1.557922e+00 2.854592e-01 
1.567398e+00 2.853871e-01 
1.577033e+00 2.853138e-01 
1.586830e+00 2.852393e-01 
1.596792e+00 2.851635e-01 
1.606921e+00 2.850864e-01 
1.617220e+00 2.850081e-01 
1.627692e+00 2.849284e-01 
1.638341e+00 2.848474e-01 
1.649168e+00 2.847650e-01 
1.660178e+00 2.846812e-01 
1.671372e+00 2.845961e-01 
1.682755e+00 2.845095e-01 
1.694330e+00 2.844214e-01 
1.706099e+00 2.843319e-01 
1.718066e+00 2.842408e-01 
1.730235e+00 2.841482e-01 
1.742609e+00 2.840541e-01 
1.755191e+00 2.839584e-01 
1.767984e+00 2.838610e-01 
1.780993e+00 2.837620e-01 
1.794222e+00 2.836614e-01 
1.807672e+00 2.835591e-01 
1.821350e+00 2.834550e-01 
1.835258e+00 2.833492e-01 
1.849400e+00 2.832416e-01 
1.384774e+00 2.876189e-01 
1.391350e+00 2.875717e-01 
1.398035e+00 2.875236e-01 
1.404832e+00 2.874748e-01 
1.411742e+00 2.874251e-01 
1.418768e+00 2.873747e-01 
1.425911e+00 2.873233e-01 
1.433174e+00 2.872711e-01 
1.440559e+00 2.872181e-01 
1.448066e+00 2.871641e-01 
1.455700e+00 2.871093e-01 
1.463461e+00 2.870535e-01 
1.471353e+00 2.869968e-01 
1.479376e+00 2.869392e-01 
1.487535e+00 2.868805e-01 
1.495829e+00 2.868209e-01 
1.504263e+00 2.867603e-01 
1.512839e+00 2.866987e-01 
1.521558e+00 2.866361e-01 
1.530423e+00 2.865724e-01 
1.539438e+00 2.865076e-01 
1.548603e+00 2.864418e-01 
1.557923e+00 2.863748e-01 
1.567399e+00 2.863067e-01 
1.577034e+00 2.862375e-01 
1.586831e+00 2.861671e-01 
1.596792e+00 2.860955e-01 
1.606921e+00 2.860227e-01 
1.617220e+00 2.859487e-01 
1.627693e+00 2.858735e-01 
1.638341e+00 2.857970e-01 
1.649168e+00 2.857192e-01 
1.660178e+00 2.856400e-01 
1.671373e+00 2.855596e-01 
1.682756e+00 2.854778e-01 
1.694330e+00 2.853947e-01 
1.706099e+00 2.853101e-01 
1.718067e+00 2.852241e-01 
1.730235e+00 2.851367e-01 
1.742609e+00 2.850477e-01 
1.755191e+00 2.849573e-01 
1.767984e+00 2.848654e-01 
1.780994e+00 2.847719e-01 
1.794222e+00 2.846769e-01 
1.807673e+00 2.845802e-01 
1.821350e+00 2.844820e-01 
1.835258e+00 2.843820e-01 
1.849400e+00 2.842804e-01 
1.384775e+00 2.884613e-01 
1.391350e+00 2.884169e-01 
1.398035e+00 2.883716e-01 
1.404832e+00 2.883257e-01 
1.411743e+00 2.882789e-01 
1.418769e+00 2.882314e-01 
1.425912e+00 2.881831e-01 
1.433175e+00 2.881340e-01 
1.440559e+00 2.880841e-01 
1.448067e+00 2.880333e-01 
1.455701e+00 2.879817e-01 
1.463462e+00 2.879292e-01 
1.471353e+00 2.878758e-01 
1.479377e+00 2.878216e-01 
1.487535e+00 2.877664e-01 
1.495830e+00 2.877103e-01 
1.504264e+00 2.876533e-01 
1.512839e+00 2.875953e-01 
1.521558e+00 2.875363e-01 
1.530424e+00 2.874764e-01 
1.539438e+00 2.874154e-01 
1.548604e+00 2.873534e-01 
1.557923e+00 2.872904e-01 
1.567399e+00 2.872263e-01 
1.577034e+00 2.871611e-01 
1.586831e+00 2.870949e-01 
1.596793e+00 2.870275e-01 
1.606922e+00 2.869590e-01 
1.617221e+00 2.868894e-01 
1.627693e+00 2.868186e-01 
1.638341e+00 2.867465e-01 
1.649169e+00 2.866733e-01 
1.660178e+00 2.865989e-01 
1.671373e+00 2.865232e-01 
1.682756e+00 2.864462e-01 
1.694330e+00 2.863679e-01 
1.706100e+00 2.862883e-01 
1.718067e+00 2.862074e-01 
1.730236e+00 2.861251e-01 
1.742609e+00 2.860414e-01 
1.755191e+00 2.859563e-01 
1.767985e+00 2.858698e-01 
1.780994e+00 2.857818e-01 
1.794222e+00 2.856924e-01 
1.807673e+00 2.856014e-01 
1.821350e+00 2.855089e-01 
1.835258e+00 2.854148e-01 
1.849400e+00 2.853192e-01 
1.384775e+00 2.893037e-01 
1.391351e+00 2.892621e-01 
1.398036e+00 2.892197e-01 
1.404833e+00 2.891766e-01 
1.411743e+00 2.891328e-01 
1.418769e+00 2.890882e-01 
1.425912e+00 2.890429e-01 
1.433175e+00 2.889969e-01 
1.440560e+00 2.889501e-01 
1.448068e+00 2.889025e-01 
1.455701e+00 2.888541e-01 
1.463462e+00 2.888049e-01 
1.471354e+00 2.887548e-01 
1.479378e+00 2.887040e-01 
1.487536e+00 2.886522e-01 
1.495830e+00 2.885997e-01 
1.504264e+00 2.885462e-01 
1.512840e+00 2.884918e-01 
1.521559e+00 2.884365e-01 
1.530424e+00 2.883803e-01 
1.539439e+00 2.883232e-01 
1.548604e+00 2.882651e-01 
1.557924e+00 2.882060e-01 
1.567399e+00 2.881459e-01 
1.577035e+00 2.880848e-01 
1.586831e+00 2.880227e-01 
1.596793e+00 2.879596e-01 
1.606922e+00 2.878953e-01 
1.617221e+00 2.878300e-01 
1.627693e+00 2.877636e-01 
1.638342e+00 2.876961e-01 
1.649169e+00 2.876275e-01 
1.660179e+00 2.875577e-01 
1.671373e+00 2.874867e-01 
1.682756e+00 2.874145e-01 
1.694331e+00 2.873412e-01 
1.706100e+00 2.872665e-01 
1.718067e+00 2.871907e-01 
1.730236e+00 2.871135e-01 
1.742609e+00 2.870351e-01 
1.755191e+00 2.869553e-01 
1.767985e+00 2.868742e-01 
1.780994e+00 2.867917e-01 
1.794222e+00 2.867078e-01 
1.807673e+00 2.866226e-01 
1.821350e+00 2.865358e-01 
1.835258e+00 2.864477e-01 
1.849400e+00 2.863580e-01 
1.384776e+00 2.901462e-01 
1.391351e+00 2.901072e-01 
1.398036e+00 2.900677e-01 
1.404833e+00 2.900275e-01 
1.411744e+00 2.899866e-01 
1.418770e+00 2.899450e-01 
1.425913e+00 2.899027e-01 
1.433176e+00 2.898598e-01 
1.440560e+00 2.898161e-01 
1.448068e+00 2.897716e-01 
1.455702e+00 2.897265e-01 
1.463463e+00 2.896805e-01 
1.471354e+00 2.896338e-01 
1.479378e+00 2.895864e-01 
1.487536e+00 2.895381e-01 
1.495831e+00 2.894890e-01 
1.504265e+00 2.894391e-01 
1.512840e+00 2.893884e-01 
1.521559e+00 2.893368e-01 
1.530425e+00 2.892843e-01 
1.539439e+00 2.892310e-01 
1.548605e+00 2.891767e-01 
1.557924e+00 2.891216e-01 
1.567400e+00 2.890655e-01 
1.577035e+00 2.890085e-01 
1.586832e+00 2.889505e-01 
1.596793e+00 2.888916e-01 
1.606922e+00 2.888316e-01 
1.617221e+00 2.887707e-01 
1.627694e+00 2.887087e-01 
1.638342e+00 2.886457e-01 
1.649169e+00 2.885817e-01 
1.660179e+00 2.885165e-01 
1.671373e+00 2.884503e-01 
1.682756e+00 2.883829e-01 
1.694331e+00 2.883144e-01 
1.706100e+00 2.882448e-01 
1.718067e+00 2.881740e-01 
1.730236e+00 2.881020e-01 
1.742609e+00 2.880287e-01 
1.755191e+00 2.879543e-01 
1.767985e+00 2.878786e-01 
1.780994e+00 2.878016e-01 
1.794222e+00 2.877233e-01 
1.807673e+00 2.876437e-01 
1.821350e+00 2.875628e-01 
1.835258e+00 2.874805e-01 
1.849400e+00 2.873968e-01 
1.384776e+00 2.909886e-01 
1.391352e+00 2.909524e-01 
1.398037e+00 2.909157e-01 
1.404834e+00 2.908784e-01 
1.411744e+00 2.908404e-01 
1.418770e+00 2.908018e-01 
1.425914e+00 2.907625e-01 
1.433176e+00 2.907226e-01 
1.440561e+00 2.906821e-01 
1.448069e+00 2.906408e-01 
1.455702e+00 2.905989e-01 
1.463464e+00 2.905562e-01 
1.471355e+00 2.905129e-01 
1.479379e+00 2.904688e-01 
1.487537e+00 2.904239e-01 
1.495831e+00 2.903784e-01 
1.504265e+00 2.903320e-01 
1.512841e+00 2.902849e-01 
1.521560e+00 2.902370e-01 
1.530425e+00 2.901883e-01 
1.539439e+00 2.901388e-01 
1.548605e+00 2.900884e-01 
1.557924e+00 2.900372e-01 
1.567400e+00 2.899851e-01 
1.577035e+00 2.899322e-01 
1.586832e+00 2.898784e-01 
1.596794e+00 2.898236e-01 
1.606923e+00 2.897680e-01 
1.617222e+00 2.897114e-01 
1.627694e+00 2.896538e-01 
1.638342e+00 2.895953e-01 
1.649170e+00 2.895358e-01 
1.660179e+00 2.894753e-01 
1.671374e+00 2.894138e-01 
1.682757e+00 2.893513e-01 
1.694331e+00 2.892877e-01 
1.706100e+00 2.892230e-01 
1.718068e+00 2.891572e-01 
1.730236e+00 2.890904e-01 
1.742610e+00 2.890224e-01 
1.755191e+00 2.889533e-01 
1.767985e+00 2.888830e-01 
1.780994e+00 2.888115e-01 
1.794222e+00 2.887388e-01 
1.807673e+00 2.886649e-01 
1.821350e+00 2.885897e-01 
1.835258e+00 2.885133e-01 
1.849400e+00 2.884356e-01 
1.384777e+00 2.918310e-01 
1.391352e+00 2.917976e-01 
1.398038e+00 2.917637e-01 
1.404834e+00 2.917293e-01 
1.411745e+00 2.916942e-01 
1.418771e+00 2.916586e-01 
1.425914e+00 2.916223e-01 
1.433177e+00 2.915855e-01 
1.440561e+00 2.915481e-01 
1.448069e+00 2.915100e-01 
1.455703e+00 2.914713e-01 
1.463464e+00 2.914319e-01 
1.471355e+00 2.913919e-01 
1.479379e+00 2.913512e-01 
1.487537e+00 2.913098e-01 
1.495832e+00 2.912677e-01 
1.504266e+00 2.912250e-01 
1.512841e+00 2.911815e-01 
1.521560e+00 2.911372e-01 
1.530426e+00 2.910923e-01 
1.539440e+00 2.910465e-01 
1.548605e+00 2.910001e-01 
1.557925e+00 2.909528e-01 
1.567401e+00 2.909047e-01 
1.577036e+00 2.908559e-01 
1.586833e+00 2.908062e-01 
1.596794e+00 2.907556e-01 
1.606923e+00 2.907043e-01 
1.617222e+00 2.906520e-01 
1.627694e+00 2.905989e-01 
1.638343e+00 2.905449e-01 
1.649170e+00 2.904900e-01 
1.660179e+00 2.904342e-01 
1.671374e+00 2.903774e-01 
1.682757e+00 2.903196e-01 
1.694331e+00 2.902609e-01 
1.706101e+00 2.902012e-01 
1.718068e+00 2.901405e-01 
1.730236e+00 2.900788e-01 
1.742610e+00 2.900161e-01 
1.755192e+00 2.899522e-01 
1.767985e+00 2.898873e-01 
1.780994e+00 2.898214e-01 
1.794222e+00 2.897543e-01 
1.807673e+00 2.896860e-01 
1.821350e+00 2.896167e-01 
1.835258e+00 2.895461e-01 
1.849400e+00 2.894744e-01 
1.384777e+00 2.926734e-01 
1.391353e+00 2.926428e-01 
1.398038e+00 2.926118e-01 
1.404835e+00 2.925802e-01 
1.411745e+00 2.925480e-01 
1.418771e+00 2.925154e-01 
1.425915e+00 2.924822e-01 
1.433177e+00 2.924484e-01 
1.440562e+00 2.924141e-01 
1.448070e+00 2.923791e-01 
1.455703e+00 2.923437e-01 
1.463465e+00 2.923076e-01 
1.471356e+00 2.922709e-01 
1.479380e+00 2.922336e-01 
1.487538e+00 2.921956e-01 
1.495832e+00 2.921571e-01 
1.504266e+00 2.921179e-01 
1.512842e+00 2.920780e-01 
1.521561e+00 2.920375e-01 
1.530426e+00 2.919962e-01 
1.539440e+00 2.919543e-01 
1.548606e+00 2.919117e-01 
1.557925e+00 2.918684e-01 
1.567401e+00 2.918243e-01 
1.577036e+00 2.917795e-01 
1.586833e+00 2.917340e-01 
1.596795e+00 2.916877e-01 
1.606923e+00 2.916406e-01 
1.617222e+00 2.915927e-01 
1.627695e+00 2.915440e-01 
1.638343e+00 2.914945e-01 
1.649170e+00 2.914442e-01 
1.660180e+00 2.913930e-01 
1.671374e+00 2.913409e-01 
1.682757e+00 2.912880e-01 
1.694332e+00 2.912342e-01 
1.706101e+00 2.911795e-01 
1.718068e+00 2.911238e-01 
1.730237e+00 2.910672e-01 
1.742610e+00 2.910097e-01 
1.755192e+00 2.909512e-01 
1.767985e+00 2.908917e-01 
1.780994e+00 2.908313e-01 
1.794222e+00 2.907697e-01 
1.807673e+00 2.907072e-01 
1.821350e+00 2.906436e-01 
1.835258e+00 2.905790e-01 
1.849400e+00 2.905132e-01 
1.384778e+00 2.935158e-01 
1.391353e+00 2.934880e-01 
1.398039e+00 2.934598e-01 
1.404836e+00 2.934311e-01 
1.411746e+00 2.934018e-01 
1.418772e+00 2.933721e-01 
1.425915e+00 2.933420e-01 
1.433178e+00 2.933113e-01 
1.440562e+00 2.932800e-01 
1.448070e+00 2.932483e-01 
1.455704e+00 2.932161e-01 
1.463465e+00 2.931832e-01 
1.471356e+00 2.931499e-01 
1.479380e+00 2.931160e-01 
1.487538e+00 2.930815e-01 
1.495833e+00 2.930464e-01 
1.504267e+00 2.930108e-01 
1.512842e+00 2.929745e-01 
1.521561e+00 2.929377e-01 
1.530427e+00 2.929002e-01 
1.539441e+00 2.928621e-01 
1.548606e+00 2.928234e-01 
1.557926e+00 2.927840e-01 
1.567402e+00 2.927439e-01 
1.577037e+00 2.927032e-01 
1.586833e+00 2.926618e-01 
1.596795e+00 2.926197e-01 
1.606924e+00 2.925769e-01 
1.617223e+00 2.925334e-01 
1.627695e+00 2.924891e-01 
1.638343e+00 2.924441e-01 
1.649171e+00 2.923983e-01 
1.660180e+00 2.923518e-01 
1.671375e+00 2.923045e-01 
1.682758e+00 2.922564e-01 
1.694332e+00 2.922074e-01 
1.706101e+00 2.921577e-01 
1.718068e+00 2.921071e-01 
1.730237e+00 2.920557e-01 
1.742610e+00 2.920034e-01 
1.755192e+00 2.919502e-01 
1.767985e+00 2.918961e-01 
1.780994e+00 2.918411e-01 
1.794222e+00 2.917852e-01 
1.807673e+00 2.917284e-01 
1.821350e+00 2.916706e-01 
1.835258e+00 2.916118e-01 
1.849400e+00 2.915520e-01 
1.384779e+00 2.943582e-01 
1.391354e+00 2.943332e-01 
1.398039e+00 2.943078e-01 
1.404836e+00 2.942819e-01 
1.411746e+00 2.942557e-01 
1.418772e+00 2.942289e-01 
1.425916e+00 2.942018e-01 
1.433178e+00 2.941741e-01 
1.440563e+00 2.941460e-01 
1.448071e+00 2.941175e-01 
1.455704e+00 2.940884e-01 
1.463466e+00 2.940589e-01 
1.471357e+00 2.940289e-01 
1.479381e+00 2.939984e-01 
1.487539e+00 2.939673e-01 
1.495833e+00 2.939358e-01 
1.504267e+00 2.939037e-01 
1.512842e+00 2.938711e-01 
1.521562e+00 2.938379e-01 
1.530427e+00 2.938042e-01 
1.539441e+00 2.937699e-01 
1.548607e+00 2.937350e-01 
1.557926e+00 2.936996e-01 
1.567402e+00 2.936635e-01 
1.577037e+00 2.936269e-01 
1.586834e+00 2.935896e-01 
1.596795e+00 2.935517e-01 
1.606924e+00 2.935132e-01 
1.617223e+00 2.934740e-01 
1.627695e+00 2.934342e-01 
1.638344e+00 2.933937e-01 
1.649171e+00 2.933525e-01 
1.660180e+00 2.933106e-01 
1.671375e+00 2.932680e-01 
1.682758e+00 2.932247e-01 
1.694332e+00 2.931807e-01 
1.706101e+00 2.931359e-01 
1.718068e+00 2.930904e-01 
1.730237e+00 2.930441e-01 
1.742610e+00 2.929970e-01 
1.755192e+00 2.929492e-01 
1.767986e+00 2.929005e-01 
1.780994e+00 2.928510e-01 
1.794222e+00 2.928007e-01 
1.807673e+00 2.927495e-01 
1.821350e+00 2.926975e-01 
1.835258e+00 2.926446e-01 
1.849400e+00 2.925908e-01 
1.384779e+00 2.952007e-01 
1.391355e+00 2.951784e-01 
1.398040e+00 2.951558e-01 
1.404837e+00 2.951328e-01 
1.411747e+00 2.951095e-01 
1.418773e+00 2.950857e-01 
1.425916e+00 2.950616e-01 
1.433179e+00 2.950370e-01 
1.440563e+00 2.950120e-01 
1.448071e+00 2.949867e-01 
1.455705e+00 2.949608e-01 
1.463466e+00 2.949346e-01 
1.471357e+00 2.949079e-01 
1.479381e+00 2.948808e-01 
1.487539e+00 2.948532e-01 
1.495834e+00 2.948252e-01 
1.504268e+00 2.947966e-01 
1.512843e+00 2.947676e-01 
1.521562e+00 2.947382e-01 
1.530427e+00 2.947082e-01 
1.539442e+00 2.946777e-01 
1.548607e+00 2.946467e-01 
1.557927e+00 2.946152e-01 
1.567402e+00 2.945832e-01 
1.577037e+00 2.945506e-01 
1.586834e+00 2.945174e-01 
1.596796e+00 2.944838e-01 
1.606925e+00 2.944495e-01 
1.617224e+00 2.944147e-01 
1.627696e+00 2.943793e-01 
1.638344e+00 2.943433e-01 
1.649171e+00 2.943067e-01 
1.660181e+00 2.942694e-01 
1.671375e+00 2.942316e-01 
1.682758e+00 2.941931e-01 
1.694332e+00 2.941540e-01 
1.706102e+00 2.941142e-01 
1.718069e+00 2.940737e-01 
1.730237e+00 2.940325e-01 
1.742611e+00 2.939907e-01 
1.755192e+00 2.939482e-01 
1.767986e+00 2.939049e-01 
1.780995e+00 2.938609e-01 
1.794223e+00 2.938162e-01 
1.807673e+00 2.937707e-01 
1.821350e+00 2.937244e-01 
1.835258e+00 2.936774e-01 
1.849400e+00 2.936296e-01 
1.384780e+00 2.960431e-01 
1.391355e+00 2.960236e-01 
1.398040e+00 2.960038e-01 
1.404837e+00 2.959837e-01 
1.411748e+00 2.959633e-01 
1.418773e+00 2.959425e-01 
1.425917e+00 2.959214e-01 
1.433180e+00 2.958999e-01 
1.440564e+00 2.958780e-01 
1.448072e+00 2.958558e-01 
1.455705e+00 2.958332e-01 
1.463467e+00 2.958103e-01 
1.471358e+00 2.957869e-01 
1.479382e+00 2.957632e-01 
1.487540e+00 2.957390e-01 
1.495834e+00 2.957145e-01 
1.504268e+00 2.956896e-01 
1.512843e+00 2.956642e-01 
1.521563e+00 2.956384e-01 
1.530428e+00 2.956122e-01 
1.539442e+00 2.955855e-01 
1.548608e+00 2.955584e-01 
1.557927e+00 2.955308e-01 
1.567403e+00 2.955028e-01 
1.577038e+00 2.954743e-01 
1.586835e+00 2.954453e-01 
1.596796e+00 2.954158e-01 
1.606925e+00 2.953858e-01 
1.617224e+00 2.953554e-01 
1.627696e+00 2.953244e-01 
1.638344e+00 2.952929e-01 
1.649172e+00 2.952608e-01 
1.660181e+00 2.952283e-01 
1.671376e+00 2.951951e-01 
1.682758e+00 2.951615e-01 
1.694333e+00 2.951272e-01 
1.706102e+00 2.950924e-01 
1.718069e+00 2.950570e-01 
1.730237e+00 2.950210e-01 
1.742611e+00 2.949844e-01 
1.755192e+00 2.949471e-01 
1.767986e+00 2.949093e-01 
1.780995e+00 2.948708e-01 
1.794223e+00 2.948317e-01 
1.807673e+00 2.947919e-01 
1.821351e+00 2.947514e-01 
1.835258e+00 2.947102e-01 
1.849400e+00 2.946684e-01 
1.384780e+00 2.968855e-01 
1.391356e+00 2.968688e-01 
1.398041e+00 2.968519e-01 
1.404838e+00 2.968346e-01 
1.411748e+00 2.968171e-01 
1.418774e+00 2.967993e-01 
1.425917e+00 2.967812e-01 
1.433180e+00 2.967628e-01 
1.440564e+00 2.967440e-01 
1.448072e+00 2.967250e-01 
1.455706e+00 2.967056e-01 
1.463467e+00 2.966859e-01 
1.471358e+00 2.966659e-01 
1.479382e+00 2.966456e-01 
1.487540e+00 2.966249e-01 
1.495835e+00 2.966039e-01 
1.504269e+00 2.965825e-01 
1.512844e+00 2.965607e-01 
1.521563e+00 2.965386e-01 
1.530428e+00 2.965161e-01 
1.539443e+00 2.964933e-01 
1.548608e+00 2.964700e-01 
1.557927e+00 2.964464e-01 
1.567403e+00 2.964224e-01 
1.577038e+00 2.963979e-01 
1.586835e+00 2.963731e-01 
1.596796e+00 2.963478e-01 
1.606925e+00 2.963221e-01 
1.617224e+00 2.962960e-01 
1.627696e+00 2.962695e-01 
1.638345e+00 2.962425e-01 
1.649172e+00 2.962150e-01 
1.660181e+00 2.961871e-01 
1.671376e+00 2.961587e-01 
1.682759e+00 2.961298e-01 
1.694333e+00 2.961005e-01 
1.706102e+00 2.960706e-01 
1.718069e+00 2.960403e-01 
1.730238e+00 2.960094e-01 
1.742611e+00 2.959780e-01 
1.755193e+00 2.959461e-01 
1.767986e+00 2.959137e-01 
1.780995e+00 2.958807e-01 
1.794223e+00 2.958471e-01 
1.807673e+00 2.958130e-01 
1.821351e+00 2.957783e-01 
1.835258e+00 2.957431e-01 
1.849400e+00 2.957072e-01 
1.384781e+00 2.977279e-01 
1.391356e+00 2.977140e-01 
1.398041e+00 2.976999e-01 
1.404838e+00 2.976855e-01 
1.411749e+00 2.976709e-01 
1.418775e+00 2.976561e-01 
1.425918e+00 2.976410e-01 
1.433181e+00 2.976256e-01 
1.440565e+00 2.976100e-01 
1.448073e+00 2.975942e-01 
1.455706e+00 2.975780e-01 
1.463468e+00 2.975616e-01 
1.471359e+00 2.975449e-01 
1.479383e+00 2.975280e-01 
1.487541e+00 2.975107e-01 
1.495835e+00 2.974932e-01 
1.504269e+00 2.974754e-01 
1.512844e+00 2.974573e-01 
1.521563e+00 2.974388e-01 
1.530429e+00 2.974201e-01 
1.539443e+00 2.974011e-01 
1.548609e+00 2.973817e-01 
1.557928e+00 2.973620e-01 
1.567404e+00 2.973420e-01 
1.577039e+00 2.973216e-01 
1.586835e+00 2.973009e-01 
1.596797e+00 2.972799e-01 
1.606926e+00 2.972584e-01 
1.617225e+00 2.972367e-01 
1.627697e+00 2.972145e-01 
1.638345e+00 2.971920e-01 
1.649172e+00 2.971692e-01 
1.660182e+00 2.971459e-01 
1.671376e+00 2.971222e-01 
1.682759e+00 2.970982e-01 
1.694333e+00 2.970737e-01 
1.706102e+00 2.970488e-01 
1.718069e+00 2.970236e-01 
1.730238e+00 2.969978e-01 
1.742611e+00 2.969717e-01 
1.755193e+00 2.969451e-01 
1.767986e+00 2.969181e-01 
1.780995e+00 2.968906e-01 
1.794223e+00 2.968626e-01 
1.807673e+00 2.968342e-01 
1.821351e+00 2.968053e-01 
1.835258e+00 2.967759e-01 
1.849400e+00 2.967460e-01 
1.384781e+00 2.985703e-01 
1.391357e+00 2.985592e-01 
1.398042e+00 2.985479e-01 
1.404839e+00 2.985364e-01 
1.411749e+00 2.985247e-01 
1.418775e+00 2.985129e-01 
1.425918e+00 2.985008e-01 
1.433181e+00 2.984885e-01 
1.440565e+00 2.984760e-01 
1.448073e+00 2.984633e-01 
1.455707e+00 2.984504e-01 
1.463468e+00 2.984373e-01 
1.471360e+00 2.984240e-01 
1.479383e+00 2.984104e-01 
1.487541e+00 2.983966e-01 
1.495836e+00 2.983826e-01 
1.504270e+00 2.983683e-01 
1.512845e+00 2.983538e-01 
1.521564e+00 2.983391e-01 
1.530429e+00 2.983241e-01 
1.539443e+00 2.983088e-01 
1.548609e+00 2.982934e-01 
1.557928e+00 2.982776e-01 
1.567404e+00 2.982616e-01 
1.577039e+00 2.982453e-01 
1.586836e+00 2.982287e-01 
1.596797e+00 2.982119e-01 
1.606926e+00 2.981948e-01 
1.617225e+00 2.981773e-01 
1.627697e+00 2.981596e-01 
1.638345e+00 2.981416e-01 
1.649173e+00 2.981233e-01 
1.660182e+00 2.981047e-01 
1.671376e+00 2.980858e-01 
1.682759e+00 2.980665e-01 
1.694333e+00 2.980470e-01 
1.706102e+00 2.980271e-01 
1.718070e+00 2.980068e-01 
1.730238e+00 2.979863e-01 
1.742611e+00 2.979654e-01 
1.755193e+00 2.979441e-01 
1.767986e+00 2.979224e-01 
1.780995e+00 2.979005e-01 
1.794223e+00 2.978781e-01 
1.807674e+00 2.978553e-01 
1.821351e+00 2.978322e-01 
1.835258e+00 2.978087e-01 
1.849400e+00 2.977848e-01 
1.384782e+00 2.994127e-01 
1.391357e+00 2.994044e-01 
1.398043e+00 2.993959e-01 
1.404839e+00 2.993873e-01 
1.411750e+00 2.993786e-01 
1.418776e+00 2.993696e-01 
1.425919e+00 2.993606e-01 
1.433182e+00 2.993514e-01 
1.440566e+00 2.993420e-01 
1.448074e+00 2.993325e-01 
1.455707e+00 2.993228e-01 
1.463469e+00 2.993130e-01 
1.471360e+00 2.993030e-01 
1.479384e+00 2.992928e-01 
1.487542e+00 2.992824e-01 
1.495836e+00 2.992719e-01 
1.504270e+00 2.992612e-01 
1.512845e+00 2.992504e-01 
1.521564e+00 2.992393e-01 
1.530430e+00 2.992281e-01 
1.539444e+00 2.992166e-01 
1.548609e+00 2.992050e-01 
1.557929e+00 2.991932e-01 
1.567405e+00 2.991812e-01 
1.577039e+00 2.991690e-01 
1.586836e+00 2.991565e-01 
1.596798e+00 2.991439e-01 
1.606926e+00 2.991311e-01 
1.617225e+00 2.991180e-01 
1.627698e+00 2.991047e-01 
1.638346e+00 2.990912e-01 
1.649173e+00 2.990775e-01 
1.660182e+00 2.990635e-01 
1.671377e+00 2.990493e-01 
1.682759e+00 2.990349e-01 
1.694334e+00 2.990202e-01 
1.706103e+00 2.990053e-01 
1.718070e+00 2.989901e-01 
1.730238e+00 2.989747e-01 
1.742612e+00 2.989590e-01 
1.755193e+00 2.989431e-01 
1.767986e+00 2.989268e-01 
1.780995e+00 2.989103e-01 
1.794223e+00 2.988936e-01 
1.807674e+00 2.988765e-01 
1.821351e+00 2.988592e-01 
1.835258e+00 2.988415e-01 
1.849400e+00 2.988236e-01 
1.384782e+00 3.002552e-01 
1.391358e+00 3.002496e-01 
1.398043e+00 3.002440e-01 
1.404840e+00 3.002382e-01 
1.411750e+00 3.002324e-01 
1.418776e+00 3.002264e-01 
1.425919e+00 3.002204e-01 
1.433182e+00 3.002143e-01 
1.440567e+00 3.002080e-01 
1.448074e+00 3.002017e-01 
1.455708e+00 3.001952e-01 
1.463469e+00 3.001886e-01 
1.471361e+00 3.001820e-01 
1.479384e+00 3.001752e-01 
1.487542e+00 3.001683e-01 
1.495837e+00 3.001613e-01 
1.504271e+00 3.001542e-01 
1.512846e+00 3.001469e-01 
1.521565e+00 3.001395e-01 
1.530430e+00 3.001320e-01 
1.539444e+00 3.001244e-01 
1.548610e+00 3.001167e-01 
1.557929e+00 3.001088e-01 
1.567405e+00 3.001008e-01 
1.577040e+00 3.000926e-01 
1.586837e+00 3.000844e-01 
1.596798e+00 3.000759e-01 
1.606927e+00 3.000674e-01 
1.617226e+00 3.000587e-01 
1.627698e+00 3.000498e-01 
1.638346e+00 3.000408e-01 
1.649173e+00 3.000317e-01 
1.660183e+00 3.000224e-01 
1.671377e+00 3.000129e-01 
1.682760e+00 3.000033e-01 
1.694334e+00 2.999935e-01 
1.706103e+00 2.999835e-01 
1.718070e+00 2.999734e-01 
1.730238e+00 2.999631e-01 
1.742612e+00 2.999527e-01 
1.755193e+00 2.999420e-01 
1.767987e+00 2.999312e-01 
1.780995e+00 2.999202e-01 
1.794223e+00 2.999090e-01 
1.807674e+00 2.998977e-01 
1.821351e+00 2.998861e-01 
1.835258e+00 2.998744e-01 
1.849400e+00 2.998624e-01 
1.384783e+00 3.010976e-01 
1.391358e+00 3.010948e-01 
1.398044e+00 3.010920e-01 
1.404840e+00 3.010891e-01 
1.411751e+00 3.010862e-01 
1.418777e+00 3.010832e-01 
1.425920e+00 3.010802e-01 
1.433183e+00 3.010771e-01 
1.440567e+00 3.010740e-01 
1.448075e+00 3.010708e-01 
1.455708e+00 3.010676e-01 
1.463470e+00 3.010643e-01 
1.471361e+00 3.010610e-01 
1.479385e+00 3.010576e-01 
1.487543e+00 3.010541e-01 
1.495837e+00 3.010506e-01 
1.504271e+00 3.010471e-01 
1.512846e+00 3.010435e-01 
1.521565e+00 3.010398e-01 
1.530431e+00 3.010360e-01 
1.539445e+00 3.010322e-01 
1.548610e+00 3.010283e-01 
1.557930e+00 3.010244e-01 
1.567405e+00 3.010204e-01 
1.577040e+00 3.010163e-01 
1.586837e+00 3.010122e-01 
1.596798e+00 3.010080e-01 
1.606927e+00 3.010037e-01 
1.617226e+00 3.009993e-01 
1.627698e+00 3.009949e-01 
1.638346e+00 3.009904e-01 
1.649174e+00 3.009858e-01 
1.660183e+00 3.009812e-01 
1.671377e+00 3.009764e-01 
1.682760e+00 3.009716e-01 
1.694334e+00 3.009667e-01 
1.706103e+00 3.009618e-01 
1.718070e+00 3.009567e-01 
1.730239e+00 3.009516e-01 
1.742612e+00 3.009463e-01 
1.755193e+00 3.009410e-01 
1.767987e+00 3.009356e-01 
1.780995e+00 3.009301e-01 
1.794223e+00 3.009245e-01 
1.807674e+00 3.009188e-01 
1.821351e+00 3.009131e-01 
1.835258e+00 3.009072e-01 
1.849400e+00 3.009012e-01 
1.384784e+00 3.019400e-01 
1.391359e+00 3.019400e-01 
1.398044e+00 3.019400e-01 
1.404841e+00 3.019400e-01 
1.411751e+00 3.019400e-01 
1.418777e+00 3.019400e-01 
1.425921e+00 3.019400e-01 
1.433183e+00 3.019400e-01 
1.440568e+00 3.019400e-01 
1.448075e+00 3.019400e-01 
1.455709e+00 3.019400e-01 
1.463470e+00 3.019400e-01 
1.471362e+00 3.019400e-01 
1.479385e+00 3.019400e-01 
1.487543e+00 3.019400e-01 
1.495838e+00 3.019400e-01 
1.504272e+00 3.019400e-01 
1.512847e+00 3.019400e-01 
1.521566e+00 3.019400e-01 
1.530431e+00 3.019400e-01 
1.539445e+00 3.019400e-01 
1.548611e+00 3.019400e-01 
1.557930e+00 3.019400e-01 
1.567406e+00 3.019400e-01 
1.577041e+00 3.019400e-01 
1.586837e+00 3.019400e-01 
1.596799e+00 3.019400e-01 
1.606928e+00 3.019400e-01 
1.617227e+00 3.019400e-01 
1.627699e+00 3.019400e-01 
1.638347e+00 3.019400e-01 
1.649174e+00 3.019400e-01 
1.660183e+00 3.019400e-01 
1.671378e+00 3.019400e-01 
1.682760e+00 3.019400e-01 
1.694335e+00 3.019400e-01 
1.706103e+00 3.019400e-01 
1.718070e+00 3.019400e-01 
1.730239e+00 3.019400e-01 
1.742612e+00 3.019400e-01 
1.755194e+00 3.019400e-01 
1.767987e+00 3.019400e-01 
1.780996e+00 3.019400e-01 
1.794223e+00 3.019400e-01 
1.807674e+00 3.019400e-01 
1.821351e+00 3.019400e-01 
1.835258e+00 3.019400e-01 
1.849400e+00 3.019400e-01 
BC
-1
-1
-1
-1
-1
-1
-1
-1
-1
-1
-1
-1
-1
-1
-1
-1
-1
-1
-1
-1
-1
-1
-1
-1
-1
-1
-1
-1
-1
-1
-1
-1
-1
-1
-1
-1
-1
-1
-1
-1
-1
-1
-1
-1
-1
-1
-1
3
3
3
3
3
3
3
3
3
3
3
3
3
3
3
3
3
3
3
3
3
3
3
3
4
4
4
4
4
4
4
4
4
4
4
4
4
4
4
4
4
4
4
4
4
4
4
4
4
4
4
4
4
4
4
4
4
4
4
4
4
4
4
4
4
4
4
4
4
4
4
-1
-1
-1
-1
-1
-1
-1
-1
-1
-1
-1
-1
-1
-1
-1
-1
-1
-1
-1
-1
-1
-1
-1
-1
