npart: 8 3 
ipart: 5 0 
ngrid: 51 48 
1.902724e+00 2.000000e-01 
1.910189e+00 2.000000e-01 
1.917653e+00 2.000000e-01 
1.925118e+00 2.000000e-01 
1.932582e+00 2.000000e-01 
1.940047e+00 2.000000e-01 
1.947511e+00 2.000000e-01 
1.954975e+00 2.000000e-01 
1.962440e+00 2.000000e-01 
1.969904e+00 2.000000e-01 
1.977369e+00 2.000000e-01 
1.984833e+00 2.000000e-01 
1.992298e+00 2.000000e-01 
1.999762e+00 2.000000e-01 
2.007227e+00 2.000000e-01 
2.014691e+00 2.000000e-01 
2.022156e+00 2.000000e-01 
2.029620e+00 2.000000e-01 
2.037085e+00 2.000000e-01 
2.044549e+00 2.000000e-01 
2.052013e+00 2.000000e-01 
2.059478e+00 2.000000e-01 
2.066942e+00 2.000000e-01 
2.074407e+00 2.000000e-01 
2.081871e+00 2.000000e-01 
2.089336e+00 2.000000e-01 
2.096800e+00 2.000000e-01 
2.104265e+00 2.000000e-01 
2.111729e+00 2.000000e-01 
2.119194e+00 2.000000e-01 
2.126658e+00 2.000000e-01 
2.134123e+00 2.000000e-01 
2.141587e+00 2.000000e-01 
2.149051e+00 2.000000e-01 
2.156516e+00 2.000000e-01 
2.163980e+00 2.000000e-01 
2.171445e+00 2.000000e-01 
2.178909e+00 2.000000e-01 
2.186374e+00 2.000000e-01 
2.193838e+00 2.000000e-01 
2.201303e+00 2.000000e-01 
2.208767e+00 2.000000e-01 
2.216232e+00 2.000000e-01 
2.223696e+00 2.000000e-01 
2.231160e+00 2.000000e-01 
2.238625e+00 2.000000e-01 
2.246089e+00 2.000000e-01 
2.253554e+00 2.000000e-01 
2.261018e+00 2.000000e-01 
2.268483e+00 2.000000e-01 
2.275947e+00 2.000000e-01 
1.902724e+00 2.061722e-01 
1.910189e+00 2.061687e-01 
1.917653e+00 2.061653e-01 
1.925118e+00 2.061619e-01 
1.932582e+00 2.061584e-01 
1.940047e+00 2.061549e-01 
1.947511e+00 2.061515e-01 
1.954975e+00 2.061480e-01 
1.962440e+00 2.061446e-01 
1.969904e+00 2.061411e-01 
1.977369e+00 2.061376e-01 
1.984833e+00 2.061342e-01 
1.992298e+00 2.061307e-01 
1.999762e+00 2.061272e-01 
2.007227e+00 2.061238e-01 
2.014691e+00 2.061203e-01 
2.022156e+00 2.061168e-01 
2.029620e+00 2.061133e-01 
2.037085e+00 2.061098e-01 
2.044549e+00 2.061064e-01 
2.052014e+00 2.061029e-01 
2.059478e+00 2.060994e-01 
2.066942e+00 2.060959e-01 
2.074407e+00 2.060924e-01 
2.081871e+00 2.060889e-01 
2.089336e+00 2.060854e-01 
2.096800e+00 2.060819e-01 
2.104265e+00 2.060784e-01 
2.111729e+00 2.060749e-01 
2.119194e+00 2.060714e-01 
2.126658e+00 2.060679e-01 
2.134123e+00 2.060644e-01 
2.141587e+00 2.060608e-01 
2.149052e+00 2.060573e-01 
2.156516e+00 2.060538e-01 
2.163980e+00 2.060503e-01 
2.171445e+00 2.060468e-01 
2.178909e+00 2.060432e-01 
2.186374e+00 2.060397e-01 
2.193838e+00 2.060362e-01 
2.201303e+00 2.060326e-01 
2.208767e+00 2.060291e-01 
2.216232e+00 2.060256e-01 
2.223696e+00 2.060220e-01 
2.231161e+00 2.060185e-01 
2.238625e+00 2.060149e-01 
2.246090e+00 2.060114e-01 
2.253554e+00 2.060078e-01 
2.261018e+00 2.060043e-01 
2.268483e+00 2.060007e-01 
2.275947e+00 2.059971e-01 
1.902720e+00 2.121603e-01 
1.910185e+00 2.121546e-01 
1.917649e+00 2.121489e-01 
1.925114e+00 2.121432e-01 
1.932578e+00 2.121375e-01 
1.940043e+00 2.121318e-01 
1.947507e+00 2.121260e-01 
1.954972e+00 2.121203e-01 
1.962436e+00 2.121146e-01 
1.969901e+00 2.121088e-01 
1.977365e+00 2.121031e-01 
1.984830e+00 2.120974e-01 
1.992294e+00 2.120916e-01 
1.999759e+00 2.120859e-01 
2.007223e+00 2.120801e-01 
2.014688e+00 2.120743e-01 
2.022152e+00 2.120686e-01 
2.029617e+00 2.120628e-01 
2.037081e+00 2.120570e-01 
2.044546e+00 2.120513e-01 
2.052010e+00 2.120455e-01 
2.059475e+00 2.120397e-01 
2.066939e+00 2.120339e-01 
2.074404e+00 2.120281e-01 
2.081868e+00 2.120224e-01 
2.089333e+00 2.120166e-01 
2.096797e+00 2.120108e-01 
2.104262e+00 2.120050e-01 
2.111726e+00 2.119992e-01 
2.119190e+00 2.119934e-01 
2.126655e+00 2.119875e-01 
2.134119e+00 2.119817e-01 
2.141584e+00 2.119759e-01 
2.149048e+00 2.119701e-01 
2.156513e+00 2.119643e-01 
2.163977e+00 2.119584e-01 
2.171442e+00 2.119526e-01 
2.178906e+00 2.119468e-01 
2.186371e+00 2.119409e-01 
2.193835e+00 2.119351e-01 
2.201300e+00 2.119292e-01 
2.208764e+00 2.119234e-01 
2.216229e+00 2.119175e-01 
2.223693e+00 2.119117e-01 
2.231158e+00 2.119058e-01 
2.238622e+00 2.118999e-01 
2.246087e+00 2.118940e-01 
2.253551e+00 2.118882e-01 
2.261016e+00 2.118823e-01 
2.268480e+00 2.118764e-01 
2.275945e+00 2.118705e-01 
1.902714e+00 2.180278e-01 
1.910178e+00 2.180206e-01 
1.917643e+00 2.180134e-01 
1.925107e+00 2.180061e-01 
1.932572e+00 2.179989e-01 
1.940036e+00 2.179917e-01 
1.947501e+00 2.179845e-01 
1.954965e+00 2.179773e-01 
1.962430e+00 2.179700e-01 
1.969894e+00 2.179628e-01 
1.977359e+00 2.179556e-01 
1.984824e+00 2.179483e-01 
1.992288e+00 2.179411e-01 
1.999753e+00 2.179338e-01 
2.007217e+00 2.179265e-01 
2.014682e+00 2.179193e-01 
2.022146e+00 2.179120e-01 
2.029611e+00 2.179047e-01 
2.037075e+00 2.178975e-01 
2.044540e+00 2.178902e-01 
2.052004e+00 2.178829e-01 
2.059469e+00 2.178756e-01 
2.066933e+00 2.178683e-01 
2.074398e+00 2.178610e-01 
2.081863e+00 2.178537e-01 
2.089327e+00 2.178464e-01 
2.096792e+00 2.178391e-01 
2.104256e+00 2.178318e-01 
2.111721e+00 2.178245e-01 
2.119185e+00 2.178172e-01 
2.126650e+00 2.178098e-01 
2.134114e+00 2.178025e-01 
2.141579e+00 2.177952e-01 
2.149043e+00 2.177878e-01 
2.156508e+00 2.177805e-01 
2.163972e+00 2.177731e-01 
2.171437e+00 2.177658e-01 
2.178902e+00 2.177584e-01 
2.186366e+00 2.177511e-01 
2.193831e+00 2.177437e-01 
2.201295e+00 2.177363e-01 
2.208760e+00 2.177289e-01 
2.216224e+00 2.177216e-01 
2.223689e+00 2.177142e-01 
2.231153e+00 2.177068e-01 
2.238618e+00 2.176994e-01 
2.246082e+00 2.176920e-01 
2.253547e+00 2.176846e-01 
2.261011e+00 2.176772e-01 
2.268476e+00 2.176698e-01 
2.275941e+00 2.176623e-01 
1.902705e+00 2.238145e-01 
1.910170e+00 2.238063e-01 
1.917634e+00 2.237981e-01 
1.925099e+00 2.237900e-01 
1.932564e+00 2.237818e-01 
1.940028e+00 2.237736e-01 
1.947493e+00 2.237654e-01 
1.954957e+00 2.237572e-01 
1.962422e+00 2.237489e-01 
1.969887e+00 2.237407e-01 
1.977351e+00 2.237325e-01 
1.984816e+00 2.237243e-01 
1.992280e+00 2.237160e-01 
1.999745e+00 2.237078e-01 
2.007210e+00 2.236995e-01 
2.014674e+00 2.236913e-01 
2.022139e+00 2.236830e-01 
2.029603e+00 2.236748e-01 
2.037068e+00 2.236665e-01 
2.044533e+00 2.236583e-01 
2.051997e+00 2.236500e-01 
2.059462e+00 2.236417e-01 
2.066926e+00 2.236334e-01 
2.074391e+00 2.236251e-01 
2.081856e+00 2.236169e-01 
2.089320e+00 2.236086e-01 
2.096785e+00 2.236003e-01 
2.104249e+00 2.235920e-01 
2.111714e+00 2.235837e-01 
2.119179e+00 2.235753e-01 
2.126643e+00 2.235670e-01 
2.134108e+00 2.235587e-01 
2.141572e+00 2.235504e-01 
2.149037e+00 2.235421e-01 
2.156502e+00 2.235337e-01 
2.163966e+00 2.235254e-01 
2.171431e+00 2.235170e-01 
2.178895e+00 2.235087e-01 
2.186360e+00 2.235003e-01 
2.193825e+00 2.234920e-01 
2.201289e+00 2.234836e-01 
2.208754e+00 2.234752e-01 
2.216218e+00 2.234669e-01 
2.223683e+00 2.234585e-01 
2.231148e+00 2.234501e-01 
2.238612e+00 2.234417e-01 
2.246077e+00 2.234333e-01 
2.253541e+00 2.234249e-01 
2.261006e+00 2.234165e-01 
2.268471e+00 2.234081e-01 
2.275935e+00 2.233997e-01 
1.902696e+00 2.295476e-01 
1.910161e+00 2.295387e-01 
1.917625e+00 2.295299e-01 
1.925090e+00 2.295211e-01 
1.932555e+00 2.295123e-01 
1.940019e+00 2.295035e-01 
1.947484e+00 2.294946e-01 
1.954949e+00 2.294858e-01 
1.962413e+00 2.294769e-01 
1.969878e+00 2.294681e-01 
1.977343e+00 2.294592e-01 
1.984807e+00 2.294503e-01 
1.992272e+00 2.294415e-01 
1.999737e+00 2.294326e-01 
2.007201e+00 2.294237e-01 
2.014666e+00 2.294148e-01 
2.022131e+00 2.294059e-01 
2.029595e+00 2.293971e-01 
2.037060e+00 2.293882e-01 
2.044525e+00 2.293793e-01 
2.051989e+00 2.293703e-01 
2.059454e+00 2.293614e-01 
2.066919e+00 2.293525e-01 
2.074383e+00 2.293436e-01 
2.081848e+00 2.293347e-01 
2.089313e+00 2.293257e-01 
2.096777e+00 2.293168e-01 
2.104242e+00 2.293079e-01 
2.111707e+00 2.292989e-01 
2.119171e+00 2.292900e-01 
2.126636e+00 2.292810e-01 
2.134100e+00 2.292720e-01 
2.141565e+00 2.292631e-01 
2.149030e+00 2.292541e-01 
2.156494e+00 2.292451e-01 
2.163959e+00 2.292362e-01 
2.171424e+00 2.292272e-01 
2.178888e+00 2.292182e-01 
2.186353e+00 2.292092e-01 
2.193818e+00 2.292002e-01 
2.201282e+00 2.291912e-01 
2.208747e+00 2.291822e-01 
2.216212e+00 2.291732e-01 
2.223676e+00 2.291642e-01 
2.231141e+00 2.291551e-01 
2.238606e+00 2.291461e-01 
2.246070e+00 2.291371e-01 
2.253535e+00 2.291280e-01 
2.261000e+00 2.291190e-01 
2.268464e+00 2.291099e-01 
2.275929e+00 2.291009e-01 
1.902686e+00 2.352439e-01 
1.910151e+00 2.352347e-01 
1.917615e+00 2.352255e-01 
1.925080e+00 2.352163e-01 
1.932545e+00 2.352071e-01 
1.940009e+00 2.351979e-01 
1.947474e+00 2.351886e-01 
1.954939e+00 2.351794e-01 
1.962404e+00 2.351701e-01 
1.969868e+00 2.351609e-01 
1.977333e+00 2.351516e-01 
1.984798e+00 2.351424e-01 
1.992263e+00 2.351331e-01 
1.999727e+00 2.351238e-01 
2.007192e+00 2.351146e-01 
2.014657e+00 2.351053e-01 
2.022122e+00 2.350960e-01 
2.029586e+00 2.350867e-01 
2.037051e+00 2.350774e-01 
2.044516e+00 2.350681e-01 
2.051980e+00 2.350588e-01 
2.059445e+00 2.350495e-01 
2.066910e+00 2.350402e-01 
2.074375e+00 2.350308e-01 
2.081839e+00 2.350215e-01 
2.089304e+00 2.350122e-01 
2.096769e+00 2.350029e-01 
2.104234e+00 2.349935e-01 
2.111698e+00 2.349842e-01 
2.119163e+00 2.349748e-01 
2.126628e+00 2.349655e-01 
2.134093e+00 2.349561e-01 
2.141557e+00 2.349468e-01 
2.149022e+00 2.349374e-01 
2.156487e+00 2.349280e-01 
2.163951e+00 2.349186e-01 
2.171416e+00 2.349093e-01 
2.178881e+00 2.348999e-01 
2.186346e+00 2.348905e-01 
2.193810e+00 2.348811e-01 
2.201275e+00 2.348717e-01 
2.208740e+00 2.348623e-01 
2.216205e+00 2.348529e-01 
2.223669e+00 2.348435e-01 
2.231134e+00 2.348341e-01 
2.238599e+00 2.348246e-01 
2.246063e+00 2.348152e-01 
2.253528e+00 2.348058e-01 
2.260993e+00 2.347963e-01 
2.268458e+00 2.347869e-01 
2.275922e+00 2.347774e-01 
1.902675e+00 2.409156e-01 
1.910140e+00 2.409061e-01 
1.917605e+00 2.408967e-01 
1.925070e+00 2.408873e-01 
1.932534e+00 2.408778e-01 
1.939999e+00 2.408683e-01 
1.947464e+00 2.408589e-01 
1.954929e+00 2.408494e-01 
1.962394e+00 2.408399e-01 
1.969858e+00 2.408304e-01 
1.977323e+00 2.408209e-01 
1.984788e+00 2.408115e-01 
1.992253e+00 2.408020e-01 
1.999718e+00 2.407924e-01 
2.007182e+00 2.407829e-01 
2.014647e+00 2.407734e-01 
2.022112e+00 2.407639e-01 
2.029577e+00 2.407544e-01 
2.037042e+00 2.407449e-01 
2.044506e+00 2.407353e-01 
2.051971e+00 2.407258e-01 
2.059436e+00 2.407162e-01 
2.066901e+00 2.407067e-01 
2.074366e+00 2.406971e-01 
2.081831e+00 2.406876e-01 
2.089295e+00 2.406780e-01 
2.096760e+00 2.406684e-01 
2.104225e+00 2.406589e-01 
2.111690e+00 2.406493e-01 
2.119155e+00 2.406397e-01 
2.126619e+00 2.406301e-01 
2.134084e+00 2.406205e-01 
2.141549e+00 2.406110e-01 
2.149014e+00 2.406014e-01 
2.156479e+00 2.405918e-01 
2.163943e+00 2.405822e-01 
2.171408e+00 2.405725e-01 
2.178873e+00 2.405629e-01 
2.186338e+00 2.405533e-01 
2.193803e+00 2.405437e-01 
2.201267e+00 2.405340e-01 
2.208732e+00 2.405244e-01 
2.216197e+00 2.405148e-01 
2.223662e+00 2.405051e-01 
2.231127e+00 2.404955e-01 
2.238591e+00 2.404858e-01 
2.246056e+00 2.404762e-01 
2.253521e+00 2.404665e-01 
2.260986e+00 2.404568e-01 
2.268451e+00 2.404471e-01 
2.275915e+00 2.404375e-01 
1.902664e+00 2.465706e-01 
1.910129e+00 2.465611e-01 
1.917594e+00 2.465515e-01 
1.925059e+00 2.465419e-01 
1.932524e+00 2.465324e-01 
1.939988e+00 2.465228e-01 
1.947453e+00 2.465132e-01 
1.954918e+00 2.465036e-01 
1.962383e+00 2.464940e-01 
1.969848e+00 2.464844e-01 
1.977313e+00 2.464748e-01 
1.984778e+00 2.464652e-01 
1.992243e+00 2.464555e-01 
1.999708e+00 2.464459e-01 
2.007172e+00 2.464363e-01 
2.014637e+00 2.464266e-01 
2.022102e+00 2.464170e-01 
2.029567e+00 2.464074e-01 
2.037032e+00 2.463977e-01 
2.044497e+00 2.463881e-01 
2.051962e+00 2.463784e-01 
2.059427e+00 2.463687e-01 
2.066891e+00 2.463591e-01 
2.074356e+00 2.463494e-01 
2.081821e+00 2.463397e-01 
2.089286e+00 2.463300e-01 
2.096751e+00 2.463203e-01 
2.104216e+00 2.463106e-01 
2.111681e+00 2.463009e-01 
2.119146e+00 2.462912e-01 
2.126611e+00 2.462815e-01 
2.134075e+00 2.462718e-01 
2.141540e+00 2.462621e-01 
2.149005e+00 2.462524e-01 
2.156470e+00 2.462427e-01 
2.163935e+00 2.462329e-01 
2.171400e+00 2.462232e-01 
2.178865e+00 2.462135e-01 
2.186330e+00 2.462037e-01 
2.193794e+00 2.461940e-01 
2.201259e+00 2.461842e-01 
2.208724e+00 2.461745e-01 
2.216189e+00 2.461647e-01 
2.223654e+00 2.461550e-01 
2.231119e+00 2.461452e-01 
2.238584e+00 2.461354e-01 
2.246049e+00 2.461256e-01 
2.253513e+00 2.461159e-01 
2.260978e+00 2.461061e-01 
2.268443e+00 2.460963e-01 
2.275908e+00 2.460865e-01 
1.902653e+00 2.522148e-01 
1.910118e+00 2.522052e-01 
1.917583e+00 2.521956e-01 
1.925048e+00 2.521860e-01 
1.932513e+00 2.521763e-01 
1.939977e+00 2.521667e-01 
1.947442e+00 2.521571e-01 
1.954907e+00 2.521474e-01 
1.962372e+00 2.521378e-01 
1.969837e+00 2.521281e-01 
1.977302e+00 2.521184e-01 
1.984767e+00 2.521088e-01 
1.992232e+00 2.520991e-01 
1.999697e+00 2.520894e-01 
2.007162e+00 2.520798e-01 
2.014627e+00 2.520701e-01 
2.022092e+00 2.520604e-01 
2.029557e+00 2.520507e-01 
2.037022e+00 2.520410e-01 
2.044487e+00 2.520313e-01 
2.051952e+00 2.520216e-01 
2.059417e+00 2.520119e-01 
2.066882e+00 2.520022e-01 
2.074347e+00 2.519924e-01 
2.081812e+00 2.519827e-01 
2.089277e+00 2.519730e-01 
2.096742e+00 2.519632e-01 
2.104207e+00 2.519535e-01 
2.111672e+00 2.519438e-01 
2.119137e+00 2.519340e-01 
2.126601e+00 2.519243e-01 
2.134066e+00 2.519145e-01 
2.141531e+00 2.519048e-01 
2.148996e+00 2.518950e-01 
2.156461e+00 2.518852e-01 
2.163926e+00 2.518754e-01 
2.171391e+00 2.518657e-01 
2.178856e+00 2.518559e-01 
2.186321e+00 2.518461e-01 
2.193786e+00 2.518363e-01 
2.201251e+00 2.518265e-01 
2.208716e+00 2.518167e-01 
2.216181e+00 2.518069e-01 
2.223646e+00 2.517971e-01 
2.231111e+00 2.517873e-01 
2.238576e+00 2.517775e-01 
2.246041e+00 2.517676e-01 
2.253506e+00 2.517578e-01 
2.260971e+00 2.517480e-01 
2.268436e+00 2.517381e-01 
2.275901e+00 2.517283e-01 
1.902641e+00 2.578519e-01 
1.910106e+00 2.578423e-01 
1.917571e+00 2.578327e-01 
1.925036e+00 2.578231e-01 
1.932501e+00 2.578134e-01 
1.939966e+00 2.578038e-01 
1.947431e+00 2.577942e-01 
1.954896e+00 2.577845e-01 
1.962361e+00 2.577749e-01 
1.969826e+00 2.577652e-01 
1.977291e+00 2.577556e-01 
1.984756e+00 2.577459e-01 
1.992222e+00 2.577362e-01 
1.999687e+00 2.577266e-01 
2.007152e+00 2.577169e-01 
2.014617e+00 2.577072e-01 
2.022082e+00 2.576975e-01 
2.029547e+00 2.576878e-01 
2.037012e+00 2.576781e-01 
2.044477e+00 2.576684e-01 
2.051942e+00 2.576587e-01 
2.059407e+00 2.576490e-01 
2.066872e+00 2.576393e-01 
2.074337e+00 2.576296e-01 
2.081802e+00 2.576198e-01 
2.089267e+00 2.576101e-01 
2.096732e+00 2.576004e-01 
2.104197e+00 2.575907e-01 
2.111662e+00 2.575809e-01 
2.119127e+00 2.575712e-01 
2.126592e+00 2.575614e-01 
2.134057e+00 2.575517e-01 
2.141522e+00 2.575419e-01 
2.148987e+00 2.575321e-01 
2.156452e+00 2.575224e-01 
2.163917e+00 2.575126e-01 
2.171382e+00 2.575028e-01 
2.178847e+00 2.574930e-01 
2.186313e+00 2.574833e-01 
2.193778e+00 2.574735e-01 
2.201243e+00 2.574637e-01 
2.208708e+00 2.574539e-01 
2.216173e+00 2.574441e-01 
2.223638e+00 2.574343e-01 
2.231103e+00 2.574245e-01 
2.238568e+00 2.574147e-01 
2.246033e+00 2.574048e-01 
2.253498e+00 2.573950e-01 
2.260963e+00 2.573852e-01 
2.268428e+00 2.573753e-01 
2.275893e+00 2.573655e-01 
1.902629e+00 2.634846e-01 
1.910094e+00 2.634750e-01 
1.917559e+00 2.634655e-01 
1.925025e+00 2.634559e-01 
1.932490e+00 2.634463e-01 
1.939955e+00 2.634367e-01 
1.947420e+00 2.634271e-01 
1.954885e+00 2.634174e-01 
1.962350e+00 2.634078e-01 
1.969815e+00 2.633982e-01 
1.977280e+00 2.633886e-01 
1.984746e+00 2.633789e-01 
1.992211e+00 2.633693e-01 
1.999676e+00 2.633597e-01 
2.007141e+00 2.633500e-01 
2.014606e+00 2.633404e-01 
2.022071e+00 2.633307e-01 
2.029536e+00 2.633211e-01 
2.037001e+00 2.633114e-01 
2.044466e+00 2.633017e-01 
2.051932e+00 2.632920e-01 
2.059397e+00 2.632824e-01 
2.066862e+00 2.632727e-01 
2.074327e+00 2.632630e-01 
2.081792e+00 2.632533e-01 
2.089257e+00 2.632436e-01 
2.096722e+00 2.632339e-01 
2.104187e+00 2.632242e-01 
2.111653e+00 2.632145e-01 
2.119118e+00 2.632048e-01 
2.126583e+00 2.631951e-01 
2.134048e+00 2.631853e-01 
2.141513e+00 2.631756e-01 
2.148978e+00 2.631659e-01 
2.156443e+00 2.631562e-01 
2.163908e+00 2.631464e-01 
2.171374e+00 2.631367e-01 
2.178839e+00 2.631269e-01 
2.186304e+00 2.631172e-01 
2.193769e+00 2.631074e-01 
2.201234e+00 2.630977e-01 
2.208699e+00 2.630879e-01 
2.216164e+00 2.630781e-01 
2.223629e+00 2.630684e-01 
2.231094e+00 2.630586e-01 
2.238560e+00 2.630488e-01 
2.246025e+00 2.630390e-01 
2.253490e+00 2.630292e-01 
2.260955e+00 2.630194e-01 
2.268420e+00 2.630096e-01 
2.275885e+00 2.629998e-01 
1.902617e+00 2.691148e-01 
1.910082e+00 2.691053e-01 
1.917547e+00 2.690957e-01 
1.925013e+00 2.690862e-01 
1.932478e+00 2.690766e-01 
1.939943e+00 2.690671e-01 
1.947408e+00 2.690575e-01 
1.954874e+00 2.690480e-01 
1.962339e+00 2.690384e-01 
1.969804e+00 2.690288e-01 
1.977269e+00 2.690192e-01 
1.984734e+00 2.690096e-01 
1.992200e+00 2.690001e-01 
1.999665e+00 2.689905e-01 
2.007130e+00 2.689809e-01 
2.014595e+00 2.689713e-01 
2.022060e+00 2.689617e-01 
2.029526e+00 2.689520e-01 
2.036991e+00 2.689424e-01 
2.044456e+00 2.689328e-01 
2.051921e+00 2.689232e-01 
2.059386e+00 2.689135e-01 
2.066852e+00 2.689039e-01 
2.074317e+00 2.688943e-01 
2.081782e+00 2.688846e-01 
2.089247e+00 2.688750e-01 
2.096712e+00 2.688653e-01 
2.104178e+00 2.688557e-01 
2.111643e+00 2.688460e-01 
2.119108e+00 2.688364e-01 
2.126573e+00 2.688267e-01 
2.134038e+00 2.688170e-01 
2.141504e+00 2.688073e-01 
2.148969e+00 2.687977e-01 
2.156434e+00 2.687880e-01 
2.163899e+00 2.687783e-01 
2.171364e+00 2.687686e-01 
2.178830e+00 2.687589e-01 
2.186295e+00 2.687492e-01 
2.193760e+00 2.687395e-01 
2.201225e+00 2.687298e-01 
2.208690e+00 2.687201e-01 
2.216156e+00 2.687104e-01 
2.223621e+00 2.687006e-01 
2.231086e+00 2.686909e-01 
2.238551e+00 2.686812e-01 
2.246016e+00 2.686715e-01 
2.253482e+00 2.686617e-01 
2.260947e+00 2.686520e-01 
2.268412e+00 2.686422e-01 
2.275877e+00 2.686325e-01 
1.902605e+00 2.747438e-01 
1.910070e+00 2.747343e-01 
1.917535e+00 2.747248e-01 
1.925001e+00 2.747153e-01 
1.932466e+00 2.747058e-01 
1.939931e+00 2.746963e-01 
1.947397e+00 2.746868e-01 
1.954862e+00 2.746773e-01 
1.962327e+00 2.746678e-01 
1.969792e+00 2.746583e-01 
1.977258e+00 2.746488e-01 
1.984723e+00 2.746392e-01 
1.992188e+00 2.746297e-01 
1.999654e+00 2.746202e-01 
2.007119e+00 2.746106e-01 
2.014584e+00 2.746011e-01 
2.022049e+00 2.745915e-01 
2.029515e+00 2.745820e-01 
2.036980e+00 2.745724e-01 
2.044445e+00 2.745629e-01 
2.051911e+00 2.745533e-01 
2.059376e+00 2.745437e-01 
2.066841e+00 2.745341e-01 
2.074306e+00 2.745246e-01 
2.081772e+00 2.745150e-01 
2.089237e+00 2.745054e-01 
2.096702e+00 2.744958e-01 
2.104168e+00 2.744862e-01 
2.111633e+00 2.744766e-01 
2.119098e+00 2.744670e-01 
2.126563e+00 2.744574e-01 
2.134029e+00 2.744478e-01 
2.141494e+00 2.744382e-01 
2.148959e+00 2.744285e-01 
2.156425e+00 2.744189e-01 
2.163890e+00 2.744093e-01 
2.171355e+00 2.743997e-01 
2.178820e+00 2.743900e-01 
2.186286e+00 2.743804e-01 
2.193751e+00 2.743707e-01 
2.201216e+00 2.743611e-01 
2.208682e+00 2.743514e-01 
2.216147e+00 2.743418e-01 
2.223612e+00 2.743321e-01 
2.231077e+00 2.743224e-01 
2.238543e+00 2.743128e-01 
2.246008e+00 2.743031e-01 
2.253473e+00 2.742934e-01 
2.260939e+00 2.742837e-01 
2.268404e+00 2.742741e-01 
2.275869e+00 2.742644e-01 
1.902592e+00 2.803724e-01 
1.910058e+00 2.803630e-01 
1.917523e+00 2.803536e-01 
1.924988e+00 2.803442e-01 
1.932454e+00 2.803347e-01 
1.939919e+00 2.803253e-01 
1.947385e+00 2.803158e-01 
1.954850e+00 2.803064e-01 
1.962315e+00 2.802969e-01 
1.969781e+00 2.802875e-01 
1.977246e+00 2.802780e-01 
1.984711e+00 2.802685e-01 
1.992177e+00 2.802591e-01 
1.999642e+00 2.802496e-01 
2.007108e+00 2.802401e-01 
2.014573e+00 2.802306e-01 
2.022038e+00 2.802211e-01 
2.029504e+00 2.802116e-01 
2.036969e+00 2.802021e-01 
2.044434e+00 2.801926e-01 
2.051900e+00 2.801831e-01 
2.059365e+00 2.801736e-01 
2.066831e+00 2.801641e-01 
2.074296e+00 2.801546e-01 
2.081761e+00 2.801451e-01 
2.089227e+00 2.801355e-01 
2.096692e+00 2.801260e-01 
2.104157e+00 2.801165e-01 
2.111623e+00 2.801069e-01 
2.119088e+00 2.800974e-01 
2.126554e+00 2.800878e-01 
2.134019e+00 2.800783e-01 
2.141484e+00 2.800687e-01 
2.148950e+00 2.800592e-01 
2.156415e+00 2.800496e-01 
2.163880e+00 2.800400e-01 
2.171346e+00 2.800305e-01 
2.178811e+00 2.800209e-01 
2.186276e+00 2.800113e-01 
2.193742e+00 2.800017e-01 
2.201207e+00 2.799921e-01 
2.208673e+00 2.799825e-01 
2.216138e+00 2.799730e-01 
2.223603e+00 2.799634e-01 
2.231069e+00 2.799537e-01 
2.238534e+00 2.799441e-01 
2.245999e+00 2.799345e-01 
2.253465e+00 2.799249e-01 
2.260930e+00 2.799153e-01 
2.268396e+00 2.799057e-01 
2.275861e+00 2.798960e-01 
1.902580e+00 2.860015e-01 
1.910045e+00 2.859921e-01 
1.917511e+00 2.859827e-01 
1.924976e+00 2.859734e-01 
1.932442e+00 2.859640e-01 
1.939907e+00 2.859546e-01 
1.947372e+00 2.859452e-01 
1.954838e+00 2.859358e-01 
1.962303e+00 2.859264e-01 
1.969769e+00 2.859170e-01 
1.977234e+00 2.859076e-01 
1.984700e+00 2.858982e-01 
1.992165e+00 2.858888e-01 
1.999631e+00 2.858794e-01 
2.007096e+00 2.858699e-01 
2.014562e+00 2.858605e-01 
2.022027e+00 2.858511e-01 
2.029493e+00 2.858416e-01 
2.036958e+00 2.858322e-01 
2.044423e+00 2.858228e-01 
2.051889e+00 2.858133e-01 
2.059354e+00 2.858038e-01 
2.066820e+00 2.857944e-01 
2.074285e+00 2.857849e-01 
2.081751e+00 2.857755e-01 
2.089216e+00 2.857660e-01 
2.096682e+00 2.857565e-01 
2.104147e+00 2.857470e-01 
2.111613e+00 2.857376e-01 
2.119078e+00 2.857281e-01 
2.126543e+00 2.857186e-01 
2.134009e+00 2.857091e-01 
2.141474e+00 2.856996e-01 
2.148940e+00 2.856901e-01 
2.156405e+00 2.856806e-01 
2.163871e+00 2.856711e-01 
2.171336e+00 2.856616e-01 
2.178802e+00 2.856521e-01 
2.186267e+00 2.856425e-01 
2.193733e+00 2.856330e-01 
2.201198e+00 2.856235e-01 
2.208663e+00 2.856140e-01 
2.216129e+00 2.856044e-01 
2.223594e+00 2.855949e-01 
2.231060e+00 2.855853e-01 
2.238525e+00 2.855758e-01 
2.245991e+00 2.855662e-01 
2.253456e+00 2.855567e-01 
2.260922e+00 2.855471e-01 
2.268387e+00 2.855376e-01 
2.275853e+00 2.855280e-01 
1.902567e+00 2.916313e-01 
1.910032e+00 2.916220e-01 
1.917498e+00 2.916127e-01 
1.924963e+00 2.916033e-01 
1.932429e+00 2.915940e-01 
1.939895e+00 2.915847e-01 
1.947360e+00 2.915753e-01 
1.954826e+00 2.915660e-01 
1.962291e+00 2.915567e-01 
1.969757e+00 2.915473e-01 
1.977222e+00 2.915379e-01 
1.984688e+00 2.915286e-01 
1.992153e+00 2.915192e-01 
1.999619e+00 2.915099e-01 
2.007085e+00 2.915005e-01 
2.014550e+00 2.914911e-01 
2.022016e+00 2.914817e-01 
2.029481e+00 2.914723e-01 
2.036947e+00 2.914630e-01 
2.044412e+00 2.914536e-01 
2.051878e+00 2.914442e-01 
2.059343e+00 2.914348e-01 
2.066809e+00 2.914254e-01 
2.074274e+00 2.914159e-01 
2.081740e+00 2.914065e-01 
2.089206e+00 2.913971e-01 
2.096671e+00 2.913877e-01 
2.104137e+00 2.913783e-01 
2.111602e+00 2.913688e-01 
2.119068e+00 2.913594e-01 
2.126533e+00 2.913500e-01 
2.133999e+00 2.913405e-01 
2.141464e+00 2.913311e-01 
2.148930e+00 2.913217e-01 
2.156395e+00 2.913122e-01 
2.163861e+00 2.913028e-01 
2.171327e+00 2.912933e-01 
2.178792e+00 2.912838e-01 
2.186258e+00 2.912744e-01 
2.193723e+00 2.912649e-01 
2.201189e+00 2.912554e-01 
2.208654e+00 2.912459e-01 
2.216120e+00 2.912365e-01 
2.223585e+00 2.912270e-01 
2.231051e+00 2.912175e-01 
2.238516e+00 2.912080e-01 
2.245982e+00 2.911985e-01 
2.253447e+00 2.911890e-01 
2.260913e+00 2.911795e-01 
2.268379e+00 2.911700e-01 
2.275844e+00 2.911605e-01 
1.902554e+00 2.972623e-01 
1.910019e+00 2.972530e-01 
1.917485e+00 2.972437e-01 
1.924951e+00 2.972345e-01 
1.932416e+00 2.972252e-01 
1.939882e+00 2.972159e-01 
1.947348e+00 2.972066e-01 
1.954813e+00 2.971973e-01 
1.962279e+00 2.971880e-01 
1.969745e+00 2.971787e-01 
1.977210e+00 2.971694e-01 
1.984676e+00 2.971601e-01 
1.992141e+00 2.971508e-01 
1.999607e+00 2.971414e-01 
2.007073e+00 2.971321e-01 
2.014538e+00 2.971228e-01 
2.022004e+00 2.971134e-01 
2.029470e+00 2.971041e-01 
2.036935e+00 2.970948e-01 
2.044401e+00 2.970854e-01 
2.051867e+00 2.970761e-01 
2.059332e+00 2.970667e-01 
2.066798e+00 2.970573e-01 
2.074263e+00 2.970480e-01 
2.081729e+00 2.970386e-01 
2.089195e+00 2.970292e-01 
2.096660e+00 2.970199e-01 
2.104126e+00 2.970105e-01 
2.111592e+00 2.970011e-01 
2.119057e+00 2.969917e-01 
2.126523e+00 2.969823e-01 
2.133988e+00 2.969729e-01 
2.141454e+00 2.969635e-01 
2.148920e+00 2.969541e-01 
2.156385e+00 2.969447e-01 
2.163851e+00 2.969353e-01 
2.171317e+00 2.969259e-01 
2.178782e+00 2.969165e-01 
2.186248e+00 2.969071e-01 
2.193714e+00 2.968977e-01 
2.201179e+00 2.968882e-01 
2.208645e+00 2.968788e-01 
2.216110e+00 2.968694e-01 
2.223576e+00 2.968599e-01 
2.231042e+00 2.968505e-01 
2.238507e+00 2.968410e-01 
2.245973e+00 2.968316e-01 
2.253439e+00 2.968221e-01 
2.260904e+00 2.968127e-01 
2.268370e+00 2.968032e-01 
2.275835e+00 2.967938e-01 
1.902541e+00 3.028946e-01 
1.910006e+00 3.028853e-01 
1.917472e+00 3.028761e-01 
1.924938e+00 3.028668e-01 
1.932403e+00 3.028576e-01 
1.939869e+00 3.028483e-01 
1.947335e+00 3.028391e-01 
1.954801e+00 3.028298e-01 
1.962266e+00 3.028206e-01 
1.969732e+00 3.028113e-01 
1.977198e+00 3.028020e-01 
1.984664e+00 3.027927e-01 
1.992129e+00 3.027835e-01 
1.999595e+00 3.027742e-01 
2.007061e+00 3.027649e-01 
2.014526e+00 3.027556e-01 
2.021992e+00 3.027463e-01 
2.029458e+00 3.027370e-01 
2.036924e+00 3.027277e-01 
2.044389e+00 3.027184e-01 
2.051855e+00 3.027090e-01 
2.059321e+00 3.026997e-01 
2.066787e+00 3.026904e-01 
2.074252e+00 3.026811e-01 
2.081718e+00 3.026718e-01 
2.089184e+00 3.026624e-01 
2.096649e+00 3.026531e-01 
2.104115e+00 3.026437e-01 
2.111581e+00 3.026344e-01 
2.119047e+00 3.026250e-01 
2.126512e+00 3.026157e-01 
2.133978e+00 3.026063e-01 
2.141444e+00 3.025970e-01 
2.148910e+00 3.025876e-01 
2.156375e+00 3.025783e-01 
2.163841e+00 3.025689e-01 
2.171307e+00 3.025595e-01 
2.178772e+00 3.025501e-01 
2.186238e+00 3.025408e-01 
2.193704e+00 3.025314e-01 
2.201170e+00 3.025220e-01 
2.208635e+00 3.025126e-01 
2.216101e+00 3.025032e-01 
2.223567e+00 3.024938e-01 
2.231032e+00 3.024844e-01 
2.238498e+00 3.024750e-01 
2.245964e+00 3.024656e-01 
2.253430e+00 3.024562e-01 
2.260895e+00 3.024468e-01 
2.268361e+00 3.024373e-01 
2.275827e+00 3.024279e-01 
1.902527e+00 3.085283e-01 
1.909993e+00 3.085191e-01 
1.917459e+00 3.085098e-01 
1.924925e+00 3.085006e-01 
1.932390e+00 3.084914e-01 
1.939856e+00 3.084822e-01 
1.947322e+00 3.084729e-01 
1.954788e+00 3.084637e-01 
1.962254e+00 3.084545e-01 
1.969720e+00 3.084452e-01 
1.977185e+00 3.084360e-01 
1.984651e+00 3.084267e-01 
1.992117e+00 3.084175e-01 
1.999583e+00 3.084082e-01 
2.007049e+00 3.083990e-01 
2.014514e+00 3.083897e-01 
2.021980e+00 3.083804e-01 
2.029446e+00 3.083711e-01 
2.036912e+00 3.083619e-01 
2.044378e+00 3.083526e-01 
2.051844e+00 3.083433e-01 
2.059309e+00 3.083340e-01 
2.066775e+00 3.083247e-01 
2.074241e+00 3.083154e-01 
2.081707e+00 3.083061e-01 
2.089173e+00 3.082968e-01 
2.096638e+00 3.082875e-01 
2.104104e+00 3.082782e-01 
2.111570e+00 3.082689e-01 
2.119036e+00 3.082595e-01 
2.126502e+00 3.082502e-01 
2.133967e+00 3.082409e-01 
2.141433e+00 3.082316e-01 
2.148899e+00 3.082222e-01 
2.156365e+00 3.082129e-01 
2.163831e+00 3.082036e-01 
2.171297e+00 3.081942e-01 
2.178762e+00 3.081849e-01 
2.186228e+00 3.081755e-01 
2.193694e+00 3.081662e-01 
2.201160e+00 3.081568e-01 
2.208626e+00 3.081474e-01 
2.216091e+00 3.081381e-01 
2.223557e+00 3.081287e-01 
2.231023e+00 3.081193e-01 
2.238489e+00 3.081099e-01 
2.245955e+00 3.081006e-01 
2.253420e+00 3.080912e-01 
2.260886e+00 3.080818e-01 
2.268352e+00 3.080724e-01 
2.275818e+00 3.080630e-01 
1.902513e+00 3.142515e-01 
1.909979e+00 3.142426e-01 
1.917445e+00 3.142338e-01 
1.924911e+00 3.142249e-01 
1.932377e+00 3.142160e-01 
1.939843e+00 3.142071e-01 
1.947309e+00 3.141982e-01 
1.954775e+00 3.141893e-01 
1.962241e+00 3.141804e-01 
1.969707e+00 3.141715e-01 
1.977172e+00 3.141626e-01 
1.984638e+00 3.141537e-01 
1.992104e+00 3.141448e-01 
1.999570e+00 3.141358e-01 
2.007036e+00 3.141269e-01 
2.014502e+00 3.141180e-01 
2.021968e+00 3.141091e-01 
2.029434e+00 3.141001e-01 
2.036900e+00 3.140912e-01 
2.044366e+00 3.140822e-01 
2.051832e+00 3.140733e-01 
2.059298e+00 3.140643e-01 
2.066763e+00 3.140554e-01 
2.074229e+00 3.140464e-01 
2.081695e+00 3.140374e-01 
2.089161e+00 3.140285e-01 
2.096627e+00 3.140195e-01 
2.104093e+00 3.140105e-01 
2.111559e+00 3.140016e-01 
2.119025e+00 3.139926e-01 
2.126491e+00 3.139836e-01 
2.133957e+00 3.139746e-01 
2.141423e+00 3.139656e-01 
2.148888e+00 3.139566e-01 
2.156354e+00 3.139476e-01 
2.163820e+00 3.139386e-01 
2.171286e+00 3.139296e-01 
2.178752e+00 3.139206e-01 
2.186218e+00 3.139116e-01 
2.193684e+00 3.139026e-01 
2.201150e+00 3.138936e-01 
2.208616e+00 3.138846e-01 
2.216082e+00 3.138755e-01 
2.223547e+00 3.138665e-01 
2.231013e+00 3.138575e-01 
2.238479e+00 3.138484e-01 
2.245945e+00 3.138394e-01 
2.253411e+00 3.138304e-01 
2.260877e+00 3.138213e-01 
2.268343e+00 3.138123e-01 
2.275809e+00 3.138032e-01 
1.902499e+00 3.199763e-01 
1.909965e+00 3.199678e-01 
1.917431e+00 3.199592e-01 
1.924897e+00 3.199507e-01 
1.932363e+00 3.199421e-01 
1.939829e+00 3.199336e-01 
1.947296e+00 3.199250e-01 
1.954762e+00 3.199164e-01 
1.962228e+00 3.199079e-01 
1.969694e+00 3.198993e-01 
1.977160e+00 3.198907e-01 
1.984626e+00 3.198821e-01 
1.992092e+00 3.198735e-01 
1.999558e+00 3.198649e-01 
2.007024e+00 3.198563e-01 
2.014490e+00 3.198477e-01 
2.021956e+00 3.198391e-01 
2.029422e+00 3.198305e-01 
2.036888e+00 3.198219e-01 
2.044354e+00 3.198133e-01 
2.051820e+00 3.198046e-01 
2.059286e+00 3.197960e-01 
2.066752e+00 3.197874e-01 
2.074218e+00 3.197788e-01 
2.081684e+00 3.197701e-01 
2.089150e+00 3.197615e-01 
2.096616e+00 3.197529e-01 
2.104082e+00 3.197442e-01 
2.111548e+00 3.197356e-01 
2.119014e+00 3.197269e-01 
2.126480e+00 3.197183e-01 
2.133946e+00 3.197096e-01 
2.141412e+00 3.197009e-01 
2.148878e+00 3.196923e-01 
2.156344e+00 3.196836e-01 
2.163810e+00 3.196749e-01 
2.171276e+00 3.196663e-01 
2.178742e+00 3.196576e-01 
2.186208e+00 3.196489e-01 
2.193674e+00 3.196402e-01 
2.201140e+00 3.196315e-01 
2.208606e+00 3.196228e-01 
2.216072e+00 3.196141e-01 
2.223538e+00 3.196054e-01 
2.231004e+00 3.195967e-01 
2.238470e+00 3.195880e-01 
2.245936e+00 3.195793e-01 
2.253402e+00 3.195706e-01 
2.260868e+00 3.195619e-01 
2.268334e+00 3.195532e-01 
2.275800e+00 3.195444e-01 
1.902485e+00 3.257027e-01 
1.909952e+00 3.256945e-01 
1.917418e+00 3.256862e-01 
1.924884e+00 3.256780e-01 
1.932350e+00 3.256698e-01 
1.939816e+00 3.256615e-01 
1.947282e+00 3.256533e-01 
1.954748e+00 3.256450e-01 
1.962214e+00 3.256367e-01 
1.969680e+00 3.256285e-01 
1.977147e+00 3.256202e-01 
1.984613e+00 3.256119e-01 
1.992079e+00 3.256037e-01 
1.999545e+00 3.255954e-01 
2.007011e+00 3.255871e-01 
2.014477e+00 3.255788e-01 
2.021943e+00 3.255705e-01 
2.029409e+00 3.255622e-01 
2.036875e+00 3.255540e-01 
2.044341e+00 3.255457e-01 
2.051808e+00 3.255373e-01 
2.059274e+00 3.255290e-01 
2.066740e+00 3.255207e-01 
2.074206e+00 3.255124e-01 
2.081672e+00 3.255041e-01 
2.089138e+00 3.254958e-01 
2.096604e+00 3.254875e-01 
2.104070e+00 3.254791e-01 
2.111536e+00 3.254708e-01 
2.119002e+00 3.254625e-01 
2.126468e+00 3.254541e-01 
2.133935e+00 3.254458e-01 
2.141401e+00 3.254375e-01 
2.148867e+00 3.254291e-01 
2.156333e+00 3.254208e-01 
2.163799e+00 3.254124e-01 
2.171265e+00 3.254040e-01 
2.178731e+00 3.253957e-01 
2.186197e+00 3.253873e-01 
2.193663e+00 3.253790e-01 
2.201129e+00 3.253706e-01 
2.208596e+00 3.253622e-01 
2.216062e+00 3.253538e-01 
2.223528e+00 3.253455e-01 
2.230994e+00 3.253371e-01 
2.238460e+00 3.253287e-01 
2.245926e+00 3.253203e-01 
2.253392e+00 3.253119e-01 
2.260858e+00 3.253035e-01 
2.268324e+00 3.252951e-01 
2.275790e+00 3.252867e-01 
1.902471e+00 3.314306e-01 
1.909938e+00 3.314227e-01 
1.917404e+00 3.314148e-01 
1.924870e+00 3.314069e-01 
1.932336e+00 3.313989e-01 
1.939803e+00 3.313910e-01 
1.947269e+00 3.313830e-01 
1.954735e+00 3.313751e-01 
1.962201e+00 3.313671e-01 
1.969667e+00 3.313592e-01 
1.977133e+00 3.313512e-01 
1.984600e+00 3.313433e-01 
1.992066e+00 3.313353e-01 
1.999532e+00 3.313273e-01 
2.006998e+00 3.313193e-01 
2.014464e+00 3.313114e-01 
2.021931e+00 3.313034e-01 
2.029397e+00 3.312954e-01 
2.036863e+00 3.312874e-01 
2.044329e+00 3.312794e-01 
2.051795e+00 3.312714e-01 
2.059262e+00 3.312634e-01 
2.066728e+00 3.312554e-01 
2.074194e+00 3.312474e-01 
2.081660e+00 3.312394e-01 
2.089126e+00 3.312314e-01 
2.096593e+00 3.312234e-01 
2.104059e+00 3.312153e-01 
2.111525e+00 3.312073e-01 
2.118991e+00 3.311993e-01 
2.126457e+00 3.311913e-01 
2.133924e+00 3.311832e-01 
2.141390e+00 3.311752e-01 
2.148856e+00 3.311672e-01 
2.156322e+00 3.311591e-01 
2.163788e+00 3.311511e-01 
2.171254e+00 3.311430e-01 
2.178721e+00 3.311350e-01 
2.186187e+00 3.311269e-01 
2.193653e+00 3.311189e-01 
2.201119e+00 3.311108e-01 
2.208585e+00 3.311027e-01 
2.216052e+00 3.310947e-01 
2.223518e+00 3.310866e-01 
2.230984e+00 3.310785e-01 
2.238450e+00 3.310705e-01 
2.245916e+00 3.310624e-01 
2.253383e+00 3.310543e-01 
2.260849e+00 3.310462e-01 
2.268315e+00 3.310381e-01 
2.275781e+00 3.310300e-01 
1.902458e+00 3.371601e-01 
1.909924e+00 3.371525e-01 
1.917390e+00 3.371449e-01 
1.924856e+00 3.371372e-01 
1.932323e+00 3.371296e-01 
1.939789e+00 3.371219e-01 
1.947255e+00 3.371143e-01 
1.954722e+00 3.371066e-01 
1.962188e+00 3.370990e-01 
1.969654e+00 3.370913e-01 
1.977121e+00 3.370836e-01 
1.984587e+00 3.370760e-01 
1.992053e+00 3.370683e-01 
1.999519e+00 3.370606e-01 
2.006986e+00 3.370529e-01 
2.014452e+00 3.370453e-01 
2.021918e+00 3.370376e-01 
2.029385e+00 3.370299e-01 
2.036851e+00 3.370222e-01 
2.044317e+00 3.370145e-01 
2.051783e+00 3.370068e-01 
2.059250e+00 3.369991e-01 
2.066716e+00 3.369914e-01 
2.074182e+00 3.369837e-01 
2.081649e+00 3.369760e-01 
2.089115e+00 3.369683e-01 
2.096581e+00 3.369605e-01 
2.104047e+00 3.369528e-01 
2.111514e+00 3.369451e-01 
2.118980e+00 3.369374e-01 
2.126446e+00 3.369296e-01 
2.133913e+00 3.369219e-01 
2.141379e+00 3.369142e-01 
2.148845e+00 3.369064e-01 
2.156311e+00 3.368987e-01 
2.163778e+00 3.368909e-01 
2.171244e+00 3.368832e-01 
2.178710e+00 3.368754e-01 
2.186177e+00 3.368677e-01 
2.193643e+00 3.368599e-01 
2.201109e+00 3.368521e-01 
2.208575e+00 3.368444e-01 
2.216042e+00 3.368366e-01 
2.223508e+00 3.368288e-01 
2.230974e+00 3.368211e-01 
2.238441e+00 3.368133e-01 
2.245907e+00 3.368055e-01 
2.253373e+00 3.367977e-01 
2.260839e+00 3.367899e-01 
2.268306e+00 3.367822e-01 
2.275772e+00 3.367744e-01 
1.902444e+00 3.428912e-01 
1.909910e+00 3.428838e-01 
1.917377e+00 3.428765e-01 
1.924843e+00 3.428691e-01 
1.932309e+00 3.428618e-01 
1.939776e+00 3.428544e-01 
1.947242e+00 3.428470e-01 
1.954708e+00 3.428397e-01 
1.962175e+00 3.428323e-01 
1.969641e+00 3.428249e-01 
1.977108e+00 3.428175e-01 
1.984574e+00 3.428101e-01 
1.992040e+00 3.428028e-01 
1.999507e+00 3.427954e-01 
2.006973e+00 3.427880e-01 
2.014440e+00 3.427806e-01 
2.021906e+00 3.427732e-01 
2.029372e+00 3.427658e-01 
2.036839e+00 3.427584e-01 
2.044305e+00 3.427510e-01 
2.051771e+00 3.427435e-01 
2.059238e+00 3.427361e-01 
2.066704e+00 3.427287e-01 
2.074171e+00 3.427213e-01 
2.081637e+00 3.427139e-01 
2.089103e+00 3.427064e-01 
2.096570e+00 3.426990e-01 
2.104036e+00 3.426916e-01 
2.111503e+00 3.426841e-01 
2.118969e+00 3.426767e-01 
2.126435e+00 3.426692e-01 
2.133902e+00 3.426618e-01 
2.141368e+00 3.426543e-01 
2.148834e+00 3.426469e-01 
2.156301e+00 3.426394e-01 
2.163767e+00 3.426320e-01 
2.171234e+00 3.426245e-01 
2.178700e+00 3.426170e-01 
2.186166e+00 3.426096e-01 
2.193633e+00 3.426021e-01 
2.201099e+00 3.425946e-01 
2.208565e+00 3.425872e-01 
2.216032e+00 3.425797e-01 
2.223498e+00 3.425722e-01 
2.230965e+00 3.425647e-01 
2.238431e+00 3.425572e-01 
2.245897e+00 3.425497e-01 
2.253364e+00 3.425422e-01 
2.260830e+00 3.425347e-01 
2.268296e+00 3.425272e-01 
2.275763e+00 3.425197e-01 
1.902430e+00 3.486237e-01 
1.909897e+00 3.486166e-01 
1.917363e+00 3.486095e-01 
1.924830e+00 3.486024e-01 
1.932296e+00 3.485954e-01 
1.939763e+00 3.485883e-01 
1.947229e+00 3.485812e-01 
1.954695e+00 3.485741e-01 
1.962162e+00 3.485670e-01 
1.969628e+00 3.485599e-01 
1.977095e+00 3.485528e-01 
1.984561e+00 3.485457e-01 
1.992028e+00 3.485386e-01 
1.999494e+00 3.485314e-01 
2.006961e+00 3.485243e-01 
2.014427e+00 3.485172e-01 
2.021894e+00 3.485101e-01 
2.029360e+00 3.485030e-01 
2.036827e+00 3.484958e-01 
2.044293e+00 3.484887e-01 
2.051760e+00 3.484816e-01 
2.059226e+00 3.484744e-01 
2.066693e+00 3.484673e-01 
2.074159e+00 3.484601e-01 
2.081626e+00 3.484530e-01 
2.089092e+00 3.484458e-01 
2.096559e+00 3.484387e-01 
2.104025e+00 3.484315e-01 
2.111491e+00 3.484243e-01 
2.118958e+00 3.484172e-01 
2.126424e+00 3.484100e-01 
2.133891e+00 3.484028e-01 
2.141357e+00 3.483957e-01 
2.148824e+00 3.483885e-01 
2.156290e+00 3.483813e-01 
2.163757e+00 3.483741e-01 
2.171223e+00 3.483670e-01 
2.178690e+00 3.483598e-01 
2.186156e+00 3.483526e-01 
2.193623e+00 3.483454e-01 
2.201089e+00 3.483382e-01 
2.208556e+00 3.483310e-01 
2.216022e+00 3.483238e-01 
2.223488e+00 3.483166e-01 
2.230955e+00 3.483094e-01 
2.238421e+00 3.483022e-01 
2.245888e+00 3.482949e-01 
2.253354e+00 3.482877e-01 
2.260821e+00 3.482805e-01 
2.268287e+00 3.482733e-01 
2.275754e+00 3.482661e-01 
1.902417e+00 3.543576e-01 
1.909883e+00 3.543508e-01 
1.917350e+00 3.543440e-01 
1.924816e+00 3.543372e-01 
1.932283e+00 3.543304e-01 
1.939750e+00 3.543235e-01 
1.947216e+00 3.543167e-01 
1.954683e+00 3.543099e-01 
1.962149e+00 3.543031e-01 
1.969616e+00 3.542962e-01 
1.977082e+00 3.542894e-01 
1.984549e+00 3.542825e-01 
1.992016e+00 3.542757e-01 
1.999482e+00 3.542688e-01 
2.006949e+00 3.542620e-01 
2.014415e+00 3.542551e-01 
2.021882e+00 3.542483e-01 
2.029348e+00 3.542414e-01 
2.036815e+00 3.542346e-01 
2.044282e+00 3.542277e-01 
2.051748e+00 3.542208e-01 
2.059215e+00 3.542139e-01 
2.066681e+00 3.542071e-01 
2.074148e+00 3.542002e-01 
2.081614e+00 3.541933e-01 
2.089081e+00 3.541864e-01 
2.096547e+00 3.541795e-01 
2.104014e+00 3.541726e-01 
2.111481e+00 3.541657e-01 
2.118947e+00 3.541588e-01 
2.126414e+00 3.541519e-01 
2.133880e+00 3.541450e-01 
2.141347e+00 3.541381e-01 
2.148813e+00 3.541312e-01 
2.156280e+00 3.541243e-01 
2.163747e+00 3.541174e-01 
2.171213e+00 3.541105e-01 
2.178680e+00 3.541036e-01 
2.186146e+00 3.540966e-01 
2.193613e+00 3.540897e-01 
2.201079e+00 3.540828e-01 
2.208546e+00 3.540759e-01 
2.216012e+00 3.540689e-01 
2.223479e+00 3.540620e-01 
2.230946e+00 3.540550e-01 
2.238412e+00 3.540481e-01 
2.245879e+00 3.540412e-01 
2.253345e+00 3.540342e-01 
2.260812e+00 3.540273e-01 
2.268278e+00 3.540203e-01 
2.275745e+00 3.540133e-01 
1.902404e+00 3.600929e-01 
1.909870e+00 3.600864e-01 
1.917337e+00 3.600798e-01 
1.924804e+00 3.600733e-01 
1.932270e+00 3.600667e-01 
1.939737e+00 3.600601e-01 
1.947204e+00 3.600536e-01 
1.954670e+00 3.600470e-01 
1.962137e+00 3.600404e-01 
1.969604e+00 3.600338e-01 
1.977070e+00 3.600272e-01 
1.984537e+00 3.600207e-01 
1.992004e+00 3.600141e-01 
1.999470e+00 3.600075e-01 
2.006937e+00 3.600009e-01 
2.014403e+00 3.599943e-01 
2.021870e+00 3.599877e-01 
2.029337e+00 3.599811e-01 
2.036803e+00 3.599745e-01 
2.044270e+00 3.599679e-01 
2.051737e+00 3.599612e-01 
2.059203e+00 3.599546e-01 
2.066670e+00 3.599480e-01 
2.074137e+00 3.599414e-01 
2.081603e+00 3.599348e-01 
2.089070e+00 3.599281e-01 
2.096537e+00 3.599215e-01 
2.104003e+00 3.599149e-01 
2.111470e+00 3.599082e-01 
2.118937e+00 3.599016e-01 
2.126403e+00 3.598949e-01 
2.133870e+00 3.598883e-01 
2.141337e+00 3.598817e-01 
2.148803e+00 3.598750e-01 
2.156270e+00 3.598684e-01 
2.163737e+00 3.598617e-01 
2.171203e+00 3.598550e-01 
2.178670e+00 3.598484e-01 
2.186136e+00 3.598417e-01 
2.193603e+00 3.598350e-01 
2.201070e+00 3.598284e-01 
2.208536e+00 3.598217e-01 
2.216003e+00 3.598150e-01 
2.223470e+00 3.598083e-01 
2.230936e+00 3.598017e-01 
2.238403e+00 3.597950e-01 
2.245870e+00 3.597883e-01 
2.253336e+00 3.597816e-01 
2.260803e+00 3.597749e-01 
2.268270e+00 3.597682e-01 
2.275736e+00 3.597615e-01 
1.902391e+00 3.658296e-01 
1.909858e+00 3.658233e-01 
1.917324e+00 3.658170e-01 
1.924791e+00 3.658106e-01 
1.932258e+00 3.658043e-01 
1.939725e+00 3.657980e-01 
1.947191e+00 3.657917e-01 
1.954658e+00 3.657854e-01 
1.962125e+00 3.657790e-01 
1.969592e+00 3.657727e-01 
1.977058e+00 3.657664e-01 
1.984525e+00 3.657600e-01 
1.991992e+00 3.657537e-01 
1.999459e+00 3.657473e-01 
2.006925e+00 3.657410e-01 
2.014392e+00 3.657346e-01 
2.021859e+00 3.657283e-01 
2.029325e+00 3.657219e-01 
2.036792e+00 3.657156e-01 
2.044259e+00 3.657092e-01 
2.051726e+00 3.657028e-01 
2.059192e+00 3.656965e-01 
2.066659e+00 3.656901e-01 
2.074126e+00 3.656837e-01 
2.081593e+00 3.656773e-01 
2.089059e+00 3.656710e-01 
2.096526e+00 3.656646e-01 
2.103993e+00 3.656582e-01 
2.111460e+00 3.656518e-01 
2.118926e+00 3.656454e-01 
2.126393e+00 3.656390e-01 
2.133860e+00 3.656326e-01 
2.141327e+00 3.656262e-01 
2.148793e+00 3.656198e-01 
2.156260e+00 3.656134e-01 
2.163727e+00 3.656070e-01 
2.171194e+00 3.656006e-01 
2.178660e+00 3.655942e-01 
2.186127e+00 3.655878e-01 
2.193594e+00 3.655814e-01 
2.201060e+00 3.655749e-01 
2.208527e+00 3.655685e-01 
2.215994e+00 3.655621e-01 
2.223461e+00 3.655557e-01 
2.230927e+00 3.655492e-01 
2.238394e+00 3.655428e-01 
2.245861e+00 3.655364e-01 
2.253328e+00 3.655299e-01 
2.260794e+00 3.655235e-01 
2.268261e+00 3.655170e-01 
2.275728e+00 3.655106e-01 
1.902378e+00 3.715675e-01 
1.909845e+00 3.715614e-01 
1.917312e+00 3.715553e-01 
1.924779e+00 3.715493e-01 
1.932246e+00 3.715432e-01 
1.939713e+00 3.715371e-01 
1.947179e+00 3.715310e-01 
1.954646e+00 3.715249e-01 
1.962113e+00 3.715188e-01 
1.969580e+00 3.715127e-01 
1.977047e+00 3.715066e-01 
1.984514e+00 3.715005e-01 
1.991980e+00 3.714944e-01 
1.999447e+00 3.714883e-01 
2.006914e+00 3.714822e-01 
2.014381e+00 3.714761e-01 
2.021848e+00 3.714700e-01 
2.029314e+00 3.714639e-01 
2.036781e+00 3.714578e-01 
2.044248e+00 3.714516e-01 
2.051715e+00 3.714455e-01 
2.059182e+00 3.714394e-01 
2.066649e+00 3.714333e-01 
2.074115e+00 3.714271e-01 
2.081582e+00 3.714210e-01 
2.089049e+00 3.714148e-01 
2.096516e+00 3.714087e-01 
2.103983e+00 3.714026e-01 
2.111450e+00 3.713964e-01 
2.118916e+00 3.713903e-01 
2.126383e+00 3.713841e-01 
2.133850e+00 3.713780e-01 
2.141317e+00 3.713718e-01 
2.148784e+00 3.713656e-01 
2.156250e+00 3.713595e-01 
2.163717e+00 3.713533e-01 
2.171184e+00 3.713471e-01 
2.178651e+00 3.713410e-01 
2.186118e+00 3.713348e-01 
2.193585e+00 3.713286e-01 
2.201051e+00 3.713224e-01 
2.208518e+00 3.713163e-01 
2.215985e+00 3.713101e-01 
2.223452e+00 3.713039e-01 
2.230919e+00 3.712977e-01 
2.238385e+00 3.712915e-01 
2.245852e+00 3.712853e-01 
2.253319e+00 3.712791e-01 
2.260786e+00 3.712729e-01 
2.268253e+00 3.712667e-01 
2.275720e+00 3.712605e-01 
1.902366e+00 3.773066e-01 
1.909833e+00 3.773008e-01 
1.917300e+00 3.772949e-01 
1.924767e+00 3.772891e-01 
1.932234e+00 3.772833e-01 
1.939701e+00 3.772774e-01 
1.947168e+00 3.772715e-01 
1.954635e+00 3.772657e-01 
1.962102e+00 3.772598e-01 
1.969569e+00 3.772540e-01 
1.977035e+00 3.772481e-01 
1.984502e+00 3.772422e-01 
1.991969e+00 3.772364e-01 
1.999436e+00 3.772305e-01 
2.006903e+00 3.772246e-01 
2.014370e+00 3.772187e-01 
2.021837e+00 3.772128e-01 
2.029304e+00 3.772070e-01 
2.036771e+00 3.772011e-01 
2.044238e+00 3.771952e-01 
2.051705e+00 3.771893e-01 
2.059171e+00 3.771834e-01 
2.066638e+00 3.771775e-01 
2.074105e+00 3.771716e-01 
2.081572e+00 3.771657e-01 
2.089039e+00 3.771598e-01 
2.096506e+00 3.771538e-01 
2.103973e+00 3.771479e-01 
2.111440e+00 3.771420e-01 
2.118907e+00 3.771361e-01 
2.126374e+00 3.771302e-01 
2.133840e+00 3.771243e-01 
2.141307e+00 3.771183e-01 
2.148774e+00 3.771124e-01 
2.156241e+00 3.771065e-01 
2.163708e+00 3.771005e-01 
2.171175e+00 3.770946e-01 
2.178642e+00 3.770887e-01 
2.186109e+00 3.770827e-01 
2.193576e+00 3.770768e-01 
2.201043e+00 3.770708e-01 
2.208510e+00 3.770649e-01 
2.215976e+00 3.770589e-01 
2.223443e+00 3.770530e-01 
2.230910e+00 3.770470e-01 
2.238377e+00 3.770411e-01 
2.245844e+00 3.770351e-01 
2.253311e+00 3.770292e-01 
2.260778e+00 3.770232e-01 
2.268245e+00 3.770172e-01 
2.275712e+00 3.770113e-01 
1.902355e+00 3.830470e-01 
1.909822e+00 3.830413e-01 
1.917289e+00 3.830357e-01 
1.924756e+00 3.830301e-01 
1.932223e+00 3.830245e-01 
1.939690e+00 3.830188e-01 
1.947157e+00 3.830132e-01 
1.954624e+00 3.830076e-01 
1.962091e+00 3.830019e-01 
1.969558e+00 3.829963e-01 
1.977025e+00 3.829907e-01 
1.984492e+00 3.829850e-01 
1.991959e+00 3.829794e-01 
1.999426e+00 3.829737e-01 
2.006893e+00 3.829680e-01 
2.014360e+00 3.829624e-01 
2.021827e+00 3.829567e-01 
2.029294e+00 3.829511e-01 
2.036761e+00 3.829454e-01 
2.044228e+00 3.829397e-01 
2.051694e+00 3.829341e-01 
2.059161e+00 3.829284e-01 
2.066628e+00 3.829227e-01 
2.074095e+00 3.829170e-01 
2.081562e+00 3.829113e-01 
2.089029e+00 3.829057e-01 
2.096496e+00 3.829000e-01 
2.103963e+00 3.828943e-01 
2.111430e+00 3.828886e-01 
2.118897e+00 3.828829e-01 
2.126364e+00 3.828772e-01 
2.133831e+00 3.828715e-01 
2.141298e+00 3.828658e-01 
2.148765e+00 3.828601e-01 
2.156232e+00 3.828544e-01 
2.163699e+00 3.828487e-01 
2.171166e+00 3.828430e-01 
2.178633e+00 3.828373e-01 
2.186100e+00 3.828316e-01 
2.193567e+00 3.828258e-01 
2.201034e+00 3.828201e-01 
2.208501e+00 3.828144e-01 
2.215968e+00 3.828087e-01 
2.223435e+00 3.828029e-01 
2.230902e+00 3.827972e-01 
2.238369e+00 3.827915e-01 
2.245836e+00 3.827857e-01 
2.253303e+00 3.827800e-01 
2.260770e+00 3.827743e-01 
2.268237e+00 3.827685e-01 
2.275704e+00 3.827628e-01 
1.902343e+00 3.887885e-01 
1.909811e+00 3.887831e-01 
1.917278e+00 3.887777e-01 
1.924745e+00 3.887723e-01 
1.932212e+00 3.887668e-01 
1.939679e+00 3.887614e-01 
1.947146e+00 3.887560e-01 
1.954613e+00 3.887506e-01 
1.962080e+00 3.887452e-01 
1.969547e+00 3.887397e-01 
1.977014e+00 3.887343e-01 
1.984481e+00 3.887289e-01 
1.991948e+00 3.887234e-01 
1.999415e+00 3.887180e-01 
2.006882e+00 3.887126e-01 
2.014349e+00 3.887071e-01 
2.021817e+00 3.887017e-01 
2.029284e+00 3.886962e-01 
2.036751e+00 3.886908e-01 
2.044218e+00 3.886853e-01 
2.051685e+00 3.886799e-01 
2.059152e+00 3.886744e-01 
2.066619e+00 3.886689e-01 
2.074086e+00 3.886635e-01 
2.081553e+00 3.886580e-01 
2.089020e+00 3.886525e-01 
2.096487e+00 3.886471e-01 
2.103954e+00 3.886416e-01 
2.111421e+00 3.886361e-01 
2.118888e+00 3.886306e-01 
2.126355e+00 3.886252e-01 
2.133822e+00 3.886197e-01 
2.141289e+00 3.886142e-01 
2.148757e+00 3.886087e-01 
2.156224e+00 3.886032e-01 
2.163691e+00 3.885977e-01 
2.171158e+00 3.885922e-01 
2.178625e+00 3.885867e-01 
2.186092e+00 3.885812e-01 
2.193559e+00 3.885757e-01 
2.201026e+00 3.885702e-01 
2.208493e+00 3.885647e-01 
2.215960e+00 3.885592e-01 
2.223427e+00 3.885537e-01 
2.230894e+00 3.885482e-01 
2.238361e+00 3.885427e-01 
2.245828e+00 3.885372e-01 
2.253295e+00 3.885316e-01 
2.260762e+00 3.885261e-01 
2.268229e+00 3.885206e-01 
2.275696e+00 3.885151e-01 
1.902333e+00 3.945311e-01 
1.909800e+00 3.945259e-01 
1.917267e+00 3.945207e-01 
1.924734e+00 3.945155e-01 
1.932201e+00 3.945103e-01 
1.939668e+00 3.945051e-01 
1.947135e+00 3.944999e-01 
1.954603e+00 3.944946e-01 
1.962070e+00 3.944894e-01 
1.969537e+00 3.944842e-01 
1.977004e+00 3.944790e-01 
1.984471e+00 3.944738e-01 
1.991938e+00 3.944685e-01 
1.999405e+00 3.944633e-01 
2.006873e+00 3.944581e-01 
2.014340e+00 3.944528e-01 
2.021807e+00 3.944476e-01 
2.029274e+00 3.944424e-01 
2.036741e+00 3.944371e-01 
2.044208e+00 3.944319e-01 
2.051675e+00 3.944266e-01 
2.059143e+00 3.944214e-01 
2.066610e+00 3.944161e-01 
2.074077e+00 3.944109e-01 
2.081544e+00 3.944056e-01 
2.089011e+00 3.944003e-01 
2.096478e+00 3.943951e-01 
2.103945e+00 3.943898e-01 
2.111412e+00 3.943845e-01 
2.118880e+00 3.943793e-01 
2.126347e+00 3.943740e-01 
2.133814e+00 3.943687e-01 
2.141281e+00 3.943635e-01 
2.148748e+00 3.943582e-01 
2.156215e+00 3.943529e-01 
2.163682e+00 3.943476e-01 
2.171150e+00 3.943423e-01 
2.178617e+00 3.943370e-01 
2.186084e+00 3.943318e-01 
2.193551e+00 3.943265e-01 
2.201018e+00 3.943212e-01 
2.208485e+00 3.943159e-01 
2.215952e+00 3.943106e-01 
2.223419e+00 3.943053e-01 
2.230887e+00 3.943000e-01 
2.238354e+00 3.942947e-01 
2.245821e+00 3.942894e-01 
2.253288e+00 3.942840e-01 
2.260755e+00 3.942787e-01 
2.268222e+00 3.942734e-01 
2.275689e+00 3.942681e-01 
1.902322e+00 4.002747e-01 
1.909789e+00 4.002697e-01 
1.917257e+00 4.002647e-01 
1.924724e+00 4.002597e-01 
1.932191e+00 4.002547e-01 
1.939658e+00 4.002497e-01 
1.947125e+00 4.002447e-01 
1.954593e+00 4.002397e-01 
1.962060e+00 4.002347e-01 
1.969527e+00 4.002297e-01 
1.976994e+00 4.002246e-01 
1.984462e+00 4.002196e-01 
1.991929e+00 4.002146e-01 
1.999396e+00 4.002096e-01 
2.006863e+00 4.002045e-01 
2.014330e+00 4.001995e-01 
2.021798e+00 4.001945e-01 
2.029265e+00 4.001894e-01 
2.036732e+00 4.001844e-01 
2.044199e+00 4.001793e-01 
2.051666e+00 4.001743e-01 
2.059134e+00 4.001692e-01 
2.066601e+00 4.001642e-01 
2.074068e+00 4.001591e-01 
2.081535e+00 4.001541e-01 
2.089002e+00 4.001490e-01 
2.096470e+00 4.001440e-01 
2.103937e+00 4.001389e-01 
2.111404e+00 4.001338e-01 
2.118871e+00 4.001288e-01 
2.126338e+00 4.001237e-01 
2.133806e+00 4.001186e-01 
2.141273e+00 4.001135e-01 
2.148740e+00 4.001085e-01 
2.156207e+00 4.001034e-01 
2.163674e+00 4.000983e-01 
2.171142e+00 4.000932e-01 
2.178609e+00 4.000881e-01 
2.186076e+00 4.000831e-01 
2.193543e+00 4.000780e-01 
2.201010e+00 4.000729e-01 
2.208478e+00 4.000678e-01 
2.215945e+00 4.000627e-01 
2.223412e+00 4.000576e-01 
2.230879e+00 4.000525e-01 
2.238346e+00 4.000474e-01 
2.245814e+00 4.000423e-01 
2.253281e+00 4.000372e-01 
2.260748e+00 4.000321e-01 
2.268215e+00 4.000270e-01 
2.275682e+00 4.000218e-01 
1.902312e+00 4.060194e-01 
1.909779e+00 4.060146e-01 
1.917247e+00 4.060098e-01 
1.924714e+00 4.060050e-01 
1.932181e+00 4.060002e-01 
1.939649e+00 4.059953e-01 
1.947116e+00 4.059905e-01 
1.954583e+00 4.059857e-01 
1.962050e+00 4.059809e-01 
1.969518e+00 4.059761e-01 
1.976985e+00 4.059712e-01 
1.984452e+00 4.059664e-01 
1.991919e+00 4.059616e-01 
1.999387e+00 4.059567e-01 
2.006854e+00 4.059519e-01 
2.014321e+00 4.059470e-01 
2.021789e+00 4.059422e-01 
2.029256e+00 4.059374e-01 
2.036723e+00 4.059325e-01 
2.044190e+00 4.059277e-01 
2.051658e+00 4.059228e-01 
2.059125e+00 4.059179e-01 
2.066592e+00 4.059131e-01 
2.074059e+00 4.059082e-01 
2.081527e+00 4.059034e-01 
2.088994e+00 4.058985e-01 
2.096461e+00 4.058936e-01 
2.103929e+00 4.058888e-01 
2.111396e+00 4.058839e-01 
2.118863e+00 4.058790e-01 
2.126330e+00 4.058742e-01 
2.133798e+00 4.058693e-01 
2.141265e+00 4.058644e-01 
2.148732e+00 4.058595e-01 
2.156199e+00 4.058546e-01 
2.163667e+00 4.058498e-01 
2.171134e+00 4.058449e-01 
2.178601e+00 4.058400e-01 
2.186069e+00 4.058351e-01 
2.193536e+00 4.058302e-01 
2.201003e+00 4.058253e-01 
2.208470e+00 4.058204e-01 
2.215938e+00 4.058155e-01 
2.223405e+00 4.058106e-01 
2.230872e+00 4.058057e-01 
2.238339e+00 4.058008e-01 
2.245807e+00 4.057959e-01 
2.253274e+00 4.057910e-01 
2.260741e+00 4.057861e-01 
2.268209e+00 4.057811e-01 
2.275676e+00 4.057762e-01 
1.902302e+00 4.117650e-01 
1.909770e+00 4.117604e-01 
1.917237e+00 4.117557e-01 
1.924704e+00 4.117511e-01 
1.932172e+00 4.117465e-01 
1.939639e+00 4.117419e-01 
1.947107e+00 4.117372e-01 
1.954574e+00 4.117326e-01 
1.962041e+00 4.117280e-01 
1.969509e+00 4.117233e-01 
1.976976e+00 4.117187e-01 
1.984443e+00 4.117140e-01 
1.991911e+00 4.117094e-01 
1.999378e+00 4.117047e-01 
2.006845e+00 4.117001e-01 
2.014313e+00 4.116954e-01 
2.021780e+00 4.116908e-01 
2.029247e+00 4.116861e-01 
2.036715e+00 4.116815e-01 
2.044182e+00 4.116768e-01 
2.051649e+00 4.116721e-01 
2.059117e+00 4.116675e-01 
2.066584e+00 4.116628e-01 
2.074051e+00 4.116581e-01 
2.081519e+00 4.116535e-01 
2.088986e+00 4.116488e-01 
2.096453e+00 4.116441e-01 
2.103921e+00 4.116394e-01 
2.111388e+00 4.116348e-01 
2.118855e+00 4.116301e-01 
2.126323e+00 4.116254e-01 
2.133790e+00 4.116207e-01 
2.141257e+00 4.116160e-01 
2.148725e+00 4.116113e-01 
2.156192e+00 4.116066e-01 
2.163659e+00 4.116019e-01 
2.171127e+00 4.115972e-01 
2.178594e+00 4.115925e-01 
2.186061e+00 4.115878e-01 
2.193529e+00 4.115831e-01 
2.200996e+00 4.115784e-01 
2.208463e+00 4.115737e-01 
2.215931e+00 4.115690e-01 
2.223398e+00 4.115643e-01 
2.230865e+00 4.115596e-01 
2.238333e+00 4.115549e-01 
2.245800e+00 4.115501e-01 
2.253267e+00 4.115454e-01 
2.260735e+00 4.115407e-01 
2.268202e+00 4.115360e-01 
2.275669e+00 4.115312e-01 
1.902293e+00 4.175115e-01 
1.909761e+00 4.175070e-01 
1.917228e+00 4.175026e-01 
1.924695e+00 4.174982e-01 
1.932163e+00 4.174937e-01 
1.939630e+00 4.174893e-01 
1.947098e+00 4.174848e-01 
1.954565e+00 4.174804e-01 
1.962032e+00 4.174759e-01 
1.969500e+00 4.174714e-01 
1.976967e+00 4.174670e-01 
1.984435e+00 4.174625e-01 
1.991902e+00 4.174581e-01 
1.999369e+00 4.174536e-01 
2.006837e+00 4.174491e-01 
2.014304e+00 4.174446e-01 
2.021772e+00 4.174402e-01 
2.029239e+00 4.174357e-01 
2.036706e+00 4.174312e-01 
2.044174e+00 4.174267e-01 
2.051641e+00 4.174223e-01 
2.059109e+00 4.174178e-01 
2.066576e+00 4.174133e-01 
2.074043e+00 4.174088e-01 
2.081511e+00 4.174043e-01 
2.088978e+00 4.173998e-01 
2.096446e+00 4.173953e-01 
2.103913e+00 4.173908e-01 
2.111380e+00 4.173863e-01 
2.118848e+00 4.173818e-01 
2.126315e+00 4.173773e-01 
2.133783e+00 4.173728e-01 
2.141250e+00 4.173683e-01 
2.148717e+00 4.173638e-01 
2.156185e+00 4.173593e-01 
2.163652e+00 4.173548e-01 
2.171120e+00 4.173503e-01 
2.178587e+00 4.173457e-01 
2.186054e+00 4.173412e-01 
2.193522e+00 4.173367e-01 
2.200989e+00 4.173322e-01 
2.208457e+00 4.173277e-01 
2.215924e+00 4.173231e-01 
2.223391e+00 4.173186e-01 
2.230859e+00 4.173141e-01 
2.238326e+00 4.173095e-01 
2.245794e+00 4.173050e-01 
2.253261e+00 4.173005e-01 
2.260728e+00 4.172959e-01 
2.268196e+00 4.172914e-01 
2.275663e+00 4.172868e-01 
1.902284e+00 4.232588e-01 
1.909752e+00 4.232545e-01 
1.917219e+00 4.232503e-01 
1.924687e+00 4.232460e-01 
1.932154e+00 4.232417e-01 
1.939622e+00 4.232375e-01 
1.947089e+00 4.232332e-01 
1.954556e+00 4.232289e-01 
1.962024e+00 4.232246e-01 
1.969491e+00 4.232204e-01 
1.976959e+00 4.232161e-01 
1.984426e+00 4.232118e-01 
1.991894e+00 4.232075e-01 
1.999361e+00 4.232032e-01 
2.006829e+00 4.231989e-01 
2.014296e+00 4.231946e-01 
2.021764e+00 4.231903e-01 
2.029231e+00 4.231860e-01 
2.036699e+00 4.231817e-01 
2.044166e+00 4.231774e-01 
2.051633e+00 4.231731e-01 
2.059101e+00 4.231688e-01 
2.066568e+00 4.231645e-01 
2.074036e+00 4.231602e-01 
2.081503e+00 4.231559e-01 
2.088971e+00 4.231515e-01 
2.096438e+00 4.231472e-01 
2.103906e+00 4.231429e-01 
2.111373e+00 4.231386e-01 
2.118841e+00 4.231343e-01 
2.126308e+00 4.231299e-01 
2.133776e+00 4.231256e-01 
2.141243e+00 4.231213e-01 
2.148710e+00 4.231169e-01 
2.156178e+00 4.231126e-01 
2.163645e+00 4.231083e-01 
2.171113e+00 4.231039e-01 
2.178580e+00 4.230996e-01 
2.186048e+00 4.230953e-01 
2.193515e+00 4.230909e-01 
2.200983e+00 4.230866e-01 
2.208450e+00 4.230822e-01 
2.215918e+00 4.230779e-01 
2.223385e+00 4.230735e-01 
2.230853e+00 4.230692e-01 
2.238320e+00 4.230648e-01 
2.245787e+00 4.230605e-01 
2.253255e+00 4.230561e-01 
2.260722e+00 4.230517e-01 
2.268190e+00 4.230474e-01 
2.275657e+00 4.230430e-01 
1.902276e+00 4.290069e-01 
1.909743e+00 4.290028e-01 
1.917211e+00 4.289988e-01 
1.924678e+00 4.289947e-01 
1.932146e+00 4.289906e-01 
1.939613e+00 4.289865e-01 
1.947081e+00 4.289823e-01 
1.954548e+00 4.289782e-01 
1.962016e+00 4.289741e-01 
1.969483e+00 4.289700e-01 
1.976951e+00 4.289659e-01 
1.984418e+00 4.289618e-01 
1.991886e+00 4.289577e-01 
1.999353e+00 4.289536e-01 
2.006821e+00 4.289494e-01 
2.014288e+00 4.289453e-01 
2.021756e+00 4.289412e-01 
2.029223e+00 4.289371e-01 
2.036691e+00 4.289329e-01 
2.044159e+00 4.289288e-01 
2.051626e+00 4.289247e-01 
2.059094e+00 4.289205e-01 
2.066561e+00 4.289164e-01 
2.074029e+00 4.289122e-01 
2.081496e+00 4.289081e-01 
2.088964e+00 4.289039e-01 
2.096431e+00 4.288998e-01 
2.103899e+00 4.288957e-01 
2.111366e+00 4.288915e-01 
2.118834e+00 4.288874e-01 
2.126301e+00 4.288832e-01 
2.133769e+00 4.288790e-01 
2.141236e+00 4.288749e-01 
2.148704e+00 4.288707e-01 
2.156171e+00 4.288666e-01 
2.163639e+00 4.288624e-01 
2.171106e+00 4.288582e-01 
2.178574e+00 4.288541e-01 
2.186041e+00 4.288499e-01 
2.193509e+00 4.288457e-01 
2.200976e+00 4.288416e-01 
2.208444e+00 4.288374e-01 
2.215911e+00 4.288332e-01 
2.223379e+00 4.288290e-01 
2.230846e+00 4.288249e-01 
2.238314e+00 4.288207e-01 
2.245782e+00 4.288165e-01 
2.253249e+00 4.288123e-01 
2.260717e+00 4.288081e-01 
2.268184e+00 4.288039e-01 
2.275652e+00 4.287997e-01 
1.902267e+00 4.347559e-01 
1.909735e+00 4.347519e-01 
1.917202e+00 4.347480e-01 
1.924670e+00 4.347441e-01 
1.932138e+00 4.347401e-01 
1.939605e+00 4.347362e-01 
1.947073e+00 4.347323e-01 
1.954540e+00 4.347283e-01 
1.962008e+00 4.347244e-01 
1.969476e+00 4.347204e-01 
1.976943e+00 4.347165e-01 
1.984411e+00 4.347125e-01 
1.991878e+00 4.347086e-01 
1.999346e+00 4.347046e-01 
2.006813e+00 4.347007e-01 
2.014281e+00 4.346967e-01 
2.021749e+00 4.346927e-01 
2.029216e+00 4.346888e-01 
2.036684e+00 4.346848e-01 
2.044151e+00 4.346808e-01 
2.051619e+00 4.346769e-01 
2.059086e+00 4.346729e-01 
2.066554e+00 4.346689e-01 
2.074022e+00 4.346650e-01 
2.081489e+00 4.346610e-01 
2.088957e+00 4.346570e-01 
2.096424e+00 4.346530e-01 
2.103892e+00 4.346490e-01 
2.111360e+00 4.346451e-01 
2.118827e+00 4.346411e-01 
2.126295e+00 4.346371e-01 
2.133762e+00 4.346331e-01 
2.141230e+00 4.346291e-01 
2.148697e+00 4.346251e-01 
2.156165e+00 4.346211e-01 
2.163633e+00 4.346171e-01 
2.171100e+00 4.346131e-01 
2.178568e+00 4.346091e-01 
2.186035e+00 4.346051e-01 
2.193503e+00 4.346011e-01 
2.200970e+00 4.345971e-01 
2.208438e+00 4.345931e-01 
2.215906e+00 4.345891e-01 
2.223373e+00 4.345851e-01 
2.230841e+00 4.345811e-01 
2.238308e+00 4.345771e-01 
2.245776e+00 4.345730e-01 
2.253243e+00 4.345690e-01 
2.260711e+00 4.345650e-01 
2.268179e+00 4.345610e-01 
2.275646e+00 4.345570e-01 
1.902259e+00 4.405055e-01 
1.909727e+00 4.405017e-01 
1.917195e+00 4.404980e-01 
1.924662e+00 4.404942e-01 
1.932130e+00 4.404904e-01 
1.939598e+00 4.404866e-01 
1.947065e+00 4.404829e-01 
1.954533e+00 4.404791e-01 
1.962000e+00 4.404753e-01 
1.969468e+00 4.404715e-01 
1.976936e+00 4.404677e-01 
1.984403e+00 4.404639e-01 
1.991871e+00 4.404601e-01 
1.999339e+00 4.404563e-01 
2.006806e+00 4.404526e-01 
2.014274e+00 4.404488e-01 
2.021742e+00 4.404450e-01 
2.029209e+00 4.404412e-01 
2.036677e+00 4.404373e-01 
2.044144e+00 4.404335e-01 
2.051612e+00 4.404297e-01 
2.059080e+00 4.404259e-01 
2.066547e+00 4.404221e-01 
2.074015e+00 4.404183e-01 
2.081483e+00 4.404145e-01 
2.088950e+00 4.404107e-01 
2.096418e+00 4.404068e-01 
2.103885e+00 4.404030e-01 
2.111353e+00 4.403992e-01 
2.118821e+00 4.403954e-01 
2.126288e+00 4.403916e-01 
2.133756e+00 4.403877e-01 
2.141224e+00 4.403839e-01 
2.148691e+00 4.403801e-01 
2.156159e+00 4.403762e-01 
2.163626e+00 4.403724e-01 
2.171094e+00 4.403686e-01 
2.178562e+00 4.403647e-01 
2.186029e+00 4.403609e-01 
2.193497e+00 4.403570e-01 
2.200965e+00 4.403532e-01 
2.208432e+00 4.403494e-01 
2.215900e+00 4.403455e-01 
2.223368e+00 4.403417e-01 
2.230835e+00 4.403378e-01 
2.238303e+00 4.403340e-01 
2.245770e+00 4.403301e-01 
2.253238e+00 4.403263e-01 
2.260706e+00 4.403224e-01 
2.268173e+00 4.403185e-01 
2.275641e+00 4.403147e-01 
1.902252e+00 4.462559e-01 
1.909719e+00 4.462523e-01 
1.917187e+00 4.462486e-01 
1.924655e+00 4.462450e-01 
1.932122e+00 4.462414e-01 
1.939590e+00 4.462378e-01 
1.947058e+00 4.462342e-01 
1.954526e+00 4.462305e-01 
1.961993e+00 4.462269e-01 
1.969461e+00 4.462233e-01 
1.976929e+00 4.462196e-01 
1.984396e+00 4.462160e-01 
1.991864e+00 4.462124e-01 
1.999332e+00 4.462087e-01 
2.006799e+00 4.462051e-01 
2.014267e+00 4.462014e-01 
2.021735e+00 4.461978e-01 
2.029202e+00 4.461942e-01 
2.036670e+00 4.461905e-01 
2.044138e+00 4.461869e-01 
2.051605e+00 4.461832e-01 
2.059073e+00 4.461795e-01 
2.066541e+00 4.461759e-01 
2.074009e+00 4.461722e-01 
2.081476e+00 4.461686e-01 
2.088944e+00 4.461649e-01 
2.096412e+00 4.461613e-01 
2.103879e+00 4.461576e-01 
2.111347e+00 4.461539e-01 
2.118815e+00 4.461503e-01 
2.126282e+00 4.461466e-01 
2.133750e+00 4.461429e-01 
2.141218e+00 4.461392e-01 
2.148685e+00 4.461356e-01 
2.156153e+00 4.461319e-01 
2.163621e+00 4.461282e-01 
2.171088e+00 4.461245e-01 
2.178556e+00 4.461209e-01 
2.186024e+00 4.461172e-01 
2.193491e+00 4.461135e-01 
2.200959e+00 4.461098e-01 
2.208427e+00 4.461061e-01 
2.215894e+00 4.461024e-01 
2.223362e+00 4.460987e-01 
2.230830e+00 4.460951e-01 
2.238297e+00 4.460914e-01 
2.245765e+00 4.460877e-01 
2.253233e+00 4.460840e-01 
2.260701e+00 4.460803e-01 
2.268168e+00 4.460766e-01 
2.275636e+00 4.460729e-01 
1.902244e+00 4.520069e-01 
1.909712e+00 4.520034e-01 
1.917180e+00 4.520000e-01 
1.924648e+00 4.519965e-01 
1.932115e+00 4.519930e-01 
1.939583e+00 4.519896e-01 
1.947051e+00 4.519861e-01 
1.954519e+00 4.519826e-01 
1.961986e+00 4.519791e-01 
1.969454e+00 4.519757e-01 
1.976922e+00 4.519722e-01 
1.984390e+00 4.519687e-01 
1.991857e+00 4.519652e-01 
1.999325e+00 4.519617e-01 
2.006793e+00 4.519582e-01 
2.014260e+00 4.519547e-01 
2.021728e+00 4.519512e-01 
2.029196e+00 4.519478e-01 
2.036664e+00 4.519443e-01 
2.044131e+00 4.519408e-01 
2.051599e+00 4.519373e-01 
2.059067e+00 4.519338e-01 
2.066535e+00 4.519303e-01 
2.074002e+00 4.519267e-01 
2.081470e+00 4.519232e-01 
2.088938e+00 4.519197e-01 
2.096406e+00 4.519162e-01 
2.103873e+00 4.519127e-01 
2.111341e+00 4.519092e-01 
2.118809e+00 4.519057e-01 
2.126276e+00 4.519022e-01 
2.133744e+00 4.518986e-01 
2.141212e+00 4.518951e-01 
2.148680e+00 4.518916e-01 
2.156147e+00 4.518881e-01 
2.163615e+00 4.518846e-01 
2.171083e+00 4.518810e-01 
2.178551e+00 4.518775e-01 
2.186018e+00 4.518740e-01 
2.193486e+00 4.518704e-01 
2.200954e+00 4.518669e-01 
2.208421e+00 4.518634e-01 
2.215889e+00 4.518598e-01 
2.223357e+00 4.518563e-01 
2.230825e+00 4.518528e-01 
2.238292e+00 4.518492e-01 
2.245760e+00 4.518457e-01 
2.253228e+00 4.518421e-01 
2.260696e+00 4.518386e-01 
2.268163e+00 4.518351e-01 
2.275631e+00 4.518315e-01 
1.902237e+00 4.577586e-01 
1.909705e+00 4.577553e-01 
1.917173e+00 4.577519e-01 
1.924641e+00 4.577486e-01 
1.932109e+00 4.577453e-01 
1.939576e+00 4.577420e-01 
1.947044e+00 4.577387e-01 
1.954512e+00 4.577353e-01 
1.961980e+00 4.577320e-01 
1.969448e+00 4.577287e-01 
1.976915e+00 4.577253e-01 
1.984383e+00 4.577220e-01 
1.991851e+00 4.577186e-01 
1.999319e+00 4.577153e-01 
2.006786e+00 4.577120e-01 
2.014254e+00 4.577086e-01 
2.021722e+00 4.577053e-01 
2.029190e+00 4.577019e-01 
2.036658e+00 4.576986e-01 
2.044125e+00 4.576952e-01 
2.051593e+00 4.576919e-01 
2.059061e+00 4.576885e-01 
2.066529e+00 4.576852e-01 
2.073996e+00 4.576818e-01 
2.081464e+00 4.576784e-01 
2.088932e+00 4.576751e-01 
2.096400e+00 4.576717e-01 
2.103868e+00 4.576684e-01 
2.111335e+00 4.576650e-01 
2.118803e+00 4.576616e-01 
2.126271e+00 4.576583e-01 
2.133739e+00 4.576549e-01 
2.141206e+00 4.576515e-01 
2.148674e+00 4.576481e-01 
2.156142e+00 4.576448e-01 
2.163610e+00 4.576414e-01 
2.171078e+00 4.576380e-01 
2.178545e+00 4.576346e-01 
2.186013e+00 4.576313e-01 
2.193481e+00 4.576279e-01 
2.200949e+00 4.576245e-01 
2.208416e+00 4.576211e-01 
2.215884e+00 4.576177e-01 
2.223352e+00 4.576143e-01 
2.230820e+00 4.576109e-01 
2.238288e+00 4.576076e-01 
2.245755e+00 4.576042e-01 
2.253223e+00 4.576008e-01 
2.260691e+00 4.575974e-01 
2.268159e+00 4.575940e-01 
2.275626e+00 4.575906e-01 
1.902231e+00 4.635109e-01 
1.909699e+00 4.635077e-01 
1.917166e+00 4.635045e-01 
1.924634e+00 4.635014e-01 
1.932102e+00 4.634982e-01 
1.939570e+00 4.634950e-01 
1.947038e+00 4.634918e-01 
1.954506e+00 4.634886e-01 
1.961973e+00 4.634854e-01 
1.969441e+00 4.634822e-01 
1.976909e+00 4.634791e-01 
1.984377e+00 4.634759e-01 
1.991845e+00 4.634727e-01 
1.999313e+00 4.634695e-01 
2.006780e+00 4.634663e-01 
2.014248e+00 4.634631e-01 
2.021716e+00 4.634599e-01 
2.029184e+00 4.634567e-01 
2.036652e+00 4.634535e-01 
2.044119e+00 4.634503e-01 
2.051587e+00 4.634470e-01 
2.059055e+00 4.634438e-01 
2.066523e+00 4.634406e-01 
2.073991e+00 4.634374e-01 
2.081459e+00 4.634342e-01 
2.088926e+00 4.634310e-01 
2.096394e+00 4.634277e-01 
2.103862e+00 4.634245e-01 
2.111330e+00 4.634213e-01 
2.118798e+00 4.634181e-01 
2.126266e+00 4.634149e-01 
2.133733e+00 4.634116e-01 
2.141201e+00 4.634084e-01 
2.148669e+00 4.634052e-01 
2.156137e+00 4.634019e-01 
2.163605e+00 4.633987e-01 
2.171072e+00 4.633955e-01 
2.178540e+00 4.633922e-01 
2.186008e+00 4.633890e-01 
2.193476e+00 4.633858e-01 
2.200944e+00 4.633825e-01 
2.208412e+00 4.633793e-01 
2.215879e+00 4.633761e-01 
2.223347e+00 4.633728e-01 
2.230815e+00 4.633696e-01 
2.238283e+00 4.633663e-01 
2.245751e+00 4.633631e-01 
2.253218e+00 4.633598e-01 
2.260686e+00 4.633566e-01 
2.268154e+00 4.633533e-01 
2.275622e+00 4.633501e-01 
1.902224e+00 4.692638e-01 
1.909692e+00 4.692608e-01 
1.917160e+00 4.692577e-01 
1.924628e+00 4.692547e-01 
1.932096e+00 4.692516e-01 
1.939564e+00 4.692486e-01 
1.947032e+00 4.692456e-01 
1.954499e+00 4.692425e-01 
1.961967e+00 4.692395e-01 
1.969435e+00 4.692364e-01 
1.976903e+00 4.692334e-01 
1.984371e+00 4.692303e-01 
1.991839e+00 4.692272e-01 
1.999307e+00 4.692242e-01 
2.006774e+00 4.692211e-01 
2.014242e+00 4.692181e-01 
2.021710e+00 4.692150e-01 
2.029178e+00 4.692119e-01 
2.036646e+00 4.692089e-01 
2.044114e+00 4.692058e-01 
2.051582e+00 4.692027e-01 
2.059050e+00 4.691997e-01 
2.066517e+00 4.691966e-01 
2.073985e+00 4.691935e-01 
2.081453e+00 4.691904e-01 
2.088921e+00 4.691874e-01 
2.096389e+00 4.691843e-01 
2.103857e+00 4.691812e-01 
2.111325e+00 4.691781e-01 
2.118793e+00 4.691750e-01 
2.126260e+00 4.691719e-01 
2.133728e+00 4.691689e-01 
2.141196e+00 4.691658e-01 
2.148664e+00 4.691627e-01 
2.156132e+00 4.691596e-01 
2.163600e+00 4.691565e-01 
2.171068e+00 4.691534e-01 
2.178535e+00 4.691503e-01 
2.186003e+00 4.691472e-01 
2.193471e+00 4.691441e-01 
2.200939e+00 4.691410e-01 
2.208407e+00 4.691379e-01 
2.215875e+00 4.691348e-01 
2.223343e+00 4.691317e-01 
2.230811e+00 4.691286e-01 
2.238278e+00 4.691255e-01 
2.245746e+00 4.691224e-01 
2.253214e+00 4.691193e-01 
2.260682e+00 4.691162e-01 
2.268150e+00 4.691131e-01 
2.275618e+00 4.691099e-01 
BC
4
4
4
4
4
4
4
4
4
4
4
4
4
4
4
4
4
4
4
4
4
4
4
4
4
4
4
4
4
4
4
4
4
4
4
4
4
4
4
4
4
4
4
4
4
4
4
4
4
4
-1
-1
-1
-1
-1
-1
-1
-1
-1
-1
-1
-1
-1
-1
-1
-1
-1
-1
-1
-1
-1
-1
-1
-1
-1
-1
-1
-1
-1
-1
-1
-1
-1
-1
-1
-1
-1
-1
-1
-1
-1
-1
-1
-1
-1
-1
-1
-1
-1
-1
-1
-1
-1
-1
-1
-1
-1
-1
-1
-1
-1
-1
-1
-1
-1
-1
-1
-1
-1
-1
-1
-1
-1
-1
-1
-1
-1
-1
-1
-1
-1
-1
-1
-1
-1
-1
-1
-1
-1
-1
-1
-1
-1
-1
-1
-1
-1
-1
-1
-1
-1
-1
-1
-1
-1
-1
-1
-1
-1
-1
-1
-1
-1
-1
-1
-1
-1
-1
-1
-1
-1
-1
-1
-1
-1
-1
-1
-1
-1
-1
-1
-1
-1
-1
-1
-1
-1
-1
-1
-1
-1
-1
-1
-1
