npart: 8 3 
ipart: 2 0 
ngrid: 51 48 
7.830550e-01 2.000000e-01 
7.905195e-01 2.000000e-01 
7.979839e-01 2.000000e-01 
8.054484e-01 2.000000e-01 
8.129129e-01 2.000000e-01 
8.203773e-01 2.000000e-01 
8.278418e-01 2.000000e-01 
8.353063e-01 2.000000e-01 
8.427707e-01 2.000000e-01 
8.502352e-01 2.000000e-01 
8.576996e-01 2.000000e-01 
8.651641e-01 2.000000e-01 
8.726286e-01 2.000000e-01 
8.800930e-01 2.000000e-01 
8.875575e-01 2.000000e-01 
8.950219e-01 2.000000e-01 
9.024864e-01 2.000000e-01 
9.099509e-01 2.000000e-01 
9.174153e-01 2.000000e-01 
9.248798e-01 2.000000e-01 
9.323442e-01 2.000000e-01 
9.398087e-01 2.000000e-01 
9.472732e-01 2.000000e-01 
9.547376e-01 2.000000e-01 
9.622021e-01 2.000000e-01 
9.696666e-01 2.000000e-01 
9.771310e-01 2.000000e-01 
9.845955e-01 2.000000e-01 
9.920599e-01 2.000000e-01 
9.995244e-01 2.000000e-01 
1.006989e+00 2.000000e-01 
1.014453e+00 2.000000e-01 
1.021918e+00 2.000000e-01 
1.029382e+00 2.000000e-01 
1.036847e+00 2.000000e-01 
1.044311e+00 2.000000e-01 
1.051776e+00 2.000000e-01 
1.059240e+00 2.000000e-01 
1.066705e+00 2.000000e-01 
1.074169e+00 2.000000e-01 
1.081633e+00 2.000000e-01 
1.089098e+00 2.000000e-01 
1.096562e+00 2.000000e-01 
1.104027e+00 2.000000e-01 
1.111491e+00 2.000000e-01 
1.118956e+00 2.000000e-01 
1.126420e+00 2.000000e-01 
1.133885e+00 2.000000e-01 
1.141349e+00 2.000000e-01 
1.148814e+00 2.000000e-01 
1.156278e+00 2.000000e-01 
7.829552e-01 2.066557e-01 
7.904634e-01 2.066504e-01 
7.979565e-01 2.066491e-01 
8.054349e-01 2.066482e-01 
8.129060e-01 2.066471e-01 
8.203736e-01 2.066455e-01 
8.278394e-01 2.066436e-01 
8.353043e-01 2.066416e-01 
8.427688e-01 2.066394e-01 
8.502333e-01 2.066368e-01 
8.576976e-01 2.066343e-01 
8.651620e-01 2.066318e-01 
8.726263e-01 2.066292e-01 
8.800906e-01 2.066265e-01 
8.875549e-01 2.066237e-01 
8.950192e-01 2.066208e-01 
9.024835e-01 2.066179e-01 
9.099479e-01 2.066149e-01 
9.174123e-01 2.066119e-01 
9.248767e-01 2.066089e-01 
9.323411e-01 2.066058e-01 
9.398055e-01 2.066027e-01 
9.472700e-01 2.065996e-01 
9.547344e-01 2.065965e-01 
9.621989e-01 2.065934e-01 
9.696633e-01 2.065902e-01 
9.771278e-01 2.065871e-01 
9.845923e-01 2.065839e-01 
9.920569e-01 2.065807e-01 
9.995214e-01 2.065775e-01 
1.006986e+00 2.065743e-01 
1.014450e+00 2.065711e-01 
1.021915e+00 2.065679e-01 
1.029380e+00 2.065646e-01 
1.036844e+00 2.065614e-01 
1.044309e+00 2.065581e-01 
1.051773e+00 2.065549e-01 
1.059238e+00 2.065516e-01 
1.066702e+00 2.065483e-01 
1.074167e+00 2.065451e-01 
1.081631e+00 2.065418e-01 
1.089096e+00 2.065385e-01 
1.096560e+00 2.065352e-01 
1.104025e+00 2.065320e-01 
1.111489e+00 2.065287e-01 
1.118954e+00 2.065254e-01 
1.126418e+00 2.065221e-01 
1.133883e+00 2.065188e-01 
1.141348e+00 2.065155e-01 
1.148812e+00 2.065122e-01 
1.156277e+00 2.065089e-01 
7.827996e-01 2.128530e-01 
7.903102e-01 2.128491e-01 
7.978142e-01 2.128507e-01 
8.053048e-01 2.128536e-01 
8.127863e-01 2.128565e-01 
8.202625e-01 2.128586e-01 
8.277355e-01 2.128603e-01 
8.352065e-01 2.128615e-01 
8.426765e-01 2.128622e-01 
8.501459e-01 2.128622e-01 
8.576148e-01 2.128620e-01 
8.650833e-01 2.128615e-01 
8.725515e-01 2.128606e-01 
8.800195e-01 2.128594e-01 
8.874872e-01 2.128579e-01 
8.949547e-01 2.128562e-01 
9.024221e-01 2.128542e-01 
9.098893e-01 2.128519e-01 
9.173564e-01 2.128495e-01 
9.248234e-01 2.128468e-01 
9.322903e-01 2.128440e-01 
9.397571e-01 2.128410e-01 
9.472238e-01 2.128379e-01 
9.546904e-01 2.128346e-01 
9.621568e-01 2.128312e-01 
9.696232e-01 2.128276e-01 
9.770896e-01 2.128240e-01 
9.845558e-01 2.128202e-01 
9.920220e-01 2.128163e-01 
9.994882e-01 2.128124e-01 
1.006954e+00 2.128083e-01 
1.014420e+00 2.128042e-01 
1.021886e+00 2.128000e-01 
1.029352e+00 2.127957e-01 
1.036818e+00 2.127913e-01 
1.044283e+00 2.127869e-01 
1.051749e+00 2.127824e-01 
1.059215e+00 2.127778e-01 
1.066680e+00 2.127732e-01 
1.074146e+00 2.127686e-01 
1.081611e+00 2.127638e-01 
1.089077e+00 2.127591e-01 
1.096542e+00 2.127542e-01 
1.104007e+00 2.127493e-01 
1.111473e+00 2.127444e-01 
1.118938e+00 2.127394e-01 
1.126403e+00 2.127344e-01 
1.133868e+00 2.127294e-01 
1.141333e+00 2.127243e-01 
1.148798e+00 2.127192e-01 
1.156263e+00 2.127140e-01 
7.825938e-01 2.187500e-01 
7.901015e-01 2.187531e-01 
7.976122e-01 2.187624e-01 
8.051125e-01 2.187728e-01 
8.126055e-01 2.187834e-01 
8.200923e-01 2.187929e-01 
8.275752e-01 2.188017e-01 
8.350552e-01 2.188095e-01 
8.425333e-01 2.188164e-01 
8.500102e-01 2.188221e-01 
8.574860e-01 2.188272e-01 
8.649611e-01 2.188315e-01 
8.724353e-01 2.188352e-01 
8.799090e-01 2.188381e-01 
8.873821e-01 2.188405e-01 
8.948547e-01 2.188422e-01 
9.023269e-01 2.188435e-01 
9.097987e-01 2.188442e-01 
9.172701e-01 2.188445e-01 
9.247412e-01 2.188443e-01 
9.322120e-01 2.188437e-01 
9.396824e-01 2.188428e-01 
9.471526e-01 2.188416e-01 
9.546226e-01 2.188400e-01 
9.620922e-01 2.188381e-01 
9.695617e-01 2.188359e-01 
9.770309e-01 2.188333e-01 
9.844999e-01 2.188306e-01 
9.919687e-01 2.188276e-01 
9.994373e-01 2.188244e-01 
1.006906e+00 2.188209e-01 
1.014374e+00 2.188173e-01 
1.021842e+00 2.188135e-01 
1.029310e+00 2.188095e-01 
1.036778e+00 2.188054e-01 
1.044245e+00 2.188010e-01 
1.051713e+00 2.187966e-01 
1.059180e+00 2.187920e-01 
1.066647e+00 2.187872e-01 
1.074114e+00 2.187823e-01 
1.081581e+00 2.187773e-01 
1.089048e+00 2.187721e-01 
1.096514e+00 2.187668e-01 
1.103981e+00 2.187614e-01 
1.111447e+00 2.187559e-01 
1.118913e+00 2.187503e-01 
1.126379e+00 2.187445e-01 
1.133845e+00 2.187387e-01 
1.141311e+00 2.187328e-01 
1.148777e+00 2.187269e-01 
1.156243e+00 2.187208e-01 
7.823453e-01 2.244451e-01 
7.898569e-01 2.244607e-01 
7.973742e-01 2.244812e-01 
8.048851e-01 2.245025e-01 
8.123897e-01 2.245236e-01 
8.198884e-01 2.245431e-01 
8.273823e-01 2.245613e-01 
8.348727e-01 2.245780e-01 
8.423603e-01 2.245932e-01 
8.498461e-01 2.246066e-01 
8.573304e-01 2.246189e-01 
8.648132e-01 2.246299e-01 
8.722948e-01 2.246399e-01 
8.797754e-01 2.246486e-01 
8.872549e-01 2.246564e-01 
8.947337e-01 2.246633e-01 
9.022116e-01 2.246693e-01 
9.096889e-01 2.246744e-01 
9.171655e-01 2.246787e-01 
9.246416e-01 2.246824e-01 
9.321171e-01 2.246854e-01 
9.395920e-01 2.246878e-01 
9.470665e-01 2.246896e-01 
9.545405e-01 2.246909e-01 
9.620140e-01 2.246916e-01 
9.694871e-01 2.246918e-01 
9.769598e-01 2.246915e-01 
9.844321e-01 2.246908e-01 
9.919041e-01 2.246896e-01 
9.993757e-01 2.246881e-01 
1.006847e+00 2.246862e-01 
1.014318e+00 2.246841e-01 
1.021789e+00 2.246816e-01 
1.029259e+00 2.246787e-01 
1.036729e+00 2.246756e-01 
1.044199e+00 2.246723e-01 
1.051668e+00 2.246687e-01 
1.059138e+00 2.246648e-01 
1.066607e+00 2.246607e-01 
1.074075e+00 2.246563e-01 
1.081544e+00 2.246518e-01 
1.089012e+00 2.246469e-01 
1.096480e+00 2.246419e-01 
1.103948e+00 2.246366e-01 
1.111416e+00 2.246312e-01 
1.118883e+00 2.246255e-01 
1.126350e+00 2.246198e-01 
1.133817e+00 2.246138e-01 
1.141284e+00 2.246078e-01 
1.148751e+00 2.246016e-01 
1.156218e+00 2.245952e-01 
7.820653e-01 2.300034e-01 
7.895871e-01 2.300357e-01 
7.971145e-01 2.300706e-01 
8.046370e-01 2.301055e-01 
8.121542e-01 2.301393e-01 
8.196650e-01 2.301706e-01 
8.271707e-01 2.302000e-01 
8.346720e-01 2.302271e-01 
8.421699e-01 2.302521e-01 
8.496655e-01 2.302746e-01 
8.571588e-01 2.302954e-01 
8.646501e-01 2.303143e-01 
8.721397e-01 2.303317e-01 
8.796279e-01 2.303474e-01 
8.871146e-01 2.303617e-01 
8.946000e-01 2.303746e-01 
9.020843e-01 2.303863e-01 
9.095676e-01 2.303967e-01 
9.170500e-01 2.304060e-01 
9.245315e-01 2.304144e-01 
9.320122e-01 2.304218e-01 
9.394921e-01 2.304283e-01 
9.469713e-01 2.304339e-01 
9.544498e-01 2.304388e-01 
9.619276e-01 2.304429e-01 
9.694047e-01 2.304462e-01 
9.768812e-01 2.304488e-01 
9.843572e-01 2.304507e-01 
9.918326e-01 2.304521e-01 
9.993075e-01 2.304529e-01 
1.006782e+00 2.304532e-01 
1.014256e+00 2.304530e-01 
1.021729e+00 2.304524e-01 
1.029203e+00 2.304513e-01 
1.036675e+00 2.304498e-01 
1.044148e+00 2.304479e-01 
1.051619e+00 2.304457e-01 
1.059091e+00 2.304431e-01 
1.066562e+00 2.304401e-01 
1.074033e+00 2.304368e-01 
1.081503e+00 2.304332e-01 
1.088973e+00 2.304292e-01 
1.096443e+00 2.304248e-01 
1.103912e+00 2.304202e-01 
1.111381e+00 2.304152e-01 
1.118850e+00 2.304101e-01 
1.126319e+00 2.304047e-01 
1.133787e+00 2.303991e-01 
1.141255e+00 2.303932e-01 
1.148723e+00 2.303872e-01 
1.156190e+00 2.303810e-01 
7.817620e-01 2.354698e-01 
7.892993e-01 2.355211e-01 
7.968398e-01 2.355729e-01 
8.043757e-01 2.356231e-01 
8.119061e-01 2.356710e-01 
8.194298e-01 2.357156e-01 
8.269476e-01 2.357573e-01 
8.344603e-01 2.357959e-01 
8.419690e-01 2.358316e-01 
8.494747e-01 2.358642e-01 
8.569775e-01 2.358942e-01 
8.644779e-01 2.359219e-01 
8.719759e-01 2.359474e-01 
8.794719e-01 2.359707e-01 
8.869662e-01 2.359922e-01 
8.944587e-01 2.360118e-01 
9.019497e-01 2.360298e-01 
9.094394e-01 2.360461e-01 
9.169278e-01 2.360610e-01 
9.244150e-01 2.360746e-01 
9.319012e-01 2.360869e-01 
9.393863e-01 2.360980e-01 
9.468704e-01 2.361080e-01 
9.543537e-01 2.361170e-01 
9.618360e-01 2.361249e-01 
9.693174e-01 2.361317e-01 
9.767980e-01 2.361376e-01 
9.842778e-01 2.361426e-01 
9.917569e-01 2.361469e-01 
9.992353e-01 2.361504e-01 
1.006713e+00 2.361533e-01 
1.014190e+00 2.361556e-01 
1.021667e+00 2.361572e-01 
1.029143e+00 2.361582e-01 
1.036618e+00 2.361587e-01 
1.044093e+00 2.361587e-01 
1.051568e+00 2.361582e-01 
1.059041e+00 2.361571e-01 
1.066515e+00 2.361557e-01 
1.073988e+00 2.361537e-01 
1.081460e+00 2.361513e-01 
1.088932e+00 2.361484e-01 
1.096403e+00 2.361451e-01 
1.103874e+00 2.361414e-01 
1.111345e+00 2.361373e-01 
1.118815e+00 2.361328e-01 
1.126285e+00 2.361281e-01 
1.133754e+00 2.361231e-01 
1.141223e+00 2.361178e-01 
1.148692e+00 2.361122e-01 
1.156161e+00 2.361065e-01 
7.814417e-01 2.408736e-01 
7.889985e-01 2.409459e-01 
7.965550e-01 2.410159e-01 
8.041060e-01 2.410829e-01 
8.116505e-01 2.411461e-01 
8.191876e-01 2.412048e-01 
8.267180e-01 2.412596e-01 
8.342425e-01 2.413105e-01 
8.417622e-01 2.413576e-01 
8.492782e-01 2.414008e-01 
8.567909e-01 2.414407e-01 
8.643004e-01 2.414776e-01 
8.718071e-01 2.415118e-01 
8.793113e-01 2.415432e-01 
8.868132e-01 2.415723e-01 
8.943130e-01 2.415990e-01 
9.018109e-01 2.416238e-01 
9.093071e-01 2.416464e-01 
9.168017e-01 2.416672e-01 
9.242948e-01 2.416863e-01 
9.317866e-01 2.417038e-01 
9.392771e-01 2.417199e-01 
9.467663e-01 2.417346e-01 
9.542544e-01 2.417479e-01 
9.617414e-01 2.417599e-01 
9.692272e-01 2.417706e-01 
9.767119e-01 2.417801e-01 
9.841957e-01 2.417885e-01 
9.916786e-01 2.417959e-01 
9.991606e-01 2.418024e-01 
1.006642e+00 2.418081e-01 
1.014122e+00 2.418130e-01 
1.021602e+00 2.418172e-01 
1.029081e+00 2.418205e-01 
1.036559e+00 2.418232e-01 
1.044037e+00 2.418252e-01 
1.051514e+00 2.418267e-01 
1.058990e+00 2.418275e-01 
1.066466e+00 2.418277e-01 
1.073941e+00 2.418274e-01 
1.081415e+00 2.418264e-01 
1.088889e+00 2.418248e-01 
1.096362e+00 2.418227e-01 
1.103835e+00 2.418201e-01 
1.111307e+00 2.418170e-01 
1.118778e+00 2.418135e-01 
1.126249e+00 2.418097e-01 
1.133720e+00 2.418054e-01 
1.141191e+00 2.418009e-01 
1.148660e+00 2.417960e-01 
1.156130e+00 2.417908e-01 
7.811100e-01 2.462363e-01 
7.886885e-01 2.463303e-01 
7.962633e-01 2.464198e-01 
8.038307e-01 2.465043e-01 
8.113901e-01 2.465834e-01 
8.189412e-01 2.466570e-01 
8.264845e-01 2.467255e-01 
8.340211e-01 2.467891e-01 
8.415520e-01 2.468481e-01 
8.490787e-01 2.469023e-01 
8.566013e-01 2.469526e-01 
8.641201e-01 2.469991e-01 
8.716356e-01 2.470422e-01 
8.791480e-01 2.470820e-01 
8.866577e-01 2.471189e-01 
8.941649e-01 2.471531e-01 
9.016697e-01 2.471848e-01 
9.091725e-01 2.472139e-01 
9.166734e-01 2.472408e-01 
9.241725e-01 2.472657e-01 
9.316700e-01 2.472887e-01 
9.391659e-01 2.473099e-01 
9.466603e-01 2.473295e-01 
9.541533e-01 2.473473e-01 
9.616450e-01 2.473637e-01 
9.691353e-01 2.473783e-01 
9.766243e-01 2.473916e-01 
9.841121e-01 2.474036e-01 
9.915988e-01 2.474144e-01 
9.990845e-01 2.474240e-01 
1.006569e+00 2.474327e-01 
1.014053e+00 2.474404e-01 
1.021536e+00 2.474472e-01 
1.029018e+00 2.474530e-01 
1.036499e+00 2.474580e-01 
1.043979e+00 2.474623e-01 
1.051459e+00 2.474658e-01 
1.058937e+00 2.474686e-01 
1.066415e+00 2.474706e-01 
1.073893e+00 2.474720e-01 
1.081369e+00 2.474726e-01 
1.088845e+00 2.474725e-01 
1.096320e+00 2.474718e-01 
1.103794e+00 2.474704e-01 
1.111268e+00 2.474685e-01 
1.118741e+00 2.474661e-01 
1.126213e+00 2.474632e-01 
1.133685e+00 2.474598e-01 
1.141157e+00 2.474561e-01 
1.148628e+00 2.474520e-01 
1.156099e+00 2.474475e-01 
7.807701e-01 2.515721e-01 
7.883722e-01 2.516886e-01 
7.959668e-01 2.517980e-01 
8.035520e-01 2.519006e-01 
8.111271e-01 2.519962e-01 
8.186928e-01 2.520850e-01 
8.262494e-01 2.521677e-01 
8.337983e-01 2.522444e-01 
8.413406e-01 2.523155e-01 
8.488779e-01 2.523810e-01 
8.564105e-01 2.524417e-01 
8.639387e-01 2.524980e-01 
8.714630e-01 2.525503e-01 
8.789837e-01 2.525987e-01 
8.865012e-01 2.526437e-01 
8.940157e-01 2.526854e-01 
9.015276e-01 2.527242e-01 
9.090370e-01 2.527599e-01 
9.165441e-01 2.527931e-01 
9.240492e-01 2.528239e-01 
9.315524e-01 2.528525e-01 
9.390538e-01 2.528790e-01 
9.465534e-01 2.529035e-01 
9.540514e-01 2.529260e-01 
9.615477e-01 2.529468e-01 
9.690425e-01 2.529655e-01 
9.765357e-01 2.529827e-01 
9.840276e-01 2.529983e-01 
9.915182e-01 2.530125e-01 
9.990075e-01 2.530254e-01 
1.006496e+00 2.530371e-01 
1.013983e+00 2.530477e-01 
1.021469e+00 2.530573e-01 
1.028954e+00 2.530657e-01 
1.036438e+00 2.530731e-01 
1.043921e+00 2.530797e-01 
1.051403e+00 2.530854e-01 
1.058884e+00 2.530902e-01 
1.066365e+00 2.530942e-01 
1.073844e+00 2.530973e-01 
1.081323e+00 2.530997e-01 
1.088800e+00 2.531011e-01 
1.096277e+00 2.531018e-01 
1.103753e+00 2.531017e-01 
1.111228e+00 2.531011e-01 
1.118703e+00 2.530998e-01 
1.126177e+00 2.530979e-01 
1.133650e+00 2.530956e-01 
1.141123e+00 2.530928e-01 
1.148595e+00 2.530895e-01 
1.156067e+00 2.530858e-01 
7.804254e-01 2.568913e-01 
7.880519e-01 2.570304e-01 
7.956676e-01 2.571601e-01 
8.032713e-01 2.572810e-01 
8.108628e-01 2.573935e-01 
8.184435e-01 2.574979e-01 
8.260137e-01 2.575949e-01 
8.335751e-01 2.576848e-01 
8.411288e-01 2.577683e-01 
8.486769e-01 2.578453e-01 
8.562195e-01 2.579167e-01 
8.637571e-01 2.579829e-01 
8.712902e-01 2.580445e-01 
8.788191e-01 2.581015e-01 
8.863444e-01 2.581546e-01 
8.938663e-01 2.582040e-01 
9.013851e-01 2.582499e-01 
9.089011e-01 2.582924e-01 
9.164146e-01 2.583319e-01 
9.239256e-01 2.583687e-01 
9.314346e-01 2.584029e-01 
9.389413e-01 2.584347e-01 
9.464462e-01 2.584642e-01 
9.539491e-01 2.584915e-01 
9.614501e-01 2.585167e-01 
9.689493e-01 2.585396e-01 
9.764468e-01 2.585607e-01 
9.839427e-01 2.585800e-01 
9.914371e-01 2.585977e-01 
9.989301e-01 2.586139e-01 
1.006422e+00 2.586287e-01 
1.013912e+00 2.586423e-01 
1.021401e+00 2.586546e-01 
1.028889e+00 2.586657e-01 
1.036376e+00 2.586756e-01 
1.043862e+00 2.586845e-01 
1.051347e+00 2.586924e-01 
1.058831e+00 2.586993e-01 
1.066313e+00 2.587053e-01 
1.073795e+00 2.587103e-01 
1.081276e+00 2.587143e-01 
1.088755e+00 2.587174e-01 
1.096234e+00 2.587195e-01 
1.103711e+00 2.587208e-01 
1.111188e+00 2.587215e-01 
1.118664e+00 2.587214e-01 
1.126140e+00 2.587206e-01 
1.133614e+00 2.587194e-01 
1.141088e+00 2.587175e-01 
1.148562e+00 2.587151e-01 
1.156034e+00 2.587123e-01 
7.800781e-01 2.622017e-01 
7.877297e-01 2.623633e-01 
7.953669e-01 2.625132e-01 
8.029898e-01 2.626527e-01 
8.105982e-01 2.627820e-01 
8.181942e-01 2.629021e-01 
8.257783e-01 2.630135e-01 
8.333522e-01 2.631168e-01 
8.409175e-01 2.632127e-01 
8.484763e-01 2.633012e-01 
8.560289e-01 2.633833e-01 
8.635759e-01 2.634595e-01 
8.711178e-01 2.635303e-01 
8.786550e-01 2.635961e-01 
8.861880e-01 2.636574e-01 
8.937172e-01 2.637144e-01 
9.012430e-01 2.637675e-01 
9.087655e-01 2.638168e-01 
9.162852e-01 2.638627e-01 
9.238022e-01 2.639054e-01 
9.313168e-01 2.639453e-01 
9.388290e-01 2.639824e-01 
9.463390e-01 2.640169e-01 
9.538468e-01 2.640490e-01 
9.613525e-01 2.640786e-01 
9.688561e-01 2.641058e-01 
9.763578e-01 2.641308e-01 
9.838577e-01 2.641538e-01 
9.913560e-01 2.641750e-01 
9.988526e-01 2.641945e-01 
1.006348e+00 2.642125e-01 
1.013842e+00 2.642290e-01 
1.021334e+00 2.642441e-01 
1.028825e+00 2.642578e-01 
1.036315e+00 2.642703e-01 
1.043803e+00 2.642815e-01 
1.051291e+00 2.642917e-01 
1.058777e+00 2.643007e-01 
1.066262e+00 2.643087e-01 
1.073746e+00 2.643155e-01 
1.081228e+00 2.643213e-01 
1.088710e+00 2.643260e-01 
1.096190e+00 2.643297e-01 
1.103670e+00 2.643324e-01 
1.111148e+00 2.643343e-01 
1.118625e+00 2.643354e-01 
1.126102e+00 2.643359e-01 
1.133578e+00 2.643356e-01 
1.141053e+00 2.643348e-01 
1.148528e+00 2.643334e-01 
1.156002e+00 2.643314e-01 
7.797304e-01 2.675083e-01 
7.874070e-01 2.676920e-01 
7.950662e-01 2.678621e-01 
8.027086e-01 2.680200e-01 
8.103341e-01 2.681663e-01 
8.179456e-01 2.683020e-01 
8.255436e-01 2.684278e-01 
8.331303e-01 2.685446e-01 
8.407071e-01 2.686528e-01 
8.482767e-01 2.687528e-01 
8.558393e-01 2.688456e-01 
8.633956e-01 2.689318e-01 
8.709462e-01 2.690120e-01 
8.784916e-01 2.690864e-01 
8.860323e-01 2.691559e-01 
8.935688e-01 2.692206e-01 
9.011015e-01 2.692809e-01 
9.086305e-01 2.693369e-01 
9.161564e-01 2.693891e-01 
9.236793e-01 2.694378e-01 
9.311995e-01 2.694834e-01 
9.387170e-01 2.695258e-01 
9.462321e-01 2.695653e-01 
9.537448e-01 2.696021e-01 
9.612551e-01 2.696362e-01 
9.687631e-01 2.696676e-01 
9.762690e-01 2.696965e-01 
9.837729e-01 2.697232e-01 
9.912750e-01 2.697480e-01 
9.987752e-01 2.697708e-01 
1.006274e+00 2.697919e-01 
1.013771e+00 2.698114e-01 
1.021266e+00 2.698293e-01 
1.028760e+00 2.698457e-01 
1.036253e+00 2.698606e-01 
1.043744e+00 2.698743e-01 
1.051234e+00 2.698867e-01 
1.058723e+00 2.698978e-01 
1.066210e+00 2.699077e-01 
1.073696e+00 2.699165e-01 
1.081181e+00 2.699240e-01 
1.088664e+00 2.699303e-01 
1.096146e+00 2.699355e-01 
1.103627e+00 2.699397e-01 
1.111107e+00 2.699429e-01 
1.118586e+00 2.699453e-01 
1.126064e+00 2.699469e-01 
1.133542e+00 2.699477e-01 
1.141018e+00 2.699479e-01 
1.148494e+00 2.699474e-01 
1.155969e+00 2.699463e-01 
7.793837e-01 2.728152e-01 
7.870853e-01 2.730206e-01 
7.947664e-01 2.732107e-01 
8.024285e-01 2.733868e-01 
8.100711e-01 2.735499e-01 
8.176983e-01 2.737011e-01 
8.253103e-01 2.738413e-01 
8.329097e-01 2.739714e-01 
8.404980e-01 2.740919e-01 
8.480784e-01 2.742034e-01 
8.556509e-01 2.743069e-01 
8.632165e-01 2.744030e-01 
8.707757e-01 2.744924e-01 
8.783293e-01 2.745755e-01 
8.858777e-01 2.746531e-01 
8.934214e-01 2.747254e-01 
9.009609e-01 2.747928e-01 
9.084964e-01 2.748555e-01 
9.160284e-01 2.749140e-01 
9.235571e-01 2.749687e-01 
9.310829e-01 2.750199e-01 
9.386057e-01 2.750676e-01 
9.461258e-01 2.751121e-01 
9.536432e-01 2.751536e-01 
9.611581e-01 2.751922e-01 
9.686705e-01 2.752277e-01 
9.761805e-01 2.752605e-01 
9.836884e-01 2.752910e-01 
9.911941e-01 2.753192e-01 
9.986980e-01 2.753453e-01 
1.006200e+00 2.753695e-01 
1.013700e+00 2.753920e-01 
1.021199e+00 2.754127e-01 
1.028696e+00 2.754317e-01 
1.036191e+00 2.754491e-01 
1.043685e+00 2.754651e-01 
1.051178e+00 2.754798e-01 
1.058669e+00 2.754930e-01 
1.066158e+00 2.755049e-01 
1.073646e+00 2.755155e-01 
1.081133e+00 2.755249e-01 
1.088618e+00 2.755328e-01 
1.096102e+00 2.755395e-01 
1.103585e+00 2.755450e-01 
1.111067e+00 2.755496e-01 
1.118547e+00 2.755532e-01 
1.126027e+00 2.755559e-01 
1.133505e+00 2.755579e-01 
1.140983e+00 2.755591e-01 
1.148459e+00 2.755595e-01 
1.155935e+00 2.755592e-01 
7.790393e-01 2.781244e-01 
7.867656e-01 2.783512e-01 
7.944687e-01 2.785608e-01 
8.021502e-01 2.787549e-01 
8.098101e-01 2.789347e-01 
8.174529e-01 2.791013e-01 
8.250789e-01 2.792558e-01 
8.326908e-01 2.793991e-01 
8.402907e-01 2.795319e-01 
8.478817e-01 2.796547e-01 
8.554641e-01 2.797688e-01 
8.630390e-01 2.798747e-01 
8.706067e-01 2.799734e-01 
8.781683e-01 2.800651e-01 
8.857243e-01 2.801507e-01 
8.932752e-01 2.802305e-01 
9.008214e-01 2.803051e-01 
9.083633e-01 2.803744e-01 
9.159013e-01 2.804392e-01 
9.234358e-01 2.804997e-01 
9.309670e-01 2.805565e-01 
9.384951e-01 2.806094e-01 
9.460201e-01 2.806589e-01 
9.535423e-01 2.807051e-01 
9.610618e-01 2.807481e-01 
9.685784e-01 2.807877e-01 
9.760925e-01 2.808244e-01 
9.836042e-01 2.808585e-01 
9.911137e-01 2.808902e-01 
9.986210e-01 2.809196e-01 
1.006126e+00 2.809469e-01 
1.013630e+00 2.809722e-01 
1.021132e+00 2.809958e-01 
1.028631e+00 2.810174e-01 
1.036130e+00 2.810373e-01 
1.043626e+00 2.810556e-01 
1.051121e+00 2.810725e-01 
1.058614e+00 2.810878e-01 
1.066106e+00 2.811017e-01 
1.073597e+00 2.811142e-01 
1.081085e+00 2.811252e-01 
1.088572e+00 2.811347e-01 
1.096058e+00 2.811429e-01 
1.103543e+00 2.811499e-01 
1.111026e+00 2.811558e-01 
1.118508e+00 2.811606e-01 
1.125988e+00 2.811645e-01 
1.133468e+00 2.811675e-01 
1.140947e+00 2.811697e-01 
1.148425e+00 2.811711e-01 
1.155902e+00 2.811717e-01 
7.786984e-01 2.834380e-01 
7.864490e-01 2.836857e-01 
7.941737e-01 2.839146e-01 
8.018746e-01 2.841265e-01 
8.095515e-01 2.843228e-01 
8.172098e-01 2.845046e-01 
8.248495e-01 2.846732e-01 
8.324740e-01 2.848295e-01 
8.400853e-01 2.849744e-01 
8.476869e-01 2.851086e-01 
8.552791e-01 2.852331e-01 
8.628630e-01 2.853487e-01 
8.704393e-01 2.854565e-01 
8.780089e-01 2.855567e-01 
8.855724e-01 2.856502e-01 
8.931303e-01 2.857376e-01 
9.006832e-01 2.858191e-01 
9.082314e-01 2.858950e-01 
9.157754e-01 2.859660e-01 
9.233155e-01 2.860324e-01 
9.308522e-01 2.860946e-01 
9.383853e-01 2.861527e-01 
9.459153e-01 2.862072e-01 
9.534422e-01 2.862580e-01 
9.609660e-01 2.863053e-01 
9.684869e-01 2.863490e-01 
9.760050e-01 2.863896e-01 
9.835205e-01 2.864273e-01 
9.910336e-01 2.864624e-01 
9.985444e-01 2.864950e-01 
1.006053e+00 2.865254e-01 
1.013560e+00 2.865536e-01 
1.021064e+00 2.865799e-01 
1.028567e+00 2.866041e-01 
1.036068e+00 2.866264e-01 
1.043567e+00 2.866471e-01 
1.051065e+00 2.866661e-01 
1.058560e+00 2.866835e-01 
1.066054e+00 2.866994e-01 
1.073547e+00 2.867137e-01 
1.081037e+00 2.867264e-01 
1.088527e+00 2.867376e-01 
1.096014e+00 2.867473e-01 
1.103500e+00 2.867556e-01 
1.110985e+00 2.867628e-01 
1.118468e+00 2.867688e-01 
1.125950e+00 2.867738e-01 
1.133431e+00 2.867779e-01 
1.140911e+00 2.867811e-01 
1.148390e+00 2.867834e-01 
1.155868e+00 2.867849e-01 
7.783620e-01 2.887568e-01 
7.861363e-01 2.890250e-01 
7.938822e-01 2.892729e-01 
8.016021e-01 2.895025e-01 
8.092959e-01 2.897150e-01 
8.169694e-01 2.899119e-01 
8.246228e-01 2.900944e-01 
8.322596e-01 2.902636e-01 
8.398821e-01 2.904205e-01 
8.474941e-01 2.905657e-01 
8.550961e-01 2.907006e-01 
8.626890e-01 2.908259e-01 
8.702737e-01 2.909426e-01 
8.778512e-01 2.910512e-01 
8.854221e-01 2.911526e-01 
8.929869e-01 2.912473e-01 
9.005464e-01 2.913359e-01 
9.081008e-01 2.914182e-01 
9.156507e-01 2.914953e-01 
9.231964e-01 2.915674e-01 
9.307384e-01 2.916351e-01 
9.382766e-01 2.916984e-01 
9.458114e-01 2.917576e-01 
9.533428e-01 2.918130e-01 
9.608711e-01 2.918646e-01 
9.683961e-01 2.919124e-01 
9.759181e-01 2.919567e-01 
9.834374e-01 2.919980e-01 
9.909541e-01 2.920365e-01 
9.984683e-01 2.920723e-01 
1.005980e+00 2.921057e-01 
1.013490e+00 2.921368e-01 
1.020998e+00 2.921658e-01 
1.028503e+00 2.921925e-01 
1.036007e+00 2.922173e-01 
1.043508e+00 2.922402e-01 
1.051008e+00 2.922614e-01 
1.058506e+00 2.922808e-01 
1.066003e+00 2.922986e-01 
1.073497e+00 2.923147e-01 
1.080990e+00 2.923292e-01 
1.088481e+00 2.923419e-01 
1.095970e+00 2.923530e-01 
1.103457e+00 2.923628e-01 
1.110944e+00 2.923712e-01 
1.118428e+00 2.923784e-01 
1.125912e+00 2.923846e-01 
1.133394e+00 2.923897e-01 
1.140875e+00 2.923939e-01 
1.148355e+00 2.923971e-01 
1.155834e+00 2.923995e-01 
7.780311e-01 2.940820e-01 
7.858284e-01 2.943705e-01 
7.935950e-01 2.946372e-01 
8.013334e-01 2.948840e-01 
8.090437e-01 2.951126e-01 
8.167321e-01 2.953243e-01 
8.243989e-01 2.955205e-01 
8.320479e-01 2.957024e-01 
8.396814e-01 2.958712e-01 
8.473037e-01 2.960273e-01 
8.549152e-01 2.961724e-01 
8.625171e-01 2.963072e-01 
8.701100e-01 2.964327e-01 
8.776953e-01 2.965496e-01 
8.852734e-01 2.966588e-01 
8.928452e-01 2.967608e-01 
9.004111e-01 2.968561e-01 
9.079716e-01 2.969449e-01 
9.155273e-01 2.970280e-01 
9.230785e-01 2.971058e-01 
9.306257e-01 2.971788e-01 
9.381689e-01 2.972471e-01 
9.457084e-01 2.973112e-01 
9.532444e-01 2.973710e-01 
9.607769e-01 2.974269e-01 
9.683060e-01 2.974786e-01 
9.758319e-01 2.975267e-01 
9.833548e-01 2.975715e-01 
9.908751e-01 2.976133e-01 
9.983926e-01 2.976522e-01 
1.005908e+00 2.976886e-01 
1.013421e+00 2.977225e-01 
1.020931e+00 2.977542e-01 
1.028439e+00 2.977834e-01 
1.035946e+00 2.978106e-01 
1.043450e+00 2.978357e-01 
1.050952e+00 2.978591e-01 
1.058452e+00 2.978805e-01 
1.065951e+00 2.979002e-01 
1.073447e+00 2.979181e-01 
1.080942e+00 2.979342e-01 
1.088435e+00 2.979484e-01 
1.095925e+00 2.979610e-01 
1.103415e+00 2.979721e-01 
1.110902e+00 2.979818e-01 
1.118388e+00 2.979902e-01 
1.125873e+00 2.979975e-01 
1.133357e+00 2.980036e-01 
1.140839e+00 2.980088e-01 
1.148320e+00 2.980129e-01 
1.155800e+00 2.980161e-01 
7.777064e-01 2.994140e-01 
7.855260e-01 2.997224e-01 
7.933126e-01 3.000076e-01 
8.010690e-01 3.002715e-01 
8.087954e-01 3.005158e-01 
8.164984e-01 3.007421e-01 
8.241783e-01 3.009519e-01 
8.318391e-01 3.011463e-01 
8.394835e-01 3.013266e-01 
8.471159e-01 3.014936e-01 
8.547368e-01 3.016487e-01 
8.623474e-01 3.017928e-01 
8.699485e-01 3.019271e-01 
8.775414e-01 3.020521e-01 
8.851267e-01 3.021689e-01 
8.927052e-01 3.022780e-01 
9.002775e-01 3.023801e-01 
9.078440e-01 3.024752e-01 
9.154054e-01 3.025642e-01 
9.229620e-01 3.026476e-01 
9.305143e-01 3.027259e-01 
9.380624e-01 3.027992e-01 
9.456066e-01 3.028679e-01 
9.531469e-01 3.029322e-01 
9.606837e-01 3.029922e-01 
9.682167e-01 3.030478e-01 
9.757464e-01 3.030996e-01 
9.832730e-01 3.031479e-01 
9.907967e-01 3.031930e-01 
9.983175e-01 3.032350e-01 
1.005836e+00 3.032743e-01 
1.013352e+00 3.033110e-01 
1.020865e+00 3.033453e-01 
1.028376e+00 3.033770e-01 
1.035885e+00 3.034065e-01 
1.043391e+00 3.034338e-01 
1.050896e+00 3.034593e-01 
1.058399e+00 3.034827e-01 
1.065899e+00 3.035042e-01 
1.073398e+00 3.035238e-01 
1.080894e+00 3.035416e-01 
1.088389e+00 3.035574e-01 
1.095881e+00 3.035714e-01 
1.103372e+00 3.035838e-01 
1.110861e+00 3.035947e-01 
1.118349e+00 3.036043e-01 
1.125835e+00 3.036126e-01 
1.133319e+00 3.036197e-01 
1.140803e+00 3.036258e-01 
1.148285e+00 3.036308e-01 
1.155766e+00 3.036348e-01 
7.773887e-01 3.047532e-01 
7.852297e-01 3.050814e-01 
7.930356e-01 3.053847e-01 
8.008095e-01 3.056654e-01 
8.085514e-01 3.059253e-01 
8.162685e-01 3.061659e-01 
8.239612e-01 3.063890e-01 
8.316337e-01 3.065957e-01 
8.392887e-01 3.067875e-01 
8.469310e-01 3.069651e-01 
8.545610e-01 3.071300e-01 
8.621802e-01 3.072833e-01 
8.697893e-01 3.074262e-01 
8.773897e-01 3.075592e-01 
8.849821e-01 3.076835e-01 
8.925672e-01 3.077996e-01 
9.001457e-01 3.079083e-01 
9.077181e-01 3.080096e-01 
9.152851e-01 3.081044e-01 
9.228470e-01 3.081933e-01 
9.304043e-01 3.082768e-01 
9.379571e-01 3.083549e-01 
9.455059e-01 3.084283e-01 
9.530506e-01 3.084969e-01 
9.605914e-01 3.085611e-01 
9.681284e-01 3.086205e-01 
9.756618e-01 3.086759e-01 
9.831919e-01 3.087276e-01 
9.907189e-01 3.087759e-01 
9.982430e-01 3.088209e-01 
1.005764e+00 3.088631e-01 
1.013283e+00 3.089025e-01 
1.020799e+00 3.089394e-01 
1.028313e+00 3.089735e-01 
1.035824e+00 3.090053e-01 
1.043333e+00 3.090348e-01 
1.050840e+00 3.090623e-01 
1.058345e+00 3.090876e-01 
1.065848e+00 3.091110e-01 
1.073348e+00 3.091323e-01 
1.080846e+00 3.091517e-01 
1.088343e+00 3.091690e-01 
1.095837e+00 3.091844e-01 
1.103329e+00 3.091980e-01 
1.110820e+00 3.092102e-01 
1.118309e+00 3.092209e-01 
1.125796e+00 3.092303e-01 
1.133282e+00 3.092384e-01 
1.140767e+00 3.092454e-01 
1.148250e+00 3.092513e-01 
1.155732e+00 3.092561e-01 
7.770765e-01 3.101381e-01 
7.849380e-01 3.104862e-01 
7.927627e-01 3.108080e-01 
8.005534e-01 3.111056e-01 
8.083106e-01 3.113813e-01 
8.160414e-01 3.116364e-01 
8.237466e-01 3.118729e-01 
8.314304e-01 3.120922e-01 
8.390959e-01 3.122955e-01 
8.467479e-01 3.124839e-01 
8.543869e-01 3.126589e-01 
8.620145e-01 3.128216e-01 
8.696315e-01 3.129732e-01 
8.772392e-01 3.131145e-01 
8.848385e-01 3.132465e-01 
8.924302e-01 3.133699e-01 
9.000148e-01 3.134854e-01 
9.075930e-01 3.135931e-01 
9.151655e-01 3.136941e-01 
9.227326e-01 3.137887e-01 
9.302949e-01 3.138776e-01 
9.378524e-01 3.139609e-01 
9.454056e-01 3.140391e-01 
9.529546e-01 3.141124e-01 
9.604995e-01 3.141809e-01 
9.680403e-01 3.142444e-01 
9.755774e-01 3.143037e-01 
9.831110e-01 3.143591e-01 
9.906414e-01 3.144109e-01 
9.981686e-01 3.144592e-01 
1.005693e+00 3.145046e-01 
1.013215e+00 3.145470e-01 
1.020734e+00 3.145867e-01 
1.028250e+00 3.146236e-01 
1.035764e+00 3.146579e-01 
1.043275e+00 3.146899e-01 
1.050784e+00 3.147198e-01 
1.058291e+00 3.147473e-01 
1.065796e+00 3.147728e-01 
1.073298e+00 3.147961e-01 
1.080798e+00 3.148174e-01 
1.088296e+00 3.148364e-01 
1.095792e+00 3.148535e-01 
1.103286e+00 3.148688e-01 
1.110778e+00 3.148825e-01 
1.118268e+00 3.148946e-01 
1.125757e+00 3.149054e-01 
1.133244e+00 3.149148e-01 
1.140730e+00 3.149230e-01 
1.148214e+00 3.149300e-01 
1.155697e+00 3.149360e-01 
7.767729e-01 3.155311e-01 
7.846540e-01 3.158989e-01 
7.924964e-01 3.162387e-01 
8.003032e-01 3.165531e-01 
8.080749e-01 3.168442e-01 
8.158191e-01 3.171136e-01 
8.235363e-01 3.173634e-01 
8.312312e-01 3.175949e-01 
8.389067e-01 3.178096e-01 
8.465682e-01 3.180085e-01 
8.542160e-01 3.181934e-01 
8.618518e-01 3.183653e-01 
8.694764e-01 3.185256e-01 
8.770913e-01 3.186749e-01 
8.846974e-01 3.188145e-01 
8.922954e-01 3.189450e-01 
8.998861e-01 3.190673e-01 
9.074699e-01 3.191812e-01 
9.150478e-01 3.192881e-01 
9.226200e-01 3.193884e-01 
9.301871e-01 3.194827e-01 
9.377492e-01 3.195710e-01 
9.453068e-01 3.196540e-01 
9.528599e-01 3.197318e-01 
9.604088e-01 3.198046e-01 
9.679534e-01 3.198722e-01 
9.754940e-01 3.199353e-01 
9.830310e-01 3.199942e-01 
9.905647e-01 3.200495e-01 
9.980950e-01 3.201011e-01 
1.005622e+00 3.201496e-01 
1.013147e+00 3.201949e-01 
1.020668e+00 3.202375e-01 
1.028187e+00 3.202770e-01 
1.035704e+00 3.203139e-01 
1.043217e+00 3.203483e-01 
1.050729e+00 3.203804e-01 
1.058238e+00 3.204102e-01 
1.065745e+00 3.204377e-01 
1.073249e+00 3.204630e-01 
1.080751e+00 3.204862e-01 
1.088250e+00 3.205070e-01 
1.095748e+00 3.205257e-01 
1.103243e+00 3.205426e-01 
1.110737e+00 3.205577e-01 
1.118228e+00 3.205712e-01 
1.125718e+00 3.205833e-01 
1.133206e+00 3.205940e-01 
1.140693e+00 3.206035e-01 
1.148178e+00 3.206116e-01 
1.155663e+00 3.206186e-01 
7.764783e-01 3.209323e-01 
7.843779e-01 3.213194e-01 
7.922371e-01 3.216771e-01 
8.000593e-01 3.220079e-01 
8.078450e-01 3.223142e-01 
8.156019e-01 3.225976e-01 
8.233307e-01 3.228604e-01 
8.310362e-01 3.231038e-01 
8.387216e-01 3.233297e-01 
8.463922e-01 3.235390e-01 
8.540485e-01 3.237335e-01 
8.616922e-01 3.239144e-01 
8.693243e-01 3.240832e-01 
8.769462e-01 3.242403e-01 
8.845589e-01 3.243874e-01 
8.921631e-01 3.245249e-01 
8.997596e-01 3.246537e-01 
9.073490e-01 3.247739e-01 
9.149321e-01 3.248866e-01 
9.225092e-01 3.249924e-01 
9.300811e-01 3.250919e-01 
9.376477e-01 3.251851e-01 
9.452096e-01 3.252728e-01 
9.527667e-01 3.253551e-01 
9.603195e-01 3.254321e-01 
9.678677e-01 3.255036e-01 
9.754119e-01 3.255705e-01 
9.829522e-01 3.256330e-01 
9.904890e-01 3.256916e-01 
9.980223e-01 3.257464e-01 
1.005553e+00 3.257979e-01 
1.013080e+00 3.258462e-01 
1.020604e+00 3.258915e-01 
1.028126e+00 3.259336e-01 
1.035644e+00 3.259730e-01 
1.043160e+00 3.260098e-01 
1.050674e+00 3.260442e-01 
1.058185e+00 3.260761e-01 
1.065694e+00 3.261057e-01 
1.073200e+00 3.261329e-01 
1.080703e+00 3.261579e-01 
1.088205e+00 3.261804e-01 
1.095704e+00 3.262008e-01 
1.103200e+00 3.262192e-01 
1.110695e+00 3.262358e-01 
1.118188e+00 3.262507e-01 
1.125679e+00 3.262640e-01 
1.133169e+00 3.262760e-01 
1.140657e+00 3.262866e-01 
1.148143e+00 3.262959e-01 
1.155628e+00 3.263040e-01 
7.761932e-01 3.263418e-01 
7.841102e-01 3.267480e-01 
7.919853e-01 3.271233e-01 
7.998222e-01 3.274703e-01 
8.076211e-01 3.277915e-01 
8.153902e-01 3.280887e-01 
8.231302e-01 3.283641e-01 
8.308459e-01 3.286193e-01 
8.385406e-01 3.288561e-01 
8.462201e-01 3.290755e-01 
8.538847e-01 3.292795e-01 
8.615361e-01 3.294692e-01 
8.691754e-01 3.296462e-01 
8.768041e-01 3.298111e-01 
8.844232e-01 3.299654e-01 
8.920334e-01 3.301097e-01 
8.996356e-01 3.302450e-01 
9.072304e-01 3.303712e-01 
9.148185e-01 3.304896e-01 
9.224005e-01 3.306008e-01 
9.299770e-01 3.307054e-01 
9.375479e-01 3.308035e-01 
9.451140e-01 3.308958e-01 
9.526751e-01 3.309824e-01 
9.602316e-01 3.310635e-01 
9.677834e-01 3.311389e-01 
9.753310e-01 3.312095e-01 
9.828745e-01 3.312755e-01 
9.904144e-01 3.313374e-01 
9.979507e-01 3.313953e-01 
1.005484e+00 3.314498e-01 
1.013014e+00 3.315009e-01 
1.020541e+00 3.315489e-01 
1.028064e+00 3.315936e-01 
1.035586e+00 3.316354e-01 
1.043104e+00 3.316745e-01 
1.050620e+00 3.317112e-01 
1.058133e+00 3.317451e-01 
1.065643e+00 3.317767e-01 
1.073151e+00 3.318059e-01 
1.080657e+00 3.318326e-01 
1.088159e+00 3.318568e-01 
1.095660e+00 3.318788e-01 
1.103158e+00 3.318987e-01 
1.110654e+00 3.319168e-01 
1.118148e+00 3.319330e-01 
1.125641e+00 3.319476e-01 
1.133131e+00 3.319608e-01 
1.140620e+00 3.319726e-01 
1.148108e+00 3.319829e-01 
1.155594e+00 3.319921e-01 
7.759180e-01 3.317601e-01 
7.838513e-01 3.321851e-01 
7.917414e-01 3.325776e-01 
7.995920e-01 3.329404e-01 
8.074036e-01 3.332762e-01 
8.151843e-01 3.335868e-01 
8.229349e-01 3.338746e-01 
8.306604e-01 3.341413e-01 
8.383643e-01 3.343887e-01 
8.460522e-01 3.346181e-01 
8.537247e-01 3.348312e-01 
8.613836e-01 3.350296e-01 
8.690299e-01 3.352146e-01 
8.766652e-01 3.353870e-01 
8.842904e-01 3.355484e-01 
8.919065e-01 3.356994e-01 
8.995142e-01 3.358410e-01 
9.071142e-01 3.359731e-01 
9.147073e-01 3.360971e-01 
9.222940e-01 3.362135e-01 
9.298749e-01 3.363232e-01 
9.374501e-01 3.364260e-01 
9.450202e-01 3.365228e-01 
9.525852e-01 3.366136e-01 
9.601454e-01 3.366988e-01 
9.677007e-01 3.367780e-01 
9.752516e-01 3.368522e-01 
9.827983e-01 3.369216e-01 
9.903412e-01 3.369867e-01 
9.978804e-01 3.370477e-01 
1.005416e+00 3.371052e-01 
1.012949e+00 3.371591e-01 
1.020478e+00 3.372097e-01 
1.028004e+00 3.372569e-01 
1.035528e+00 3.373011e-01 
1.043048e+00 3.373425e-01 
1.050566e+00 3.373813e-01 
1.058081e+00 3.374173e-01 
1.065593e+00 3.374509e-01 
1.073103e+00 3.374819e-01 
1.080610e+00 3.375104e-01 
1.088115e+00 3.375362e-01 
1.095617e+00 3.375598e-01 
1.103116e+00 3.375811e-01 
1.110614e+00 3.376006e-01 
1.118109e+00 3.376181e-01 
1.125603e+00 3.376340e-01 
1.133094e+00 3.376484e-01 
1.140584e+00 3.376613e-01 
1.148073e+00 3.376727e-01 
1.155559e+00 3.376829e-01 
7.756530e-01 3.371873e-01 
7.836015e-01 3.376307e-01 
7.915057e-01 3.380401e-01 
7.993693e-01 3.384185e-01 
8.071927e-01 3.387685e-01 
8.149844e-01 3.390922e-01 
8.227451e-01 3.393922e-01 
8.304800e-01 3.396701e-01 
8.381926e-01 3.399279e-01 
8.458887e-01 3.401669e-01 
8.535689e-01 3.403890e-01 
8.612350e-01 3.405957e-01 
8.688880e-01 3.407886e-01 
8.765296e-01 3.409684e-01 
8.841608e-01 3.411367e-01 
8.917825e-01 3.412942e-01 
8.993956e-01 3.414419e-01 
9.070006e-01 3.415798e-01 
9.145985e-01 3.417092e-01 
9.221898e-01 3.418308e-01 
9.297751e-01 3.419453e-01 
9.373544e-01 3.420528e-01 
9.449284e-01 3.421540e-01 
9.524972e-01 3.422490e-01 
9.600609e-01 3.423381e-01 
9.676196e-01 3.424210e-01 
9.751737e-01 3.424987e-01 
9.827235e-01 3.425714e-01 
9.902693e-01 3.426398e-01 
9.978113e-01 3.427038e-01 
1.005350e+00 3.427640e-01 
1.012885e+00 3.428207e-01 
1.020417e+00 3.428739e-01 
1.027945e+00 3.429235e-01 
1.035471e+00 3.429701e-01 
1.042994e+00 3.430137e-01 
1.050513e+00 3.430546e-01 
1.058030e+00 3.430927e-01 
1.065545e+00 3.431282e-01 
1.073056e+00 3.431610e-01 
1.080565e+00 3.431912e-01 
1.088071e+00 3.432187e-01 
1.095574e+00 3.432437e-01 
1.103075e+00 3.432665e-01 
1.110574e+00 3.432874e-01 
1.118070e+00 3.433062e-01 
1.125565e+00 3.433233e-01 
1.133058e+00 3.433389e-01 
1.140549e+00 3.433529e-01 
1.148038e+00 3.433653e-01 
1.155526e+00 3.433765e-01 
7.753984e-01 3.426238e-01 
7.833610e-01 3.430852e-01 
7.912783e-01 3.435111e-01 
7.991541e-01 3.439047e-01 
8.069888e-01 3.442685e-01 
8.147909e-01 3.446051e-01 
8.225612e-01 3.449168e-01 
8.303050e-01 3.452057e-01 
8.380259e-01 3.454735e-01 
8.457298e-01 3.457219e-01 
8.534174e-01 3.459528e-01 
8.610903e-01 3.461676e-01 
8.687499e-01 3.463681e-01 
8.763976e-01 3.465551e-01 
8.840346e-01 3.467301e-01 
8.916617e-01 3.468940e-01 
8.992800e-01 3.470476e-01 
9.068899e-01 3.471911e-01 
9.144925e-01 3.473259e-01 
9.220881e-01 3.474525e-01 
9.296776e-01 3.475718e-01 
9.372610e-01 3.476838e-01 
9.448388e-01 3.477893e-01 
9.524112e-01 3.478883e-01 
9.599784e-01 3.479813e-01 
9.675404e-01 3.480679e-01 
9.750976e-01 3.481489e-01 
9.826504e-01 3.482249e-01 
9.901991e-01 3.482964e-01 
9.977438e-01 3.483633e-01 
1.005285e+00 3.484264e-01 
1.012822e+00 3.484856e-01 
1.020357e+00 3.485414e-01 
1.027888e+00 3.485935e-01 
1.035415e+00 3.486423e-01 
1.042940e+00 3.486881e-01 
1.050462e+00 3.487311e-01 
1.057981e+00 3.487711e-01 
1.065497e+00 3.488084e-01 
1.073010e+00 3.488431e-01 
1.080520e+00 3.488750e-01 
1.088028e+00 3.489040e-01 
1.095532e+00 3.489306e-01 
1.103035e+00 3.489548e-01 
1.110535e+00 3.489769e-01 
1.118032e+00 3.489970e-01 
1.125528e+00 3.490154e-01 
1.133022e+00 3.490320e-01 
1.140514e+00 3.490471e-01 
1.148004e+00 3.490606e-01 
1.155493e+00 3.490727e-01 
7.751543e-01 3.480699e-01 
7.831300e-01 3.485488e-01 
7.910596e-01 3.489908e-01 
7.989467e-01 3.493991e-01 
8.067919e-01 3.497765e-01 
8.146038e-01 3.501255e-01 
8.223833e-01 3.504487e-01 
8.301356e-01 3.507481e-01 
8.378644e-01 3.510257e-01 
8.455758e-01 3.512832e-01 
8.532703e-01 3.515225e-01 
8.609499e-01 3.517453e-01 
8.686157e-01 3.519532e-01 
8.762693e-01 3.521471e-01 
8.839118e-01 3.523287e-01 
8.915443e-01 3.524987e-01 
8.991675e-01 3.526582e-01 
9.067821e-01 3.528071e-01 
9.143892e-01 3.529471e-01 
9.219891e-01 3.530786e-01 
9.295827e-01 3.532025e-01 
9.371699e-01 3.533189e-01 
9.447514e-01 3.534286e-01 
9.523274e-01 3.535316e-01 
9.598979e-01 3.536283e-01 
9.674631e-01 3.537184e-01 
9.750234e-01 3.538029e-01 
9.825790e-01 3.538820e-01 
9.901305e-01 3.539565e-01 
9.976778e-01 3.540263e-01 
1.005221e+00 3.540921e-01 
1.012761e+00 3.541539e-01 
1.020298e+00 3.542122e-01 
1.027831e+00 3.542666e-01 
1.035361e+00 3.543177e-01 
1.042888e+00 3.543656e-01 
1.050411e+00 3.544106e-01 
1.057932e+00 3.544525e-01 
1.065450e+00 3.544917e-01 
1.072964e+00 3.545280e-01 
1.080476e+00 3.545616e-01 
1.087985e+00 3.545922e-01 
1.095491e+00 3.546202e-01 
1.102995e+00 3.546458e-01 
1.110496e+00 3.546692e-01 
1.117995e+00 3.546906e-01 
1.125492e+00 3.547101e-01 
1.132987e+00 3.547278e-01 
1.140480e+00 3.547440e-01 
1.147971e+00 3.547584e-01 
1.155460e+00 3.547715e-01 
7.749207e-01 3.535258e-01 
7.829086e-01 3.540218e-01 
7.908495e-01 3.544793e-01 
7.987472e-01 3.549019e-01 
8.066023e-01 3.552924e-01 
8.144235e-01 3.556534e-01 
8.222115e-01 3.559877e-01 
8.299719e-01 3.562973e-01 
8.377082e-01 3.565845e-01 
8.454267e-01 3.568507e-01 
8.531280e-01 3.570983e-01 
8.608139e-01 3.573287e-01 
8.684857e-01 3.575438e-01 
8.761449e-01 3.577445e-01 
8.837928e-01 3.579324e-01 
8.914303e-01 3.581084e-01 
8.990583e-01 3.582735e-01 
9.066775e-01 3.584278e-01 
9.142888e-01 3.585727e-01 
9.218929e-01 3.587090e-01 
9.294904e-01 3.588375e-01 
9.370814e-01 3.589581e-01 
9.446665e-01 3.590718e-01 
9.522458e-01 3.591787e-01 
9.598196e-01 3.592791e-01 
9.673879e-01 3.593726e-01 
9.749511e-01 3.594603e-01 
9.825096e-01 3.595426e-01 
9.900638e-01 3.596200e-01 
9.976137e-01 3.596926e-01 
1.005160e+00 3.597610e-01 
1.012702e+00 3.598254e-01 
1.020241e+00 3.598861e-01 
1.027776e+00 3.599427e-01 
1.035308e+00 3.599960e-01 
1.042836e+00 3.600460e-01 
1.050362e+00 3.600930e-01 
1.057884e+00 3.601368e-01 
1.065404e+00 3.601778e-01 
1.072920e+00 3.602158e-01 
1.080434e+00 3.602510e-01 
1.087944e+00 3.602831e-01 
1.095451e+00 3.603125e-01 
1.102956e+00 3.603394e-01 
1.110459e+00 3.603641e-01 
1.117959e+00 3.603867e-01 
1.125456e+00 3.604073e-01 
1.132952e+00 3.604261e-01 
1.140446e+00 3.604433e-01 
1.147938e+00 3.604588e-01 
1.155428e+00 3.604728e-01 
7.746979e-01 3.589917e-01 
7.826968e-01 3.595041e-01 
7.906482e-01 3.599767e-01 
7.985558e-01 3.604132e-01 
8.064202e-01 3.608163e-01 
8.142500e-01 3.611890e-01 
8.220461e-01 3.615340e-01 
8.298141e-01 3.618535e-01 
8.375576e-01 3.621498e-01 
8.452828e-01 3.624246e-01 
8.529905e-01 3.626801e-01 
8.606824e-01 3.629179e-01 
8.683599e-01 3.631400e-01 
8.760245e-01 3.633471e-01 
8.836775e-01 3.635412e-01 
8.913198e-01 3.637230e-01 
8.989524e-01 3.638936e-01 
9.065760e-01 3.640530e-01 
9.141916e-01 3.642028e-01 
9.217996e-01 3.643437e-01 
9.294009e-01 3.644766e-01 
9.369955e-01 3.646014e-01 
9.445841e-01 3.647190e-01 
9.521667e-01 3.648297e-01 
9.597437e-01 3.649336e-01 
9.673150e-01 3.650305e-01 
9.748810e-01 3.651214e-01 
9.824422e-01 3.652066e-01 
9.899990e-01 3.652869e-01 
9.975513e-01 3.653622e-01 
1.005100e+00 3.654332e-01 
1.012644e+00 3.655001e-01 
1.020185e+00 3.655631e-01 
1.027723e+00 3.656220e-01 
1.035256e+00 3.656774e-01 
1.042787e+00 3.657294e-01 
1.050314e+00 3.657783e-01 
1.057838e+00 3.658240e-01 
1.065359e+00 3.658667e-01 
1.072877e+00 3.659064e-01 
1.080392e+00 3.659431e-01 
1.087904e+00 3.659767e-01 
1.095413e+00 3.660075e-01 
1.102919e+00 3.660357e-01 
1.110422e+00 3.660616e-01 
1.117923e+00 3.660853e-01 
1.125422e+00 3.661071e-01 
1.132919e+00 3.661270e-01 
1.140413e+00 3.661452e-01 
1.147906e+00 3.661615e-01 
1.155397e+00 3.661764e-01 
7.744855e-01 3.644678e-01 
7.824947e-01 3.649962e-01 
7.904558e-01 3.654833e-01 
7.983725e-01 3.659331e-01 
8.062455e-01 3.663484e-01 
8.140833e-01 3.667323e-01 
8.218871e-01 3.670876e-01 
8.296622e-01 3.674166e-01 
8.374125e-01 3.677217e-01 
8.451442e-01 3.680047e-01 
8.528579e-01 3.682679e-01 
8.605555e-01 3.685129e-01 
8.682384e-01 3.687416e-01 
8.759082e-01 3.689551e-01 
8.835661e-01 3.691551e-01 
8.912130e-01 3.693425e-01 
8.988501e-01 3.695183e-01 
9.064779e-01 3.696827e-01 
9.140974e-01 3.698373e-01 
9.217093e-01 3.699826e-01 
9.293143e-01 3.701198e-01 
9.369124e-01 3.702486e-01 
9.445043e-01 3.703701e-01 
9.520901e-01 3.704844e-01 
9.596701e-01 3.705917e-01 
9.672443e-01 3.706919e-01 
9.748131e-01 3.707858e-01 
9.823769e-01 3.708740e-01 
9.899362e-01 3.709571e-01 
9.974909e-01 3.710350e-01 
1.005042e+00 3.711086e-01 
1.012588e+00 3.711778e-01 
1.020131e+00 3.712431e-01 
1.027671e+00 3.713042e-01 
1.035206e+00 3.713617e-01 
1.042739e+00 3.714157e-01 
1.050268e+00 3.714664e-01 
1.057794e+00 3.715139e-01 
1.065316e+00 3.715583e-01 
1.072836e+00 3.715996e-01 
1.080352e+00 3.716378e-01 
1.087865e+00 3.716728e-01 
1.095375e+00 3.717050e-01 
1.102882e+00 3.717345e-01 
1.110387e+00 3.717616e-01 
1.117889e+00 3.717865e-01 
1.125389e+00 3.718093e-01 
1.132886e+00 3.718302e-01 
1.140382e+00 3.718493e-01 
1.147875e+00 3.718667e-01 
1.155367e+00 3.718824e-01 
7.742837e-01 3.699545e-01 
7.823022e-01 3.704980e-01 
7.902722e-01 3.709992e-01 
7.981973e-01 3.714617e-01 
8.060783e-01 3.718887e-01 
8.139237e-01 3.722833e-01 
8.217346e-01 3.726485e-01 
8.295164e-01 3.729867e-01 
8.372730e-01 3.733003e-01 
8.450108e-01 3.735911e-01 
8.527302e-01 3.738616e-01 
8.604333e-01 3.741135e-01 
8.681213e-01 3.743488e-01 
8.757960e-01 3.745683e-01 
8.834586e-01 3.747740e-01 
8.911100e-01 3.749668e-01 
8.987513e-01 3.751478e-01 
9.063831e-01 3.753170e-01 
9.140065e-01 3.754761e-01 
9.216221e-01 3.756258e-01 
9.292306e-01 3.757670e-01 
9.368320e-01 3.758998e-01 
9.444272e-01 3.760250e-01 
9.520161e-01 3.761428e-01 
9.595990e-01 3.762535e-01 
9.671759e-01 3.763568e-01 
9.747474e-01 3.764538e-01 
9.823138e-01 3.765448e-01 
9.898754e-01 3.766305e-01 
9.974325e-01 3.767110e-01 
1.004985e+00 3.767870e-01 
1.012534e+00 3.768586e-01 
1.020079e+00 3.769261e-01 
1.027621e+00 3.769893e-01 
1.035158e+00 3.770488e-01 
1.042692e+00 3.771047e-01 
1.050223e+00 3.771573e-01 
1.057750e+00 3.772065e-01 
1.065274e+00 3.772526e-01 
1.072795e+00 3.772954e-01 
1.080313e+00 3.773351e-01 
1.087827e+00 3.773715e-01 
1.095338e+00 3.774050e-01 
1.102847e+00 3.774357e-01 
1.110352e+00 3.774640e-01 
1.117855e+00 3.774900e-01 
1.125356e+00 3.775139e-01 
1.132855e+00 3.775358e-01 
1.140351e+00 3.775559e-01 
1.147846e+00 3.775740e-01 
1.155338e+00 3.775907e-01 
7.740921e-01 3.754519e-01 
7.821192e-01 3.760100e-01 
7.900973e-01 3.765244e-01 
7.980303e-01 3.769992e-01 
8.059186e-01 3.774373e-01 
8.137710e-01 3.778422e-01 
8.215885e-01 3.782169e-01 
8.293767e-01 3.785638e-01 
8.371393e-01 3.788855e-01 
8.448827e-01 3.791839e-01 
8.526075e-01 3.794615e-01 
8.603158e-01 3.797200e-01 
8.680087e-01 3.799614e-01 
8.756881e-01 3.801868e-01 
8.833551e-01 3.803980e-01 
8.910107e-01 3.805960e-01 
8.986561e-01 3.807819e-01 
9.062918e-01 3.809557e-01 
9.139189e-01 3.811193e-01 
9.215380e-01 3.812731e-01 
9.291498e-01 3.814183e-01 
9.367545e-01 3.815548e-01 
9.443527e-01 3.816837e-01 
9.519446e-01 3.818049e-01 
9.595303e-01 3.819188e-01 
9.671100e-01 3.820252e-01 
9.746840e-01 3.821250e-01 
9.822528e-01 3.822188e-01 
9.898168e-01 3.823072e-01 
9.973761e-01 3.823902e-01 
1.004931e+00 3.824685e-01 
1.012482e+00 3.825424e-01 
1.020029e+00 3.826121e-01 
1.027572e+00 3.826773e-01 
1.035111e+00 3.827387e-01 
1.042647e+00 3.827965e-01 
1.050180e+00 3.828509e-01 
1.057708e+00 3.829017e-01 
1.065234e+00 3.829494e-01 
1.072756e+00 3.829938e-01 
1.080275e+00 3.830350e-01 
1.087791e+00 3.830727e-01 
1.095303e+00 3.831074e-01 
1.102812e+00 3.831394e-01 
1.110319e+00 3.831688e-01 
1.117823e+00 3.831958e-01 
1.125325e+00 3.832207e-01 
1.132824e+00 3.832436e-01 
1.140321e+00 3.832646e-01 
1.147817e+00 3.832837e-01 
1.155310e+00 3.833011e-01 
7.739107e-01 3.809602e-01 
7.819456e-01 3.815320e-01 
7.899312e-01 3.820590e-01 
7.978713e-01 3.825454e-01 
8.057664e-01 3.829941e-01 
8.136253e-01 3.834089e-01 
8.214490e-01 3.837926e-01 
8.292430e-01 3.841479e-01 
8.370112e-01 3.844773e-01 
8.447599e-01 3.847830e-01 
8.524899e-01 3.850673e-01 
8.602030e-01 3.853321e-01 
8.679005e-01 3.855795e-01 
8.755843e-01 3.858105e-01 
8.832556e-01 3.860270e-01 
8.909153e-01 3.862300e-01 
8.985645e-01 3.864206e-01 
9.062039e-01 3.865989e-01 
9.138345e-01 3.867667e-01 
9.214570e-01 3.869246e-01 
9.290721e-01 3.870736e-01 
9.366799e-01 3.872138e-01 
9.442811e-01 3.873461e-01 
9.518758e-01 3.874706e-01 
9.594642e-01 3.875877e-01 
9.670464e-01 3.876970e-01 
9.746229e-01 3.877996e-01 
9.821941e-01 3.878961e-01 
9.897603e-01 3.879870e-01 
9.973218e-01 3.880724e-01 
1.004879e+00 3.881531e-01 
1.012432e+00 3.882291e-01 
1.019981e+00 3.883009e-01 
1.027525e+00 3.883681e-01 
1.035067e+00 3.884314e-01 
1.042604e+00 3.884910e-01 
1.050138e+00 3.885471e-01 
1.057668e+00 3.885996e-01 
1.065195e+00 3.886488e-01 
1.072719e+00 3.886947e-01 
1.080239e+00 3.887372e-01 
1.087755e+00 3.887763e-01 
1.095269e+00 3.888122e-01 
1.102779e+00 3.888453e-01 
1.110287e+00 3.888759e-01 
1.117792e+00 3.889039e-01 
1.125295e+00 3.889298e-01 
1.132795e+00 3.889536e-01 
1.140293e+00 3.889755e-01 
1.147789e+00 3.889954e-01 
1.155283e+00 3.890137e-01 
7.737394e-01 3.864796e-01 
7.817814e-01 3.870643e-01 
7.897738e-01 3.876033e-01 
7.977204e-01 3.881007e-01 
8.056218e-01 3.885595e-01 
8.134866e-01 3.889836e-01 
8.213160e-01 3.893759e-01 
8.291155e-01 3.897391e-01 
8.368888e-01 3.900759e-01 
8.446425e-01 3.903884e-01 
8.523772e-01 3.906792e-01 
8.600949e-01 3.909501e-01 
8.677969e-01 3.912032e-01 
8.754848e-01 3.914395e-01 
8.831601e-01 3.916611e-01 
8.908237e-01 3.918688e-01 
8.984766e-01 3.920640e-01 
9.061195e-01 3.922466e-01 
9.137535e-01 3.924184e-01 
9.213792e-01 3.925802e-01 
9.289974e-01 3.927329e-01 
9.366082e-01 3.928766e-01 
9.442122e-01 3.930122e-01 
9.518096e-01 3.931399e-01 
9.594007e-01 3.932600e-01 
9.669854e-01 3.933722e-01 
9.745642e-01 3.934775e-01 
9.821376e-01 3.935765e-01 
9.897060e-01 3.936699e-01 
9.972695e-01 3.937576e-01 
1.004829e+00 3.938405e-01 
1.012383e+00 3.939187e-01 
1.019934e+00 3.939925e-01 
1.027481e+00 3.940617e-01 
1.035023e+00 3.941268e-01 
1.042562e+00 3.941881e-01 
1.050098e+00 3.942459e-01 
1.057629e+00 3.943000e-01 
1.065158e+00 3.943507e-01 
1.072682e+00 3.943980e-01 
1.080204e+00 3.944419e-01 
1.087722e+00 3.944822e-01 
1.095236e+00 3.945194e-01 
1.102748e+00 3.945536e-01 
1.110256e+00 3.945852e-01 
1.117762e+00 3.946143e-01 
1.125265e+00 3.946411e-01 
1.132766e+00 3.946658e-01 
1.140265e+00 3.946886e-01 
1.147762e+00 3.947093e-01 
1.155256e+00 3.947283e-01 
7.735781e-01 3.920103e-01 
7.816264e-01 3.926072e-01 
7.896250e-01 3.931573e-01 
7.975776e-01 3.936651e-01 
8.054846e-01 3.941334e-01 
8.133549e-01 3.945663e-01 
8.211895e-01 3.949667e-01 
8.289940e-01 3.953374e-01 
8.367722e-01 3.956812e-01 
8.445306e-01 3.960003e-01 
8.522697e-01 3.962972e-01 
8.599917e-01 3.965738e-01 
8.676977e-01 3.968323e-01 
8.753897e-01 3.970737e-01 
8.830687e-01 3.973001e-01 
8.907359e-01 3.975124e-01 
8.983923e-01 3.977119e-01 
9.060386e-01 3.978986e-01 
9.136758e-01 3.980743e-01 
9.213046e-01 3.982398e-01 
9.289258e-01 3.983961e-01 
9.365394e-01 3.985431e-01 
9.441461e-01 3.986820e-01 
9.517461e-01 3.988127e-01 
9.593397e-01 3.989357e-01 
9.669267e-01 3.990507e-01 
9.745078e-01 3.991587e-01 
9.820834e-01 3.992601e-01 
9.896539e-01 3.993558e-01 
9.972193e-01 3.994458e-01 
1.004780e+00 3.995309e-01 
1.012337e+00 3.996111e-01 
1.019889e+00 3.996869e-01 
1.027437e+00 3.997579e-01 
1.034982e+00 3.998248e-01 
1.042522e+00 3.998878e-01 
1.050059e+00 3.999472e-01 
1.057592e+00 4.000028e-01 
1.065122e+00 4.000550e-01 
1.072648e+00 4.001036e-01 
1.080170e+00 4.001489e-01 
1.087689e+00 4.001904e-01 
1.095205e+00 4.002287e-01 
1.102717e+00 4.002640e-01 
1.110227e+00 4.002967e-01 
1.117733e+00 4.003267e-01 
1.125237e+00 4.003545e-01 
1.132739e+00 4.003801e-01 
1.140239e+00 4.004037e-01 
1.147736e+00 4.004252e-01 
1.155231e+00 4.004449e-01 
7.734266e-01 3.975525e-01 
7.814806e-01 3.981607e-01 
7.894848e-01 3.987213e-01 
7.974427e-01 3.992387e-01 
8.053549e-01 3.997160e-01 
8.132302e-01 4.001571e-01 
8.210696e-01 4.005652e-01 
8.288787e-01 4.009430e-01 
8.366613e-01 4.012933e-01 
8.444240e-01 4.016186e-01 
8.521673e-01 4.019212e-01 
8.598933e-01 4.022033e-01 
8.676032e-01 4.024669e-01 
8.752988e-01 4.027132e-01 
8.829815e-01 4.029442e-01 
8.906521e-01 4.031608e-01 
8.983118e-01 4.033644e-01 
9.059612e-01 4.035550e-01 
9.136015e-01 4.037345e-01 
9.212333e-01 4.039035e-01 
9.288572e-01 4.040632e-01 
9.364735e-01 4.042134e-01 
9.440829e-01 4.043554e-01 
9.516854e-01 4.044890e-01 
9.592813e-01 4.046149e-01 
9.668706e-01 4.047324e-01 
9.744538e-01 4.048429e-01 
9.820314e-01 4.049468e-01 
9.896039e-01 4.050448e-01 
9.971712e-01 4.051369e-01 
1.004734e+00 4.052240e-01 
1.012292e+00 4.053062e-01 
1.019846e+00 4.053839e-01 
1.027396e+00 4.054567e-01 
1.034942e+00 4.055253e-01 
1.042484e+00 4.055899e-01 
1.050022e+00 4.056509e-01 
1.057556e+00 4.057080e-01 
1.065087e+00 4.057615e-01 
1.072614e+00 4.058115e-01 
1.080138e+00 4.058580e-01 
1.087658e+00 4.059008e-01 
1.095174e+00 4.059402e-01 
1.102688e+00 4.059766e-01 
1.110198e+00 4.060102e-01 
1.117705e+00 4.060412e-01 
1.125210e+00 4.060699e-01 
1.132713e+00 4.060963e-01 
1.140213e+00 4.061207e-01 
1.147711e+00 4.061429e-01 
1.155207e+00 4.061634e-01 
7.732847e-01 4.031059e-01 
7.813439e-01 4.037246e-01 
7.893529e-01 4.042950e-01 
7.973156e-01 4.048214e-01 
8.052325e-01 4.053070e-01 
8.131123e-01 4.057559e-01 
8.209561e-01 4.061711e-01 
8.287694e-01 4.065555e-01 
8.365562e-01 4.069121e-01 
8.443229e-01 4.072431e-01 
8.520700e-01 4.075513e-01 
8.597997e-01 4.078385e-01 
8.675132e-01 4.081069e-01 
8.752124e-01 4.083577e-01 
8.828983e-01 4.085931e-01 
8.905722e-01 4.088139e-01 
8.982350e-01 4.090214e-01 
9.058875e-01 4.092157e-01 
9.135306e-01 4.093987e-01 
9.211651e-01 4.095711e-01 
9.287918e-01 4.097340e-01 
9.364106e-01 4.098874e-01 
9.440224e-01 4.100323e-01 
9.516273e-01 4.101688e-01 
9.592254e-01 4.102972e-01 
9.668169e-01 4.104174e-01 
9.744022e-01 4.105302e-01 
9.819817e-01 4.106364e-01 
9.895560e-01 4.107366e-01 
9.971252e-01 4.108308e-01 
1.004690e+00 4.109199e-01 
1.012250e+00 4.110040e-01 
1.019805e+00 4.110834e-01 
1.027356e+00 4.111580e-01 
1.034904e+00 4.112282e-01 
1.042447e+00 4.112944e-01 
1.049986e+00 4.113569e-01 
1.057522e+00 4.114154e-01 
1.065054e+00 4.114703e-01 
1.072582e+00 4.115216e-01 
1.080107e+00 4.115693e-01 
1.087628e+00 4.116132e-01 
1.095145e+00 4.116537e-01 
1.102659e+00 4.116911e-01 
1.110171e+00 4.117257e-01 
1.117679e+00 4.117576e-01 
1.125184e+00 4.117871e-01 
1.132688e+00 4.118144e-01 
1.140188e+00 4.118395e-01 
1.147687e+00 4.118625e-01 
1.155183e+00 4.118837e-01 
7.731524e-01 4.086708e-01 
7.812160e-01 4.092993e-01 
7.892295e-01 4.098786e-01 
7.971964e-01 4.104134e-01 
8.051175e-01 4.109067e-01 
8.130013e-01 4.113628e-01 
8.208491e-01 4.117846e-01 
8.286663e-01 4.121753e-01 
8.364569e-01 4.125376e-01 
8.442272e-01 4.128741e-01 
8.519779e-01 4.131874e-01 
8.597111e-01 4.134794e-01 
8.674279e-01 4.137524e-01 
8.751303e-01 4.140075e-01 
8.828194e-01 4.142470e-01 
8.904963e-01 4.144717e-01 
8.981621e-01 4.146829e-01 
9.058173e-01 4.148807e-01 
9.134632e-01 4.150671e-01 
9.211003e-01 4.152427e-01 
9.287294e-01 4.154087e-01 
9.363507e-01 4.155650e-01 
9.439648e-01 4.157127e-01 
9.515719e-01 4.158518e-01 
9.591722e-01 4.159829e-01 
9.667656e-01 4.161054e-01 
9.743529e-01 4.162206e-01 
9.819343e-01 4.163289e-01 
9.895104e-01 4.164312e-01 
9.970812e-01 4.165274e-01 
1.004647e+00 4.166184e-01 
1.012209e+00 4.167044e-01 
1.019766e+00 4.167855e-01 
1.027318e+00 4.168617e-01 
1.034867e+00 4.169336e-01 
1.042411e+00 4.170012e-01 
1.049952e+00 4.170651e-01 
1.057489e+00 4.171250e-01 
1.065022e+00 4.171813e-01 
1.072551e+00 4.172338e-01 
1.080077e+00 4.172827e-01 
1.087599e+00 4.173276e-01 
1.095117e+00 4.173692e-01 
1.102632e+00 4.174076e-01 
1.110144e+00 4.174431e-01 
1.117653e+00 4.174759e-01 
1.125160e+00 4.175062e-01 
1.132663e+00 4.175343e-01 
1.140165e+00 4.175602e-01 
1.147664e+00 4.175839e-01 
1.155161e+00 4.176057e-01 
7.730296e-01 4.142471e-01 
7.810970e-01 4.148844e-01 
7.891142e-01 4.154721e-01 
7.970849e-01 4.160145e-01 
8.050097e-01 4.165149e-01 
8.128972e-01 4.169777e-01 
8.207485e-01 4.174057e-01 
8.285693e-01 4.178021e-01 
8.363633e-01 4.181698e-01 
8.441369e-01 4.185114e-01 
8.518909e-01 4.188294e-01 
8.596272e-01 4.191259e-01 
8.673472e-01 4.194032e-01 
8.750526e-01 4.196624e-01 
8.827446e-01 4.199057e-01 
8.904243e-01 4.201340e-01 
8.980928e-01 4.203487e-01 
9.057507e-01 4.205499e-01 
9.133991e-01 4.207395e-01 
9.210387e-01 4.209181e-01 
9.286702e-01 4.210870e-01 
9.362938e-01 4.212461e-01 
9.439101e-01 4.213965e-01 
9.515192e-01 4.215382e-01 
9.591215e-01 4.216717e-01 
9.667169e-01 4.217965e-01 
9.743060e-01 4.219139e-01 
9.818892e-01 4.220243e-01 
9.894669e-01 4.221286e-01 
9.970393e-01 4.222267e-01 
1.004607e+00 4.223195e-01 
1.012170e+00 4.224072e-01 
1.019728e+00 4.224900e-01 
1.027282e+00 4.225678e-01 
1.034832e+00 4.226412e-01 
1.042378e+00 4.227103e-01 
1.049920e+00 4.227756e-01 
1.057458e+00 4.228368e-01 
1.064992e+00 4.228943e-01 
1.072522e+00 4.229480e-01 
1.080049e+00 4.229980e-01 
1.087571e+00 4.230440e-01 
1.095090e+00 4.230866e-01 
1.102606e+00 4.231259e-01 
1.110119e+00 4.231623e-01 
1.117629e+00 4.231959e-01 
1.125136e+00 4.232271e-01 
1.132640e+00 4.232559e-01 
1.140142e+00 4.232825e-01 
1.147642e+00 4.233069e-01 
1.155139e+00 4.233294e-01 
7.729160e-01 4.198347e-01 
7.809866e-01 4.204800e-01 
7.890071e-01 4.210752e-01 
7.969810e-01 4.216247e-01 
8.049090e-01 4.221317e-01 
8.127998e-01 4.226005e-01 
8.206543e-01 4.230342e-01 
8.284782e-01 4.234359e-01 
8.362753e-01 4.238086e-01 
8.440521e-01 4.241549e-01 
8.518090e-01 4.244773e-01 
8.595483e-01 4.247781e-01 
8.672711e-01 4.250593e-01 
8.749792e-01 4.253223e-01 
8.826740e-01 4.255692e-01 
8.903563e-01 4.258010e-01 
8.980274e-01 4.260190e-01 
9.056877e-01 4.262233e-01 
9.133385e-01 4.264159e-01 
9.209804e-01 4.265974e-01 
9.286141e-01 4.267690e-01 
9.362398e-01 4.269308e-01 
9.438581e-01 4.270837e-01 
9.514692e-01 4.272278e-01 
9.590734e-01 4.273636e-01 
9.666706e-01 4.274906e-01 
9.742614e-01 4.276101e-01 
9.818462e-01 4.277225e-01 
9.894256e-01 4.278287e-01 
9.969995e-01 4.279286e-01 
1.004569e+00 4.280232e-01 
1.012133e+00 4.281125e-01 
1.019693e+00 4.281969e-01 
1.027248e+00 4.282762e-01 
1.034799e+00 4.283510e-01 
1.042346e+00 4.284215e-01 
1.049889e+00 4.284881e-01 
1.057428e+00 4.285506e-01 
1.064963e+00 4.286093e-01 
1.072494e+00 4.286641e-01 
1.080021e+00 4.287152e-01 
1.087545e+00 4.287622e-01 
1.095065e+00 4.288058e-01 
1.102582e+00 4.288460e-01 
1.110095e+00 4.288833e-01 
1.117605e+00 4.289177e-01 
1.125113e+00 4.289496e-01 
1.132618e+00 4.289791e-01 
1.140121e+00 4.290064e-01 
1.147621e+00 4.290315e-01 
1.155119e+00 4.290546e-01 
7.728115e-01 4.254332e-01 
7.808847e-01 4.260858e-01 
7.889079e-01 4.266878e-01 
7.968846e-01 4.272437e-01 
8.048154e-01 4.277566e-01 
8.127090e-01 4.282310e-01 
8.205664e-01 4.286699e-01 
8.283931e-01 4.290765e-01 
8.361930e-01 4.294537e-01 
8.439725e-01 4.298044e-01 
8.517322e-01 4.301310e-01 
8.594741e-01 4.304356e-01 
8.671995e-01 4.307206e-01 
8.749102e-01 4.309871e-01 
8.826075e-01 4.312374e-01 
8.902923e-01 4.314724e-01 
8.979656e-01 4.316934e-01 
9.056282e-01 4.319007e-01 
9.132812e-01 4.320961e-01 
9.209252e-01 4.322803e-01 
9.285610e-01 4.324546e-01 
9.361887e-01 4.326188e-01 
9.438090e-01 4.327741e-01 
9.514219e-01 4.329205e-01 
9.590279e-01 4.330585e-01 
9.666268e-01 4.331876e-01 
9.742192e-01 4.333091e-01 
9.818056e-01 4.334234e-01 
9.893864e-01 4.335314e-01 
9.969617e-01 4.336330e-01 
1.004532e+00 4.337293e-01 
1.012098e+00 4.338202e-01 
1.019659e+00 4.339061e-01 
1.027215e+00 4.339868e-01 
1.034767e+00 4.340630e-01 
1.042315e+00 4.341349e-01 
1.049859e+00 4.342027e-01 
1.057399e+00 4.342664e-01 
1.064935e+00 4.343262e-01 
1.072467e+00 4.343822e-01 
1.079996e+00 4.344343e-01 
1.087520e+00 4.344823e-01 
1.095041e+00 4.345267e-01 
1.102558e+00 4.345678e-01 
1.110072e+00 4.346059e-01 
1.117583e+00 4.346411e-01 
1.125091e+00 4.346738e-01 
1.132597e+00 4.347040e-01 
1.140100e+00 4.347320e-01 
1.147600e+00 4.347576e-01 
1.155099e+00 4.347814e-01 
7.727160e-01 4.310427e-01 
7.807913e-01 4.317018e-01 
7.888167e-01 4.323099e-01 
7.967956e-01 4.328715e-01 
8.047289e-01 4.333898e-01 
8.126249e-01 4.338693e-01 
8.204848e-01 4.343129e-01 
8.283140e-01 4.347240e-01 
8.361164e-01 4.351054e-01 
8.438983e-01 4.354600e-01 
8.516605e-01 4.357904e-01 
8.594048e-01 4.360987e-01 
8.671326e-01 4.363871e-01 
8.748456e-01 4.366568e-01 
8.825451e-01 4.369102e-01 
8.902321e-01 4.371482e-01 
8.979077e-01 4.373722e-01 
9.055724e-01 4.375822e-01 
9.132274e-01 4.377802e-01 
9.208734e-01 4.379670e-01 
9.285111e-01 4.381437e-01 
9.361406e-01 4.383103e-01 
9.437626e-01 4.384678e-01 
9.513773e-01 4.386164e-01 
9.589849e-01 4.387564e-01 
9.665854e-01 4.388875e-01 
9.741793e-01 4.390109e-01 
9.817671e-01 4.391270e-01 
9.893493e-01 4.392367e-01 
9.969260e-01 4.393400e-01 
1.004498e+00 4.394378e-01 
1.012065e+00 4.395302e-01 
1.019627e+00 4.396176e-01 
1.027184e+00 4.396997e-01 
1.034737e+00 4.397772e-01 
1.042286e+00 4.398503e-01 
1.049831e+00 4.399194e-01 
1.057372e+00 4.399842e-01 
1.064909e+00 4.400451e-01 
1.072442e+00 4.401021e-01 
1.079971e+00 4.401552e-01 
1.087496e+00 4.402041e-01 
1.095017e+00 4.402494e-01 
1.102535e+00 4.402913e-01 
1.110050e+00 4.403302e-01 
1.117562e+00 4.403661e-01 
1.125070e+00 4.403995e-01 
1.132576e+00 4.404304e-01 
1.140080e+00 4.404590e-01 
1.147581e+00 4.404853e-01 
1.155080e+00 4.405096e-01 
7.726293e-01 4.366631e-01 
7.807061e-01 4.373278e-01 
7.887332e-01 4.379413e-01 
7.967140e-01 4.385081e-01 
8.046493e-01 4.390312e-01 
8.125473e-01 4.395152e-01 
8.204093e-01 4.399631e-01 
8.282407e-01 4.403782e-01 
8.360453e-01 4.407634e-01 
8.438295e-01 4.411217e-01 
8.515938e-01 4.414556e-01 
8.593403e-01 4.417671e-01 
8.670702e-01 4.420587e-01 
8.747853e-01 4.423314e-01 
8.824869e-01 4.425877e-01 
8.901759e-01 4.428285e-01 
8.978534e-01 4.430551e-01 
9.055200e-01 4.432677e-01 
9.131769e-01 4.434682e-01 
9.208247e-01 4.436574e-01 
9.284642e-01 4.438364e-01 
9.360954e-01 4.440051e-01 
9.437191e-01 4.441648e-01 
9.513353e-01 4.443154e-01 
9.589444e-01 4.444574e-01 
9.665464e-01 4.445903e-01 
9.741417e-01 4.447154e-01 
9.817308e-01 4.448332e-01 
9.893143e-01 4.449445e-01 
9.968922e-01 4.450494e-01 
1.004465e+00 4.451487e-01 
1.012033e+00 4.452425e-01 
1.019596e+00 4.453313e-01 
1.027155e+00 4.454147e-01 
1.034709e+00 4.454934e-01 
1.042259e+00 4.455677e-01 
1.049805e+00 4.456379e-01 
1.057346e+00 4.457038e-01 
1.064884e+00 4.457658e-01 
1.072418e+00 4.458238e-01 
1.079948e+00 4.458778e-01 
1.087473e+00 4.459276e-01 
1.094995e+00 4.459737e-01 
1.102514e+00 4.460164e-01 
1.110029e+00 4.460561e-01 
1.117541e+00 4.460927e-01 
1.125050e+00 4.461268e-01 
1.132557e+00 4.461583e-01 
1.140061e+00 4.461876e-01 
1.147563e+00 4.462144e-01 
1.155062e+00 4.462392e-01 
7.725513e-01 4.422942e-01 
7.806292e-01 4.429639e-01 
7.886575e-01 4.435821e-01 
7.966397e-01 4.441534e-01 
8.045766e-01 4.446807e-01 
8.124763e-01 4.451688e-01 
8.203401e-01 4.456205e-01 
8.281733e-01 4.460392e-01 
8.359799e-01 4.464279e-01 
8.437659e-01 4.467894e-01 
8.515321e-01 4.471264e-01 
8.592805e-01 4.474410e-01 
8.670123e-01 4.477354e-01 
8.747293e-01 4.480109e-01 
8.824327e-01 4.482699e-01 
8.901236e-01 4.485132e-01 
8.978029e-01 4.487423e-01 
9.054712e-01 4.489572e-01 
9.131298e-01 4.491600e-01 
9.207792e-01 4.493514e-01 
9.284203e-01 4.495325e-01 
9.360531e-01 4.497033e-01 
9.436783e-01 4.498649e-01 
9.512960e-01 4.500174e-01 
9.589065e-01 4.501612e-01 
9.665098e-01 4.502959e-01 
9.741064e-01 4.504227e-01 
9.816968e-01 4.505421e-01 
9.892814e-01 4.506549e-01 
9.968604e-01 4.507612e-01 
1.004434e+00 4.508619e-01 
1.012003e+00 4.509571e-01 
1.019568e+00 4.510471e-01 
1.027127e+00 4.511318e-01 
1.034682e+00 4.512117e-01 
1.042233e+00 4.512871e-01 
1.049780e+00 4.513584e-01 
1.057322e+00 4.514253e-01 
1.064860e+00 4.514883e-01 
1.072395e+00 4.515472e-01 
1.079925e+00 4.516021e-01 
1.087452e+00 4.516528e-01 
1.094974e+00 4.516997e-01 
1.102493e+00 4.517431e-01 
1.110009e+00 4.517835e-01 
1.117522e+00 4.518208e-01 
1.125032e+00 4.518555e-01 
1.132539e+00 4.518877e-01 
1.140043e+00 4.519175e-01 
1.147545e+00 4.519449e-01 
1.155045e+00 4.519703e-01 
7.724818e-01 4.479356e-01 
7.805602e-01 4.486096e-01 
7.885893e-01 4.492319e-01 
7.965725e-01 4.498071e-01 
8.045105e-01 4.503381e-01 
8.124116e-01 4.508297e-01 
8.202769e-01 4.512848e-01 
8.281117e-01 4.517067e-01 
8.359198e-01 4.520984e-01 
8.437075e-01 4.524629e-01 
8.514754e-01 4.528027e-01 
8.592254e-01 4.531200e-01 
8.669589e-01 4.534170e-01 
8.746776e-01 4.536951e-01 
8.823826e-01 4.539565e-01 
8.900751e-01 4.542022e-01 
8.977560e-01 4.544335e-01 
9.054259e-01 4.546506e-01 
9.130860e-01 4.548555e-01 
9.207369e-01 4.550489e-01 
9.283794e-01 4.552320e-01 
9.360136e-01 4.554047e-01 
9.436402e-01 4.555682e-01 
9.512593e-01 4.557225e-01 
9.588711e-01 4.558679e-01 
9.664755e-01 4.560042e-01 
9.740733e-01 4.561326e-01 
9.816648e-01 4.562534e-01 
9.892506e-01 4.563677e-01 
9.968306e-01 4.564754e-01 
1.004406e+00 4.565774e-01 
1.011976e+00 4.566739e-01 
1.019541e+00 4.567651e-01 
1.027101e+00 4.568509e-01 
1.034657e+00 4.569320e-01 
1.042208e+00 4.570084e-01 
1.049756e+00 4.570807e-01 
1.057299e+00 4.571486e-01 
1.064838e+00 4.572125e-01 
1.072373e+00 4.572723e-01 
1.079904e+00 4.573281e-01 
1.087431e+00 4.573795e-01 
1.094954e+00 4.574272e-01 
1.102474e+00 4.574714e-01 
1.109990e+00 4.575124e-01 
1.117503e+00 4.575504e-01 
1.125014e+00 4.575857e-01 
1.132521e+00 4.576184e-01 
1.140026e+00 4.576488e-01 
1.147528e+00 4.576767e-01 
1.155028e+00 4.577026e-01 
7.724206e-01 4.535874e-01 
7.804991e-01 4.542649e-01 
7.885285e-01 4.548907e-01 
7.965123e-01 4.554692e-01 
8.044512e-01 4.560034e-01 
8.123532e-01 4.564980e-01 
8.202196e-01 4.569560e-01 
8.280557e-01 4.573807e-01 
8.358652e-01 4.577751e-01 
8.436542e-01 4.581422e-01 
8.514235e-01 4.584845e-01 
8.591750e-01 4.588043e-01 
8.669099e-01 4.591037e-01 
8.746300e-01 4.593840e-01 
8.823365e-01 4.596476e-01 
8.900304e-01 4.598954e-01 
8.977127e-01 4.601288e-01 
9.053840e-01 4.603479e-01 
9.130455e-01 4.605548e-01 
9.206978e-01 4.607500e-01 
9.283416e-01 4.609349e-01 
9.359770e-01 4.611094e-01 
9.436049e-01 4.612746e-01 
9.512251e-01 4.614305e-01 
9.588380e-01 4.615775e-01 
9.664436e-01 4.617153e-01 
9.740425e-01 4.618451e-01 
9.816350e-01 4.619674e-01 
9.892217e-01 4.620830e-01 
9.968027e-01 4.621919e-01 
1.004379e+00 4.622952e-01 
1.011949e+00 4.623928e-01 
1.019515e+00 4.624852e-01 
1.027077e+00 4.625721e-01 
1.034633e+00 4.626542e-01 
1.042185e+00 4.627317e-01 
1.049733e+00 4.628049e-01 
1.057277e+00 4.628737e-01 
1.064817e+00 4.629385e-01 
1.072353e+00 4.629991e-01 
1.079884e+00 4.630557e-01 
1.087412e+00 4.631079e-01 
1.094936e+00 4.631563e-01 
1.102456e+00 4.632011e-01 
1.109972e+00 4.632428e-01 
1.117486e+00 4.632814e-01 
1.124997e+00 4.633173e-01 
1.132504e+00 4.633506e-01 
1.140010e+00 4.633815e-01 
1.147512e+00 4.634099e-01 
1.155013e+00 4.634362e-01 
7.723676e-01 4.592491e-01 
7.804457e-01 4.599294e-01 
7.884750e-01 4.605581e-01 
7.964590e-01 4.611394e-01 
8.043983e-01 4.616763e-01 
8.123010e-01 4.621735e-01 
8.201682e-01 4.626340e-01 
8.280053e-01 4.630611e-01 
8.358158e-01 4.634578e-01 
8.436060e-01 4.638272e-01 
8.513764e-01 4.641717e-01 
8.591291e-01 4.644936e-01 
8.668653e-01 4.647951e-01 
8.745866e-01 4.650775e-01 
8.822943e-01 4.653431e-01 
8.899895e-01 4.655928e-01 
8.976730e-01 4.658281e-01 
9.053455e-01 4.660490e-01 
9.130082e-01 4.662576e-01 
9.206617e-01 4.664546e-01 
9.283066e-01 4.666412e-01 
9.359432e-01 4.668172e-01 
9.435721e-01 4.669840e-01 
9.511935e-01 4.671414e-01 
9.588074e-01 4.672899e-01 
9.664140e-01 4.674291e-01 
9.740138e-01 4.675602e-01 
9.816072e-01 4.676837e-01 
9.891948e-01 4.678006e-01 
9.967767e-01 4.679108e-01 
1.004353e+00 4.680152e-01 
1.011925e+00 4.681139e-01 
1.019492e+00 4.682073e-01 
1.027054e+00 4.682952e-01 
1.034611e+00 4.683783e-01 
1.042164e+00 4.684567e-01 
1.049712e+00 4.685309e-01 
1.057257e+00 4.686005e-01 
1.064797e+00 4.686661e-01 
1.072333e+00 4.687276e-01 
1.079866e+00 4.687849e-01 
1.087394e+00 4.688378e-01 
1.094918e+00 4.688868e-01 
1.102438e+00 4.689323e-01 
1.109955e+00 4.689746e-01 
1.117469e+00 4.690138e-01 
1.124980e+00 4.690502e-01 
1.132489e+00 4.690840e-01 
1.139994e+00 4.691154e-01 
1.147497e+00 4.691443e-01 
1.154998e+00 4.691711e-01 
BC
4
4
4
4
4
4
4
4
4
4
4
4
4
4
4
4
4
4
4
4
4
4
4
4
4
4
4
4
4
4
4
4
4
4
4
4
4
4
4
4
4
4
4
4
4
4
4
4
4
4
-1
-1
-1
-1
-1
-1
-1
-1
-1
-1
-1
-1
-1
-1
-1
-1
-1
-1
-1
-1
-1
-1
-1
-1
-1
-1
-1
-1
-1
-1
-1
-1
-1
-1
-1
-1
-1
-1
-1
-1
-1
-1
-1
-1
-1
-1
-1
-1
-1
-1
-1
-1
-1
-1
-1
-1
-1
-1
-1
-1
-1
-1
-1
-1
-1
-1
-1
-1
-1
-1
-1
-1
-1
-1
-1
-1
-1
-1
-1
-1
-1
-1
-1
-1
-1
-1
-1
-1
-1
-1
-1
-1
-1
-1
-1
-1
-1
-1
-1
-1
-1
-1
-1
-1
-1
-1
-1
-1
-1
-1
-1
-1
-1
-1
-1
-1
-1
-1
-1
-1
-1
-1
-1
-1
-1
-1
-1
-1
-1
-1
-1
-1
-1
-1
-1
-1
-1
-1
-1
-1
-1
-1
-1
-1
