npartb: 1 1 
ipartb: 0 0 
ngrid: 300 11 
5.000000e-02 2.700000e-02 
5.099971e-02 2.702420e-02 
5.199947e-02 2.704841e-02 
5.299945e-02 2.707262e-02 
5.399972e-02 2.709684e-02 
5.500036e-02 2.712106e-02 
5.600149e-02 2.714530e-02 
5.700319e-02 2.716955e-02 
5.800556e-02 2.719382e-02 
5.900870e-02 2.721811e-02 
6.001270e-02 2.724241e-02 
6.101766e-02 2.726674e-02 
6.202367e-02 2.729110e-02 
6.303084e-02 2.731548e-02 
6.403925e-02 2.733990e-02 
6.504901e-02 2.736434e-02 
6.606021e-02 2.738883e-02 
6.707295e-02 2.741335e-02 
6.808732e-02 2.743790e-02 
6.910343e-02 2.746250e-02 
7.012136e-02 2.748715e-02 
7.114122e-02 2.751184e-02 
7.216311e-02 2.753658e-02 
7.318712e-02 2.756137e-02 
7.421335e-02 2.758622e-02 
7.524190e-02 2.761112e-02 
7.627286e-02 2.763608e-02 
7.730634e-02 2.766110e-02 
7.834244e-02 2.768619e-02 
7.938125e-02 2.771134e-02 
8.042287e-02 2.773655e-02 
8.146741e-02 2.776184e-02 
8.251496e-02 2.778720e-02 
8.356563e-02 2.781264e-02 
8.461951e-02 2.783816e-02 
8.567670e-02 2.786375e-02 
8.673731e-02 2.788943e-02 
8.780144e-02 2.791519e-02 
8.886919e-02 2.794104e-02 
8.994067e-02 2.796698e-02 
9.101596e-02 2.799302e-02 
9.209519e-02 2.801915e-02 
9.317844e-02 2.804537e-02 
9.426584e-02 2.807170e-02 
9.535747e-02 2.809813e-02 
9.645344e-02 2.812466e-02 
9.755386e-02 2.815130e-02 
9.865884e-02 2.817806e-02 
9.976848e-02 2.820492e-02 
1.008829e-01 2.823190e-02 
1.020022e-01 2.825900e-02 
1.031264e-01 2.828622e-02 
1.042558e-01 2.831356e-02 
1.053903e-01 2.834103e-02 
1.065301e-01 2.836862e-02 
1.076754e-01 2.839635e-02 
1.088262e-01 2.842421e-02 
1.099826e-01 2.845221e-02 
1.111448e-01 2.848035e-02 
1.123128e-01 2.850862e-02 
1.134868e-01 2.853705e-02 
1.146668e-01 2.856562e-02 
1.158531e-01 2.859434e-02 
1.170456e-01 2.862321e-02 
1.182446e-01 2.865224e-02 
1.194501e-01 2.868142e-02 
1.206623e-01 2.871077e-02 
1.218812e-01 2.874028e-02 
1.231071e-01 2.876996e-02 
1.243399e-01 2.879981e-02 
1.255798e-01 2.882983e-02 
1.268270e-01 2.886002e-02 
1.280815e-01 2.889039e-02 
1.293435e-01 2.892095e-02 
1.306132e-01 2.895169e-02 
1.318905e-01 2.898261e-02 
1.331757e-01 2.901373e-02 
1.344688e-01 2.904503e-02 
1.357700e-01 2.907654e-02 
1.370795e-01 2.910824e-02 
1.383972e-01 2.914014e-02 
1.397235e-01 2.917225e-02 
1.410583e-01 2.920457e-02 
1.424019e-01 2.923710e-02 
1.437543e-01 2.926984e-02 
1.451157e-01 2.930280e-02 
1.464862e-01 2.933598e-02 
1.478659e-01 2.936939e-02 
1.492550e-01 2.940302e-02 
1.506536e-01 2.943688e-02 
1.520619e-01 2.947097e-02 
1.534799e-01 2.950530e-02 
1.549079e-01 2.953987e-02 
1.563458e-01 2.957469e-02 
1.577940e-01 2.960975e-02 
1.592525e-01 2.964506e-02 
1.607215e-01 2.968062e-02 
1.622010e-01 2.971645e-02 
1.636913e-01 2.975253e-02 
1.651925e-01 2.978887e-02 
1.667047e-01 2.982548e-02 
1.682281e-01 2.986237e-02 
1.697629e-01 2.989952e-02 
1.713090e-01 2.993696e-02 
1.728668e-01 2.997467e-02 
1.744364e-01 3.001267e-02 
1.760179e-01 3.005096e-02 
1.776115e-01 3.008954e-02 
1.792173e-01 3.012842e-02 
1.808354e-01 3.016759e-02 
1.824661e-01 3.020707e-02 
1.841095e-01 3.024686e-02 
1.857657e-01 3.028696e-02 
1.874349e-01 3.032737e-02 
1.891173e-01 3.036810e-02 
1.908130e-01 3.040916e-02 
1.925221e-01 3.045054e-02 
1.942450e-01 3.049225e-02 
1.959816e-01 3.053429e-02 
1.977322e-01 3.057668e-02 
1.994970e-01 3.061940e-02 
2.012761e-01 3.066247e-02 
2.030697e-01 3.070590e-02 
2.048779e-01 3.074968e-02 
2.067010e-01 3.079381e-02 
2.085391e-01 3.083831e-02 
2.103923e-01 3.088318e-02 
2.122610e-01 3.092842e-02 
2.141451e-01 3.097404e-02 
2.160450e-01 3.102004e-02 
2.179608e-01 3.106642e-02 
2.198926e-01 3.111319e-02 
2.218408e-01 3.116036e-02 
2.238054e-01 3.120792e-02 
2.257866e-01 3.125589e-02 
2.277847e-01 3.130426e-02 
2.297998e-01 3.135305e-02 
2.318321e-01 3.140225e-02 
2.338818e-01 3.145188e-02 
2.359491e-01 3.150193e-02 
2.380343e-01 3.155241e-02 
2.401374e-01 3.160333e-02 
2.422588e-01 3.165469e-02 
2.443986e-01 3.170649e-02 
2.465570e-01 3.175875e-02 
2.487342e-01 3.181146e-02 
2.509304e-01 3.186463e-02 
2.531459e-01 3.191827e-02 
2.553808e-01 3.197238e-02 
2.576355e-01 3.202696e-02 
2.599100e-01 3.208203e-02 
2.622046e-01 3.213758e-02 
2.645195e-01 3.219363e-02 
2.668549e-01 3.225017e-02 
2.692112e-01 3.230722e-02 
2.715884e-01 3.236477e-02 
2.739868e-01 3.242284e-02 
2.764067e-01 3.248143e-02 
2.788483e-01 3.254054e-02 
2.813118e-01 3.260018e-02 
2.837974e-01 3.266036e-02 
2.863055e-01 3.272108e-02 
2.888361e-01 3.278235e-02 
2.913897e-01 3.284417e-02 
2.939663e-01 3.290655e-02 
2.965664e-01 3.296950e-02 
2.991900e-01 3.303302e-02 
3.018375e-01 3.309712e-02 
3.045091e-01 3.316180e-02 
3.072051e-01 3.322707e-02 
3.099257e-01 3.329294e-02 
3.126712e-01 3.335941e-02 
3.154419e-01 3.342649e-02 
3.182380e-01 3.349418e-02 
3.210597e-01 3.356250e-02 
3.239075e-01 3.363144e-02 
3.267814e-01 3.370102e-02 
3.296819e-01 3.377125e-02 
3.326091e-01 3.384212e-02 
3.355635e-01 3.391364e-02 
3.385451e-01 3.398583e-02 
3.415544e-01 3.405869e-02 
3.445916e-01 3.413222e-02 
3.476571e-01 3.420643e-02 
3.507510e-01 3.428134e-02 
3.538737e-01 3.435694e-02 
3.570256e-01 3.443325e-02 
3.602068e-01 3.451027e-02 
3.634178e-01 3.458801e-02 
3.666587e-01 3.466647e-02 
3.699300e-01 3.474567e-02 
3.732320e-01 3.482562e-02 
3.765648e-01 3.490631e-02 
3.799290e-01 3.498775e-02 
3.833247e-01 3.506997e-02 
3.867524e-01 3.515295e-02 
3.902123e-01 3.523672e-02 
3.937048e-01 3.532128e-02 
3.972303e-01 3.540663e-02 
4.007889e-01 3.549278e-02 
4.043812e-01 3.557976e-02 
4.080074e-01 3.566755e-02 
4.116679e-01 3.575617e-02 
4.153630e-01 3.584563e-02 
4.190931e-01 3.593594e-02 
4.228586e-01 3.602710e-02 
4.266598e-01 3.611913e-02 
4.304970e-01 3.621203e-02 
4.343707e-01 3.630582e-02 
4.382812e-01 3.640049e-02 
4.422288e-01 3.649607e-02 
4.462141e-01 3.659255e-02 
4.502373e-01 3.668995e-02 
4.542988e-01 3.678829e-02 
4.583990e-01 3.688755e-02 
4.625383e-01 3.698777e-02 
4.667172e-01 3.708894e-02 
4.709359e-01 3.719108e-02 
4.751950e-01 3.729419e-02 
4.794948e-01 3.739829e-02 
4.838357e-01 3.750339e-02 
4.882181e-01 3.760949e-02 
4.926426e-01 3.771661e-02 
4.971094e-01 3.782475e-02 
5.016190e-01 3.793393e-02 
5.061719e-01 3.804416e-02 
5.107685e-01 3.815545e-02 
5.154092e-01 3.826780e-02 
5.200944e-01 3.838123e-02 
5.248247e-01 3.849576e-02 
5.296005e-01 3.861138e-02 
5.344222e-01 3.872812e-02 
5.392902e-01 3.884597e-02 
5.442052e-01 3.896497e-02 
5.491675e-01 3.908511e-02 
5.541775e-01 3.920640e-02 
5.592359e-01 3.932887e-02 
5.643430e-01 3.945251e-02 
5.694994e-01 3.957735e-02 
5.747055e-01 3.970340e-02 
5.799619e-01 3.983066e-02 
5.852690e-01 3.995914e-02 
5.906274e-01 4.008887e-02 
5.960376e-01 4.021986e-02 
6.015000e-01 4.035211e-02 
6.070153e-01 4.048563e-02 
6.125839e-01 4.062045e-02 
6.182064e-01 4.075658e-02 
6.238833e-01 4.089402e-02 
6.296151e-01 4.103279e-02 
6.354025e-01 4.117290e-02 
6.412460e-01 4.131438e-02 
6.471460e-01 4.145722e-02 
6.531032e-01 4.160145e-02 
6.591182e-01 4.174707e-02 
6.651916e-01 4.189411e-02 
6.713238e-01 4.204258e-02 
6.775156e-01 4.219248e-02 
6.837674e-01 4.234384e-02 
6.900799e-01 4.249667e-02 
6.964538e-01 4.265099e-02 
7.028895e-01 4.280680e-02 
7.093878e-01 4.296413e-02 
7.159492e-01 4.312298e-02 
7.225744e-01 4.328338e-02 
7.292640e-01 4.344534e-02 
7.360186e-01 4.360887e-02 
7.428390e-01 4.377400e-02 
7.497257e-01 4.394073e-02 
7.566794e-01 4.410908e-02 
7.637008e-01 4.427907e-02 
7.707905e-01 4.445072e-02 
7.779493e-01 4.462404e-02 
7.851777e-01 4.479904e-02 
7.924766e-01 4.497575e-02 
7.998466e-01 4.515418e-02 
8.072884e-01 4.533435e-02 
8.148027e-01 4.551628e-02 
8.223903e-01 4.569998e-02 
8.300518e-01 4.588546e-02 
8.377880e-01 4.607276e-02 
8.455997e-01 4.626189e-02 
8.534876e-01 4.645286e-02 
8.614524e-01 4.664569e-02 
8.694949e-01 4.684040e-02 
8.776159e-01 4.703702e-02 
8.858162e-01 4.723555e-02 
8.940965e-01 4.743602e-02 
9.024576e-01 4.763845e-02 
9.109004e-01 4.784285e-02 
9.194256e-01 4.804925e-02 
9.280341e-01 4.825767e-02 
9.367267e-01 4.846812e-02 
9.455041e-01 4.868063e-02 
9.543674e-01 4.889521e-02 
9.633172e-01 4.911189e-02 
9.723546e-01 4.933069e-02 
9.814802e-01 4.955163e-02 
9.906951e-01 4.977472e-02 
1.000000e+00 5.000000e-02 
5.000000e-02 2.732357e-02 
5.099937e-02 2.734638e-02 
5.199879e-02 2.737131e-02 
5.299845e-02 2.739664e-02 
5.399843e-02 2.742192e-02 
5.499884e-02 2.744706e-02 
5.599975e-02 2.747215e-02 
5.700126e-02 2.749716e-02 
5.800346e-02 2.752216e-02 
5.900645e-02 2.754714e-02 
6.001032e-02 2.757212e-02 
6.101517e-02 2.759711e-02 
6.202108e-02 2.762212e-02 
6.302815e-02 2.764715e-02 
6.403648e-02 2.767221e-02 
6.504617e-02 2.769729e-02 
6.605730e-02 2.772241e-02 
6.706998e-02 2.774757e-02 
6.808430e-02 2.777276e-02 
6.910036e-02 2.779800e-02 
7.011824e-02 2.782328e-02 
7.113807e-02 2.784862e-02 
7.215991e-02 2.787400e-02 
7.318389e-02 2.789943e-02 
7.421009e-02 2.792492e-02 
7.523860e-02 2.795047e-02 
7.626954e-02 2.797607e-02 
7.730300e-02 2.800174e-02 
7.833907e-02 2.802748e-02 
7.937786e-02 2.805328e-02 
8.041946e-02 2.807915e-02 
8.146397e-02 2.810509e-02 
8.251151e-02 2.813111e-02 
8.356215e-02 2.815721e-02 
8.461601e-02 2.818338e-02 
8.567319e-02 2.820964e-02 
8.673378e-02 2.823598e-02 
8.779789e-02 2.826241e-02 
8.886563e-02 2.828893e-02 
8.993708e-02 2.831555e-02 
9.101236e-02 2.834225e-02 
9.209157e-02 2.836906e-02 
9.317481e-02 2.839597e-02 
9.426219e-02 2.842297e-02 
9.535380e-02 2.845009e-02 
9.644976e-02 2.847731e-02 
9.755017e-02 2.850464e-02 
9.865513e-02 2.853209e-02 
9.976475e-02 2.855965e-02 
1.008791e-01 2.858733e-02 
1.019984e-01 2.861513e-02 
1.031226e-01 2.864305e-02 
1.042520e-01 2.867110e-02 
1.053865e-01 2.869928e-02 
1.065263e-01 2.872759e-02 
1.076716e-01 2.875604e-02 
1.088223e-01 2.878462e-02 
1.099787e-01 2.881334e-02 
1.111409e-01 2.884221e-02 
1.123089e-01 2.887122e-02 
1.134828e-01 2.890038e-02 
1.146629e-01 2.892969e-02 
1.158491e-01 2.895915e-02 
1.170417e-01 2.898877e-02 
1.182406e-01 2.901855e-02 
1.194461e-01 2.904849e-02 
1.206583e-01 2.907860e-02 
1.218772e-01 2.910888e-02 
1.231030e-01 2.913932e-02 
1.243358e-01 2.916994e-02 
1.255757e-01 2.920074e-02 
1.268229e-01 2.923172e-02 
1.280774e-01 2.926288e-02 
1.293394e-01 2.929422e-02 
1.306090e-01 2.932576e-02 
1.318863e-01 2.935748e-02 
1.331715e-01 2.938940e-02 
1.344646e-01 2.942152e-02 
1.357658e-01 2.945384e-02 
1.370752e-01 2.948636e-02 
1.383930e-01 2.951909e-02 
1.397192e-01 2.955204e-02 
1.410541e-01 2.958519e-02 
1.423976e-01 2.961856e-02 
1.437500e-01 2.965215e-02 
1.451114e-01 2.968596e-02 
1.464819e-01 2.972000e-02 
1.478616e-01 2.975427e-02 
1.492507e-01 2.978878e-02 
1.506493e-01 2.982351e-02 
1.520575e-01 2.985849e-02 
1.534755e-01 2.989371e-02 
1.549034e-01 2.992918e-02 
1.563414e-01 2.996490e-02 
1.577895e-01 3.000087e-02 
1.592480e-01 3.003709e-02 
1.607169e-01 3.007358e-02 
1.621965e-01 3.011032e-02 
1.636868e-01 3.014734e-02 
1.651879e-01 3.018463e-02 
1.667001e-01 3.022219e-02 
1.682235e-01 3.026002e-02 
1.697582e-01 3.029814e-02 
1.713044e-01 3.033655e-02 
1.728622e-01 3.037524e-02 
1.744317e-01 3.041422e-02 
1.760132e-01 3.045350e-02 
1.776068e-01 3.049308e-02 
1.792125e-01 3.053297e-02 
1.808306e-01 3.057316e-02 
1.824613e-01 3.061366e-02 
1.841047e-01 3.065448e-02 
1.857609e-01 3.069562e-02 
1.874301e-01 3.073708e-02 
1.891124e-01 3.077886e-02 
1.908081e-01 3.082098e-02 
1.925173e-01 3.086343e-02 
1.942401e-01 3.090622e-02 
1.959767e-01 3.094936e-02 
1.977273e-01 3.099284e-02 
1.994921e-01 3.103667e-02 
2.012711e-01 3.108086e-02 
2.030647e-01 3.112541e-02 
2.048729e-01 3.117032e-02 
2.066960e-01 3.121560e-02 
2.085340e-01 3.126126e-02 
2.103872e-01 3.130729e-02 
2.122558e-01 3.135370e-02 
2.141400e-01 3.140050e-02 
2.160398e-01 3.144769e-02 
2.179556e-01 3.149527e-02 
2.198874e-01 3.154325e-02 
2.218356e-01 3.159164e-02 
2.238001e-01 3.164044e-02 
2.257813e-01 3.168965e-02 
2.277794e-01 3.173927e-02 
2.297945e-01 3.178932e-02 
2.318268e-01 3.183980e-02 
2.338765e-01 3.189071e-02 
2.359438e-01 3.194206e-02 
2.380289e-01 3.199385e-02 
2.401320e-01 3.204609e-02 
2.422534e-01 3.209878e-02 
2.443931e-01 3.215192e-02 
2.465515e-01 3.220553e-02 
2.487287e-01 3.225961e-02 
2.509249e-01 3.231416e-02 
2.531404e-01 3.236919e-02 
2.553753e-01 3.242470e-02 
2.576299e-01 3.248070e-02 
2.599044e-01 3.253719e-02 
2.621989e-01 3.259419e-02 
2.645138e-01 3.265168e-02 
2.668493e-01 3.270969e-02 
2.692055e-01 3.276821e-02 
2.715827e-01 3.282726e-02 
2.739811e-01 3.288683e-02 
2.764010e-01 3.294694e-02 
2.788426e-01 3.300758e-02 
2.813060e-01 3.306877e-02 
2.837916e-01 3.313050e-02 
2.862997e-01 3.319280e-02 
2.888303e-01 3.325565e-02 
2.913838e-01 3.331908e-02 
2.939604e-01 3.338308e-02 
2.965604e-01 3.344766e-02 
2.991841e-01 3.351282e-02 
3.018315e-01 3.357858e-02 
3.045031e-01 3.364494e-02 
3.071991e-01 3.371190e-02 
3.099197e-01 3.377947e-02 
3.126652e-01 3.384767e-02 
3.154358e-01 3.391648e-02 
3.182319e-01 3.398593e-02 
3.210536e-01 3.405602e-02 
3.239013e-01 3.412675e-02 
3.267753e-01 3.419813e-02 
3.296757e-01 3.427017e-02 
3.326029e-01 3.434288e-02 
3.355572e-01 3.441626e-02 
3.385389e-01 3.449032e-02 
3.415482e-01 3.456506e-02 
3.445854e-01 3.464050e-02 
3.476508e-01 3.471664e-02 
3.507447e-01 3.479348e-02 
3.538674e-01 3.487105e-02 
3.570192e-01 3.494933e-02 
3.602004e-01 3.502835e-02 
3.634114e-01 3.510810e-02 
3.666523e-01 3.518860e-02 
3.699236e-01 3.526985e-02 
3.732255e-01 3.535186e-02 
3.765583e-01 3.543464e-02 
3.799225e-01 3.551820e-02 
3.833182e-01 3.560254e-02 
3.867458e-01 3.568768e-02 
3.902057e-01 3.577362e-02 
3.936982e-01 3.586036e-02 
3.972236e-01 3.594793e-02 
4.007823e-01 3.603632e-02 
4.043745e-01 3.612554e-02 
4.080007e-01 3.621561e-02 
4.116612e-01 3.630653e-02 
4.153563e-01 3.639831e-02 
4.190863e-01 3.649095e-02 
4.228518e-01 3.658448e-02 
4.266529e-01 3.667889e-02 
4.304901e-01 3.677420e-02 
4.343638e-01 3.687042e-02 
4.382743e-01 3.696754e-02 
4.422219e-01 3.706560e-02 
4.462071e-01 3.716458e-02 
4.502303e-01 3.726451e-02 
4.542918e-01 3.736539e-02 
4.583920e-01 3.746723e-02 
4.625313e-01 3.757004e-02 
4.667101e-01 3.767383e-02 
4.709288e-01 3.777862e-02 
4.751879e-01 3.788440e-02 
4.794876e-01 3.799120e-02 
4.838285e-01 3.809902e-02 
4.882110e-01 3.820787e-02 
4.926354e-01 3.831776e-02 
4.971022e-01 3.842871e-02 
5.016118e-01 3.854072e-02 
5.061646e-01 3.865380e-02 
5.107612e-01 3.876797e-02 
5.154019e-01 3.888324e-02 
5.200871e-01 3.899961e-02 
5.248174e-01 3.911710e-02 
5.295931e-01 3.923572e-02 
5.344148e-01 3.935548e-02 
5.392828e-01 3.947639e-02 
5.441977e-01 3.959847e-02 
5.491600e-01 3.972172e-02 
5.541700e-01 3.984616e-02 
5.592284e-01 3.997180e-02 
5.643355e-01 4.009865e-02 
5.694918e-01 4.022673e-02 
5.746979e-01 4.035603e-02 
5.799543e-01 4.048659e-02 
5.852614e-01 4.061841e-02 
5.906198e-01 4.075150e-02 
5.960299e-01 4.088588e-02 
6.014923e-01 4.102155e-02 
6.070076e-01 4.115854e-02 
6.125762e-01 4.129685e-02 
6.181986e-01 4.143651e-02 
6.238755e-01 4.157751e-02 
6.296074e-01 4.171988e-02 
6.353947e-01 4.186362e-02 
6.412381e-01 4.200876e-02 
6.471382e-01 4.215531e-02 
6.530954e-01 4.230327e-02 
6.591104e-01 4.245267e-02 
6.651837e-01 4.260352e-02 
6.713159e-01 4.275583e-02 
6.775077e-01 4.290962e-02 
6.837595e-01 4.306491e-02 
6.900720e-01 4.322170e-02 
6.964458e-01 4.338001e-02 
7.028815e-01 4.353986e-02 
7.093798e-01 4.370126e-02 
7.159412e-01 4.386424e-02 
7.225664e-01 4.402879e-02 
7.292560e-01 4.419495e-02 
7.360106e-01 4.436272e-02 
7.428310e-01 4.453212e-02 
7.497177e-01 4.470318e-02 
7.566714e-01 4.487589e-02 
7.636928e-01 4.505029e-02 
7.707825e-01 4.522638e-02 
7.779413e-01 4.540419e-02 
7.851698e-01 4.558373e-02 
7.924687e-01 4.576502e-02 
7.998387e-01 4.594808e-02 
8.072805e-01 4.613292e-02 
8.147948e-01 4.631956e-02 
8.223824e-01 4.650802e-02 
8.300440e-01 4.669832e-02 
8.377803e-01 4.689048e-02 
8.455921e-01 4.708451e-02 
8.534800e-01 4.728043e-02 
8.614450e-01 4.747826e-02 
8.694876e-01 4.767803e-02 
8.776088e-01 4.787975e-02 
8.858092e-01 4.808344e-02 
8.940897e-01 4.828912e-02 
9.024511e-01 4.849682e-02 
9.108941e-01 4.870656e-02 
9.194197e-01 4.891835e-02 
9.280286e-01 4.913224e-02 
9.367216e-01 4.934824e-02 
9.454996e-01 4.956640e-02 
9.543635e-01 4.978674e-02 
9.633141e-01 5.000935e-02 
9.723523e-01 5.023421e-02 
9.814789e-01 5.046107e-02 
9.906950e-01 5.069032e-02 
1.000000e+00 5.091964e-02 
5.000000e-02 2.764715e-02 
5.099935e-02 2.766927e-02 
5.199873e-02 2.769473e-02 
5.299836e-02 2.772103e-02 
5.399830e-02 2.774725e-02 
5.499867e-02 2.777324e-02 
5.599955e-02 2.779912e-02 
5.700103e-02 2.782487e-02 
5.800321e-02 2.785057e-02 
5.900617e-02 2.787623e-02 
6.001002e-02 2.790188e-02 
6.101484e-02 2.792752e-02 
6.202073e-02 2.795318e-02 
6.302778e-02 2.797885e-02 
6.403609e-02 2.800454e-02 
6.504576e-02 2.803027e-02 
6.605687e-02 2.805602e-02 
6.706953e-02 2.808182e-02 
6.808383e-02 2.810765e-02 
6.909987e-02 2.813353e-02 
7.011774e-02 2.815945e-02 
7.113755e-02 2.818542e-02 
7.215938e-02 2.821144e-02 
7.318333e-02 2.823752e-02 
7.420951e-02 2.826365e-02 
7.523802e-02 2.828984e-02 
7.626894e-02 2.831609e-02 
7.730237e-02 2.834241e-02 
7.833843e-02 2.836880e-02 
7.937720e-02 2.839525e-02 
8.041879e-02 2.842177e-02 
8.146329e-02 2.844837e-02 
8.251080e-02 2.847505e-02 
8.356143e-02 2.850180e-02 
8.461528e-02 2.852864e-02 
8.567244e-02 2.855556e-02 
8.673301e-02 2.858257e-02 
8.779711e-02 2.860966e-02 
8.886483e-02 2.863685e-02 
8.993627e-02 2.866414e-02 
9.101153e-02 2.869152e-02 
9.209072e-02 2.871900e-02 
9.317395e-02 2.874659e-02 
9.426131e-02 2.877428e-02 
9.535291e-02 2.880208e-02 
9.644885e-02 2.882998e-02 
9.754924e-02 2.885801e-02 
9.865419e-02 2.888614e-02 
9.976379e-02 2.891440e-02 
1.008782e-01 2.894278e-02 
1.019974e-01 2.897128e-02 
1.031216e-01 2.899991e-02 
1.042509e-01 2.902867e-02 
1.053855e-01 2.905756e-02 
1.065253e-01 2.908658e-02 
1.076705e-01 2.911575e-02 
1.088212e-01 2.914505e-02 
1.099776e-01 2.917450e-02 
1.111398e-01 2.920409e-02 
1.123077e-01 2.923384e-02 
1.134817e-01 2.926373e-02 
1.146617e-01 2.929378e-02 
1.158479e-01 2.932399e-02 
1.170405e-01 2.935436e-02 
1.182394e-01 2.938489e-02 
1.194449e-01 2.941559e-02 
1.206570e-01 2.944645e-02 
1.218759e-01 2.947749e-02 
1.231017e-01 2.950871e-02 
1.243345e-01 2.954010e-02 
1.255744e-01 2.957168e-02 
1.268216e-01 2.960344e-02 
1.280761e-01 2.963538e-02 
1.293381e-01 2.966752e-02 
1.306076e-01 2.969985e-02 
1.318849e-01 2.973238e-02 
1.331701e-01 2.976510e-02 
1.344632e-01 2.979803e-02 
1.357644e-01 2.983117e-02 
1.370738e-01 2.986451e-02 
1.383915e-01 2.989807e-02 
1.397178e-01 2.993184e-02 
1.410526e-01 2.996583e-02 
1.423961e-01 3.000005e-02 
1.437485e-01 3.003449e-02 
1.451098e-01 3.006915e-02 
1.464803e-01 3.010405e-02 
1.478600e-01 3.013919e-02 
1.492491e-01 3.017456e-02 
1.506476e-01 3.021018e-02 
1.520559e-01 3.024604e-02 
1.534738e-01 3.028215e-02 
1.549018e-01 3.031851e-02 
1.563397e-01 3.035513e-02 
1.577878e-01 3.039200e-02 
1.592463e-01 3.042914e-02 
1.607152e-01 3.046655e-02 
1.621947e-01 3.050423e-02 
1.636850e-01 3.054218e-02 
1.651862e-01 3.058040e-02 
1.666983e-01 3.061891e-02 
1.682217e-01 3.065771e-02 
1.697564e-01 3.069679e-02 
1.713026e-01 3.073616e-02 
1.728603e-01 3.077583e-02 
1.744299e-01 3.081580e-02 
1.760113e-01 3.085607e-02 
1.776048e-01 3.089665e-02 
1.792106e-01 3.093754e-02 
1.808287e-01 3.097875e-02 
1.824594e-01 3.102027e-02 
1.841027e-01 3.106212e-02 
1.857589e-01 3.110430e-02 
1.874281e-01 3.114680e-02 
1.891104e-01 3.118964e-02 
1.908061e-01 3.123283e-02 
1.925152e-01 3.127635e-02 
1.942380e-01 3.132022e-02 
1.959746e-01 3.136444e-02 
1.977252e-01 3.140902e-02 
1.994899e-01 3.145396e-02 
2.012690e-01 3.149927e-02 
2.030625e-01 3.154494e-02 
2.048707e-01 3.159099e-02 
2.066938e-01 3.163741e-02 
2.085318e-01 3.168422e-02 
2.103850e-01 3.173141e-02 
2.122536e-01 3.177900e-02 
2.141378e-01 3.182698e-02 
2.160376e-01 3.187536e-02 
2.179533e-01 3.192414e-02 
2.198852e-01 3.197334e-02 
2.218333e-01 3.202295e-02 
2.237978e-01 3.207297e-02 
2.257790e-01 3.212343e-02 
2.277771e-01 3.217431e-02 
2.297921e-01 3.222562e-02 
2.318244e-01 3.227737e-02 
2.338741e-01 3.232957e-02 
2.359414e-01 3.238221e-02 
2.380265e-01 3.243531e-02 
2.401296e-01 3.248887e-02 
2.422510e-01 3.254289e-02 
2.443907e-01 3.259738e-02 
2.465490e-01 3.265234e-02 
2.487262e-01 3.270778e-02 
2.509224e-01 3.276371e-02 
2.531379e-01 3.282013e-02 
2.553728e-01 3.287704e-02 
2.576274e-01 3.293446e-02 
2.599018e-01 3.299238e-02 
2.621964e-01 3.305081e-02 
2.645113e-01 3.310976e-02 
2.668467e-01 3.316923e-02 
2.692029e-01 3.322923e-02 
2.715801e-01 3.328977e-02 
2.739785e-01 3.335084e-02 
2.763984e-01 3.341247e-02 
2.788399e-01 3.347464e-02 
2.813034e-01 3.353737e-02 
2.837890e-01 3.360067e-02 
2.862970e-01 3.366454e-02 
2.888276e-01 3.372898e-02 
2.913811e-01 3.379401e-02 
2.939577e-01 3.385962e-02 
2.965577e-01 3.392583e-02 
2.991813e-01 3.399264e-02 
3.018288e-01 3.406006e-02 
3.045004e-01 3.412810e-02 
3.071963e-01 3.419675e-02 
3.099169e-01 3.426603e-02 
3.126624e-01 3.433594e-02 
3.154330e-01 3.440650e-02 
3.182291e-01 3.447770e-02 
3.210508e-01 3.454956e-02 
3.238985e-01 3.462208e-02 
3.267724e-01 3.469526e-02 
3.296729e-01 3.476912e-02 
3.326001e-01 3.484367e-02 
3.355544e-01 3.491890e-02 
3.385360e-01 3.499483e-02 
3.415453e-01 3.507146e-02 
3.445825e-01 3.514880e-02 
3.476479e-01 3.522686e-02 
3.507418e-01 3.530565e-02 
3.538645e-01 3.538517e-02 
3.570163e-01 3.546543e-02 
3.601975e-01 3.554645e-02 
3.634084e-01 3.562821e-02 
3.666494e-01 3.571074e-02 
3.699206e-01 3.579405e-02 
3.732225e-01 3.587813e-02 
3.765554e-01 3.596301e-02 
3.799195e-01 3.604867e-02 
3.833152e-01 3.613515e-02 
3.867429e-01 3.622243e-02 
3.902028e-01 3.631054e-02 
3.936952e-01 3.639948e-02 
3.972206e-01 3.648925e-02 
4.007793e-01 3.657988e-02 
4.043715e-01 3.667135e-02 
4.079977e-01 3.676370e-02 
4.116582e-01 3.685691e-02 
4.153533e-01 3.695101e-02 
4.190833e-01 3.704600e-02 
4.228488e-01 3.714189e-02 
4.266499e-01 3.723868e-02 
4.304871e-01 3.733640e-02 
4.343608e-01 3.743504e-02 
4.382713e-01 3.753463e-02 
4.422189e-01 3.763515e-02 
4.462041e-01 3.773664e-02 
4.502273e-01 3.783909e-02 
4.542888e-01 3.794252e-02 
4.583890e-01 3.804693e-02 
4.625283e-01 3.815234e-02 
4.667071e-01 3.825876e-02 
4.709258e-01 3.836619e-02 
4.751849e-01 3.847465e-02 
4.794846e-01 3.858414e-02 
4.838255e-01 3.869468e-02 
4.882080e-01 3.880628e-02 
4.926324e-01 3.891895e-02 
4.970992e-01 3.903270e-02 
5.016088e-01 3.914754e-02 
5.061617e-01 3.926348e-02 
5.107582e-01 3.938054e-02 
5.153989e-01 3.949871e-02 
5.200842e-01 3.961802e-02 
5.248144e-01 3.973848e-02 
5.295902e-01 3.986010e-02 
5.344119e-01 3.998289e-02 
5.392799e-01 4.010685e-02 
5.441949e-01 4.023201e-02 
5.491571e-01 4.035838e-02 
5.541672e-01 4.048596e-02 
5.592255e-01 4.061477e-02 
5.643326e-01 4.074483e-02 
5.694890e-01 4.087614e-02 
5.746951e-01 4.100871e-02 
5.799515e-01 4.114257e-02 
5.852586e-01 4.127772e-02 
5.906170e-01 4.141417e-02 
5.960271e-01 4.155194e-02 
6.014896e-01 4.169105e-02 
6.070049e-01 4.183150e-02 
6.125735e-01 4.197330e-02 
6.181960e-01 4.211648e-02 
6.238729e-01 4.226105e-02 
6.296047e-01 4.240701e-02 
6.353921e-01 4.255439e-02 
6.412355e-01 4.270319e-02 
6.471356e-01 4.285344e-02 
6.530928e-01 4.300515e-02 
6.591078e-01 4.315832e-02 
6.651812e-01 4.331298e-02 
6.713134e-01 4.346914e-02 
6.775052e-01 4.362682e-02 
6.837570e-01 4.378602e-02 
6.900696e-01 4.394677e-02 
6.964434e-01 4.410909e-02 
7.028792e-01 4.427298e-02 
7.093775e-01 4.443846e-02 
7.159389e-01 4.460555e-02 
7.225641e-01 4.477426e-02 
7.292538e-01 4.494462e-02 
7.360084e-01 4.511663e-02 
7.428288e-01 4.529031e-02 
7.497156e-01 4.546568e-02 
7.566693e-01 4.564276e-02 
7.636907e-01 4.582157e-02 
7.707805e-01 4.600211e-02 
7.779393e-01 4.618441e-02 
7.851678e-01 4.636849e-02 
7.924668e-01 4.655436e-02 
7.998368e-01 4.674204e-02 
8.072787e-01 4.693155e-02 
8.147931e-01 4.712291e-02 
8.223808e-01 4.731614e-02 
8.300424e-01 4.751124e-02 
8.377787e-01 4.770825e-02 
8.455906e-01 4.790719e-02 
8.534786e-01 4.810806e-02 
8.614436e-01 4.831090e-02 
8.694863e-01 4.851571e-02 
8.776075e-01 4.872254e-02 
8.858080e-01 4.893138e-02 
8.940886e-01 4.914227e-02 
9.024500e-01 4.935523e-02 
9.108932e-01 4.957028e-02 
9.194188e-01 4.978746e-02 
9.280278e-01 5.000680e-02 
9.367209e-01 5.022831e-02 
9.454991e-01 5.045209e-02 
9.543632e-01 5.067813e-02 
9.633140e-01 5.090658e-02 
9.723525e-01 5.113741e-02 
9.814793e-01 5.137003e-02 
9.906955e-01 5.160519e-02 
1.000000e+00 5.183928e-02 
5.000000e-02 2.797072e-02 
5.099945e-02 2.799266e-02 
5.199891e-02 2.801859e-02 
5.299860e-02 2.804574e-02 
5.399860e-02 2.807281e-02 
5.499901e-02 2.809958e-02 
5.599993e-02 2.812621e-02 
5.700144e-02 2.815265e-02 
5.800364e-02 2.817904e-02 
5.900663e-02 2.820536e-02 
6.001049e-02 2.823167e-02 
6.101532e-02 2.825796e-02 
6.202122e-02 2.828425e-02 
6.302828e-02 2.831056e-02 
6.403659e-02 2.833690e-02 
6.504626e-02 2.836326e-02 
6.605737e-02 2.838965e-02 
6.707003e-02 2.841608e-02 
6.808432e-02 2.844255e-02 
6.910035e-02 2.846907e-02 
7.011822e-02 2.849563e-02 
7.113801e-02 2.852224e-02 
7.215983e-02 2.854890e-02 
7.318378e-02 2.857562e-02 
7.420995e-02 2.860240e-02 
7.523844e-02 2.862923e-02 
7.626934e-02 2.865613e-02 
7.730277e-02 2.868310e-02 
7.833881e-02 2.871013e-02 
7.937757e-02 2.873724e-02 
8.041914e-02 2.876441e-02 
8.146363e-02 2.879167e-02 
8.251112e-02 2.881900e-02 
8.356174e-02 2.884641e-02 
8.461557e-02 2.887391e-02 
8.567271e-02 2.890149e-02 
8.673328e-02 2.892917e-02 
8.779736e-02 2.895693e-02 
8.886506e-02 2.898479e-02 
8.993648e-02 2.901275e-02 
9.101173e-02 2.904080e-02 
9.209091e-02 2.906896e-02 
9.317411e-02 2.909722e-02 
9.426146e-02 2.912560e-02 
9.535304e-02 2.915408e-02 
9.644897e-02 2.918267e-02 
9.754934e-02 2.921139e-02 
9.865427e-02 2.924022e-02 
9.976386e-02 2.926917e-02 
1.008782e-01 2.929825e-02 
1.019974e-01 2.932745e-02 
1.031217e-01 2.935678e-02 
1.042509e-01 2.938625e-02 
1.053854e-01 2.941585e-02 
1.065252e-01 2.944559e-02 
1.076704e-01 2.947547e-02 
1.088212e-01 2.950550e-02 
1.099775e-01 2.953567e-02 
1.111397e-01 2.956599e-02 
1.123076e-01 2.959647e-02 
1.134816e-01 2.962710e-02 
1.146616e-01 2.965789e-02 
1.158478e-01 2.968884e-02 
1.170403e-01 2.971996e-02 
1.182392e-01 2.975124e-02 
1.194447e-01 2.978270e-02 
1.206568e-01 2.981432e-02 
1.218757e-01 2.984613e-02 
1.231015e-01 2.987811e-02 
1.243342e-01 2.991028e-02 
1.255741e-01 2.994263e-02 
1.268213e-01 2.997517e-02 
1.280758e-01 3.000790e-02 
1.293377e-01 3.004083e-02 
1.306073e-01 3.007396e-02 
1.318846e-01 3.010729e-02 
1.331697e-01 3.014082e-02 
1.344628e-01 3.017456e-02 
1.357640e-01 3.020851e-02 
1.370733e-01 3.024268e-02 
1.383911e-01 3.027706e-02 
1.397173e-01 3.031166e-02 
1.410521e-01 3.034649e-02 
1.423956e-01 3.038155e-02 
1.437479e-01 3.041683e-02 
1.451093e-01 3.045236e-02 
1.464797e-01 3.048811e-02 
1.478594e-01 3.052411e-02 
1.492485e-01 3.056036e-02 
1.506470e-01 3.059685e-02 
1.520552e-01 3.063359e-02 
1.534732e-01 3.067059e-02 
1.549011e-01 3.070785e-02 
1.563390e-01 3.074537e-02 
1.577872e-01 3.078316e-02 
1.592456e-01 3.082121e-02 
1.607145e-01 3.085954e-02 
1.621940e-01 3.089814e-02 
1.636843e-01 3.093703e-02 
1.651854e-01 3.097620e-02 
1.666976e-01 3.101565e-02 
1.682209e-01 3.105540e-02 
1.697556e-01 3.109545e-02 
1.713017e-01 3.113579e-02 
1.728595e-01 3.117643e-02 
1.744290e-01 3.121739e-02 
1.760105e-01 3.125865e-02 
1.776040e-01 3.130023e-02 
1.792097e-01 3.134213e-02 
1.808278e-01 3.138435e-02 
1.824584e-01 3.142690e-02 
1.841018e-01 3.146978e-02 
1.857579e-01 3.151299e-02 
1.874271e-01 3.155654e-02 
1.891094e-01 3.160044e-02 
1.908051e-01 3.164468e-02 
1.925142e-01 3.168928e-02 
1.942370e-01 3.173423e-02 
1.959736e-01 3.177954e-02 
1.977242e-01 3.182522e-02 
1.994889e-01 3.187127e-02 
2.012679e-01 3.191769e-02 
2.030615e-01 3.196449e-02 
2.048697e-01 3.201167e-02 
2.066927e-01 3.205924e-02 
2.085307e-01 3.210719e-02 
2.103839e-01 3.215555e-02 
2.122525e-01 3.220431e-02 
2.141366e-01 3.225347e-02 
2.160364e-01 3.230304e-02 
2.179522e-01 3.235303e-02 
2.198840e-01 3.240343e-02 
2.218321e-01 3.245426e-02 
2.237966e-01 3.250552e-02 
2.257778e-01 3.255722e-02 
2.277758e-01 3.260935e-02 
2.297909e-01 3.266193e-02 
2.318231e-01 3.271496e-02 
2.338728e-01 3.276844e-02 
2.359401e-01 3.282238e-02 
2.380252e-01 3.287679e-02 
2.401283e-01 3.293166e-02 
2.422496e-01 3.298701e-02 
2.443893e-01 3.304285e-02 
2.465477e-01 3.309916e-02 
2.487249e-01 3.315597e-02 
2.509211e-01 3.321328e-02 
2.531365e-01 3.327108e-02 
2.553714e-01 3.332940e-02 
2.576260e-01 3.338823e-02 
2.599004e-01 3.344757e-02 
2.621950e-01 3.350744e-02 
2.645098e-01 3.356785e-02 
2.668453e-01 3.362878e-02 
2.692014e-01 3.369026e-02 
2.715786e-01 3.375229e-02 
2.739770e-01 3.381487e-02 
2.763969e-01 3.387801e-02 
2.788384e-01 3.394172e-02 
2.813019e-01 3.400600e-02 
2.837875e-01 3.407085e-02 
2.862955e-01 3.413629e-02 
2.888261e-01 3.420232e-02 
2.913796e-01 3.426895e-02 
2.939562e-01 3.433618e-02 
2.965562e-01 3.440402e-02 
2.991798e-01 3.447248e-02 
3.018272e-01 3.454156e-02 
3.044988e-01 3.461127e-02 
3.071947e-01 3.468161e-02 
3.099153e-01 3.475260e-02 
3.126608e-01 3.482424e-02 
3.154314e-01 3.489653e-02 
3.182275e-01 3.496949e-02 
3.210492e-01 3.504311e-02 
3.238969e-01 3.511742e-02 
3.267708e-01 3.519241e-02 
3.296713e-01 3.526809e-02 
3.325985e-01 3.534447e-02 
3.355528e-01 3.542155e-02 
3.385344e-01 3.549935e-02 
3.415436e-01 3.557787e-02 
3.445808e-01 3.565712e-02 
3.476462e-01 3.573711e-02 
3.507401e-01 3.581783e-02 
3.538628e-01 3.589931e-02 
3.570146e-01 3.598155e-02 
3.601959e-01 3.606456e-02 
3.634068e-01 3.614834e-02 
3.666477e-01 3.623291e-02 
3.699190e-01 3.631826e-02 
3.732209e-01 3.640442e-02 
3.765537e-01 3.649138e-02 
3.799179e-01 3.657916e-02 
3.833136e-01 3.666777e-02 
3.867412e-01 3.675720e-02 
3.902011e-01 3.684748e-02 
3.936936e-01 3.693861e-02 
3.972190e-01 3.703060e-02 
4.007776e-01 3.712345e-02 
4.043699e-01 3.721718e-02 
4.079961e-01 3.731180e-02 
4.116565e-01 3.740731e-02 
4.153516e-01 3.750373e-02 
4.190817e-01 3.760106e-02 
4.228472e-01 3.769931e-02 
4.266483e-01 3.779849e-02 
4.304856e-01 3.789861e-02 
4.343592e-01 3.799969e-02 
4.382697e-01 3.810172e-02 
4.422173e-01 3.820473e-02 
4.462026e-01 3.830872e-02 
4.502257e-01 3.841369e-02 
4.542872e-01 3.851967e-02 
4.583874e-01 3.862665e-02 
4.625268e-01 3.873466e-02 
4.667056e-01 3.884370e-02 
4.709243e-01 3.895378e-02 
4.751834e-01 3.906491e-02 
4.794832e-01 3.917710e-02 
4.838241e-01 3.929037e-02 
4.882065e-01 3.940472e-02 
4.926310e-01 3.952016e-02 
4.970978e-01 3.963671e-02 
5.016074e-01 3.975438e-02 
5.061603e-01 3.987318e-02 
5.107569e-01 3.999312e-02 
5.153976e-01 4.011421e-02 
5.200828e-01 4.023646e-02 
5.248131e-01 4.035989e-02 
5.295889e-01 4.048450e-02 
5.344106e-01 4.061031e-02 
5.392787e-01 4.073733e-02 
5.441936e-01 4.086558e-02 
5.491559e-01 4.099506e-02 
5.541660e-01 4.112578e-02 
5.592244e-01 4.125777e-02 
5.643315e-01 4.139103e-02 
5.694879e-01 4.152557e-02 
5.746940e-01 4.166142e-02 
5.799504e-01 4.179857e-02 
5.852576e-01 4.193705e-02 
5.906160e-01 4.207687e-02 
5.960262e-01 4.221803e-02 
6.014887e-01 4.236056e-02 
6.070039e-01 4.250447e-02 
6.125726e-01 4.264978e-02 
6.181951e-01 4.279648e-02 
6.238721e-01 4.294461e-02 
6.296040e-01 4.309417e-02 
6.353914e-01 4.324518e-02 
6.412348e-01 4.339765e-02 
6.471349e-01 4.355160e-02 
6.530922e-01 4.370705e-02 
6.591073e-01 4.386400e-02 
6.651806e-01 4.402247e-02 
6.713129e-01 4.418248e-02 
6.775047e-01 4.434404e-02 
6.837566e-01 4.450717e-02 
6.900692e-01 4.467188e-02 
6.964431e-01 4.483819e-02 
7.028789e-01 4.500612e-02 
7.093772e-01 4.517568e-02 
7.159387e-01 4.534689e-02 
7.225640e-01 4.551976e-02 
7.292537e-01 4.569431e-02 
7.360084e-01 4.587056e-02 
7.428288e-01 4.604853e-02 
7.497156e-01 4.622822e-02 
7.566694e-01 4.640967e-02 
7.636909e-01 4.659288e-02 
7.707807e-01 4.677787e-02 
7.779396e-01 4.696467e-02 
7.851682e-01 4.715328e-02 
7.924672e-01 4.734373e-02 
7.998373e-01 4.753604e-02 
8.072792e-01 4.773022e-02 
8.147936e-01 4.792629e-02 
8.223813e-01 4.812428e-02 
8.300430e-01 4.832420e-02 
8.377794e-01 4.852606e-02 
8.455913e-01 4.872990e-02 
8.534793e-01 4.893572e-02 
8.614444e-01 4.914356e-02 
8.694871e-01 4.935343e-02 
8.776084e-01 4.956535e-02 
8.858089e-01 4.977934e-02 
8.940895e-01 4.999543e-02 
9.024510e-01 5.021365e-02 
9.108942e-01 5.043402e-02 
9.194198e-01 5.065656e-02 
9.280288e-01 5.088134e-02 
9.367219e-01 5.110835e-02 
9.455001e-01 5.133772e-02 
9.543641e-01 5.156941e-02 
9.633150e-01 5.180365e-02 
9.723534e-01 5.204034e-02 
9.814801e-01 5.227863e-02 
9.906962e-01 5.251956e-02 
1.000000e+00 5.275892e-02 
5.000000e-02 2.829429e-02 
5.099960e-02 2.831643e-02 
5.199919e-02 2.834289e-02 
5.299898e-02 2.837078e-02 
5.399908e-02 2.839860e-02 
5.499957e-02 2.842609e-02 
5.600056e-02 2.845341e-02 
5.700213e-02 2.848052e-02 
5.800438e-02 2.850757e-02 
5.900741e-02 2.853454e-02 
6.001131e-02 2.856149e-02 
6.101617e-02 2.858842e-02 
6.202209e-02 2.861535e-02 
6.302916e-02 2.864230e-02 
6.403749e-02 2.866927e-02 
6.504717e-02 2.869626e-02 
6.605828e-02 2.872329e-02 
6.707094e-02 2.875036e-02 
6.808524e-02 2.877747e-02 
6.910127e-02 2.880462e-02 
7.011913e-02 2.883182e-02 
7.113892e-02 2.885907e-02 
7.216073e-02 2.888638e-02 
7.318467e-02 2.891374e-02 
7.421083e-02 2.894116e-02 
7.523931e-02 2.896864e-02 
7.627021e-02 2.899618e-02 
7.730362e-02 2.902380e-02 
7.833965e-02 2.905148e-02 
7.937839e-02 2.907923e-02 
8.041995e-02 2.910707e-02 
8.146442e-02 2.913497e-02 
8.251191e-02 2.916296e-02 
8.356251e-02 2.919103e-02 
8.461632e-02 2.921919e-02 
8.567345e-02 2.924744e-02 
8.673400e-02 2.927578e-02 
8.779806e-02 2.930421e-02 
8.886575e-02 2.933274e-02 
8.993716e-02 2.936137e-02 
9.101239e-02 2.939010e-02 
9.209155e-02 2.941893e-02 
9.317474e-02 2.944787e-02 
9.426207e-02 2.947693e-02 
9.535364e-02 2.950609e-02 
9.644955e-02 2.953538e-02 
9.754991e-02 2.956478e-02 
9.865482e-02 2.959430e-02 
9.976439e-02 2.962395e-02 
1.008787e-01 2.965373e-02 
1.019979e-01 2.968363e-02 
1.031221e-01 2.971367e-02 
1.042514e-01 2.974384e-02 
1.053859e-01 2.977416e-02 
1.065257e-01 2.980461e-02 
1.076709e-01 2.983521e-02 
1.088216e-01 2.986596e-02 
1.099779e-01 2.989686e-02 
1.111400e-01 2.992791e-02 
1.123080e-01 2.995912e-02 
1.134819e-01 2.999048e-02 
1.146619e-01 3.002201e-02 
1.158481e-01 3.005371e-02 
1.170406e-01 3.008557e-02 
1.182395e-01 3.011761e-02 
1.194449e-01 3.014982e-02 
1.206571e-01 3.018220e-02 
1.218759e-01 3.021477e-02 
1.231017e-01 3.024753e-02 
1.243344e-01 3.028046e-02 
1.255743e-01 3.031359e-02 
1.268214e-01 3.034692e-02 
1.280759e-01 3.038044e-02 
1.293378e-01 3.041416e-02 
1.306074e-01 3.044808e-02 
1.318847e-01 3.048221e-02 
1.331698e-01 3.051655e-02 
1.344628e-01 3.055110e-02 
1.357640e-01 3.058586e-02 
1.370734e-01 3.062085e-02 
1.383911e-01 3.065606e-02 
1.397173e-01 3.069150e-02 
1.410521e-01 3.072716e-02 
1.423956e-01 3.076306e-02 
1.437479e-01 3.079919e-02 
1.451092e-01 3.083557e-02 
1.464797e-01 3.087219e-02 
1.478593e-01 3.090905e-02 
1.492484e-01 3.094617e-02 
1.506469e-01 3.098354e-02 
1.520551e-01 3.102116e-02 
1.534731e-01 3.105905e-02 
1.549009e-01 3.109720e-02 
1.563389e-01 3.113563e-02 
1.577870e-01 3.117432e-02 
1.592454e-01 3.121329e-02 
1.607143e-01 3.125254e-02 
1.621938e-01 3.129207e-02 
1.636840e-01 3.133189e-02 
1.651851e-01 3.137200e-02 
1.666973e-01 3.141240e-02 
1.682206e-01 3.145311e-02 
1.697553e-01 3.149411e-02 
1.713014e-01 3.153543e-02 
1.728592e-01 3.157705e-02 
1.744287e-01 3.161899e-02 
1.760101e-01 3.166124e-02 
1.776036e-01 3.170382e-02 
1.792093e-01 3.174673e-02 
1.808274e-01 3.178996e-02 
1.824580e-01 3.183353e-02 
1.841013e-01 3.187744e-02 
1.857575e-01 3.192170e-02 
1.874266e-01 3.196629e-02 
1.891089e-01 3.201125e-02 
1.908046e-01 3.205655e-02 
1.925137e-01 3.210222e-02 
1.942365e-01 3.214825e-02 
1.959731e-01 3.219466e-02 
1.977236e-01 3.224143e-02 
1.994883e-01 3.228859e-02 
2.012674e-01 3.233612e-02 
2.030609e-01 3.238404e-02 
2.048691e-01 3.243236e-02 
2.066921e-01 3.248107e-02 
2.085301e-01 3.253018e-02 
2.103833e-01 3.257970e-02 
2.122518e-01 3.262963e-02 
2.141359e-01 3.267997e-02 
2.160358e-01 3.273073e-02 
2.179515e-01 3.278192e-02 
2.198833e-01 3.283354e-02 
2.218314e-01 3.288559e-02 
2.237959e-01 3.293809e-02 
2.257771e-01 3.299102e-02 
2.277751e-01 3.304441e-02 
2.297901e-01 3.309825e-02 
2.318224e-01 3.315256e-02 
2.338720e-01 3.320732e-02 
2.359393e-01 3.326256e-02 
2.380244e-01 3.331827e-02 
2.401275e-01 3.337447e-02 
2.422488e-01 3.343115e-02 
2.443885e-01 3.348832e-02 
2.465469e-01 3.354600e-02 
2.487240e-01 3.360417e-02 
2.509202e-01 3.366285e-02 
2.531356e-01 3.372205e-02 
2.553705e-01 3.378177e-02 
2.576251e-01 3.384201e-02 
2.598995e-01 3.390278e-02 
2.621941e-01 3.396409e-02 
2.645089e-01 3.402595e-02 
2.668444e-01 3.408835e-02 
2.692005e-01 3.415131e-02 
2.715777e-01 3.421482e-02 
2.739761e-01 3.427891e-02 
2.763959e-01 3.434357e-02 
2.788375e-01 3.440881e-02 
2.813009e-01 3.447463e-02 
2.837865e-01 3.454105e-02 
2.862945e-01 3.460806e-02 
2.888251e-01 3.467568e-02 
2.913786e-01 3.474391e-02 
2.939552e-01 3.481275e-02 
2.965552e-01 3.488223e-02 
2.991788e-01 3.495233e-02 
3.018262e-01 3.502307e-02 
3.044978e-01 3.509445e-02 
3.071937e-01 3.516649e-02 
3.099143e-01 3.523918e-02 
3.126598e-01 3.531254e-02 
3.154304e-01 3.538658e-02 
3.182265e-01 3.546129e-02 
3.210482e-01 3.553668e-02 
3.238959e-01 3.561277e-02 
3.267698e-01 3.568957e-02 
3.296702e-01 3.576707e-02 
3.325975e-01 3.584528e-02 
3.355517e-01 3.592422e-02 
3.385334e-01 3.600389e-02 
3.415426e-01 3.608430e-02 
3.445798e-01 3.616545e-02 
3.476452e-01 3.624736e-02 
3.507391e-01 3.633003e-02 
3.538618e-01 3.641347e-02 
3.570136e-01 3.649769e-02 
3.601948e-01 3.658269e-02 
3.634058e-01 3.666848e-02 
3.666467e-01 3.675508e-02 
3.699180e-01 3.684249e-02 
3.732199e-01 3.693072e-02 
3.765527e-01 3.701977e-02 
3.799169e-01 3.710966e-02 
3.833126e-01 3.720040e-02 
3.867402e-01 3.729199e-02 
3.902001e-01 3.738444e-02 
3.936926e-01 3.747776e-02 
3.972180e-01 3.757195e-02 
4.007767e-01 3.766704e-02 
4.043689e-01 3.776303e-02 
4.079951e-01 3.785992e-02 
4.116556e-01 3.795773e-02 
4.153507e-01 3.805646e-02 
4.190808e-01 3.815613e-02 
4.228463e-01 3.825675e-02 
4.266474e-01 3.835831e-02 
4.304847e-01 3.846085e-02 
4.343583e-01 3.856435e-02 
4.382688e-01 3.866884e-02 
4.422165e-01 3.877432e-02 
4.462017e-01 3.888081e-02 
4.502249e-01 3.898831e-02 
4.542864e-01 3.909683e-02 
4.583866e-01 3.920639e-02 
4.625260e-01 3.931700e-02 
4.667048e-01 3.942865e-02 
4.709236e-01 3.954138e-02 
4.751827e-01 3.965518e-02 
4.794825e-01 3.977008e-02 
4.838234e-01 3.988607e-02 
4.882059e-01 4.000317e-02 
4.926303e-01 4.012139e-02 
4.970971e-01 4.024074e-02 
5.016068e-01 4.036124e-02 
5.061597e-01 4.048290e-02 
5.107563e-01 4.060572e-02 
5.153970e-01 4.072972e-02 
5.200823e-01 4.085491e-02 
5.248126e-01 4.098131e-02 
5.295884e-01 4.110892e-02 
5.344101e-01 4.123775e-02 
5.392783e-01 4.136783e-02 
5.441932e-01 4.149916e-02 
5.491555e-01 4.163175e-02 
5.541656e-01 4.176562e-02 
5.592240e-01 4.190079e-02 
5.643312e-01 4.203725e-02 
5.694876e-01 4.217503e-02 
5.746938e-01 4.231414e-02 
5.799502e-01 4.245459e-02 
5.852574e-01 4.259640e-02 
5.906159e-01 4.273958e-02 
5.960261e-01 4.288414e-02 
6.014886e-01 4.303010e-02 
6.070039e-01 4.317748e-02 
6.125726e-01 4.332627e-02 
6.181952e-01 4.347651e-02 
6.238722e-01 4.362820e-02 
6.296041e-01 4.378136e-02 
6.353916e-01 4.393600e-02 
6.412351e-01 4.409214e-02 
6.471352e-01 4.424979e-02 
6.530925e-01 4.440897e-02 
6.591076e-01 4.456970e-02 
6.651811e-01 4.473198e-02 
6.713134e-01 4.489584e-02 
6.775053e-01 4.506128e-02 
6.837572e-01 4.522834e-02 
6.900698e-01 4.539701e-02 
6.964438e-01 4.556733e-02 
7.028796e-01 4.573929e-02 
7.093780e-01 4.591293e-02 
7.159396e-01 4.608826e-02 
7.225649e-01 4.626529e-02 
7.292546e-01 4.644404e-02 
7.360094e-01 4.662453e-02 
7.428299e-01 4.680677e-02 
7.497167e-01 4.699079e-02 
7.566706e-01 4.717660e-02 
7.636921e-01 4.736422e-02 
7.707820e-01 4.755366e-02 
7.779409e-01 4.774495e-02 
7.851696e-01 4.793810e-02 
7.924686e-01 4.813313e-02 
7.998388e-01 4.833006e-02 
8.072808e-01 4.852892e-02 
8.147953e-01 4.872971e-02 
8.223830e-01 4.893245e-02 
8.300448e-01 4.913718e-02 
8.377812e-01 4.934390e-02 
8.455931e-01 4.955264e-02 
8.534812e-01 4.976341e-02 
8.614463e-01 4.997625e-02 
8.694890e-01 5.019116e-02 
8.776103e-01 5.040818e-02 
8.858109e-01 5.062732e-02 
8.940915e-01 5.084862e-02 
9.024529e-01 5.107208e-02 
9.108961e-01 5.129776e-02 
9.194217e-01 5.152566e-02 
9.280306e-01 5.175586e-02 
9.367237e-01 5.198835e-02 
9.455017e-01 5.222326e-02 
9.543656e-01 5.246056e-02 
9.633164e-01 5.270051e-02 
9.723546e-01 5.294297e-02 
9.814809e-01 5.318695e-02 
9.906966e-01 5.343365e-02 
1.000000e+00 5.367857e-02 
5.000000e-02 2.861786e-02 
5.099975e-02 2.864041e-02 
5.199948e-02 2.866744e-02 
5.299940e-02 2.869602e-02 
5.399960e-02 2.872454e-02 
5.500018e-02 2.875269e-02 
5.600124e-02 2.878068e-02 
5.700288e-02 2.880844e-02 
5.800519e-02 2.883614e-02 
5.900826e-02 2.886374e-02 
6.001219e-02 2.889133e-02 
6.101708e-02 2.891889e-02 
6.202303e-02 2.894647e-02 
6.303012e-02 2.897404e-02 
6.403847e-02 2.900165e-02 
6.504815e-02 2.902928e-02 
6.605928e-02 2.905694e-02 
6.707194e-02 2.908465e-02 
6.808624e-02 2.911239e-02 
6.910227e-02 2.914018e-02 
7.012013e-02 2.916802e-02 
7.113991e-02 2.919591e-02 
7.216172e-02 2.922386e-02 
7.318565e-02 2.925186e-02 
7.421180e-02 2.927992e-02 
7.524027e-02 2.930805e-02 
7.627116e-02 2.933624e-02 
7.730456e-02 2.936450e-02 
7.834058e-02 2.939283e-02 
7.937931e-02 2.942124e-02 
8.042086e-02 2.944972e-02 
8.146531e-02 2.947829e-02 
8.251279e-02 2.950693e-02 
8.356337e-02 2.953566e-02 
8.461717e-02 2.956448e-02 
8.567429e-02 2.959339e-02 
8.673482e-02 2.962240e-02 
8.779887e-02 2.965149e-02 
8.886654e-02 2.968069e-02 
8.993793e-02 2.970999e-02 
9.101315e-02 2.973940e-02 
9.209229e-02 2.976891e-02 
9.317547e-02 2.979853e-02 
9.426278e-02 2.982827e-02 
9.535433e-02 2.985812e-02 
9.645022e-02 2.988809e-02 
9.755057e-02 2.991818e-02 
9.865546e-02 2.994839e-02 
9.976502e-02 2.997874e-02 
1.008793e-01 3.000921e-02 
1.019985e-01 3.003982e-02 
1.031227e-01 3.007056e-02 
1.042520e-01 3.010145e-02 
1.053864e-01 3.013247e-02 
1.065262e-01 3.016364e-02 
1.076714e-01 3.019496e-02 
1.088221e-01 3.022643e-02 
1.099784e-01 3.025805e-02 
1.111405e-01 3.028983e-02 
1.123084e-01 3.032177e-02 
1.134823e-01 3.035387e-02 
1.146623e-01 3.038614e-02 
1.158485e-01 3.041858e-02 
1.170410e-01 3.045119e-02 
1.182399e-01 3.048398e-02 
1.194453e-01 3.051694e-02 
1.206574e-01 3.055009e-02 
1.218762e-01 3.058342e-02 
1.231020e-01 3.061695e-02 
1.243347e-01 3.065066e-02 
1.255746e-01 3.068457e-02 
1.268217e-01 3.071867e-02 
1.280761e-01 3.075298e-02 
1.293381e-01 3.078749e-02 
1.306076e-01 3.082221e-02 
1.318849e-01 3.085713e-02 
1.331699e-01 3.089228e-02 
1.344630e-01 3.092764e-02 
1.357642e-01 3.096322e-02 
1.370735e-01 3.099903e-02 
1.383912e-01 3.103507e-02 
1.397174e-01 3.107134e-02 
1.410521e-01 3.110784e-02 
1.423956e-01 3.114458e-02 
1.437480e-01 3.118156e-02 
1.451093e-01 3.121879e-02 
1.464797e-01 3.125627e-02 
1.478593e-01 3.129400e-02 
1.492484e-01 3.133198e-02 
1.506469e-01 3.137023e-02 
1.520551e-01 3.140874e-02 
1.534730e-01 3.144752e-02 
1.549009e-01 3.148657e-02 
1.563388e-01 3.152589e-02 
1.577869e-01 3.156549e-02 
1.592453e-01 3.160537e-02 
1.607142e-01 3.164554e-02 
1.621936e-01 3.168600e-02 
1.636839e-01 3.172676e-02 
1.651850e-01 3.176781e-02 
1.666971e-01 3.180916e-02 
1.682204e-01 3.185082e-02 
1.697551e-01 3.189279e-02 
1.713012e-01 3.193507e-02 
1.728589e-01 3.197767e-02 
1.744284e-01 3.202059e-02 
1.760098e-01 3.206384e-02 
1.776033e-01 3.210742e-02 
1.792090e-01 3.215133e-02 
1.808271e-01 3.219558e-02 
1.824577e-01 3.224018e-02 
1.841010e-01 3.228512e-02 
1.857571e-01 3.233041e-02 
1.874263e-01 3.237605e-02 
1.891086e-01 3.242206e-02 
1.908042e-01 3.246843e-02 
1.925133e-01 3.251517e-02 
1.942361e-01 3.256228e-02 
1.959726e-01 3.260978e-02 
1.977232e-01 3.265765e-02 
1.994879e-01 3.270591e-02 
2.012669e-01 3.275456e-02 
2.030604e-01 3.280361e-02 
2.048686e-01 3.285306e-02 
2.066916e-01 3.290291e-02 
2.085296e-01 3.295318e-02 
2.103828e-01 3.300386e-02 
2.122513e-01 3.305496e-02 
2.141354e-01 3.310648e-02 
2.160352e-01 3.315844e-02 
2.179509e-01 3.321083e-02 
2.198827e-01 3.326366e-02 
2.218308e-01 3.331693e-02 
2.237953e-01 3.337066e-02 
2.257764e-01 3.342484e-02 
2.277744e-01 3.347948e-02 
2.297895e-01 3.353458e-02 
2.318217e-01 3.359016e-02 
2.338714e-01 3.364621e-02 
2.359387e-01 3.370275e-02 
2.380237e-01 3.375977e-02 
2.401268e-01 3.381728e-02 
2.422481e-01 3.387530e-02 
2.443878e-01 3.393381e-02 
2.465461e-01 3.399284e-02 
2.487233e-01 3.405238e-02 
2.509195e-01 3.411244e-02 
2.531349e-01 3.417302e-02 
2.553698e-01 3.423414e-02 
2.576243e-01 3.429580e-02 
2.598988e-01 3.435800e-02 
2.621933e-01 3.442075e-02 
2.645082e-01 3.448405e-02 
2.668436e-01 3.454792e-02 
2.691997e-01 3.461236e-02 
2.715769e-01 3.467737e-02 
2.739753e-01 3.474296e-02 
2.763951e-01 3.480913e-02 
2.788367e-01 3.487590e-02 
2.813001e-01 3.494327e-02 
2.837857e-01 3.501125e-02 
2.862937e-01 3.507983e-02 
2.888243e-01 3.514904e-02 
2.913778e-01 3.521887e-02 
2.939544e-01 3.528933e-02 
2.965543e-01 3.536044e-02 
2.991779e-01 3.543219e-02 
3.018254e-01 3.550459e-02 
3.044969e-01 3.557765e-02 
3.071929e-01 3.565138e-02 
3.099134e-01 3.572578e-02 
3.126589e-01 3.580086e-02 
3.154295e-01 3.587663e-02 
3.182256e-01 3.595309e-02 
3.210473e-01 3.603026e-02 
3.238950e-01 3.610814e-02 
3.267689e-01 3.618673e-02 
3.296693e-01 3.626605e-02 
3.325966e-01 3.634610e-02 
3.355508e-01 3.642690e-02 
3.385325e-01 3.650844e-02 
3.415417e-01 3.659073e-02 
3.445789e-01 3.667379e-02 
3.476443e-01 3.675762e-02 
3.507382e-01 3.684223e-02 
3.538609e-01 3.692763e-02 
3.570127e-01 3.701383e-02 
3.601940e-01 3.710083e-02 
3.634049e-01 3.718864e-02 
3.666458e-01 3.727727e-02 
3.699171e-01 3.736673e-02 
3.732190e-01 3.745703e-02 
3.765518e-01 3.754817e-02 
3.799160e-01 3.764018e-02 
3.833117e-01 3.773304e-02 
3.867394e-01 3.782678e-02 
3.901993e-01 3.792140e-02 
3.936918e-01 3.801691e-02 
3.972172e-01 3.811332e-02 
4.007759e-01 3.821064e-02 
4.043681e-01 3.830888e-02 
4.079943e-01 3.840805e-02 
4.116548e-01 3.850815e-02 
4.153499e-01 3.860921e-02 
4.190800e-01 3.871122e-02 
4.228455e-01 3.881419e-02 
4.266467e-01 3.891815e-02 
4.304839e-01 3.902309e-02 
4.343576e-01 3.912902e-02 
4.382681e-01 3.923596e-02 
4.422158e-01 3.934392e-02 
4.462010e-01 3.945291e-02 
4.502242e-01 3.956293e-02 
4.542857e-01 3.967401e-02 
4.583860e-01 3.978614e-02 
4.625253e-01 3.989934e-02 
4.667042e-01 4.001362e-02 
4.709230e-01 4.012900e-02 
4.751821e-01 4.024547e-02 
4.794819e-01 4.036306e-02 
4.838228e-01 4.048178e-02 
4.882053e-01 4.060163e-02 
4.926298e-01 4.072262e-02 
4.970966e-01 4.084478e-02 
5.016063e-01 4.096811e-02 
5.061592e-01 4.109262e-02 
5.107559e-01 4.121833e-02 
5.153966e-01 4.134524e-02 
5.200819e-01 4.147337e-02 
5.248123e-01 4.160274e-02 
5.295881e-01 4.173335e-02 
5.344098e-01 4.186521e-02 
5.392780e-01 4.199834e-02 
5.441930e-01 4.213275e-02 
5.491553e-01 4.226846e-02 
5.541655e-01 4.240548e-02 
5.592239e-01 4.254381e-02 
5.643311e-01 4.268348e-02 
5.694875e-01 4.282450e-02 
5.746937e-01 4.296688e-02 
5.799502e-01 4.311063e-02 
5.852574e-01 4.325577e-02 
5.906159e-01 4.340231e-02 
5.960262e-01 4.355027e-02 
6.014887e-01 4.369966e-02 
6.070041e-01 4.385049e-02 
6.125728e-01 4.400278e-02 
6.181954e-01 4.415654e-02 
6.238725e-01 4.431180e-02 
6.296044e-01 4.446855e-02 
6.353919e-01 4.462683e-02 
6.412355e-01 4.478663e-02 
6.471357e-01 4.494799e-02 
6.530931e-01 4.511091e-02 
6.591082e-01 4.527541e-02 
6.651817e-01 4.544150e-02 
6.713141e-01 4.560921e-02 
6.775060e-01 4.577854e-02 
6.837580e-01 4.594952e-02 
6.900706e-01 4.612216e-02 
6.964446e-01 4.629647e-02 
7.028806e-01 4.647248e-02 
7.093790e-01 4.665020e-02 
7.159406e-01 4.682964e-02 
7.225660e-01 4.701083e-02 
7.292557e-01 4.719378e-02 
7.360106e-01 4.737851e-02 
7.428311e-01 4.756503e-02 
7.497180e-01 4.775337e-02 
7.566719e-01 4.794354e-02 
7.636935e-01 4.813557e-02 
7.707835e-01 4.832946e-02 
7.779425e-01 4.852524e-02 
7.851712e-01 4.872293e-02 
7.924703e-01 4.892254e-02 
7.998405e-01 4.912410e-02 
8.072825e-01 4.932762e-02 
8.147971e-01 4.953313e-02 
8.223849e-01 4.974064e-02 
8.300467e-01 4.995017e-02 
8.377832e-01 5.016175e-02 
8.455951e-01 5.037539e-02 
8.534832e-01 5.059112e-02 
8.614483e-01 5.080895e-02 
8.694911e-01 5.102891e-02 
8.776124e-01 5.125103e-02 
8.858130e-01 5.147532e-02 
8.940936e-01 5.170181e-02 
9.024550e-01 5.193052e-02 
9.108981e-01 5.216150e-02 
9.194237e-01 5.239476e-02 
9.280326e-01 5.263037e-02 
9.367255e-01 5.286832e-02 
9.455035e-01 5.310876e-02 
9.543672e-01 5.335165e-02 
9.633177e-01 5.359726e-02 
9.723558e-01 5.384544e-02 
9.814817e-01 5.409511e-02 
9.906969e-01 5.434757e-02 
1.000000e+00 5.459821e-02 
5.000000e-02 2.894144e-02 
5.099990e-02 2.896464e-02 
5.199978e-02 2.899238e-02 
5.299982e-02 2.902157e-02 
5.400013e-02 2.905069e-02 
5.500081e-02 2.907945e-02 
5.600195e-02 2.910805e-02 
5.700365e-02 2.913644e-02 
5.800602e-02 2.916475e-02 
5.900913e-02 2.919299e-02 
6.001311e-02 2.922120e-02 
6.101803e-02 2.924939e-02 
6.202400e-02 2.927759e-02 
6.303112e-02 2.930580e-02 
6.403948e-02 2.933404e-02 
6.504918e-02 2.936230e-02 
6.606031e-02 2.939060e-02 
6.707298e-02 2.941894e-02 
6.808728e-02 2.944732e-02 
6.910331e-02 2.947575e-02 
7.012117e-02 2.950423e-02 
7.114095e-02 2.953276e-02 
7.216275e-02 2.956134e-02 
7.318667e-02 2.958999e-02 
7.421282e-02 2.961869e-02 
7.524128e-02 2.964747e-02 
7.627215e-02 2.967630e-02 
7.730555e-02 2.970521e-02 
7.834155e-02 2.973420e-02 
7.938027e-02 2.976325e-02 
8.042180e-02 2.979239e-02 
8.146625e-02 2.982161e-02 
8.251371e-02 2.985091e-02 
8.356428e-02 2.988030e-02 
8.461806e-02 2.990978e-02 
8.567516e-02 2.993935e-02 
8.673568e-02 2.996902e-02 
8.779971e-02 2.999879e-02 
8.886737e-02 3.002866e-02 
8.993874e-02 3.005863e-02 
9.101395e-02 3.008871e-02 
9.209308e-02 3.011889e-02 
9.317624e-02 3.014920e-02 
9.426353e-02 3.017961e-02 
9.535507e-02 3.021015e-02 
9.645094e-02 3.024080e-02 
9.755127e-02 3.027159e-02 
9.865615e-02 3.030250e-02 
9.976569e-02 3.033353e-02 
1.008800e-01 3.036471e-02 
1.019992e-01 3.039602e-02 
1.031233e-01 3.042746e-02 
1.042526e-01 3.045905e-02 
1.053870e-01 3.049079e-02 
1.065268e-01 3.052267e-02 
1.076719e-01 3.055471e-02 
1.088226e-01 3.058690e-02 
1.099789e-01 3.061925e-02 
1.111410e-01 3.065176e-02 
1.123089e-01 3.068443e-02 
1.134828e-01 3.071727e-02 
1.146628e-01 3.075028e-02 
1.158489e-01 3.078346e-02 
1.170414e-01 3.081682e-02 
1.182403e-01 3.085036e-02 
1.194457e-01 3.088408e-02 
1.206578e-01 3.091799e-02 
1.218766e-01 3.095208e-02 
1.231023e-01 3.098637e-02 
1.243351e-01 3.102086e-02 
1.255749e-01 3.105554e-02 
1.268220e-01 3.109043e-02 
1.280764e-01 3.112552e-02 
1.293383e-01 3.116083e-02 
1.306079e-01 3.119634e-02 
1.318851e-01 3.123207e-02 
1.331702e-01 3.126802e-02 
1.344632e-01 3.130419e-02 
1.357643e-01 3.134059e-02 
1.370737e-01 3.137722e-02 
1.383914e-01 3.141408e-02 
1.397175e-01 3.145118e-02 
1.410523e-01 3.148852e-02 
1.423957e-01 3.152611e-02 
1.437480e-01 3.156394e-02 
1.451093e-01 3.160202e-02 
1.464797e-01 3.164036e-02 
1.478594e-01 3.167895e-02 
1.492484e-01 3.171781e-02 
1.506469e-01 3.175693e-02 
1.520551e-01 3.179632e-02 
1.534730e-01 3.183599e-02 
1.549009e-01 3.187593e-02 
1.563387e-01 3.191616e-02 
1.577868e-01 3.195667e-02 
1.592452e-01 3.199747e-02 
1.607141e-01 3.203856e-02 
1.621935e-01 3.207995e-02 
1.636837e-01 3.212164e-02 
1.651848e-01 3.216363e-02 
1.666970e-01 3.220593e-02 
1.682203e-01 3.224854e-02 
1.697549e-01 3.229148e-02 
1.713010e-01 3.233473e-02 
1.728587e-01 3.237830e-02 
1.744282e-01 3.242221e-02 
1.760096e-01 3.246645e-02 
1.776031e-01 3.251103e-02 
1.792088e-01 3.255595e-02 
1.808268e-01 3.260121e-02 
1.824574e-01 3.264683e-02 
1.841007e-01 3.269280e-02 
1.857568e-01 3.273913e-02 
1.874259e-01 3.278582e-02 
1.891082e-01 3.283288e-02 
1.908038e-01 3.288032e-02 
1.925129e-01 3.292813e-02 
1.942357e-01 3.297632e-02 
1.959722e-01 3.302490e-02 
1.977228e-01 3.307387e-02 
1.994875e-01 3.312324e-02 
2.012665e-01 3.317301e-02 
2.030600e-01 3.322318e-02 
2.048681e-01 3.327377e-02 
2.066911e-01 3.332476e-02 
2.085291e-01 3.337618e-02 
2.103823e-01 3.342802e-02 
2.122508e-01 3.348030e-02 
2.141349e-01 3.353300e-02 
2.160347e-01 3.358615e-02 
2.179504e-01 3.363974e-02 
2.198822e-01 3.369378e-02 
2.218302e-01 3.374828e-02 
2.237947e-01 3.380324e-02 
2.257759e-01 3.385866e-02 
2.277739e-01 3.391455e-02 
2.297889e-01 3.397092e-02 
2.318211e-01 3.402777e-02 
2.338708e-01 3.408511e-02 
2.359380e-01 3.414294e-02 
2.380231e-01 3.420127e-02 
2.401262e-01 3.426011e-02 
2.422475e-01 3.431945e-02 
2.443872e-01 3.437931e-02 
2.465455e-01 3.443969e-02 
2.487226e-01 3.450059e-02 
2.509188e-01 3.456203e-02 
2.531342e-01 3.462401e-02 
2.553691e-01 3.468653e-02 
2.576236e-01 3.474960e-02 
2.598980e-01 3.481322e-02 
2.621926e-01 3.487741e-02 
2.645074e-01 3.494217e-02 
2.668428e-01 3.500750e-02 
2.691990e-01 3.507342e-02 
2.715761e-01 3.513992e-02 
2.739745e-01 3.520701e-02 
2.763944e-01 3.527471e-02 
2.788359e-01 3.534301e-02 
2.812993e-01 3.541192e-02 
2.837849e-01 3.548146e-02 
2.862929e-01 3.555162e-02 
2.888235e-01 3.562241e-02 
2.913770e-01 3.569384e-02 
2.939536e-01 3.576593e-02 
2.965535e-01 3.583866e-02 
2.991771e-01 3.591205e-02 
3.018245e-01 3.598612e-02 
3.044961e-01 3.606085e-02 
3.071920e-01 3.613627e-02 
3.099126e-01 3.621238e-02 
3.126581e-01 3.628918e-02 
3.154287e-01 3.636669e-02 
3.182247e-01 3.644491e-02 
3.210464e-01 3.652385e-02 
3.238941e-01 3.660351e-02 
3.267681e-01 3.668391e-02 
3.296685e-01 3.676505e-02 
3.325957e-01 3.684694e-02 
3.355500e-01 3.692958e-02 
3.385316e-01 3.701299e-02 
3.415409e-01 3.709718e-02 
3.445781e-01 3.718214e-02 
3.476435e-01 3.726790e-02 
3.507374e-01 3.735445e-02 
3.538601e-01 3.744181e-02 
3.570119e-01 3.752998e-02 
3.601931e-01 3.761897e-02 
3.634040e-01 3.770880e-02 
3.666450e-01 3.779947e-02 
3.699162e-01 3.789098e-02 
3.732182e-01 3.798335e-02 
3.765510e-01 3.807659e-02 
3.799152e-01 3.817070e-02 
3.833109e-01 3.826569e-02 
3.867386e-01 3.836158e-02 
3.901985e-01 3.845837e-02 
3.936910e-01 3.855608e-02 
3.972164e-01 3.865470e-02 
4.007751e-01 3.875425e-02 
4.043673e-01 3.885475e-02 
4.079935e-01 3.895619e-02 
4.116540e-01 3.905859e-02 
4.153492e-01 3.916196e-02 
4.190793e-01 3.926631e-02 
4.228448e-01 3.937165e-02 
4.266459e-01 3.947799e-02 
4.304832e-01 3.958534e-02 
4.343569e-01 3.969371e-02 
4.382674e-01 3.980310e-02 
4.422151e-01 3.991354e-02 
4.462004e-01 4.002503e-02 
4.502236e-01 4.013757e-02 
4.542851e-01 4.025120e-02 
4.583854e-01 4.036590e-02 
4.625247e-01 4.048170e-02 
4.667036e-01 4.059860e-02 
4.709224e-01 4.071663e-02 
4.751815e-01 4.083577e-02 
4.794814e-01 4.095606e-02 
4.838223e-01 4.107750e-02 
4.882048e-01 4.120010e-02 
4.926293e-01 4.132388e-02 
4.970962e-01 4.144884e-02 
5.016059e-01 4.157500e-02 
5.061589e-01 4.170236e-02 
5.107555e-01 4.183095e-02 
5.153963e-01 4.196078e-02 
5.200816e-01 4.209185e-02 
5.248120e-01 4.222418e-02 
5.295878e-01 4.235779e-02 
5.344096e-01 4.249268e-02 
5.392778e-01 4.262887e-02 
5.441928e-01 4.276636e-02 
5.491552e-01 4.290519e-02 
5.541653e-01 4.304534e-02 
5.592238e-01 4.318686e-02 
5.643310e-01 4.332973e-02 
5.694875e-01 4.347398e-02 
5.746938e-01 4.361963e-02 
5.799503e-01 4.376668e-02 
5.852575e-01 4.391515e-02 
5.906160e-01 4.406505e-02 
5.960263e-01 4.421641e-02 
6.014889e-01 4.436922e-02 
6.070043e-01 4.452352e-02 
6.125731e-01 4.467930e-02 
6.181957e-01 4.483660e-02 
6.238728e-01 4.499541e-02 
6.296048e-01 4.515577e-02 
6.353924e-01 4.531767e-02 
6.412360e-01 4.548115e-02 
6.471362e-01 4.564621e-02 
6.530936e-01 4.581286e-02 
6.591088e-01 4.598114e-02 
6.651823e-01 4.615105e-02 
6.713148e-01 4.632260e-02 
6.775067e-01 4.649582e-02 
6.837588e-01 4.667072e-02 
6.900715e-01 4.684732e-02 
6.964456e-01 4.702564e-02 
7.028815e-01 4.720568e-02 
7.093800e-01 4.738748e-02 
7.159417e-01 4.757104e-02 
7.225671e-01 4.775639e-02 
7.292570e-01 4.794353e-02 
7.360119e-01 4.813250e-02 
7.428325e-01 4.832331e-02 
7.497194e-01 4.851597e-02 
7.566734e-01 4.871051e-02 
7.636951e-01 4.890694e-02 
7.707851e-01 4.910528e-02 
7.779441e-01 4.930556e-02 
7.851729e-01 4.950778e-02 
7.924720e-01 4.971198e-02 
7.998423e-01 4.991816e-02 
8.072844e-01 5.012635e-02 
8.147990e-01 5.033658e-02 
8.223869e-01 5.054885e-02 
8.300487e-01 5.076319e-02 
8.377852e-01 5.097962e-02 
8.455972e-01 5.119817e-02 
8.534854e-01 5.141884e-02 
8.614505e-01 5.164167e-02 
8.694933e-01 5.186668e-02 
8.776146e-01 5.209389e-02 
8.858152e-01 5.232332e-02 
8.940958e-01 5.255501e-02 
9.024572e-01 5.278897e-02 
9.109003e-01 5.302524e-02 
9.194258e-01 5.326384e-02 
9.280345e-01 5.350485e-02 
9.367274e-01 5.374825e-02 
9.455052e-01 5.399418e-02 
9.543688e-01 5.424261e-02 
9.633190e-01 5.449381e-02 
9.723568e-01 5.474763e-02 
9.814823e-01 5.500307e-02 
9.906971e-01 5.526137e-02 
1.000000e+00 5.551785e-02 
5.000000e-02 2.926501e-02 
5.100005e-02 2.928911e-02 
5.200007e-02 2.931759e-02 
5.300024e-02 2.934734e-02 
5.400066e-02 2.937700e-02 
5.500142e-02 2.940633e-02 
5.600265e-02 2.943550e-02 
5.700441e-02 2.946449e-02 
5.800683e-02 2.949341e-02 
5.901000e-02 2.952226e-02 
6.001401e-02 2.955109e-02 
6.101897e-02 2.957991e-02 
6.202496e-02 2.960874e-02 
6.303210e-02 2.963758e-02 
6.404047e-02 2.966644e-02 
6.505018e-02 2.969534e-02 
6.606133e-02 2.972427e-02 
6.707400e-02 2.975324e-02 
6.808830e-02 2.978226e-02 
6.910433e-02 2.981132e-02 
7.012219e-02 2.984044e-02 
7.114196e-02 2.986961e-02 
7.216376e-02 2.989884e-02 
7.318768e-02 2.992812e-02 
7.421381e-02 2.995747e-02 
7.524226e-02 2.998689e-02 
7.627313e-02 3.001638e-02 
7.730651e-02 3.004593e-02 
7.834250e-02 3.007556e-02 
7.938121e-02 3.010527e-02 
8.042273e-02 3.013506e-02 
8.146716e-02 3.016494e-02 
8.251461e-02 3.019490e-02 
8.356516e-02 3.022495e-02 
8.461893e-02 3.025509e-02 
8.567602e-02 3.028532e-02 
8.673652e-02 3.031565e-02 
8.780054e-02 3.034609e-02 
8.886818e-02 3.037662e-02 
8.993954e-02 3.040727e-02 
9.101473e-02 3.043802e-02 
9.209384e-02 3.046889e-02 
9.317698e-02 3.049987e-02 
9.426426e-02 3.053096e-02 
9.535578e-02 3.056218e-02 
9.645164e-02 3.059353e-02 
9.755195e-02 3.062500e-02 
9.865682e-02 3.065660e-02 
9.976634e-02 3.068834e-02 
1.008806e-01 3.072021e-02 
1.019998e-01 3.075222e-02 
1.031239e-01 3.078437e-02 
1.042532e-01 3.081667e-02 
1.053876e-01 3.084912e-02 
1.065273e-01 3.088172e-02 
1.076725e-01 3.091447e-02 
1.088231e-01 3.094738e-02 
1.099794e-01 3.098045e-02 
1.111415e-01 3.101369e-02 
1.123094e-01 3.104710e-02 
1.134833e-01 3.108067e-02 
1.146632e-01 3.111442e-02 
1.158494e-01 3.114835e-02 
1.170418e-01 3.118245e-02 
1.182407e-01 3.121675e-02 
1.194461e-01 3.125122e-02 
1.206581e-01 3.128589e-02 
1.218770e-01 3.132075e-02 
1.231027e-01 3.135581e-02 
1.243354e-01 3.139107e-02 
1.255752e-01 3.142653e-02 
1.268223e-01 3.146220e-02 
1.280767e-01 3.149808e-02 
1.293386e-01 3.153417e-02 
1.306081e-01 3.157048e-02 
1.318853e-01 3.160701e-02 
1.331704e-01 3.164377e-02 
1.344634e-01 3.168075e-02 
1.357645e-01 3.171797e-02 
1.370738e-01 3.175542e-02 
1.383915e-01 3.179311e-02 
1.397177e-01 3.183104e-02 
1.410524e-01 3.186921e-02 
1.423958e-01 3.190764e-02 
1.437481e-01 3.194632e-02 
1.451094e-01 3.198525e-02 
1.464798e-01 3.202445e-02 
1.478594e-01 3.206391e-02 
1.492484e-01 3.210364e-02 
1.506469e-01 3.214364e-02 
1.520551e-01 3.218392e-02 
1.534730e-01 3.222447e-02 
1.549008e-01 3.226531e-02 
1.563387e-01 3.230644e-02 
1.577867e-01 3.234786e-02 
1.592451e-01 3.238957e-02 
1.607140e-01 3.243158e-02 
1.621934e-01 3.247390e-02 
1.636836e-01 3.251652e-02 
1.651847e-01 3.255945e-02 
1.666968e-01 3.260270e-02 
1.682201e-01 3.264627e-02 
1.697547e-01 3.269017e-02 
1.713008e-01 3.273439e-02 
1.728585e-01 3.277894e-02 
1.744280e-01 3.282383e-02 
1.760094e-01 3.286906e-02 
1.776028e-01 3.291464e-02 
1.792085e-01 3.296057e-02 
1.808265e-01 3.300685e-02 
1.824571e-01 3.305349e-02 
1.841004e-01 3.310049e-02 
1.857565e-01 3.314786e-02 
1.874256e-01 3.319560e-02 
1.891079e-01 3.324371e-02 
1.908035e-01 3.329221e-02 
1.925126e-01 3.334109e-02 
1.942353e-01 3.339037e-02 
1.959718e-01 3.344004e-02 
1.977224e-01 3.349011e-02 
1.994870e-01 3.354058e-02 
2.012660e-01 3.359146e-02 
2.030595e-01 3.364276e-02 
2.048677e-01 3.369448e-02 
2.066906e-01 3.374662e-02 
2.085286e-01 3.379919e-02 
2.103818e-01 3.385220e-02 
2.122503e-01 3.390564e-02 
2.141344e-01 3.395953e-02 
2.160341e-01 3.401387e-02 
2.179498e-01 3.406866e-02 
2.198816e-01 3.412391e-02 
2.218296e-01 3.417963e-02 
2.237941e-01 3.423582e-02 
2.257753e-01 3.429249e-02 
2.277733e-01 3.434963e-02 
2.297883e-01 3.440727e-02 
2.318205e-01 3.446539e-02 
2.338701e-01 3.452402e-02 
2.359374e-01 3.458315e-02 
2.380224e-01 3.464278e-02 
2.401255e-01 3.470294e-02 
2.422468e-01 3.476361e-02 
2.443865e-01 3.482481e-02 
2.465448e-01 3.488654e-02 
2.487219e-01 3.494881e-02 
2.509181e-01 3.501163e-02 
2.531335e-01 3.507500e-02 
2.553684e-01 3.513892e-02 
2.576229e-01 3.520340e-02 
2.598973e-01 3.526846e-02 
2.621918e-01 3.533409e-02 
2.645067e-01 3.540030e-02 
2.668421e-01 3.546709e-02 
2.691982e-01 3.553449e-02 
2.715754e-01 3.560248e-02 
2.739737e-01 3.567108e-02 
2.763936e-01 3.574029e-02 
2.788351e-01 3.581012e-02 
2.812985e-01 3.588058e-02 
2.837841e-01 3.595168e-02 
2.862921e-01 3.602341e-02 
2.888227e-01 3.609579e-02 
2.913761e-01 3.616883e-02 
2.939527e-01 3.624252e-02 
2.965527e-01 3.631689e-02 
2.991763e-01 3.639193e-02 
3.018237e-01 3.646765e-02 
3.044953e-01 3.654406e-02 
3.071912e-01 3.662117e-02 
3.099117e-01 3.669899e-02 
3.126572e-01 3.677752e-02 
3.154278e-01 3.685676e-02 
3.182239e-01 3.693674e-02 
3.210456e-01 3.701744e-02 
3.238933e-01 3.709889e-02 
3.267672e-01 3.718110e-02 
3.296676e-01 3.726405e-02 
3.325948e-01 3.734778e-02 
3.355491e-01 3.743228e-02 
3.385307e-01 3.751756e-02 
3.415400e-01 3.760363e-02 
3.445772e-01 3.769050e-02 
3.476426e-01 3.777818e-02 
3.507365e-01 3.786667e-02 
3.538592e-01 3.795599e-02 
3.570110e-01 3.804614e-02 
3.601923e-01 3.813713e-02 
3.634032e-01 3.822897e-02 
3.666441e-01 3.832167e-02 
3.699154e-01 3.841524e-02 
3.732173e-01 3.850968e-02 
3.765502e-01 3.860501e-02 
3.799143e-01 3.870123e-02 
3.833101e-01 3.879836e-02 
3.867377e-01 3.889640e-02 
3.901977e-01 3.899536e-02 
3.936902e-01 3.909525e-02 
3.972156e-01 3.919609e-02 
4.007743e-01 3.929787e-02 
4.043666e-01 3.940062e-02 
4.079928e-01 3.950434e-02 
4.116533e-01 3.960904e-02 
4.153484e-01 3.971473e-02 
4.190785e-01 3.982142e-02 
4.228440e-01 3.992912e-02 
4.266452e-01 4.003785e-02 
4.304825e-01 4.014760e-02 
4.343562e-01 4.025840e-02 
4.382667e-01 4.037025e-02 
4.422144e-01 4.048316e-02 
4.461997e-01 4.059715e-02 
4.502229e-01 4.071222e-02 
4.542845e-01 4.082839e-02 
4.583847e-01 4.094567e-02 
4.625241e-01 4.106407e-02 
4.667030e-01 4.118360e-02 
4.709219e-01 4.130426e-02 
4.751810e-01 4.142608e-02 
4.794808e-01 4.154907e-02 
4.838218e-01 4.167323e-02 
4.882043e-01 4.179858e-02 
4.926288e-01 4.192514e-02 
4.970957e-01 4.205290e-02 
5.016055e-01 4.218189e-02 
5.061584e-01 4.231211e-02 
5.107551e-01 4.244359e-02 
5.153959e-01 4.257633e-02 
5.200813e-01 4.271034e-02 
5.248117e-01 4.284564e-02 
5.295875e-01 4.298224e-02 
5.344093e-01 4.312016e-02 
5.392775e-01 4.325940e-02 
5.441926e-01 4.339998e-02 
5.491550e-01 4.354192e-02 
5.541652e-01 4.368522e-02 
5.592237e-01 4.382991e-02 
5.643309e-01 4.397599e-02 
5.694875e-01 4.412348e-02 
5.746937e-01 4.427239e-02 
5.799503e-01 4.442274e-02 
5.852576e-01 4.457454e-02 
5.906161e-01 4.472781e-02 
5.960265e-01 4.488256e-02 
6.014891e-01 4.503880e-02 
6.070045e-01 4.519656e-02 
6.125733e-01 4.535584e-02 
6.181960e-01 4.551666e-02 
6.238731e-01 4.567904e-02 
6.296052e-01 4.584299e-02 
6.353928e-01 4.600853e-02 
6.412364e-01 4.617567e-02 
6.471367e-01 4.634443e-02 
6.530942e-01 4.651483e-02 
6.591094e-01 4.668688e-02 
6.651830e-01 4.686060e-02 
6.713155e-01 4.703600e-02 
6.775075e-01 4.721311e-02 
6.837596e-01 4.739193e-02 
6.900724e-01 4.757250e-02 
6.964465e-01 4.775481e-02 
7.028825e-01 4.793890e-02 
7.093811e-01 4.812477e-02 
7.159428e-01 4.831245e-02 
7.225682e-01 4.850196e-02 
7.292581e-01 4.869330e-02 
7.360131e-01 4.888651e-02 
7.428338e-01 4.908160e-02 
7.497208e-01 4.927858e-02 
7.566748e-01 4.947749e-02 
7.636965e-01 4.967833e-02 
7.707866e-01 4.988112e-02 
7.779457e-01 5.008589e-02 
7.851745e-01 5.029265e-02 
7.924737e-01 5.050142e-02 
7.998441e-01 5.071223e-02 
8.072862e-01 5.092510e-02 
8.148009e-01 5.114004e-02 
8.223888e-01 5.135707e-02 
8.300507e-01 5.157622e-02 
8.377872e-01 5.179751e-02 
8.455993e-01 5.202095e-02 
8.534875e-01 5.224658e-02 
8.614526e-01 5.247441e-02 
8.694955e-01 5.270446e-02 
8.776168e-01 5.293677e-02 
8.858173e-01 5.317134e-02 
8.940979e-01 5.340822e-02 
9.024593e-01 5.364742e-02 
9.109023e-01 5.388899e-02 
9.194278e-01 5.413293e-02 
9.280364e-01 5.437931e-02 
9.367292e-01 5.462815e-02 
9.455068e-01 5.487956e-02 
9.543702e-01 5.513350e-02 
9.633202e-01 5.539024e-02 
9.723577e-01 5.564964e-02 
9.814829e-01 5.591087e-02 
9.906973e-01 5.617497e-02 
1.000000e+00 5.643749e-02 
5.000000e-02 2.958858e-02 
5.100014e-02 2.961404e-02 
5.200025e-02 2.964334e-02 
5.300049e-02 2.967351e-02 
5.400097e-02 2.970358e-02 
5.500179e-02 2.973340e-02 
5.600306e-02 2.976308e-02 
5.700486e-02 2.979263e-02 
5.800731e-02 2.982213e-02 
5.901050e-02 2.985157e-02 
6.001453e-02 2.988101e-02 
6.101950e-02 2.991045e-02 
6.202551e-02 2.993989e-02 
6.303265e-02 2.996936e-02 
6.404103e-02 2.999885e-02 
6.505074e-02 3.002838e-02 
6.606188e-02 3.005794e-02 
6.707455e-02 3.008755e-02 
6.808885e-02 3.011720e-02 
6.910487e-02 3.014690e-02 
7.012272e-02 3.017665e-02 
7.114248e-02 3.020646e-02 
7.216427e-02 3.023633e-02 
7.318818e-02 3.026626e-02 
7.421430e-02 3.029625e-02 
7.524274e-02 3.032632e-02 
7.627359e-02 3.035645e-02 
7.730696e-02 3.038665e-02 
7.834294e-02 3.041693e-02 
7.938163e-02 3.044729e-02 
8.042314e-02 3.047774e-02 
8.146755e-02 3.050827e-02 
8.251498e-02 3.053888e-02 
8.356552e-02 3.056959e-02 
8.461928e-02 3.060039e-02 
8.567635e-02 3.063129e-02 
8.673683e-02 3.066229e-02 
8.780083e-02 3.069339e-02 
8.886846e-02 3.072459e-02 
8.993980e-02 3.075591e-02 
9.101497e-02 3.078733e-02 
9.209407e-02 3.081888e-02 
9.317720e-02 3.085054e-02 
9.426446e-02 3.088232e-02 
9.535596e-02 3.091422e-02 
9.645180e-02 3.094625e-02 
9.755210e-02 3.097841e-02 
9.865695e-02 3.101071e-02 
9.976645e-02 3.104314e-02 
1.008807e-01 3.107571e-02 
1.019999e-01 3.110842e-02 
1.031240e-01 3.114128e-02 
1.042532e-01 3.117429e-02 
1.053876e-01 3.120744e-02 
1.065273e-01 3.124076e-02 
1.076725e-01 3.127423e-02 
1.088231e-01 3.130786e-02 
1.099794e-01 3.134166e-02 
1.111414e-01 3.137563e-02 
1.123093e-01 3.140976e-02 
1.134832e-01 3.144408e-02 
1.146631e-01 3.147856e-02 
1.158492e-01 3.151323e-02 
1.170417e-01 3.154809e-02 
1.182405e-01 3.158313e-02 
1.194459e-01 3.161836e-02 
1.206579e-01 3.165379e-02 
1.218767e-01 3.168942e-02 
1.231024e-01 3.172524e-02 
1.243351e-01 3.176128e-02 
1.255749e-01 3.179752e-02 
1.268220e-01 3.183397e-02 
1.280764e-01 3.187063e-02 
1.293383e-01 3.190752e-02 
1.306078e-01 3.194462e-02 
1.318850e-01 3.198196e-02 
1.331700e-01 3.201952e-02 
1.344630e-01 3.205731e-02 
1.357641e-01 3.209534e-02 
1.370734e-01 3.213361e-02 
1.383911e-01 3.217213e-02 
1.397172e-01 3.221089e-02 
1.410519e-01 3.224990e-02 
1.423954e-01 3.228917e-02 
1.437476e-01 3.232870e-02 
1.451089e-01 3.236849e-02 
1.464793e-01 3.240854e-02 
1.478589e-01 3.244887e-02 
1.492479e-01 3.248947e-02 
1.506463e-01 3.253035e-02 
1.520545e-01 3.257151e-02 
1.534724e-01 3.261295e-02 
1.549002e-01 3.265469e-02 
1.563380e-01 3.269672e-02 
1.577861e-01 3.273904e-02 
1.592445e-01 3.278167e-02 
1.607133e-01 3.282460e-02 
1.621927e-01 3.286785e-02 
1.636829e-01 3.291140e-02 
1.651840e-01 3.295528e-02 
1.666961e-01 3.299948e-02 
1.682193e-01 3.304400e-02 
1.697539e-01 3.308886e-02 
1.713000e-01 3.313405e-02 
1.728577e-01 3.317958e-02 
1.744272e-01 3.322546e-02 
1.760085e-01 3.327168e-02 
1.776020e-01 3.331826e-02 
1.792076e-01 3.336519e-02 
1.808257e-01 3.341248e-02 
1.824562e-01 3.346014e-02 
1.840995e-01 3.350818e-02 
1.857556e-01 3.355658e-02 
1.874247e-01 3.360537e-02 
1.891069e-01 3.365454e-02 
1.908025e-01 3.370410e-02 
1.925116e-01 3.375406e-02 
1.942343e-01 3.380442e-02 
1.959708e-01 3.385517e-02 
1.977213e-01 3.390634e-02 
1.994860e-01 3.395792e-02 
2.012650e-01 3.400992e-02 
2.030584e-01 3.406234e-02 
2.048666e-01 3.411519e-02 
2.066895e-01 3.416848e-02 
2.085275e-01 3.422220e-02 
2.103806e-01 3.427637e-02 
2.122492e-01 3.433099e-02 
2.141332e-01 3.438606e-02 
2.160330e-01 3.444159e-02 
2.179487e-01 3.449758e-02 
2.198804e-01 3.455405e-02 
2.218284e-01 3.461099e-02 
2.237929e-01 3.466841e-02 
2.257741e-01 3.472632e-02 
2.277720e-01 3.478472e-02 
2.297870e-01 3.484361e-02 
2.318192e-01 3.490302e-02 
2.338689e-01 3.496293e-02 
2.359361e-01 3.502335e-02 
2.380211e-01 3.508430e-02 
2.401242e-01 3.514577e-02 
2.422455e-01 3.520777e-02 
2.443851e-01 3.527032e-02 
2.465434e-01 3.533340e-02 
2.487206e-01 3.539704e-02 
2.509167e-01 3.546123e-02 
2.531321e-01 3.552599e-02 
2.553670e-01 3.559131e-02 
2.576215e-01 3.565721e-02 
2.598959e-01 3.572369e-02 
2.621904e-01 3.579076e-02 
2.645052e-01 3.585842e-02 
2.668406e-01 3.592669e-02 
2.691968e-01 3.599556e-02 
2.715739e-01 3.606504e-02 
2.739723e-01 3.613514e-02 
2.763921e-01 3.620587e-02 
2.788336e-01 3.627724e-02 
2.812970e-01 3.634924e-02 
2.837826e-01 3.642190e-02 
2.862906e-01 3.649520e-02 
2.888211e-01 3.656917e-02 
2.913746e-01 3.664381e-02 
2.939512e-01 3.671912e-02 
2.965511e-01 3.679512e-02 
2.991747e-01 3.687181e-02 
3.018221e-01 3.694919e-02 
3.044937e-01 3.702728e-02 
3.071896e-01 3.710608e-02 
3.099102e-01 3.718560e-02 
3.126556e-01 3.726585e-02 
3.154262e-01 3.734683e-02 
3.182223e-01 3.742856e-02 
3.210440e-01 3.751104e-02 
3.238917e-01 3.759428e-02 
3.267656e-01 3.767828e-02 
3.296660e-01 3.776306e-02 
3.325932e-01 3.784862e-02 
3.355475e-01 3.793498e-02 
3.385291e-01 3.802213e-02 
3.415384e-01 3.811009e-02 
3.445756e-01 3.819886e-02 
3.476410e-01 3.828847e-02 
3.507349e-01 3.837890e-02 
3.538576e-01 3.847018e-02 
3.570094e-01 3.856230e-02 
3.601906e-01 3.865529e-02 
3.634016e-01 3.874914e-02 
3.666425e-01 3.884388e-02 
3.699138e-01 3.893950e-02 
3.732157e-01 3.903601e-02 
3.765486e-01 3.913343e-02 
3.799127e-01 3.923176e-02 
3.833085e-01 3.933102e-02 
3.867361e-01 3.943121e-02 
3.901961e-01 3.953234e-02 
3.936886e-01 3.963443e-02 
3.972140e-01 3.973748e-02 
4.007727e-01 3.984150e-02 
4.043649e-01 3.994650e-02 
4.079912e-01 4.005249e-02 
4.116517e-01 4.015949e-02 
4.153468e-01 4.026750e-02 
4.190770e-01 4.037653e-02 
4.228424e-01 4.048659e-02 
4.266436e-01 4.059770e-02 
4.304809e-01 4.070986e-02 
4.343546e-01 4.082309e-02 
4.382652e-01 4.093740e-02 
4.422129e-01 4.105279e-02 
4.461982e-01 4.116928e-02 
4.502214e-01 4.128687e-02 
4.542830e-01 4.140559e-02 
4.583832e-01 4.152544e-02 
4.625227e-01 4.164644e-02 
4.667016e-01 4.176859e-02 
4.709204e-01 4.189190e-02 
4.751795e-01 4.201640e-02 
4.794794e-01 4.214208e-02 
4.838204e-01 4.226897e-02 
4.882029e-01 4.239707e-02 
4.926275e-01 4.252640e-02 
4.970944e-01 4.265696e-02 
5.016041e-01 4.278878e-02 
5.061571e-01 4.292187e-02 
5.107538e-01 4.305623e-02 
5.153946e-01 4.319188e-02 
5.200800e-01 4.332883e-02 
5.248104e-01 4.346710e-02 
5.295863e-01 4.360670e-02 
5.344081e-01 4.374764e-02 
5.392763e-01 4.388994e-02 
5.441914e-01 4.403360e-02 
5.491538e-01 4.417865e-02 
5.541640e-01 4.432510e-02 
5.592226e-01 4.447296e-02 
5.643298e-01 4.462225e-02 
5.694864e-01 4.477297e-02 
5.746927e-01 4.492515e-02 
5.799493e-01 4.507880e-02 
5.852566e-01 4.523393e-02 
5.906152e-01 4.539056e-02 
5.960255e-01 4.554871e-02 
6.014882e-01 4.570838e-02 
6.070037e-01 4.586960e-02 
6.125725e-01 4.603237e-02 
6.181952e-01 4.619672e-02 
6.238724e-01 4.636267e-02 
6.296045e-01 4.653021e-02 
6.353921e-01 4.669939e-02 
6.412358e-01 4.687020e-02 
6.471361e-01 4.704266e-02 
6.530936e-01 4.721680e-02 
6.591089e-01 4.739262e-02 
6.651825e-01 4.757015e-02 
6.713150e-01 4.774941e-02 
6.775071e-01 4.793040e-02 
6.837592e-01 4.811315e-02 
6.900720e-01 4.829767e-02 
6.964462e-01 4.848399e-02 
7.028823e-01 4.867211e-02 
7.093809e-01 4.886207e-02 
7.159426e-01 4.905387e-02 
7.225681e-01 4.924753e-02 
7.292581e-01 4.944307e-02 
7.360131e-01 4.964052e-02 
7.428338e-01 4.983989e-02 
7.497209e-01 5.004120e-02 
7.566750e-01 5.024447e-02 
7.636967e-01 5.044971e-02 
7.707868e-01 5.065695e-02 
7.779460e-01 5.086622e-02 
7.851749e-01 5.107751e-02 
7.924741e-01 5.129087e-02 
7.998445e-01 5.150631e-02 
8.072867e-01 5.172384e-02 
8.148014e-01 5.194350e-02 
8.223894e-01 5.216529e-02 
8.300513e-01 5.238925e-02 
8.377880e-01 5.261539e-02 
8.456000e-01 5.284374e-02 
8.534883e-01 5.307432e-02 
8.614535e-01 5.330714e-02 
8.694963e-01 5.354224e-02 
8.776177e-01 5.377964e-02 
8.858183e-01 5.401936e-02 
8.940989e-01 5.426143e-02 
9.024603e-01 5.450587e-02 
9.109033e-01 5.475271e-02 
9.194287e-01 5.500198e-02 
9.280373e-01 5.525374e-02 
9.367300e-01 5.550798e-02 
9.455076e-01 5.576482e-02 
9.543708e-01 5.602423e-02 
9.633206e-01 5.628641e-02 
9.723579e-01 5.655130e-02 
9.814829e-01 5.681832e-02 
9.906972e-01 5.708823e-02 
1.000000e+00 5.735713e-02 
5.000000e-02 2.991215e-02 
5.100006e-02 2.993963e-02 
5.200011e-02 2.996965e-02 
5.300031e-02 3.000009e-02 
5.400074e-02 3.003045e-02 
5.500152e-02 3.006066e-02 
5.600275e-02 3.009080e-02 
5.700451e-02 3.012086e-02 
5.800693e-02 3.015091e-02 
5.901008e-02 3.018093e-02 
6.001408e-02 3.021096e-02 
6.101902e-02 3.024100e-02 
6.202500e-02 3.027106e-02 
6.303211e-02 3.030114e-02 
6.404046e-02 3.033126e-02 
6.505015e-02 3.036141e-02 
6.606127e-02 3.039161e-02 
6.707391e-02 3.042185e-02 
6.808819e-02 3.045213e-02 
6.910419e-02 3.048247e-02 
7.012201e-02 3.051286e-02 
7.114176e-02 3.054331e-02 
7.216352e-02 3.057381e-02 
7.318741e-02 3.060439e-02 
7.421351e-02 3.063502e-02 
7.524193e-02 3.066573e-02 
7.627276e-02 3.069651e-02 
7.730611e-02 3.072736e-02 
7.834207e-02 3.075829e-02 
7.938074e-02 3.078930e-02 
8.042223e-02 3.082040e-02 
8.146662e-02 3.085158e-02 
8.251403e-02 3.088285e-02 
8.356455e-02 3.091422e-02 
8.461829e-02 3.094568e-02 
8.567534e-02 3.097724e-02 
8.673581e-02 3.100891e-02 
8.779979e-02 3.104067e-02 
8.886740e-02 3.107255e-02 
8.993872e-02 3.110454e-02 
9.101387e-02 3.113664e-02 
9.209295e-02 3.116886e-02 
9.317606e-02 3.120119e-02 
9.426330e-02 3.123366e-02 
9.535479e-02 3.126624e-02 
9.645061e-02 3.129896e-02 
9.755089e-02 3.133181e-02 
9.865572e-02 3.136480e-02 
9.976520e-02 3.139793e-02 
1.008795e-01 3.143120e-02 
1.019986e-01 3.146461e-02 
1.031227e-01 3.149817e-02 
1.042519e-01 3.153189e-02 
1.053863e-01 3.156576e-02 
1.065260e-01 3.159979e-02 
1.076711e-01 3.163398e-02 
1.088217e-01 3.166833e-02 
1.099780e-01 3.170285e-02 
1.111400e-01 3.173755e-02 
1.123079e-01 3.177242e-02 
1.134817e-01 3.180747e-02 
1.146616e-01 3.184269e-02 
1.158477e-01 3.187811e-02 
1.170401e-01 3.191371e-02 
1.182390e-01 3.194951e-02 
1.194443e-01 3.198549e-02 
1.206564e-01 3.202168e-02 
1.218751e-01 3.205807e-02 
1.231008e-01 3.209467e-02 
1.243335e-01 3.213147e-02 
1.255733e-01 3.216849e-02 
1.268203e-01 3.220572e-02 
1.280747e-01 3.224317e-02 
1.293366e-01 3.228085e-02 
1.306060e-01 3.231875e-02 
1.318832e-01 3.235689e-02 
1.331682e-01 3.239525e-02 
1.344612e-01 3.243386e-02 
1.357623e-01 3.247271e-02 
1.370716e-01 3.251180e-02 
1.383893e-01 3.255114e-02 
1.397154e-01 3.259073e-02 
1.410501e-01 3.263058e-02 
1.423935e-01 3.267069e-02 
1.437457e-01 3.271107e-02 
1.451070e-01 3.275171e-02 
1.464773e-01 3.279263e-02 
1.478569e-01 3.283382e-02 
1.492459e-01 3.287529e-02 
1.506444e-01 3.291704e-02 
1.520525e-01 3.295909e-02 
1.534704e-01 3.300142e-02 
1.548981e-01 3.304405e-02 
1.563360e-01 3.308698e-02 
1.577840e-01 3.313021e-02 
1.592424e-01 3.317376e-02 
1.607112e-01 3.321761e-02 
1.621906e-01 3.326178e-02 
1.636808e-01 3.330628e-02 
1.651818e-01 3.335109e-02 
1.666939e-01 3.339624e-02 
1.682171e-01 3.344172e-02 
1.697517e-01 3.348754e-02 
1.712978e-01 3.353370e-02 
1.728555e-01 3.358021e-02 
1.744249e-01 3.362707e-02 
1.760062e-01 3.367428e-02 
1.775997e-01 3.372186e-02 
1.792053e-01 3.376980e-02 
1.808233e-01 3.381811e-02 
1.824539e-01 3.386679e-02 
1.840971e-01 3.391585e-02 
1.857532e-01 3.396530e-02 
1.874223e-01 3.401513e-02 
1.891045e-01 3.406536e-02 
1.908001e-01 3.411599e-02 
1.925091e-01 3.416701e-02 
1.942318e-01 3.421845e-02 
1.959683e-01 3.427030e-02 
1.977188e-01 3.432256e-02 
1.994835e-01 3.437525e-02 
2.012625e-01 3.442836e-02 
2.030559e-01 3.448191e-02 
2.048640e-01 3.453590e-02 
2.066870e-01 3.459032e-02 
2.085249e-01 3.464520e-02 
2.103780e-01 3.470053e-02 
2.122465e-01 3.475632e-02 
2.141306e-01 3.481257e-02 
2.160303e-01 3.486929e-02 
2.179460e-01 3.492649e-02 
2.198777e-01 3.498417e-02 
2.218257e-01 3.504233e-02 
2.237902e-01 3.510098e-02 
2.257713e-01 3.516013e-02 
2.277693e-01 3.521979e-02 
2.297843e-01 3.527995e-02 
2.318165e-01 3.534062e-02 
2.338661e-01 3.540182e-02 
2.359333e-01 3.546354e-02 
2.380183e-01 3.552580e-02 
2.401214e-01 3.558859e-02 
2.422426e-01 3.565192e-02 
2.443823e-01 3.571581e-02 
2.465406e-01 3.578025e-02 
2.487177e-01 3.584525e-02 
2.509138e-01 3.591082e-02 
2.531292e-01 3.597697e-02 
2.553640e-01 3.604369e-02 
2.576185e-01 3.611101e-02 
2.598929e-01 3.617891e-02 
2.621874e-01 3.624742e-02 
2.645022e-01 3.631653e-02 
2.668376e-01 3.638626e-02 
2.691938e-01 3.645661e-02 
2.715709e-01 3.652759e-02 
2.739692e-01 3.659919e-02 
2.763890e-01 3.667144e-02 
2.788305e-01 3.674434e-02 
2.812939e-01 3.681789e-02 
2.837795e-01 3.689210e-02 
2.862874e-01 3.696698e-02 
2.888180e-01 3.704254e-02 
2.913715e-01 3.711878e-02 
2.939480e-01 3.719571e-02 
2.965480e-01 3.727333e-02 
2.991715e-01 3.735167e-02 
3.018190e-01 3.743071e-02 
3.044905e-01 3.751048e-02 
3.071864e-01 3.759097e-02 
3.099070e-01 3.767220e-02 
3.126524e-01 3.775417e-02 
3.154230e-01 3.783689e-02 
3.182190e-01 3.792037e-02 
3.210407e-01 3.800462e-02 
3.238884e-01 3.808965e-02 
3.267623e-01 3.817545e-02 
3.296627e-01 3.826205e-02 
3.325899e-01 3.834945e-02 
3.355442e-01 3.843766e-02 
3.385258e-01 3.852668e-02 
3.415351e-01 3.861653e-02 
3.445722e-01 3.870721e-02 
3.476376e-01 3.879874e-02 
3.507315e-01 3.889111e-02 
3.538542e-01 3.898435e-02 
3.570060e-01 3.907845e-02 
3.601872e-01 3.917343e-02 
3.633982e-01 3.926930e-02 
3.666391e-01 3.936607e-02 
3.699104e-01 3.946374e-02 
3.732123e-01 3.956233e-02 
3.765451e-01 3.966184e-02 
3.799093e-01 3.976228e-02 
3.833050e-01 3.986367e-02 
3.867327e-01 3.996601e-02 
3.901926e-01 4.006931e-02 
3.936851e-01 4.017359e-02 
3.972105e-01 4.027885e-02 
4.007692e-01 4.038510e-02 
4.043615e-01 4.049236e-02 
4.079877e-01 4.060063e-02 
4.116482e-01 4.070992e-02 
4.153433e-01 4.082025e-02 
4.190735e-01 4.093162e-02 
4.228390e-01 4.104405e-02 
4.266402e-01 4.115754e-02 
4.304774e-01 4.127211e-02 
4.343511e-01 4.138777e-02 
4.382617e-01 4.150453e-02 
4.422094e-01 4.162240e-02 
4.461947e-01 4.174138e-02 
4.502179e-01 4.186151e-02 
4.542795e-01 4.198278e-02 
4.583797e-01 4.210520e-02 
4.625191e-01 4.222879e-02 
4.666981e-01 4.235356e-02 
4.709169e-01 4.247952e-02 
4.751760e-01 4.260669e-02 
4.794759e-01 4.273507e-02 
4.838169e-01 4.286468e-02 
4.881994e-01 4.299554e-02 
4.926240e-01 4.312764e-02 
4.970909e-01 4.326101e-02 
5.016006e-01 4.339566e-02 
5.061536e-01 4.353160e-02 
5.107503e-01 4.366884e-02 
5.153911e-01 4.380741e-02 
5.200765e-01 4.394730e-02 
5.248069e-01 4.408854e-02 
5.295828e-01 4.423113e-02 
5.344047e-01 4.437510e-02 
5.392729e-01 4.452045e-02 
5.441880e-01 4.466720e-02 
5.491504e-01 4.481537e-02 
5.541606e-01 4.496496e-02 
5.592192e-01 4.511599e-02 
5.643265e-01 4.526848e-02 
5.694830e-01 4.542245e-02 
5.746893e-01 4.557789e-02 
5.799459e-01 4.573484e-02 
5.852532e-01 4.589330e-02 
5.906118e-01 4.605330e-02 
5.960222e-01 4.621484e-02 
6.014849e-01 4.637794e-02 
6.070004e-01 4.654261e-02 
6.125693e-01 4.670889e-02 
6.181920e-01 4.687677e-02 
6.238691e-01 4.704627e-02 
6.296013e-01 4.721742e-02 
6.353889e-01 4.739022e-02 
6.412326e-01 4.756470e-02 
6.471329e-01 4.774087e-02 
6.530905e-01 4.791874e-02 
6.591058e-01 4.809834e-02 
6.651794e-01 4.827968e-02 
6.713120e-01 4.846279e-02 
6.775040e-01 4.864766e-02 
6.837562e-01 4.883434e-02 
6.900691e-01 4.902282e-02 
6.964432e-01 4.921314e-02 
7.028793e-01 4.940530e-02 
7.093779e-01 4.959934e-02 
7.159397e-01 4.979525e-02 
7.225653e-01 4.999307e-02 
7.292553e-01 5.019282e-02 
7.360103e-01 5.039451e-02 
7.428311e-01 5.059816e-02 
7.497182e-01 5.080379e-02 
7.566723e-01 5.101142e-02 
7.636941e-01 5.122107e-02 
7.707842e-01 5.143276e-02 
7.779434e-01 5.164652e-02 
7.851723e-01 5.186235e-02 
7.924717e-01 5.208029e-02 
7.998421e-01 5.230035e-02 
8.072843e-01 5.252256e-02 
8.147991e-01 5.274693e-02 
8.223871e-01 5.297349e-02 
8.300491e-01 5.320226e-02 
8.377858e-01 5.343325e-02 
8.455979e-01 5.366651e-02 
8.534862e-01 5.390203e-02 
8.614514e-01 5.413986e-02 
8.694944e-01 5.438000e-02 
8.776158e-01 5.462249e-02 
8.858165e-01 5.486735e-02 
8.940971e-01 5.511461e-02 
9.024586e-01 5.536428e-02 
9.109017e-01 5.561640e-02 
9.194272e-01 5.587100e-02 
9.280359e-01 5.612810e-02 
9.367287e-01 5.638774e-02 
9.455063e-01 5.664998e-02 
9.543696e-01 5.691482e-02 
9.633195e-01 5.718237e-02 
9.723568e-01 5.745264e-02 
9.814820e-01 5.772534e-02 
9.906964e-01 5.800089e-02 
1.000000e+00 5.827677e-02 
5.000000e-02 3.023573e-02 
5.099954e-02 3.026620e-02 
5.199913e-02 3.029667e-02 
5.299894e-02 3.032715e-02 
5.399903e-02 3.035764e-02 
5.499951e-02 3.038814e-02 
5.600046e-02 3.041865e-02 
5.700199e-02 3.044918e-02 
5.800419e-02 3.047973e-02 
5.900716e-02 3.051031e-02 
6.001098e-02 3.054091e-02 
6.101577e-02 3.057154e-02 
6.202162e-02 3.060221e-02 
6.302861e-02 3.063290e-02 
6.403685e-02 3.066364e-02 
6.504644e-02 3.069442e-02 
6.605747e-02 3.072524e-02 
6.707004e-02 3.075611e-02 
6.808424e-02 3.078702e-02 
6.910017e-02 3.081799e-02 
7.011793e-02 3.084902e-02 
7.113762e-02 3.088011e-02 
7.215934e-02 3.091125e-02 
7.318318e-02 3.094246e-02 
7.420923e-02 3.097374e-02 
7.523761e-02 3.100509e-02 
7.626840e-02 3.103652e-02 
7.730171e-02 3.106802e-02 
7.833764e-02 3.109960e-02 
7.937628e-02 3.113126e-02 
8.041773e-02 3.116301e-02 
8.146210e-02 3.119485e-02 
8.250948e-02 3.122678e-02 
8.355997e-02 3.125880e-02 
8.461368e-02 3.129092e-02 
8.567070e-02 3.132315e-02 
8.673114e-02 3.135547e-02 
8.779510e-02 3.138791e-02 
8.886268e-02 3.142045e-02 
8.993398e-02 3.145311e-02 
9.100911e-02 3.148589e-02 
9.208816e-02 3.151878e-02 
9.317125e-02 3.155180e-02 
9.425847e-02 3.158494e-02 
9.534993e-02 3.161822e-02 
9.644573e-02 3.165162e-02 
9.754599e-02 3.168516e-02 
9.865079e-02 3.171884e-02 
9.976026e-02 3.175267e-02 
1.008745e-01 3.178663e-02 
1.019936e-01 3.182075e-02 
1.031177e-01 3.185502e-02 
1.042469e-01 3.188944e-02 
1.053812e-01 3.192402e-02 
1.065209e-01 3.195876e-02 
1.076660e-01 3.199367e-02 
1.088166e-01 3.202875e-02 
1.099728e-01 3.206400e-02 
1.111348e-01 3.209942e-02 
1.123027e-01 3.213502e-02 
1.134765e-01 3.217080e-02 
1.146564e-01 3.220677e-02 
1.158425e-01 3.224293e-02 
1.170349e-01 3.227928e-02 
1.182337e-01 3.231583e-02 
1.194390e-01 3.235257e-02 
1.206510e-01 3.238952e-02 
1.218698e-01 3.242667e-02 
1.230954e-01 3.246404e-02 
1.243281e-01 3.250161e-02 
1.255679e-01 3.253941e-02 
1.268149e-01 3.257742e-02 
1.280692e-01 3.261566e-02 
1.293311e-01 3.265413e-02 
1.306005e-01 3.269283e-02 
1.318777e-01 3.273176e-02 
1.331627e-01 3.277094e-02 
1.344557e-01 3.281035e-02 
1.357567e-01 3.285002e-02 
1.370660e-01 3.288993e-02 
1.383836e-01 3.293010e-02 
1.397097e-01 3.297052e-02 
1.410444e-01 3.301121e-02 
1.423878e-01 3.305216e-02 
1.437400e-01 3.309338e-02 
1.451012e-01 3.313488e-02 
1.464716e-01 3.317666e-02 
1.478511e-01 3.321871e-02 
1.492401e-01 3.326105e-02 
1.506385e-01 3.330369e-02 
1.520466e-01 3.334661e-02 
1.534645e-01 3.338983e-02 
1.548922e-01 3.343336e-02 
1.563301e-01 3.347719e-02 
1.577781e-01 3.352133e-02 
1.592364e-01 3.356579e-02 
1.607052e-01 3.361057e-02 
1.621846e-01 3.365567e-02 
1.636747e-01 3.370109e-02 
1.651757e-01 3.374685e-02 
1.666878e-01 3.379295e-02 
1.682110e-01 3.383938e-02 
1.697456e-01 3.388616e-02 
1.712916e-01 3.393329e-02 
1.728493e-01 3.398078e-02 
1.744187e-01 3.402862e-02 
1.760000e-01 3.407683e-02 
1.775934e-01 3.412540e-02 
1.791990e-01 3.417435e-02 
1.808170e-01 3.422368e-02 
1.824476e-01 3.427338e-02 
1.840908e-01 3.432348e-02 
1.857468e-01 3.437396e-02 
1.874159e-01 3.442484e-02 
1.890981e-01 3.447612e-02 
1.907937e-01 3.452781e-02 
1.925027e-01 3.457991e-02 
1.942254e-01 3.463243e-02 
1.959619e-01 3.468536e-02 
1.977123e-01 3.473873e-02 
1.994770e-01 3.479252e-02 
2.012559e-01 3.484675e-02 
2.030493e-01 3.490143e-02 
2.048574e-01 3.495654e-02 
2.066803e-01 3.501212e-02 
2.085183e-01 3.506815e-02 
2.103714e-01 3.512464e-02 
2.122398e-01 3.518160e-02 
2.141238e-01 3.523903e-02 
2.160236e-01 3.529694e-02 
2.179392e-01 3.535534e-02 
2.198709e-01 3.541423e-02 
2.218189e-01 3.547362e-02 
2.237834e-01 3.553350e-02 
2.257645e-01 3.559389e-02 
2.277624e-01 3.565480e-02 
2.297773e-01 3.571623e-02 
2.318095e-01 3.577818e-02 
2.338591e-01 3.584066e-02 
2.359263e-01 3.590368e-02 
2.380113e-01 3.596724e-02 
2.401143e-01 3.603135e-02 
2.422356e-01 3.609601e-02 
2.443752e-01 3.616124e-02 
2.465334e-01 3.622704e-02 
2.487105e-01 3.629340e-02 
2.509066e-01 3.636035e-02 
2.531220e-01 3.642789e-02 
2.553568e-01 3.649602e-02 
2.576113e-01 3.656474e-02 
2.598857e-01 3.663408e-02 
2.621801e-01 3.670402e-02 
2.644949e-01 3.677459e-02 
2.668303e-01 3.684578e-02 
2.691864e-01 3.691761e-02 
2.715635e-01 3.699008e-02 
2.739618e-01 3.706319e-02 
2.763816e-01 3.713695e-02 
2.788231e-01 3.721138e-02 
2.812864e-01 3.728648e-02 
2.837720e-01 3.736225e-02 
2.862799e-01 3.743870e-02 
2.888104e-01 3.751585e-02 
2.913639e-01 3.759369e-02 
2.939404e-01 3.767223e-02 
2.965403e-01 3.775149e-02 
2.991639e-01 3.783147e-02 
3.018113e-01 3.791218e-02 
3.044828e-01 3.799362e-02 
3.071787e-01 3.807580e-02 
3.098992e-01 3.815874e-02 
3.126446e-01 3.824243e-02 
3.154152e-01 3.832689e-02 
3.182112e-01 3.841213e-02 
3.210328e-01 3.849815e-02 
3.238805e-01 3.858496e-02 
3.267544e-01 3.867257e-02 
3.296548e-01 3.876098e-02 
3.325819e-01 3.885022e-02 
3.355362e-01 3.894028e-02 
3.385178e-01 3.903117e-02 
3.415270e-01 3.912291e-02 
3.445641e-01 3.921549e-02 
3.476295e-01 3.930894e-02 
3.507234e-01 3.940326e-02 
3.538460e-01 3.949845e-02 
3.569978e-01 3.959453e-02 
3.601790e-01 3.969151e-02 
3.633899e-01 3.978940e-02 
3.666308e-01 3.988820e-02 
3.699020e-01 3.998792e-02 
3.732039e-01 4.008858e-02 
3.765367e-01 4.019018e-02 
3.799009e-01 4.029273e-02 
3.832966e-01 4.039625e-02 
3.867242e-01 4.050074e-02 
3.901841e-01 4.060622e-02 
3.936766e-01 4.071268e-02 
3.972020e-01 4.082016e-02 
4.007606e-01 4.092864e-02 
4.043529e-01 4.103815e-02 
4.079790e-01 4.114869e-02 
4.116395e-01 4.126028e-02 
4.153346e-01 4.137293e-02 
4.190647e-01 4.148664e-02 
4.228302e-01 4.160143e-02 
4.266314e-01 4.171731e-02 
4.304686e-01 4.183429e-02 
4.343423e-01 4.195238e-02 
4.382528e-01 4.207159e-02 
4.422005e-01 4.219193e-02 
4.461857e-01 4.231342e-02 
4.502089e-01 4.243607e-02 
4.542705e-01 4.255988e-02 
4.583707e-01 4.268488e-02 
4.625101e-01 4.281107e-02 
4.666890e-01 4.293846e-02 
4.709078e-01 4.306707e-02 
4.751669e-01 4.319691e-02 
4.794667e-01 4.332799e-02 
4.838077e-01 4.346032e-02 
4.881902e-01 4.359393e-02 
4.926147e-01 4.372881e-02 
4.970816e-01 4.386498e-02 
5.015913e-01 4.400246e-02 
5.061443e-01 4.414125e-02 
5.107409e-01 4.428138e-02 
5.153817e-01 4.442286e-02 
5.200671e-01 4.456569e-02 
5.247974e-01 4.470990e-02 
5.295733e-01 4.485549e-02 
5.343951e-01 4.500248e-02 
5.392633e-01 4.515089e-02 
5.441784e-01 4.530072e-02 
5.491408e-01 4.545200e-02 
5.541510e-01 4.560474e-02 
5.592095e-01 4.575894e-02 
5.643167e-01 4.591464e-02 
5.694733e-01 4.607183e-02 
5.746795e-01 4.623055e-02 
5.799361e-01 4.639079e-02 
5.852434e-01 4.655259e-02 
5.906020e-01 4.671594e-02 
5.960123e-01 4.688088e-02 
6.014750e-01 4.704740e-02 
6.069904e-01 4.721554e-02 
6.125592e-01 4.738531e-02 
6.181819e-01 4.755672e-02 
6.238591e-01 4.772978e-02 
6.295912e-01 4.790452e-02 
6.353788e-01 4.808096e-02 
6.412224e-01 4.825910e-02 
6.471228e-01 4.843897e-02 
6.530803e-01 4.862059e-02 
6.590955e-01 4.880396e-02 
6.651691e-01 4.898912e-02 
6.713017e-01 4.917607e-02 
6.774937e-01 4.936483e-02 
6.837458e-01 4.955543e-02 
6.900587e-01 4.974787e-02 
6.964328e-01 4.994219e-02 
7.028689e-01 5.013839e-02 
7.093675e-01 5.033650e-02 
7.159293e-01 5.053654e-02 
7.225548e-01 5.073851e-02 
7.292448e-01 5.094246e-02 
7.359998e-01 5.114838e-02 
7.428205e-01 5.135631e-02 
7.497076e-01 5.156627e-02 
7.566617e-01 5.177826e-02 
7.636835e-01 5.199232e-02 
7.707737e-01 5.220846e-02 
7.779329e-01 5.242671e-02 
7.851618e-01 5.264708e-02 
7.924611e-01 5.286960e-02 
7.998316e-01 5.309429e-02 
8.072739e-01 5.332117e-02 
8.147887e-01 5.355026e-02 
8.223767e-01 5.378158e-02 
8.300388e-01 5.401516e-02 
8.377755e-01 5.425101e-02 
8.455877e-01 5.448917e-02 
8.534761e-01 5.472964e-02 
8.614415e-01 5.497247e-02 
8.694846e-01 5.521766e-02 
8.776062e-01 5.546525e-02 
8.858071e-01 5.571525e-02 
8.940880e-01 5.596769e-02 
9.024498e-01 5.622260e-02 
9.108932e-01 5.648000e-02 
9.194190e-01 5.673991e-02 
9.280282e-01 5.700236e-02 
9.367214e-01 5.726737e-02 
9.454996e-01 5.753497e-02 
9.543636e-01 5.780519e-02 
9.633142e-01 5.807805e-02 
9.723522e-01 5.835357e-02 
9.814786e-01 5.863179e-02 
9.906943e-01 5.891273e-02 
1.000000e+00 5.919641e-02 
BC
-1
-1
-1
-1
-1
-1
-1
-1
-1
-1
-1
-1
-1
-1
-1
-1
-1
-1
-1
-1
-1
-1
-1
-1
-1
-1
-1
-1
-1
-1
-1
-1
-1
-1
-1
-1
-1
-1
-1
-1
-1
-1
-1
-1
-1
-1
-1
-1
-1
-1
-1
-1
-1
-1
-1
-1
-1
-1
-1
-1
-1
-1
-1
-1
-1
-1
-1
-1
-1
-1
-1
-1
-1
-1
-1
-1
-1
-1
-1
-1
-1
-1
-1
-1
-1
-1
-1
-1
-1
-1
-1
-1
-1
-1
-1
-1
-1
-1
-1
-1
-1
-1
-1
-1
-1
-1
-1
-1
-1
-1
-1
-1
-1
-1
-1
-1
-1
-1
-1
-1
-1
-1
-1
-1
-1
-1
-1
-1
-1
-1
-1
-1
-1
-1
-1
-1
-1
-1
-1
-1
-1
-1
-1
-1
-1
-1
-1
-1
-1
-1
-1
-1
-1
-1
-1
-1
-1
-1
-1
-1
-1
-1
-1
-1
-1
-1
-1
-1
-1
-1
-1
-1
-1
-1
-1
-1
-1
-1
-1
-1
-1
-1
-1
-1
-1
-1
-1
-1
-1
-1
-1
-1
-1
-1
-1
-1
-1
-1
-1
-1
-1
-1
-1
-1
-1
-1
-1
-1
-1
-1
-1
-1
-1
-1
-1
-1
-1
-1
-1
-1
-1
-1
-1
-1
-1
-1
-1
-1
-1
-1
-1
-1
-1
-1
-1
-1
-1
-1
-1
-1
-1
-1
-1
-1
-1
-1
-1
-1
-1
-1
-1
-1
-1
-1
-1
-1
-1
-1
-1
-1
-1
-1
-1
-1
-1
-1
-1
-1
-1
-1
-1
-1
-1
-1
-1
-1
-1
-1
-1
-1
-1
-1
-1
-1
-1
-1
-1
-1
-1
-1
-1
-1
-1
-1
-1
-1
-1
-1
-1
3
3
3
3
3
3
3
3
3
3
-1
-1
-1
-1
-1
-1
-1
-1
-1
-1
-1
-1
-1
-1
-1
-1
-1
-1
-1
-1
-1
-1
-1
-1
-1
-1
-1
-1
-1
-1
-1
-1
-1
-1
-1
-1
-1
-1
-1
-1
-1
-1
-1
-1
-1
-1
-1
-1
-1
-1
-1
-1
-1
-1
-1
-1
-1
-1
-1
-1
-1
-1
-1
-1
-1
-1
-1
-1
-1
-1
-1
-1
-1
-1
-1
-1
-1
-1
-1
-1
-1
-1
-1
-1
-1
-1
-1
-1
-1
-1
-1
-1
-1
-1
-1
-1
-1
-1
-1
-1
-1
-1
-1
-1
-1
-1
-1
-1
-1
-1
-1
-1
-1
-1
-1
-1
-1
-1
-1
-1
-1
-1
-1
-1
-1
-1
-1
-1
-1
-1
-1
-1
-1
-1
-1
-1
-1
-1
-1
-1
-1
-1
-1
-1
-1
-1
-1
-1
-1
-1
-1
-1
-1
-1
-1
-1
-1
-1
-1
-1
-1
-1
-1
-1
-1
-1
-1
-1
-1
-1
-1
-1
-1
-1
-1
-1
-1
-1
-1
-1
-1
-1
-1
-1
-1
-1
-1
-1
-1
-1
-1
-1
-1
-1
-1
-1
-1
-1
-1
-1
-1
-1
-1
-1
-1
-1
-1
-1
-1
-1
-1
-1
-1
-1
-1
-1
-1
-1
-1
-1
-1
-1
-1
-1
-1
-1
-1
-1
-1
-1
-1
-1
-1
-1
-1
-1
-1
-1
-1
-1
-1
-1
-1
-1
-1
-1
-1
-1
-1
-1
-1
-1
-1
-1
-1
-1
-1
-1
-1
-1
-1
-1
-1
-1
-1
-1
-1
-1
-1
-1
-1
-1
-1
-1
-1
-1
-1
-1
-1
-1
-1
-1
-1
-1
-1
-1
-1
-1
-1
-1
-1
-1
-1
-1
-1
-1
-1
-1
-1
-1
-1
-1
-1
-1
-1
-1
-1
-1
-1
