npartb: 1 1 
ipartb: 0 0 
ngrid: 20 11 
0.000000e+00 2.700000e-02 
2.631579e-03 2.700000e-02 
5.263158e-03 2.700000e-02 
7.894737e-03 2.700000e-02 
1.052632e-02 2.700000e-02 
1.315789e-02 2.700000e-02 
1.578947e-02 2.700000e-02 
1.842105e-02 2.700000e-02 
2.105263e-02 2.700000e-02 
2.368421e-02 2.700000e-02 
2.631579e-02 2.700000e-02 
2.894737e-02 2.700000e-02 
3.157895e-02 2.700000e-02 
3.421053e-02 2.700000e-02 
3.684211e-02 2.700000e-02 
3.947368e-02 2.700000e-02 
4.210526e-02 2.700000e-02 
4.473684e-02 2.700000e-02 
4.736842e-02 2.700000e-02 
5.000000e-02 2.700000e-02 
0.000000e+00 2.970000e-02 
2.860047e-03 2.962056e-02 
5.659995e-03 2.947767e-02 
8.433027e-03 2.931104e-02 
1.119958e-02 2.914149e-02 
1.396733e-02 2.897661e-02 
1.671851e-02 2.882005e-02 
1.944596e-02 2.867190e-02 
2.214545e-02 2.853174e-02 
2.481575e-02 2.839811e-02 
2.745630e-02 2.827109e-02 
3.006664e-02 2.815032e-02 
3.264811e-02 2.803585e-02 
3.519870e-02 2.792648e-02 
3.772177e-02 2.782177e-02 
4.021341e-02 2.771952e-02 
4.268001e-02 2.761848e-02 
4.511715e-02 2.751461e-02 
4.754035e-02 2.741027e-02 
5.000000e-02 2.732357e-02 
0.000000e+00 3.240000e-02 
3.191258e-03 3.218050e-02 
6.242392e-03 3.183756e-02 
9.209833e-03 3.145898e-02 
1.212846e-02 3.108879e-02 
1.501221e-02 3.074054e-02 
1.784681e-02 3.041766e-02 
2.062770e-02 3.011889e-02 
2.335163e-02 2.984155e-02 
2.601807e-02 2.958271e-02 
2.862810e-02 2.934118e-02 
3.118206e-02 2.911525e-02 
3.368378e-02 2.890382e-02 
3.613152e-02 2.870433e-02 
3.853226e-02 2.851518e-02 
4.088150e-02 2.833251e-02 
4.319097e-02 2.815388e-02 
4.545465e-02 2.797279e-02 
4.769899e-02 2.779334e-02 
5.000000e-02 2.764715e-02 
0.000000e+00 3.510000e-02 
3.558454e-03 3.469092e-02 
6.888088e-03 3.411246e-02 
1.006561e-02 3.349920e-02 
1.313785e-02 3.291862e-02 
1.612919e-02 3.238416e-02 
1.903088e-02 3.189720e-02 
2.184686e-02 3.145238e-02 
2.457560e-02 3.104468e-02 
2.721973e-02 3.066867e-02 
2.978287e-02 3.032168e-02 
3.226688e-02 2.999998e-02 
3.467893e-02 2.970121e-02 
3.701789e-02 2.942120e-02 
3.929485e-02 2.915715e-02 
4.150500e-02 2.890369e-02 
4.366501e-02 2.865732e-02 
4.576789e-02 2.840983e-02 
4.784850e-02 2.816655e-02 
5.000000e-02 2.797072e-02 
0.000000e+00 3.780000e-02 
3.932658e-03 3.716245e-02 
7.548236e-03 3.632582e-02 
1.094186e-02 3.546932e-02 
1.417094e-02 3.467570e-02 
1.726665e-02 3.395784e-02 
2.023037e-02 3.331073e-02 
2.307270e-02 3.272508e-02 
2.579734e-02 3.219224e-02 
2.841018e-02 3.170447e-02 
3.091827e-02 3.125705e-02 
3.332577e-02 3.084459e-02 
3.564273e-02 3.046310e-02 
3.787036e-02 3.010717e-02 
4.002208e-02 2.977254e-02 
4.209598e-02 2.945292e-02 
4.411041e-02 2.914354e-02 
4.606325e-02 2.883701e-02 
4.799202e-02 2.853797e-02 
5.000000e-02 2.829429e-02 
0.000000e+00 4.050000e-02 
4.298222e-03 3.960446e-02 
8.199821e-03 3.850115e-02 
1.181421e-02 3.739888e-02 
1.520430e-02 3.639473e-02 
1.840633e-02 3.549693e-02 
2.143070e-02 3.469383e-02 
2.429658e-02 3.397124e-02 
2.701338e-02 3.331685e-02 
2.959096e-02 3.272042e-02 
3.204030e-02 3.217534e-02 
3.436812e-02 3.167461e-02 
3.658790e-02 3.121270e-02 
3.870307e-02 3.078296e-02 
4.072988e-02 3.037979e-02 
4.266919e-02 2.999599e-02 
4.454135e-02 2.962566e-02 
4.634924e-02 2.926231e-02 
4.813109e-02 2.890928e-02 
5.000000e-02 2.861786e-02 
0.000000e+00 4.320000e-02 
4.645948e-03 4.201604e-02 
8.832125e-03 4.063682e-02 
1.267537e-02 3.929316e-02 
1.623558e-02 3.808188e-02 
1.954821e-02 3.700813e-02 
2.263413e-02 3.605278e-02 
2.552166e-02 3.519631e-02 
2.822769e-02 3.442272e-02 
3.076617e-02 3.371950e-02 
3.315236e-02 3.307830e-02 
3.539668e-02 3.249078e-02 
3.751536e-02 3.194984e-02 
3.951597e-02 3.144774e-02 
4.141623e-02 3.097756e-02 
4.322245e-02 3.053149e-02 
4.495526e-02 3.010244e-02 
4.662465e-02 2.968511e-02 
4.826692e-02 2.928134e-02 
5.000000e-02 2.894144e-02 
0.000000e+00 4.590000e-02 
4.972304e-03 4.439531e-02 
9.443376e-03 4.274081e-02 
1.352538e-02 4.115886e-02 
1.726600e-02 3.974354e-02 
2.069440e-02 3.849624e-02 
2.384215e-02 3.739068e-02 
2.674956e-02 3.640172e-02 
2.944158e-02 3.550990e-02 
3.193662e-02 3.470073e-02 
3.425519e-02 3.396454e-02 
3.641162e-02 3.329160e-02 
3.842601e-02 3.267331e-02 
4.030992e-02 3.210079e-02 
4.208382e-02 3.156589e-02 
4.375895e-02 3.106012e-02 
4.535689e-02 3.057515e-02 
4.689311e-02 3.010657e-02 
4.840029e-02 2.965432e-02 
5.000000e-02 2.926501e-02 
0.000000e+00 4.860000e-02 
5.278896e-03 4.672427e-02 
1.003565e-02 4.478778e-02 
1.435902e-02 4.297782e-02 
1.828179e-02 4.136464e-02 
2.182515e-02 3.994651e-02 
2.503050e-02 3.869301e-02 
2.795369e-02 3.757236e-02 
3.062637e-02 3.656327e-02 
3.307290e-02 3.564969e-02 
3.531886e-02 3.482066e-02 
3.738458e-02 3.406507e-02 
3.929319e-02 3.337261e-02 
4.106220e-02 3.273334e-02 
4.271407e-02 3.213787e-02 
4.426557e-02 3.157703e-02 
4.573874e-02 3.104132e-02 
4.715191e-02 3.052606e-02 
4.853342e-02 3.002945e-02 
5.000000e-02 2.958858e-02 
0.000000e+00 5.130000e-02 
5.594248e-03 4.898486e-02 
1.063167e-02 4.676520e-02 
1.517822e-02 4.473657e-02 
1.926064e-02 4.293306e-02 
2.290179e-02 4.134600e-02 
2.615451e-02 3.994303e-02 
2.908416e-02 3.868979e-02 
3.172976e-02 3.756424e-02 
3.412227e-02 3.654900e-02 
3.629365e-02 3.563126e-02 
3.827011e-02 3.479791e-02 
4.007883e-02 3.403686e-02 
4.174250e-02 3.333685e-02 
4.328558e-02 3.268728e-02 
4.472898e-02 3.207819e-02 
4.609435e-02 3.149902e-02 
4.740112e-02 3.094411e-02 
4.867163e-02 3.040878e-02 
5.000000e-02 2.991215e-02 
0.000000e+00 5.400000e-02 
5.989924e-03 5.115308e-02 
1.128984e-02 4.863411e-02 
1.598283e-02 4.640359e-02 
2.014249e-02 4.442657e-02 
2.383402e-02 4.267204e-02 
2.711531e-02 4.111249e-02 
3.003781e-02 3.972347e-02 
3.264732e-02 3.848320e-02 
3.498478e-02 3.737225e-02 
3.708681e-02 3.637318e-02 
3.898639e-02 3.547034e-02 
4.071329e-02 3.464957e-02 
4.229459e-02 3.389800e-02 
4.375508e-02 3.320385e-02 
4.511765e-02 3.255624e-02 
4.640368e-02 3.194500e-02 
4.763333e-02 3.136057e-02 
4.882587e-02 3.079377e-02 
5.000000e-02 3.023573e-02 
BC
4
4
4
4
4
4
4
4
4
4
4
4
4
4
4
4
4
4
4
-1
-1
-1
-1
-1
-1
-1
-1
-1
-1
-1
-1
-1
-1
-1
-1
-1
-1
-1
-1
-1
-1
-1
-1
-1
-1
-1
-1
-1
4
4
4
4
4
4
4
4
4
4
