npartb: 1 1 
ipartb: 0 0 
ngrid: 30 50 
-5.000000e-02 0.000000e+00 
-4.827586e-02 0.000000e+00 
-4.655172e-02 0.000000e+00 
-4.482759e-02 0.000000e+00 
-4.310345e-02 0.000000e+00 
-4.137931e-02 0.000000e+00 
-3.965517e-02 0.000000e+00 
-3.793103e-02 0.000000e+00 
-3.620690e-02 0.000000e+00 
-3.448276e-02 0.000000e+00 
-3.275862e-02 0.000000e+00 
-3.103448e-02 0.000000e+00 
-2.931034e-02 0.000000e+00 
-2.758621e-02 0.000000e+00 
-2.586207e-02 0.000000e+00 
-2.413793e-02 0.000000e+00 
-2.241379e-02 0.000000e+00 
-2.068966e-02 0.000000e+00 
-1.896552e-02 0.000000e+00 
-1.724138e-02 0.000000e+00 
-1.551724e-02 0.000000e+00 
-1.379310e-02 0.000000e+00 
-1.206897e-02 0.000000e+00 
-1.034483e-02 0.000000e+00 
-8.620690e-03 0.000000e+00 
-6.896552e-03 0.000000e+00 
-5.172414e-03 0.000000e+00 
-3.448276e-03 0.000000e+00 
-1.724138e-03 0.000000e+00 
0.000000e+00 0.000000e+00 
-5.000000e-02 3.061224e-04 
-4.827408e-02 3.024764e-04 
-4.654837e-02 2.987427e-04 
-4.482220e-02 2.949501e-04 
-4.309500e-02 2.911217e-04 
-4.136637e-02 2.872568e-04 
-3.963697e-02 2.833524e-04 
-3.790666e-02 2.794028e-04 
-3.617648e-02 2.754136e-04 
-3.444643e-02 2.713881e-04 
-3.271654e-02 2.673205e-04 
-3.098690e-02 2.632084e-04 
-2.925741e-02 2.590540e-04 
-2.752825e-02 2.548561e-04 
-2.579925e-02 2.506144e-04 
-2.407051e-02 2.462993e-04 
-2.234181e-02 2.423107e-04 
-2.061280e-02 2.385757e-04 
-1.888384e-02 2.348723e-04 
-1.715108e-02 2.324224e-04 
-1.543265e-02 2.259764e-04 
-1.371608e-02 2.191837e-04 
-1.199997e-02 2.122681e-04 
-1.028447e-02 2.056767e-04 
-8.569365e-03 1.990317e-04 
-6.855192e-03 1.921771e-04 
-5.141530e-03 1.851949e-04 
-3.427681e-03 1.787869e-04 
-1.714367e-03 1.722211e-04 
0.000000e+00 1.632653e-04 
-5.000000e-02 6.122449e-04 
-4.826928e-02 6.068567e-04 
-4.653890e-02 6.013203e-04 
-4.480771e-02 5.956600e-04 
-4.307509e-02 5.899333e-04 
-4.134019e-02 5.841069e-04 
-3.960442e-02 5.782078e-04 
-3.786751e-02 5.722070e-04 
-3.613077e-02 5.661317e-04 
-3.439426e-02 5.599530e-04 
-3.265797e-02 5.536934e-04 
-3.092209e-02 5.473256e-04 
-2.918644e-02 5.408749e-04 
-2.745134e-02 5.343094e-04 
-2.571650e-02 5.276591e-04 
-2.398205e-02 5.209219e-04 
-2.224759e-02 5.147033e-04 
-2.051224e-02 5.091894e-04 
-1.877669e-02 5.038580e-04 
-1.703354e-02 5.012628e-04 
-1.532379e-02 4.857797e-04 
-1.361800e-02 4.686567e-04 
-1.191300e-02 4.512470e-04 
-1.020906e-02 4.342661e-04 
-8.505728e-03 4.171629e-04 
-6.803994e-03 3.996281e-04 
-5.102978e-03 3.818723e-04 
-3.401455e-03 3.653057e-04 
-1.700684e-03 3.484064e-04 
0.000000e+00 3.265306e-04 
-5.000000e-02 9.183673e-04 
-4.826279e-02 9.122825e-04 
-4.652593e-02 9.060274e-04 
-4.478809e-02 8.995999e-04 
-4.304883e-02 8.930949e-04 
-4.130677e-02 8.864392e-04 
-3.956403e-02 8.796987e-04 
-3.782008e-02 8.728172e-04 
-3.607631e-02 8.658472e-04 
-3.433280e-02 8.587180e-04 
-3.258952e-02 8.514909e-04 
-3.084674e-02 8.441095e-04 
-2.910421e-02 8.366276e-04 
-2.736238e-02 8.289763e-04 
-2.562081e-02 8.212280e-04 
-2.387969e-02 8.134255e-04 
-2.213847e-02 8.062376e-04 
-2.039563e-02 8.002382e-04 
-1.865221e-02 7.946221e-04 
-1.689795e-02 7.928702e-04 
-1.519928e-02 7.664972e-04 
-1.350655e-02 7.367375e-04 
-1.181483e-02 7.064902e-04 
-1.012455e-02 6.765580e-04 
-8.434891e-03 6.464796e-04 
-6.747243e-03 6.158286e-04 
-5.060294e-03 5.849483e-04 
-3.372371e-03 5.559158e-04 
-1.685187e-03 5.264675e-04 
0.000000e+00 4.897959e-04 
-5.000000e-02 1.224490e-03 
-4.825501e-02 1.218484e-03 
-4.651032e-02 1.212313e-03 
-4.476451e-02 1.205948e-03 
-4.301748e-02 1.199507e-03 
-4.126752e-02 1.192877e-03 
-3.951704e-02 1.186164e-03 
-3.776560e-02 1.179289e-03 
-3.601433e-02 1.172327e-03 
-3.426335e-02 1.165160e-03 
-3.251257e-02 1.157895e-03 
-3.076232e-02 1.150448e-03 
-2.901229e-02 1.142901e-03 
-2.726303e-02 1.135151e-03 
-2.551402e-02 1.127313e-03 
-2.376537e-02 1.119505e-03 
-2.201655e-02 1.112324e-03 
-2.026524e-02 1.106882e-03 
-1.851299e-02 1.101998e-03 
-1.674805e-02 1.100913e-03 
-1.506194e-02 1.062755e-03 
-1.338415e-02 1.018586e-03 
-1.170754e-02 9.737119e-04 
-1.003257e-02 9.289422e-04 
-8.358185e-03 8.840087e-04 
-6.685943e-03 8.384324e-04 
-5.014289e-03 7.926550e-04 
-3.341486e-03 7.490553e-04 
-1.669315e-03 7.050110e-04 
0.000000e+00 6.530612e-04 
-5.000000e-02 1.530612e-03 
-4.824679e-02 1.524945e-03 
-4.649382e-02 1.519134e-03 
-4.473969e-02 1.513119e-03 
-4.298461e-02 1.507041e-03 
-4.122660e-02 1.500751e-03 
-3.946821e-02 1.494390e-03 
-3.770910e-02 1.487861e-03 
-3.595011e-02 1.481255e-03 
-3.419142e-02 1.474420e-03 
-3.243290e-02 1.467500e-03 
-3.067488e-02 1.460389e-03 
-2.891706e-02 1.453192e-03 
-2.716002e-02 1.445780e-03 
-2.540317e-02 1.438305e-03 
-2.364660e-02 1.430946e-03 
-2.188977e-02 1.424182e-03 
-2.012965e-02 1.419605e-03 
-1.836835e-02 1.415643e-03 
-1.659332e-02 1.414813e-03 
-1.492059e-02 1.364313e-03 
-1.325843e-02 1.305109e-03 
-1.159758e-02 1.244972e-03 
-9.938531e-03 1.184625e-03 
-8.279980e-03 1.124125e-03 
-6.623566e-03 1.062969e-03 
-4.967596e-03 1.001665e-03 
-3.310319e-03 9.427950e-04 
-1.653518e-03 8.835230e-04 
0.000000e+00 8.163265e-04 
-5.000000e-02 1.836735e-03 
-4.823809e-02 1.831676e-03 
-4.647636e-02 1.826496e-03 
-4.471354e-02 1.821129e-03 
-4.294999e-02 1.815709e-03 
-4.118374e-02 1.810071e-03 
-3.941720e-02 1.804376e-03 
-3.765015e-02 1.798524e-03 
-3.588322e-02 1.792607e-03 
-3.411657e-02 1.786454e-03 
-3.235006e-02 1.780231e-03 
-3.058400e-02 1.773828e-03 
-2.881810e-02 1.767354e-03 
-2.705293e-02 1.760680e-03 
-2.528791e-02 1.753967e-03 
-2.352304e-02 1.747447e-03 
-2.175785e-02 1.741474e-03 
-1.998867e-02 1.738003e-03 
-1.821817e-02 1.735129e-03 
-1.643401e-02 1.733829e-03 
-1.477521e-02 1.670696e-03 
-1.312932e-02 1.595887e-03 
-1.148486e-02 1.519911e-03 
-9.842299e-03 1.443369e-03 
-8.200146e-03 1.366677e-03 
-6.559971e-03 1.289355e-03 
-4.920120e-03 1.211922e-03 
-3.278897e-03 1.137011e-03 
-1.638004e-03 1.061750e-03 
0.000000e+00 9.795918e-04 
-5.000000e-02 2.142857e-03 
-4.822937e-02 2.138418e-03 
-4.645888e-02 2.133882e-03 
-4.468737e-02 2.129176e-03 
-4.291533e-02 2.124429e-03 
-4.114083e-02 2.119468e-03 
-3.936612e-02 2.114461e-03 
-3.759110e-02 2.109312e-03 
-3.581615e-02 2.104112e-03 
-3.404150e-02 2.098677e-03 
-3.226695e-02 2.093189e-03 
-3.049279e-02 2.087536e-03 
-2.871876e-02 2.081829e-03 
-2.694539e-02 2.075947e-03 
-2.517213e-02 2.070044e-03 
-2.339889e-02 2.064397e-03 
-2.162530e-02 2.059235e-03 
-1.984713e-02 2.056780e-03 
-1.806763e-02 2.054818e-03 
-1.627486e-02 2.052652e-03 
-1.463016e-02 1.976790e-03 
-1.300055e-02 1.886367e-03 
-1.137250e-02 1.794554e-03 
-9.746397e-03 1.701822e-03 
-8.120635e-03 1.608946e-03 
-6.496661e-03 1.515473e-03 
-4.872909e-03 1.421919e-03 
-3.247727e-03 1.330954e-03 
-1.622747e-03 1.239707e-03 
0.000000e+00 1.142857e-03 
-5.000000e-02 2.448980e-03 
-4.822055e-02 2.445207e-03 
-4.644120e-02 2.441360e-03 
-4.466099e-02 2.437369e-03 
-4.288039e-02 2.433346e-03 
-4.109765e-02 2.429121e-03 
-3.931476e-02 2.424862e-03 
-3.753165e-02 2.420481e-03 
-3.574861e-02 2.416061e-03 
-3.396586e-02 2.411420e-03 
-3.218319e-02 2.406737e-03 
-3.040085e-02 2.401916e-03 
-2.861860e-02 2.397054e-03 
-2.683693e-02 2.392052e-03 
-2.505532e-02 2.387043e-03 
-2.327364e-02 2.382319e-03 
-2.149156e-02 2.378026e-03 
-1.970454e-02 2.376459e-03 
-1.791621e-02 2.375255e-03 
-1.611548e-02 2.371732e-03 
-1.448516e-02 2.282973e-03 
-1.287189e-02 2.176903e-03 
-1.126028e-02 2.069234e-03 
-9.650667e-03 1.960280e-03 
-8.041338e-03 1.851179e-03 
-6.433560e-03 1.741517e-03 
-4.825932e-03 1.631788e-03 
-3.216768e-03 1.524721e-03 
-1.607703e-03 1.417431e-03 
0.000000e+00 1.306122e-03 
-5.000000e-02 2.755102e-03 
-4.821183e-02 2.751935e-03 
-4.642374e-02 2.748712e-03 
-4.463492e-02 2.745370e-03 
-4.284581e-02 2.742003e-03 
-4.105488e-02 2.738449e-03 
-3.926383e-02 2.734869e-03 
-3.747266e-02 2.731187e-03 
-3.568153e-02 2.727475e-03 
-3.389071e-02 2.723558e-03 
-3.209995e-02 2.719609e-03 
-3.030945e-02 2.715545e-03 
-2.851902e-02 2.711452e-03 
-2.672907e-02 2.707251e-03 
-2.493917e-02 2.703053e-03 
-2.314910e-02 2.699156e-03 
-2.135862e-02 2.695635e-03 
-1.956290e-02 2.694795e-03 
-1.776596e-02 2.694168e-03 
-1.595754e-02 2.689066e-03 
-1.434161e-02 2.587406e-03 
-1.274452e-02 2.465852e-03 
-1.114916e-02 2.342516e-03 
-9.555846e-03 2.217560e-03 
-7.962773e-03 2.092450e-03 
-6.371029e-03 1.966798e-03 
-4.779380e-03 1.841089e-03 
-3.186087e-03 1.718125e-03 
-1.592813e-03 1.594985e-03 
0.000000e+00 1.469388e-03 
-5.000000e-02 3.061224e-03 
-4.820321e-02 3.058607e-03 
-4.640648e-02 3.055948e-03 
-4.460916e-02 3.053193e-03 
-4.281164e-02 3.050420e-03 
-4.101259e-02 3.047480e-03 
-3.921346e-02 3.044520e-03 
-3.741424e-02 3.041479e-03 
-3.561506e-02 3.038414e-03 
-3.381616e-02 3.035165e-03 
-3.201731e-02 3.031893e-03 
-3.021867e-02 3.028530e-03 
-2.842008e-02 3.025146e-03 
-2.662187e-02 3.021686e-03 
-2.482369e-02 3.018231e-03 
-2.302528e-02 3.015070e-03 
-2.122647e-02 3.012237e-03 
-1.942230e-02 3.011884e-03 
-1.761698e-02 3.011594e-03 
-1.580124e-02 3.004627e-03 
-1.419988e-02 2.889954e-03 
-1.261876e-02 2.753106e-03 
-1.103944e-02 2.614309e-03 
-9.462225e-03 2.473569e-03 
-7.885211e-03 2.332664e-03 
-6.309294e-03 2.191231e-03 
-4.733431e-03 2.049746e-03 
-3.155755e-03 1.911150e-03 
-1.578034e-03 1.772419e-03 
0.000000e+00 1.632653e-03 
-5.000000e-02 3.367347e-03 
-4.819470e-02 3.365214e-03 
-4.638944e-02 3.363050e-03 
-4.458372e-02 3.360812e-03 
-4.277785e-02 3.358559e-03 
-4.097073e-02 3.356159e-03 
-3.916354e-02 3.353745e-03 
-3.735630e-02 3.351266e-03 
-3.554910e-02 3.348769e-03 
-3.374216e-02 3.346110e-03 
-3.193525e-02 3.343433e-03 
-3.012851e-02 3.340685e-03 
-2.832180e-02 3.337923e-03 
-2.651539e-02 3.335110e-03 
-2.470899e-02 3.332305e-03 
-2.290231e-02 3.329780e-03 
-2.109524e-02 3.327534e-03 
-1.928276e-02 3.327534e-03 
-1.746923e-02 3.327450e-03 
-1.564632e-02 3.318464e-03 
-1.405952e-02 3.190805e-03 
-1.249420e-02 3.038836e-03 
-1.093075e-02 2.884769e-03 
-9.369438e-03 2.728464e-03 
-7.808311e-03 2.571978e-03 
-6.248067e-03 2.414965e-03 
-4.687844e-03 2.257900e-03 
-3.125635e-03 2.103887e-03 
-1.563335e-03 1.949764e-03 
0.000000e+00 1.795918e-03 
-5.000000e-02 3.673469e-03 
-4.818631e-02 3.671747e-03 
-4.637265e-02 3.670003e-03 
-4.455864e-02 3.668200e-03 
-4.274453e-02 3.666386e-03 
-4.092940e-02 3.664448e-03 
-3.911422e-02 3.662499e-03 
-3.729901e-02 3.660499e-03 
-3.548383e-02 3.658486e-03 
-3.366887e-02 3.656333e-03 
-3.185393e-02 3.654168e-03 
-3.003912e-02 3.651948e-03 
-2.822434e-02 3.649718e-03 
-2.640977e-02 3.647457e-03 
-2.459521e-02 3.645204e-03 
-2.278035e-02 3.643203e-03 
-2.096510e-02 3.641440e-03 
-1.914453e-02 3.641585e-03 
-1.732298e-02 3.641503e-03 
-1.549310e-02 3.630334e-03 
-1.392094e-02 3.489644e-03 
-1.237122e-02 3.322766e-03 
-1.082342e-02 3.153645e-03 
-9.277807e-03 2.982010e-03 
-7.732362e-03 2.810179e-03 
-6.187586e-03 2.637818e-03 
-4.642804e-03 2.465407e-03 
-3.095814e-03 2.296271e-03 
-1.548693e-03 2.127049e-03 
0.000000e+00 1.959184e-03 
-5.000000e-02 3.979592e-03 
-4.817800e-02 3.978227e-03 
-4.635603e-02 3.976847e-03 
-4.453380e-02 3.975423e-03 
-4.271149e-02 3.973990e-03 
-4.088839e-02 3.972453e-03 
-3.906524e-02 3.970908e-03 
-3.724208e-02 3.969324e-03 
-3.541894e-02 3.967729e-03 
-3.359599e-02 3.966017e-03 
-3.177306e-02 3.964295e-03 
-2.995022e-02 3.962531e-03 
-2.812740e-02 3.960761e-03 
-2.630473e-02 3.958975e-03 
-2.448205e-02 3.957196e-03 
-2.265906e-02 3.955639e-03 
-2.083571e-02 3.954282e-03 
-1.900712e-02 3.954490e-03 
-1.717765e-02 3.954334e-03 
-1.534089e-02 3.940879e-03 
-1.378336e-02 3.787196e-03 
-1.224911e-02 3.605546e-03 
-1.071682e-02 3.421519e-03 
-9.186769e-03 3.234720e-03 
-7.656879e-03 3.047706e-03 
-6.127461e-03 2.860152e-03 
-4.598014e-03 2.672546e-03 
-3.066135e-03 2.488454e-03 
-1.534094e-03 2.304285e-03 
0.000000e+00 2.122449e-03 
-5.000000e-02 4.285714e-03 
-4.816981e-02 4.284633e-03 
-4.633966e-02 4.283539e-03 
-4.450931e-02 4.282413e-03 
-4.267890e-02 4.281281e-03 
-4.084787e-02 4.280061e-03 
-3.901680e-02 4.278836e-03 
-3.718572e-02 4.277581e-03 
-3.535466e-02 4.276318e-03 
-3.352376e-02 4.274956e-03 
-3.169287e-02 4.273587e-03 
-2.986205e-02 4.272186e-03 
-2.803125e-02 4.270780e-03 
-2.620054e-02 4.269366e-03 
-2.436982e-02 4.267957e-03 
-2.253879e-02 4.266736e-03 
-2.070740e-02 4.265681e-03 
-1.887097e-02 4.265807e-03 
-1.703371e-02 4.265436e-03 
-1.519017e-02 4.249597e-03 
-1.364730e-02 4.082916e-03 
-1.212834e-02 3.886688e-03 
-1.061138e-02 3.687950e-03 
-9.096706e-03 3.486202e-03 
-7.582184e-03 3.284225e-03 
-6.067951e-03 3.081695e-03 
-4.553668e-03 2.879115e-03 
-3.036691e-03 2.680335e-03 
-1.519526e-03 2.481487e-03 
0.000000e+00 2.285714e-03 
-5.000000e-02 4.591837e-03 
-4.816169e-02 4.590999e-03 
-4.632340e-02 4.590153e-03 
-4.448498e-02 4.589284e-03 
-4.264652e-02 4.588410e-03 
-4.080757e-02 4.587465e-03 
-3.896860e-02 4.586515e-03 
-3.712962e-02 4.585543e-03 
-3.529066e-02 4.584566e-03 
-3.345183e-02 4.583505e-03 
-3.161301e-02 4.582439e-03 
-2.977424e-02 4.581349e-03 
-2.793548e-02 4.580255e-03 
-2.609676e-02 4.579155e-03 
-2.425805e-02 4.578060e-03 
-2.241901e-02 4.577120e-03 
-2.057965e-02 4.576314e-03 
-1.873541e-02 4.576307e-03 
-1.689042e-02 4.575675e-03 
-1.504016e-02 4.557366e-03 
-1.351196e-02 4.377716e-03 
-1.200818e-02 4.167011e-03 
-1.050646e-02 3.953669e-03 
-9.007070e-03 3.737090e-03 
-7.507826e-03 3.520262e-03 
-6.008698e-03 3.302868e-03 
-4.509501e-03 3.085425e-03 
-3.007347e-03 2.872076e-03 
-1.504984e-03 2.658661e-03 
0.000000e+00 2.448980e-03 
-5.000000e-02 4.897959e-03 
-4.815365e-02 4.897307e-03 
-4.630733e-02 4.896648e-03 
-4.446091e-02 4.895972e-03 
-4.261447e-02 4.895293e-03 
-4.076764e-02 4.894556e-03 
-3.892080e-02 4.893816e-03 
-3.707396e-02 4.893058e-03 
-3.522712e-02 4.892297e-03 
-3.338040e-02 4.891466e-03 
-3.153368e-02 4.890631e-03 
-2.968700e-02 4.889777e-03 
-2.784032e-02 4.888920e-03 
-2.599366e-02 4.888054e-03 
-2.414700e-02 4.887191e-03 
-2.230003e-02 4.886450e-03 
-2.045274e-02 4.885815e-03 
-1.860080e-02 4.885579e-03 
-1.674818e-02 4.884589e-03 
-1.489127e-02 4.863737e-03 
-1.337775e-02 4.671122e-03 
-1.188904e-02 4.446087e-03 
-1.040241e-02 4.218286e-03 
-8.918169e-03 3.987038e-03 
-7.434064e-03 3.755525e-03 
-5.949911e-03 3.523436e-03 
-4.465667e-03 3.291301e-03 
-2.978178e-03 3.063590e-03 
-1.490461e-03 2.835814e-03 
0.000000e+00 2.612245e-03 
-5.000000e-02 5.204082e-03 
-4.814565e-02 5.203590e-03 
-4.629133e-02 5.203094e-03 
-4.443694e-02 5.202586e-03 
-4.258254e-02 5.202075e-03 
-4.072785e-02 5.201519e-03 
-3.887315e-02 5.200959e-03 
-3.701845e-02 5.200388e-03 
-3.516376e-02 5.199813e-03 
-3.330915e-02 5.199181e-03 
-3.145455e-02 5.198546e-03 
-2.959997e-02 5.197895e-03 
-2.774540e-02 5.197241e-03 
-2.589082e-02 5.196575e-03 
-2.403623e-02 5.195908e-03 
-2.218135e-02 5.195333e-03 
-2.032617e-02 5.194838e-03 
-1.846655e-02 5.194346e-03 
-1.660633e-02 5.192974e-03 
-1.474281e-02 5.169510e-03 
-1.324397e-02 4.963957e-03 
-1.177027e-02 4.724657e-03 
-1.029868e-02 4.482463e-03 
-8.829527e-03 4.236616e-03 
-7.360509e-03 3.990486e-03 
-5.891281e-03 3.743772e-03 
-4.421946e-03 3.497014e-03 
-2.949071e-03 3.255015e-03 
-1.475955e-03 3.012947e-03 
0.000000e+00 2.775510e-03 
-5.000000e-02 5.510204e-03 
-4.813772e-02 5.509829e-03 
-4.627545e-02 5.509452e-03 
-4.441315e-02 5.509066e-03 
-4.255084e-02 5.508678e-03 
-4.068831e-02 5.508253e-03 
-3.882578e-02 5.507826e-03 
-3.696324e-02 5.507390e-03 
-3.510071e-02 5.506951e-03 
-3.323824e-02 5.506466e-03 
-3.137578e-02 5.505977e-03 
-2.951334e-02 5.505474e-03 
-2.765091e-02 5.504968e-03 
-2.578844e-02 5.504441e-03 
-2.392597e-02 5.503912e-03 
-2.206323e-02 5.503446e-03 
-2.020020e-02 5.503037e-03 
-1.833297e-02 5.502229e-03 
-1.646520e-02 5.500419e-03 
-1.459512e-02 5.474285e-03 
-1.311097e-02 5.255803e-03 
-1.165218e-02 5.002341e-03 
-1.019555e-02 4.745857e-03 
-8.741393e-03 4.485524e-03 
-7.287368e-03 4.224893e-03 
-5.832977e-03 3.963674e-03 
-4.378458e-03 3.702416e-03 
-2.920088e-03 3.446277e-03 
-1.461461e-03 3.190066e-03 
0.000000e+00 2.938776e-03 
-5.000000e-02 5.816327e-03 
-4.812980e-02 5.816053e-03 
-4.625963e-02 5.815778e-03 
-4.438943e-02 5.815496e-03 
-4.251922e-02 5.815213e-03 
-4.064886e-02 5.814902e-03 
-3.877850e-02 5.814590e-03 
-3.690813e-02 5.814270e-03 
-3.503777e-02 5.813948e-03 
-3.316746e-02 5.813587e-03 
-3.129715e-02 5.813224e-03 
-2.942686e-02 5.812848e-03 
-2.755657e-02 5.812468e-03 
-2.568624e-02 5.812057e-03 
-2.381591e-02 5.811643e-03 
-2.194531e-02 5.811264e-03 
-2.007445e-02 5.810919e-03 
-1.819962e-02 5.809780e-03 
-1.632433e-02 5.807514e-03 
-1.444772e-02 5.778648e-03 
-1.297826e-02 5.547254e-03 
-1.153436e-02 5.279677e-03 
-1.009265e-02 5.008948e-03 
-8.653446e-03 4.734177e-03 
-7.214378e-03 4.459090e-03 
-5.774789e-03 4.183414e-03 
-4.335053e-03 3.907703e-03 
-2.891152e-03 3.637476e-03 
-1.446980e-03 3.367170e-03 
0.000000e+00 3.102041e-03 
-5.000000e-02 6.122449e-03 
-4.812193e-02 6.122247e-03 
-4.624388e-02 6.122043e-03 
-4.436583e-02 6.121836e-03 
-4.248777e-02 6.121627e-03 
-4.060959e-02 6.121396e-03 
-3.873141e-02 6.121165e-03 
-3.685323e-02 6.120927e-03 
-3.497504e-02 6.120688e-03 
-3.309691e-02 6.120416e-03 
-3.121877e-02 6.120142e-03 
-2.934065e-02 6.119855e-03 
-2.746253e-02 6.119565e-03 
-2.558436e-02 6.119229e-03 
-2.370619e-02 6.118890e-03 
-2.182777e-02 6.118560e-03 
-1.994911e-02 6.118243e-03 
-1.806673e-02 6.116736e-03 
-1.618394e-02 6.113976e-03 
-1.430085e-02 6.082318e-03 
-1.284610e-02 5.838022e-03 
-1.141702e-02 5.556401e-03 
-9.990164e-03 5.271499e-03 
-8.565862e-03 4.982366e-03 
-7.141690e-03 4.692900e-03 
-5.716839e-03 4.402850e-03 
-4.291820e-03 4.112770e-03 
-2.862307e-03 3.828559e-03 
-1.432509e-03 3.544262e-03 
0.000000e+00 3.265306e-03 
-5.000000e-02 6.428571e-03 
-4.811407e-02 6.428432e-03 
-4.622816e-02 6.428293e-03 
-4.434226e-02 6.428150e-03 
-4.245635e-02 6.428006e-03 
-4.057036e-02 6.427847e-03 
-3.868436e-02 6.427687e-03 
-3.679837e-02 6.427522e-03 
-3.491238e-02 6.427355e-03 
-3.302642e-02 6.427161e-03 
-3.114046e-02 6.426965e-03 
-2.925451e-02 6.426757e-03 
-2.736856e-02 6.426544e-03 
-2.548257e-02 6.426273e-03 
-2.359657e-02 6.425996e-03 
-2.171034e-02 6.425704e-03 
-1.982387e-02 6.425406e-03 
-1.793395e-02 6.423520e-03 
-1.604369e-02 6.420257e-03 
-1.415414e-02 6.385753e-03 
-1.271409e-02 6.128571e-03 
-1.129983e-02 5.832934e-03 
-9.887811e-03 5.533883e-03 
-8.478387e-03 5.230412e-03 
-7.069091e-03 4.926591e-03 
-5.658961e-03 4.622193e-03 
-4.248641e-03 4.317770e-03 
-2.833493e-03 4.019602e-03 
-1.418049e-03 3.721341e-03 
0.000000e+00 3.428571e-03 
-5.000000e-02 6.734694e-03 
-4.810623e-02 6.734602e-03 
-4.621249e-02 6.734510e-03 
-4.431875e-02 6.734416e-03 
-4.242501e-02 6.734322e-03 
-4.053121e-02 6.734216e-03 
-3.863741e-02 6.734109e-03 
-3.674362e-02 6.733998e-03 
-3.484982e-02 6.733886e-03 
-3.295605e-02 6.733751e-03 
-3.106227e-02 6.733613e-03 
-2.916851e-02 6.733463e-03 
-2.727475e-02 6.733308e-03 
-2.538094e-02 6.733080e-03 
-2.348713e-02 6.732844e-03 
-2.159311e-02 6.732570e-03 
-1.969886e-02 6.732270e-03 
-1.780142e-02 6.729983e-03 
-1.590370e-02 6.726195e-03 
-1.400775e-02 6.688787e-03 
-1.258242e-02 6.418724e-03 
-1.118293e-02 6.109116e-03 
-9.785723e-03 5.795959e-03 
-8.391144e-03 5.478192e-03 
-6.996689e-03 5.160058e-03 
-5.601241e-03 4.841355e-03 
-4.205579e-03 4.522635e-03 
-2.804743e-03 4.210573e-03 
-1.403597e-03 3.898410e-03 
0.000000e+00 3.591837e-03 
-5.000000e-02 7.040816e-03 
-4.809840e-02 7.040768e-03 
-4.619682e-02 7.040719e-03 
-4.429526e-02 7.040669e-03 
-4.239369e-02 7.040619e-03 
-4.049209e-02 7.040562e-03 
-3.859049e-02 7.040504e-03 
-3.668889e-02 7.040442e-03 
-3.478729e-02 7.040380e-03 
-3.288571e-02 7.040298e-03 
-3.098413e-02 7.040213e-03 
-2.908255e-02 7.040116e-03 
-2.718098e-02 7.040014e-03 
-2.527936e-02 7.039822e-03 
-2.337774e-02 7.039620e-03 
-2.147593e-02 7.039357e-03 
-1.957391e-02 7.039050e-03 
-1.766895e-02 7.036355e-03 
-1.576379e-02 7.032034e-03 
-1.386146e-02 6.991669e-03 
-1.245086e-02 6.708739e-03 
-1.106614e-02 6.385177e-03 
-9.683731e-03 6.057929e-03 
-8.303984e-03 5.725882e-03 
-6.924359e-03 5.393450e-03 
-5.543579e-03 5.060457e-03 
-4.162561e-03 4.727454e-03 
-2.776019e-03 4.401516e-03 
-1.389155e-03 4.075466e-03 
0.000000e+00 3.755102e-03 
-5.000000e-02 7.346939e-03 
-4.809058e-02 7.346926e-03 
-4.618118e-02 7.346914e-03 
-4.427180e-02 7.346901e-03 
-4.236241e-02 7.346888e-03 
-4.045302e-02 7.346872e-03 
-3.854362e-02 7.346855e-03 
-3.663422e-02 7.346835e-03 
-3.472482e-02 7.346814e-03 
-3.281543e-02 7.346777e-03 
-3.090604e-02 7.346738e-03 
-2.899666e-02 7.346685e-03 
-2.708728e-02 7.346627e-03 
-2.517787e-02 7.346461e-03 
-2.326845e-02 7.346284e-03 
-2.135885e-02 7.346022e-03 
-1.944906e-02 7.345697e-03 
-1.753662e-02 7.342578e-03 
-1.562403e-02 7.337706e-03 
-1.371538e-02 7.294323e-03 
-1.231952e-02 6.998527e-03 
-1.094956e-02 6.661040e-03 
-9.581926e-03 6.319729e-03 
-8.216993e-03 5.973424e-03 
-6.852178e-03 5.626716e-03 
-5.486038e-03 5.279454e-03 
-4.119637e-03 4.932190e-03 
-2.747346e-03 4.592411e-03 
-1.374721e-03 4.252513e-03 
0.000000e+00 3.918367e-03 
-5.000000e-02 7.653061e-03 
-4.808276e-02 7.653085e-03 
-4.616554e-02 7.653108e-03 
-4.424834e-02 7.653132e-03 
-4.233114e-02 7.653156e-03 
-4.041394e-02 7.653180e-03 
-3.849675e-02 7.653204e-03 
-3.657955e-02 7.653225e-03 
-3.466235e-02 7.653245e-03 
-3.274516e-02 7.653253e-03 
-3.082797e-02 7.653258e-03 
-2.891078e-02 7.653249e-03 
-2.699360e-02 7.653234e-03 
-2.507638e-02 7.653093e-03 
-2.315916e-02 7.652939e-03 
-2.124178e-02 7.652677e-03 
-1.932423e-02 7.652334e-03 
-1.740430e-02 7.648785e-03 
-1.548430e-02 7.643355e-03 
-1.356935e-02 7.596906e-03 
-1.218825e-02 7.288257e-03 
-1.083303e-02 6.936856e-03 
-9.480180e-03 6.581488e-03 
-8.130055e-03 6.220930e-03 
-6.780044e-03 5.859951e-03 
-5.428538e-03 5.498423e-03 
-4.076745e-03 5.136902e-03 
-2.718694e-03 4.783289e-03 
-1.360296e-03 4.429548e-03 
0.000000e+00 4.081633e-03 
-5.000000e-02 7.959184e-03 
-4.807494e-02 7.959247e-03 
-4.614989e-02 7.959312e-03 
-4.422487e-02 7.959377e-03 
-4.229986e-02 7.959442e-03 
-4.037486e-02 7.959512e-03 
-3.844987e-02 7.959582e-03 
-3.652487e-02 7.959650e-03 
-3.459987e-02 7.959717e-03 
-3.267487e-02 7.959775e-03 
-3.074987e-02 7.959831e-03 
-2.882488e-02 7.959873e-03 
-2.689988e-02 7.959907e-03 
-2.497486e-02 7.959795e-03 
-2.304984e-02 7.959668e-03 
-2.112468e-02 7.959409e-03 
-1.919935e-02 7.959050e-03 
-1.727197e-02 7.955064e-03 
-1.534458e-02 7.949067e-03 
-1.342340e-02 7.899485e-03 
-1.205709e-02 7.577985e-03 
-1.071662e-02 7.212679e-03 
-9.378544e-03 6.843261e-03 
-8.043224e-03 6.468448e-03 
-6.708013e-03 6.093195e-03 
-5.371126e-03 5.717389e-03 
-4.033924e-03 5.341598e-03 
-2.690082e-03 4.974153e-03 
-1.345879e-03 4.606573e-03 
0.000000e+00 4.244898e-03 
-5.000000e-02 8.265306e-03 
-4.806711e-02 8.265413e-03 
-4.613424e-02 8.265521e-03 
-4.420140e-02 8.265631e-03 
-4.226857e-02 8.265741e-03 
-4.033577e-02 8.265861e-03 
-3.840297e-02 8.265981e-03 
-3.647018e-02 8.266099e-03 
-3.453738e-02 8.266217e-03 
-3.260457e-02 8.266330e-03 
-3.067175e-02 8.266442e-03 
-2.873895e-02 8.266538e-03 
-2.680615e-02 8.266626e-03 
-2.487332e-02 8.266547e-03 
-2.294050e-02 8.266450e-03 
-2.100755e-02 8.266196e-03 
-1.907445e-02 8.265825e-03 
-1.713961e-02 8.261396e-03 
-1.520485e-02 8.254827e-03 
-1.327748e-02 8.202066e-03 
-1.192598e-02 7.867729e-03 
-1.060026e-02 7.488521e-03 
-9.276952e-03 7.105053e-03 
-7.956436e-03 6.715982e-03 
-6.636024e-03 6.326450e-03 
-5.313751e-03 5.936357e-03 
-3.991134e-03 5.546289e-03 
-2.661489e-03 5.165009e-03 
-1.331470e-03 4.783586e-03 
0.000000e+00 4.408163e-03 
-5.000000e-02 8.571429e-03 
-4.805927e-02 8.571593e-03 
-4.611856e-02 8.571758e-03 
-4.417789e-02 8.571926e-03 
-4.223723e-02 8.572095e-03 
-4.029663e-02 8.572280e-03 
-3.835603e-02 8.572465e-03 
-3.641542e-02 8.572650e-03 
-3.447482e-02 8.572834e-03 
-3.253419e-02 8.573020e-03 
-3.059356e-02 8.573204e-03 
-2.865293e-02 8.573373e-03 
-2.671231e-02 8.573533e-03 
-2.477167e-02 8.573502e-03 
-2.283103e-02 8.573450e-03 
-2.089028e-02 8.573215e-03 
-1.894941e-02 8.572843e-03 
-1.700715e-02 8.567968e-03 
-1.506503e-02 8.560821e-03 
-1.313156e-02 8.504813e-03 
-1.179491e-02 8.157639e-03 
-1.048395e-02 7.764528e-03 
-9.175431e-03 7.367003e-03 
-7.869724e-03 6.963654e-03 
-6.564116e-03 6.559820e-03 
-5.256450e-03 6.155401e-03 
-3.948408e-03 5.751015e-03 
-2.632934e-03 5.355877e-03 
-1.317070e-03 4.960589e-03 
0.000000e+00 4.571429e-03 
-5.000000e-02 8.877551e-03 
-4.805143e-02 8.877779e-03 
-4.610287e-02 8.878008e-03 
-4.415437e-02 8.878242e-03 
-4.220587e-02 8.878477e-03 
-4.025746e-02 8.878735e-03 
-3.830905e-02 8.878994e-03 
-3.636064e-02 8.879253e-03 
-3.441222e-02 8.879513e-03 
-3.246377e-02 8.879781e-03 
-3.051532e-02 8.880048e-03 
-2.856687e-02 8.880299e-03 
-2.661842e-02 8.880541e-03 
-2.466995e-02 8.880565e-03 
-2.272150e-02 8.880567e-03 
-2.077295e-02 8.880356e-03 
-1.882429e-02 8.879989e-03 
-1.687461e-02 8.874668e-03 
-1.492516e-02 8.866940e-03 
-1.298564e-02 8.807635e-03 
-1.166386e-02 8.447650e-03 
-1.036767e-02 8.040631e-03 
-9.073934e-03 7.629041e-03 
-7.783041e-03 7.211401e-03 
-6.492240e-03 6.793251e-03 
-5.199179e-03 6.374482e-03 
-3.905711e-03 5.955758e-03 
-2.604397e-03 5.546746e-03 
-1.302680e-03 5.137580e-03 
0.000000e+00 4.734694e-03 
-5.000000e-02 9.183673e-03 
-4.804355e-02 9.183993e-03 
-4.608711e-02 9.184316e-03 
-4.413075e-02 9.184645e-03 
-4.217440e-02 9.184976e-03 
-4.021817e-02 9.185340e-03 
-3.826194e-02 9.185705e-03 
-3.630570e-02 9.186073e-03 
-3.434947e-02 9.186441e-03 
-3.239317e-02 9.186828e-03 
-3.043688e-02 9.187215e-03 
-2.848058e-02 9.187586e-03 
-2.652429e-02 9.187948e-03 
-2.456798e-02 9.188065e-03 
-2.261168e-02 9.188155e-03 
-2.065531e-02 9.188000e-03 
-1.869884e-02 9.187670e-03 
-1.674178e-02 9.181920e-03 
-1.478502e-02 9.173626e-03 
-1.283958e-02 9.110961e-03 
-1.153276e-02 8.738177e-03 
-1.025137e-02 8.317222e-03 
-8.972445e-03 7.891530e-03 
-7.696389e-03 7.459537e-03 
-6.420419e-03 7.027004e-03 
-5.141967e-03 6.593793e-03 
-3.863074e-03 6.160635e-03 
-2.575896e-03 5.737675e-03 
-1.288298e-03 5.314559e-03 
0.000000e+00 4.897959e-03 
-5.000000e-02 9.489796e-03 
-4.803565e-02 9.490223e-03 
-4.607133e-02 9.490653e-03 
-4.410710e-02 9.491093e-03 
-4.214288e-02 9.491535e-03 
-4.017882e-02 9.492022e-03 
-3.821476e-02 9.492510e-03 
-3.625070e-02 9.493005e-03 
-3.428664e-02 9.493500e-03 
-3.232249e-02 9.494026e-03 
-3.035835e-02 9.494551e-03 
-2.839420e-02 9.495064e-03 
-2.643005e-02 9.495565e-03 
-2.446588e-02 9.495793e-03 
-2.250171e-02 9.495990e-03 
-2.053751e-02 9.495907e-03 
-1.857322e-02 9.495628e-03 
-1.660879e-02 9.489456e-03 
-1.464475e-02 9.480599e-03 
-1.269346e-02 9.414537e-03 
-1.140164e-02 9.028994e-03 
-1.013506e-02 8.594082e-03 
-8.870959e-03 8.154261e-03 
-7.609752e-03 7.707878e-03 
-6.348624e-03 7.260924e-03 
-5.084785e-03 6.813218e-03 
-3.820467e-03 6.365576e-03 
-2.547416e-03 5.928626e-03 
-1.273928e-03 5.491525e-03 
0.000000e+00 5.061224e-03 
-5.000000e-02 9.795918e-03 
-4.802771e-02 9.796496e-03 
-4.605544e-02 9.797078e-03 
-4.408330e-02 9.797675e-03 
-4.211118e-02 9.798274e-03 
-4.013928e-02 9.798933e-03 
-3.816738e-02 9.799595e-03 
-3.619547e-02 9.800268e-03 
-3.422355e-02 9.800942e-03 
-3.225153e-02 9.801663e-03 
-3.027951e-02 9.802385e-03 
-2.830747e-02 9.803096e-03 
-2.633543e-02 9.803796e-03 
-2.436336e-02 9.804194e-03 
-2.239130e-02 9.804554e-03 
-2.041922e-02 9.804593e-03 
-1.844708e-02 9.804414e-03 
-1.647532e-02 9.797860e-03 
-1.450403e-02 9.788477e-03 
-1.254708e-02 9.718961e-03 
-1.127038e-02 9.320692e-03 
-1.001866e-02 8.871770e-03 
-8.769425e-03 8.417756e-03 
-7.523108e-03 7.956876e-03 
-6.276862e-03 7.495386e-03 
-5.027654e-03 7.033032e-03 
-3.777926e-03 6.570752e-03 
-2.518976e-03 6.119687e-03 
-1.259570e-03 5.668477e-03 
0.000000e+00 5.224490e-03 
-5.000000e-02 1.010204e-02 
-4.801974e-02 1.010279e-02 
-4.603950e-02 1.010355e-02 
-4.405944e-02 1.010432e-02 
-4.207940e-02 1.010510e-02 
-4.009965e-02 1.010596e-02 
-3.811990e-02 1.010682e-02 
-3.614013e-02 1.010770e-02 
-3.416036e-02 1.010858e-02 
-3.218044e-02 1.010953e-02 
-3.020052e-02 1.011048e-02 
-2.822058e-02 1.011142e-02 
-2.624064e-02 1.011235e-02 
-2.426065e-02 1.011294e-02 
-2.228067e-02 1.011349e-02 
-2.030070e-02 1.011368e-02 
-1.832068e-02 1.011362e-02 
-1.634160e-02 1.010670e-02 
-1.436307e-02 1.009680e-02 
-1.240058e-02 1.002380e-02 
-1.113905e-02 9.612868e-03 
-9.902211e-03 9.149906e-03 
-8.667866e-03 8.681652e-03 
-7.436458e-03 8.206215e-03 
-6.205113e-03 7.730123e-03 
-4.970549e-03 7.253037e-03 
-3.735418e-03 6.776038e-03 
-2.490561e-03 6.310790e-03 
-1.245226e-03 5.845415e-03 
0.000000e+00 5.387755e-03 
-5.000000e-02 1.040816e-02 
-4.801169e-02 1.040915e-02 
-4.602339e-02 1.041014e-02 
-4.403535e-02 1.041117e-02 
-4.204734e-02 1.041220e-02 
-4.005971e-02 1.041332e-02 
-3.807208e-02 1.041446e-02 
-3.608443e-02 1.041561e-02 
-3.409677e-02 1.041678e-02 
-3.210892e-02 1.041803e-02 
-3.012106e-02 1.041928e-02 
-2.813317e-02 1.042054e-02 
-2.614527e-02 1.042178e-02 
-2.415730e-02 1.042267e-02 
-2.216934e-02 1.042350e-02 
-2.018142e-02 1.042390e-02 
-1.819347e-02 1.042405e-02 
-1.620708e-02 1.041686e-02 
-1.422135e-02 1.040654e-02 
-1.225359e-02 1.033004e-02 
-1.100744e-02 9.906556e-03 
-9.785552e-03 9.429451e-03 
-8.566162e-03 8.946837e-03 
-7.349729e-03 8.456652e-03 
-6.133352e-03 7.965756e-03 
-4.913473e-03 7.473694e-03 
-3.692978e-03 6.981725e-03 
-2.462192e-03 6.502081e-03 
-1.230900e-03 6.022333e-03 
0.000000e+00 5.551020e-03 
-5.000000e-02 1.071429e-02 
-4.800359e-02 1.071554e-02 
-4.600719e-02 1.071681e-02 
-4.401114e-02 1.071812e-02 
-4.201514e-02 1.071944e-02 
-4.001961e-02 1.072088e-02 
-3.802409e-02 1.072233e-02 
-3.602853e-02 1.072381e-02 
-3.403296e-02 1.072530e-02 
-3.203716e-02 1.072691e-02 
-3.004134e-02 1.072852e-02 
-2.804546e-02 1.073014e-02 
-2.604958e-02 1.073175e-02 
-2.405360e-02 1.073297e-02 
-2.205763e-02 1.073413e-02 
-2.006171e-02 1.073480e-02 
-1.806581e-02 1.073518e-02 
-1.607212e-02 1.072778e-02 
-1.407920e-02 1.071708e-02 
-1.210636e-02 1.063709e-02 
-1.087566e-02 1.020117e-02 
-9.668770e-03 9.709856e-03 
-8.464372e-03 9.212785e-03 
-7.262953e-03 8.707737e-03 
-6.061581e-03 8.201908e-03 
-4.856417e-03 7.694715e-03 
-3.650578e-03 7.187629e-03 
-2.433856e-03 6.693462e-03 
-1.216598e-03 6.199233e-03 
0.000000e+00 5.714286e-03 
-5.000000e-02 1.102041e-02 
-4.799537e-02 1.102202e-02 
-4.599075e-02 1.102365e-02 
-4.398662e-02 1.102534e-02 
-4.198255e-02 1.102703e-02 
-3.997909e-02 1.102888e-02 
-3.797565e-02 1.103074e-02 
-3.597215e-02 1.103264e-02 
-3.396863e-02 1.103456e-02 
-3.196481e-02 1.103663e-02 
-2.996097e-02 1.103871e-02 
-2.795705e-02 1.104081e-02 
-2.595311e-02 1.104289e-02 
-2.394903e-02 1.104458e-02 
-2.194496e-02 1.104618e-02 
-1.994098e-02 1.104722e-02 
-1.793703e-02 1.104796e-02 
-1.593601e-02 1.104050e-02 
-1.393589e-02 1.102957e-02 
-1.195840e-02 1.094614e-02 
-1.074343e-02 1.049799e-02 
-9.551638e-03 9.992314e-03 
-8.362326e-03 9.480600e-03 
-7.176012e-03 8.960408e-03 
-5.989740e-03 8.439347e-03 
-4.799366e-03 7.916680e-03 
-3.608254e-03 7.394129e-03 
-2.405578e-03 6.885120e-03 
-1.202326e-03 6.376105e-03 
0.000000e+00 5.877551e-03 
-5.000000e-02 1.132653e-02 
-4.798708e-02 1.132855e-02 
-4.597418e-02 1.133060e-02 
-4.396191e-02 1.133272e-02 
-4.194974e-02 1.133484e-02 
-3.993834e-02 1.133716e-02 
-3.792695e-02 1.133949e-02 
-3.591547e-02 1.134189e-02 
-3.390398e-02 1.134430e-02 
-3.189211e-02 1.134691e-02 
-2.988022e-02 1.134952e-02 
-2.786820e-02 1.135218e-02 
-2.585617e-02 1.135482e-02 
-2.384393e-02 1.135704e-02 
-2.183171e-02 1.135916e-02 
-1.981961e-02 1.136064e-02 
-1.780757e-02 1.136179e-02 
-1.579922e-02 1.135434e-02 
-1.379190e-02 1.134325e-02 
-1.181004e-02 1.125643e-02 
-1.061091e-02 1.079625e-02 
-9.434286e-03 1.027611e-02 
-8.260117e-03 9.749607e-03 
-7.088967e-03 9.214089e-03 
-5.917853e-03 8.677594e-03 
-4.742325e-03 8.139216e-03 
-3.565982e-03 7.600972e-03 
-2.377353e-03 7.076917e-03 
-1.188097e-03 6.552947e-03 
0.000000e+00 6.040816e-03 
-5.000000e-02 1.163265e-02 
-4.797862e-02 1.163519e-02 
-4.595726e-02 1.163776e-02 
-4.393674e-02 1.164042e-02 
-4.191637e-02 1.164310e-02 
-3.989697e-02 1.164601e-02 
-3.787759e-02 1.164893e-02 
-3.585810e-02 1.165194e-02 
-3.383858e-02 1.165498e-02 
-3.181859e-02 1.165824e-02 
-2.979857e-02 1.166152e-02 
-2.777838e-02 1.166487e-02 
-2.575816e-02 1.166821e-02 
-2.373766e-02 1.167113e-02 
-2.171718e-02 1.167392e-02 
-1.969684e-02 1.167599e-02 
-1.767660e-02 1.167769e-02 
-1.566081e-02 1.167059e-02 
-1.364621e-02 1.165963e-02 
-1.166058e-02 1.156970e-02 
-1.047765e-02 1.109793e-02 
-9.316327e-03 1.056305e-02 
-8.157443e-03 1.002140e-02 
-7.001593e-03 9.470129e-03 
-5.845780e-03 8.917736e-03 
-4.685225e-03 8.363170e-03 
-3.523765e-03 7.808747e-03 
-2.349193e-03 7.269147e-03 
-1.173927e-03 6.729744e-03 
0.000000e+00 6.204082e-03 
-5.000000e-02 1.193878e-02 
-4.797005e-02 1.194190e-02 
-4.594011e-02 1.194507e-02 
-4.391128e-02 1.194837e-02 
-4.188265e-02 1.195168e-02 
-3.985523e-02 1.195526e-02 
-3.782783e-02 1.195887e-02 
-3.580028e-02 1.196259e-02 
-3.377269e-02 1.196633e-02 
-3.174454e-02 1.197036e-02 
-2.971634e-02 1.197442e-02 
-2.768791e-02 1.197856e-02 
-2.565944e-02 1.198270e-02 
-2.363060e-02 1.198644e-02 
-2.160177e-02 1.199000e-02 
-1.957311e-02 1.199276e-02 
-1.754459e-02 1.199513e-02 
-1.552131e-02 1.198851e-02 
-1.349940e-02 1.197785e-02 
-1.151043e-02 1.188507e-02 
-1.034385e-02 1.140203e-02 
-9.197947e-03 1.085222e-02 
-8.054443e-03 1.029515e-02 
-6.913992e-03 9.727812e-03 
-5.773581e-03 9.159186e-03 
-4.628096e-03 8.588065e-03 
-3.481598e-03 8.017110e-03 
-2.321112e-03 7.461618e-03 
-1.159840e-03 6.906494e-03 
0.000000e+00 6.367347e-03 
-5.000000e-02 1.224490e-02 
-4.796129e-02 1.224872e-02 
-4.592259e-02 1.225260e-02 
-4.388530e-02 1.225663e-02 
-4.184829e-02 1.226069e-02 
-3.981282e-02 1.226506e-02 
-3.777736e-02 1.226946e-02 
-3.574170e-02 1.227400e-02 
-3.370597e-02 1.227859e-02 
-3.166959e-02 1.228349e-02 
-2.963313e-02 1.228844e-02 
-2.759638e-02 1.229351e-02 
-2.555957e-02 1.229858e-02 
-2.352227e-02 1.230330e-02 
-2.148499e-02 1.230779e-02 
-1.944789e-02 1.231140e-02 
-1.741095e-02 1.231459e-02 
-1.537999e-02 1.230890e-02 
-1.335059e-02 1.229895e-02 
-1.135897e-02 1.220403e-02 
-1.020906e-02 1.171030e-02 
-9.078731e-03 1.114512e-02 
-7.950766e-03 1.057214e-02 
-6.825852e-03 9.988268e-03 
-5.700993e-03 9.402887e-03 
-4.570747e-03 8.814715e-03 
-3.439367e-03 8.226724e-03 
-2.293075e-03 7.654661e-03 
-1.145871e-03 7.083175e-03 
0.000000e+00 6.530612e-03 
-5.000000e-02 1.255102e-02 
-4.795240e-02 1.255561e-02 
-4.590480e-02 1.256028e-02 
-4.385900e-02 1.256513e-02 
-4.181357e-02 1.257002e-02 
-3.977002e-02 1.257526e-02 
-3.772646e-02 1.258054e-02 
-3.568265e-02 1.258601e-02 
-3.363875e-02 1.259152e-02 
-3.159408e-02 1.259741e-02 
-2.954932e-02 1.260334e-02 
-2.750417e-02 1.260945e-02 
-2.545895e-02 1.261556e-02 
-2.341310e-02 1.262139e-02 
-2.136729e-02 1.262690e-02 
-1.932165e-02 1.263146e-02 
-1.727623e-02 1.263558e-02 
-1.523744e-02 1.263100e-02 
-1.320041e-02 1.262194e-02 
-1.120670e-02 1.252544e-02 
-1.007361e-02 1.202125e-02 
-8.958941e-03 1.144049e-02 
-7.846601e-03 1.085129e-02 
-6.737312e-03 1.025057e-02 
-5.628117e-03 9.648087e-03 
-4.513264e-03 9.042488e-03 
-3.397139e-03 8.437081e-03 
-2.265152e-03 7.848001e-03 
-1.132070e-03 7.259779e-03 
0.000000e+00 6.693878e-03 
-5.000000e-02 1.285714e-02 
-4.794345e-02 1.286251e-02 
-4.588691e-02 1.286797e-02 
-4.383253e-02 1.287365e-02 
-4.177869e-02 1.287938e-02 
-3.972705e-02 1.288549e-02 
-3.767539e-02 1.289165e-02 
-3.562341e-02 1.289803e-02 
-3.357131e-02 1.290448e-02 
-3.151835e-02 1.291133e-02 
-2.946527e-02 1.291825e-02 
-2.741172e-02 1.292539e-02 
-2.535805e-02 1.293254e-02 
-2.330365e-02 1.293949e-02 
-2.124929e-02 1.294602e-02 
-1.919507e-02 1.295157e-02 
-1.714109e-02 1.295667e-02 
-1.509399e-02 1.295351e-02 
-1.304888e-02 1.294566e-02 
-1.105349e-02 1.284881e-02 
-9.937123e-03 1.233466e-02 
-8.838143e-03 1.173793e-02 
-7.741471e-03 1.113208e-02 
-6.647776e-03 1.051441e-02 
-5.554238e-03 9.894651e-03 
-4.455055e-03 9.271521e-03 
-3.354454e-03 8.648586e-03 
-2.237156e-03 8.041835e-03 
-1.118503e-03 7.436292e-03 
0.000000e+00 6.857143e-03 
-5.000000e-02 1.316327e-02 
-4.793441e-02 1.316944e-02 
-4.586882e-02 1.317573e-02 
-4.380582e-02 1.318228e-02 
-4.174356e-02 1.318890e-02 
-3.968383e-02 1.319591e-02 
-3.762407e-02 1.320299e-02 
-3.556389e-02 1.321033e-02 
-3.350356e-02 1.321776e-02 
-3.144230e-02 1.322561e-02 
-2.938086e-02 1.323356e-02 
-2.731887e-02 1.324175e-02 
-2.525672e-02 1.324999e-02 
-2.319371e-02 1.325813e-02 
-2.113076e-02 1.326570e-02 
-1.906790e-02 1.327229e-02 
-1.700529e-02 1.327844e-02 
-1.494958e-02 1.327691e-02 
-1.289610e-02 1.327048e-02 
-1.089946e-02 1.317439e-02 
-9.799875e-03 1.265002e-02 
-8.716551e-03 1.203709e-02 
-7.635575e-03 1.141439e-02 
-6.557499e-03 1.077965e-02 
-5.479689e-03 1.014246e-02 
-4.396380e-03 9.501649e-03 
-3.311537e-03 8.860974e-03 
-2.209255e-03 8.236050e-03 
-1.105237e-03 7.612754e-03 
0.000000e+00 7.020408e-03 
-5.000000e-02 1.346939e-02 
-4.792559e-02 1.347617e-02 
-4.585117e-02 1.348310e-02 
-4.377969e-02 1.349030e-02 
-4.170924e-02 1.349759e-02 
-3.964150e-02 1.350526e-02 
-3.757368e-02 1.351303e-02 
-3.550539e-02 1.352107e-02 
-3.343690e-02 1.352922e-02 
-3.136745e-02 1.353780e-02 
-2.929779e-02 1.354650e-02 
-2.722750e-02 1.355547e-02 
-2.515700e-02 1.356451e-02 
-2.308556e-02 1.357355e-02 
-2.101422e-02 1.358184e-02 
-1.894287e-02 1.358922e-02 
-1.687175e-02 1.359619e-02 
-1.480698e-02 1.359641e-02 
-1.274474e-02 1.359153e-02 
-1.074554e-02 1.349831e-02 
-9.661908e-03 1.296300e-02 
-8.594010e-03 1.233366e-02 
-7.528519e-03 1.169404e-02 
-6.465735e-03 1.104300e-02 
-5.403347e-03 1.038913e-02 
-4.336000e-03 9.731515e-03 
-3.267032e-03 9.073967e-03 
-2.180785e-03 8.430604e-03 
-1.092303e-03 7.789334e-03 
0.000000e+00 7.183673e-03 
-5.000000e-02 1.377551e-02 
-4.791684e-02 1.378281e-02 
-4.583367e-02 1.379028e-02 
-4.375373e-02 1.379802e-02 
-4.167516e-02 1.380586e-02 
-3.959946e-02 1.381407e-02 
-3.752363e-02 1.382239e-02 
-3.544728e-02 1.383099e-02 
-3.337069e-02 1.383972e-02 
-3.129313e-02 1.384885e-02 
-2.921532e-02 1.385812e-02 
-2.713683e-02 1.386767e-02 
-2.505808e-02 1.387731e-02 
-2.297835e-02 1.388706e-02 
-2.089872e-02 1.389589e-02 
-1.881899e-02 1.390393e-02 
-1.673942e-02 1.391162e-02 
-1.466535e-02 1.391372e-02 
-1.259413e-02 1.391059e-02 
-1.059048e-02 1.382337e-02 
-9.523330e-03 1.327428e-02 
-8.470669e-03 1.262828e-02 
-7.420559e-03 1.197192e-02 
-6.372909e-03 1.130515e-02 
-5.325817e-03 1.063523e-02 
-4.274436e-03 9.961560e-03 
-3.221481e-03 9.287744e-03 
-2.151931e-03 8.625903e-03 
-1.079567e-03 7.966473e-03 
0.000000e+00 7.346939e-03 
-5.000000e-02 1.408163e-02 
-4.790907e-02 1.408874e-02 
-4.581812e-02 1.409601e-02 
-4.373042e-02 1.410353e-02 
-4.164449e-02 1.411115e-02 
-3.956104e-02 1.411909e-02 
-3.747742e-02 1.412715e-02 
-3.539329e-02 1.413546e-02 
-3.330888e-02 1.414390e-02 
-3.122363e-02 1.415269e-02 
-2.913807e-02 1.416161e-02 
-2.705189e-02 1.417080e-02 
-2.496540e-02 1.418009e-02 
-2.287803e-02 1.418951e-02 
-2.079075e-02 1.419792e-02 
-1.870331e-02 1.420566e-02 
-1.661593e-02 1.421315e-02 
-1.453264e-02 1.421647e-02 
-1.245243e-02 1.421464e-02 
-1.043755e-02 1.413793e-02 
-9.385992e-03 1.356891e-02 
-8.347768e-03 1.290701e-02 
-7.312027e-03 1.223552e-02 
-6.278403e-03 1.155576e-02 
-5.245448e-03 1.087278e-02 
-4.209341e-03 1.018627e-02 
-3.171795e-03 9.499413e-03 
-2.120730e-03 8.821031e-03 
-1.066418e-03 8.145085e-03 
0.000000e+00 7.510204e-03 
-5.000000e-02 1.438776e-02 
-4.790212e-02 1.439406e-02 
-4.580421e-02 1.440051e-02 
-4.370915e-02 1.440715e-02 
-4.161611e-02 1.441387e-02 
-3.952513e-02 1.442083e-02 
-3.743393e-02 1.442788e-02 
-3.534230e-02 1.443512e-02 
-3.325039e-02 1.444247e-02 
-3.115781e-02 1.445007e-02 
-2.906495e-02 1.445778e-02 
-2.697156e-02 1.446568e-02 
-2.487787e-02 1.447367e-02 
-2.278349e-02 1.448178e-02 
-2.068914e-02 1.448895e-02 
-1.859459e-02 1.449566e-02 
-1.650001e-02 1.450222e-02 
-1.440792e-02 1.450617e-02 
-1.231864e-02 1.450564e-02 
-1.028351e-02 1.444764e-02 
-9.249894e-03 1.384817e-02 
-8.225712e-03 1.317074e-02 
-7.203667e-03 1.248589e-02 
-6.183208e-03 1.179548e-02 
-5.163438e-03 1.110227e-02 
-4.141762e-03 1.040611e-02 
-3.118995e-03 9.709354e-03 
-2.086719e-03 9.017139e-03 
-1.051278e-03 8.326726e-03 
0.000000e+00 7.673469e-03 
-5.000000e-02 1.469388e-02 
-4.789692e-02 1.469811e-02 
-4.579383e-02 1.470244e-02 
-4.369259e-02 1.470686e-02 
-4.159301e-02 1.471134e-02 
-3.949475e-02 1.471593e-02 
-3.739632e-02 1.472058e-02 
-3.529762e-02 1.472532e-02 
-3.319871e-02 1.473013e-02 
-3.109941e-02 1.473505e-02 
-2.899991e-02 1.474003e-02 
-2.690009e-02 1.474511e-02 
-2.480005e-02 1.475023e-02 
-2.269961e-02 1.475542e-02 
-2.059915e-02 1.476000e-02 
-1.849853e-02 1.476435e-02 
-1.639783e-02 1.476864e-02 
-1.429819e-02 1.477171e-02 
-1.220036e-02 1.477200e-02 
-1.013472e-02 1.474082e-02 
-9.118948e-03 1.409790e-02 
-8.107996e-03 1.340684e-02 
-7.098246e-03 1.271189e-02 
-6.089350e-03 1.201425e-02 
-5.080935e-03 1.131488e-02 
-4.071682e-03 1.061374e-02 
-3.061813e-03 9.912075e-03 
-2.047175e-03 9.211818e-03 
-1.030454e-03 8.512365e-03 
0.000000e+00 7.836735e-03 
-5.000000e-02 1.500000e-02 
-4.789474e-02 1.500000e-02 
-4.578947e-02 1.500000e-02 
-4.368421e-02 1.500000e-02 
-4.157895e-02 1.500000e-02 
-3.947368e-02 1.500000e-02 
-3.736842e-02 1.500000e-02 
-3.526316e-02 1.500000e-02 
-3.315789e-02 1.500000e-02 
-3.105263e-02 1.500000e-02 
-2.894737e-02 1.500000e-02 
-2.684211e-02 1.500000e-02 
-2.473684e-02 1.500000e-02 
-2.263158e-02 1.500000e-02 
-2.052632e-02 1.500000e-02 
-1.842105e-02 1.500000e-02 
-1.631579e-02 1.500000e-02 
-1.421053e-02 1.500000e-02 
-1.210526e-02 1.500000e-02 
-1.000000e-02 1.500000e-02 
-9.000000e-03 1.430000e-02 
-8.000000e-03 1.360000e-02 
-7.000000e-03 1.290000e-02 
-6.000000e-03 1.220000e-02 
-5.000000e-03 1.150000e-02 
-4.000000e-03 1.080000e-02 
-3.000000e-03 1.010000e-02 
-2.000000e-03 9.400000e-03 
-1.000000e-03 8.700000e-03 
0.000000e+00 8.000000e-03 
BC
4
4
4
4
4
4
4
4
4
4
4
4
4
4
4
4
4
4
4
4
4
4
4
4
4
4
4
4
4
-1
-1
-1
-1
-1
-1
-1
-1
-1
-1
-1
-1
-1
-1
-1
-1
-1
-1
-1
-1
-1
-1
-1
-1
-1
-1
-1
-1
-1
-1
-1
-1
-1
-1
-1
-1
-1
-1
-1
-1
-1
-1
-1
-1
-1
-1
-1
-1
-1
4
4
4
4
4
4
4
4
4
4
4
4
4
4
4
4
4
4
4
4
4
4
4
4
4
4
4
4
4
2
2
2
2
2
2
2
2
2
2
2
2
2
2
2
2
2
2
2
2
2
2
2
2
2
2
2
2
2
2
2
2
2
2
2
2
2
2
2
2
2
2
2
2
2
2
2
2
2
