npartb: 4 2 
ipartb: 3 0 
ngrid: 98 27 
1.375069e+00 2.600238e-01 
1.378263e+00 2.599563e-01 
1.381483e+00 2.598883e-01 
1.384730e+00 2.598197e-01 
1.388005e+00 2.597505e-01 
1.391306e+00 2.596807e-01 
1.394635e+00 2.596104e-01 
1.397992e+00 2.595394e-01 
1.401376e+00 2.594679e-01 
1.404789e+00 2.593958e-01 
1.408230e+00 2.593231e-01 
1.411699e+00 2.592497e-01 
1.415198e+00 2.591758e-01 
1.418725e+00 2.591013e-01 
1.422283e+00 2.590261e-01 
1.425869e+00 2.589503e-01 
1.429486e+00 2.588739e-01 
1.433132e+00 2.587968e-01 
1.436809e+00 2.587191e-01 
1.440517e+00 2.586407e-01 
1.444256e+00 2.585617e-01 
1.448025e+00 2.584821e-01 
1.451826e+00 2.584017e-01 
1.455659e+00 2.583208e-01 
1.459524e+00 2.582391e-01 
1.463421e+00 2.581567e-01 
1.467351e+00 2.580737e-01 
1.471313e+00 2.579900e-01 
1.475308e+00 2.579055e-01 
1.479337e+00 2.578204e-01 
1.483399e+00 2.577345e-01 
1.487496e+00 2.576480e-01 
1.491626e+00 2.575607e-01 
1.495791e+00 2.574727e-01 
1.499991e+00 2.573839e-01 
1.504225e+00 2.572944e-01 
1.508496e+00 2.572042e-01 
1.512801e+00 2.571132e-01 
1.517143e+00 2.570214e-01 
1.521521e+00 2.569289e-01 
1.525936e+00 2.568356e-01 
1.530387e+00 2.567416e-01 
1.534876e+00 2.566467e-01 
1.539402e+00 2.565510e-01 
1.543966e+00 2.564546e-01 
1.548569e+00 2.563573e-01 
1.553209e+00 2.562593e-01 
1.557889e+00 2.561604e-01 
1.562607e+00 2.560607e-01 
1.567365e+00 2.559601e-01 
1.572163e+00 2.558587e-01 
1.577001e+00 2.557565e-01 
1.581880e+00 2.556534e-01 
1.586799e+00 2.555494e-01 
1.591760e+00 2.554446e-01 
1.596762e+00 2.553389e-01 
1.601806e+00 2.552323e-01 
1.606892e+00 2.551248e-01 
1.612020e+00 2.550164e-01 
1.617192e+00 2.549072e-01 
1.622407e+00 2.547970e-01 
1.627665e+00 2.546858e-01 
1.632968e+00 2.545738e-01 
1.638315e+00 2.544608e-01 
1.643706e+00 2.543468e-01 
1.649143e+00 2.542319e-01 
1.654625e+00 2.541161e-01 
1.660154e+00 2.539993e-01 
1.665728e+00 2.538815e-01 
1.671350e+00 2.537627e-01 
1.677018e+00 2.536429e-01 
1.682734e+00 2.535221e-01 
1.688498e+00 2.534003e-01 
1.694310e+00 2.532775e-01 
1.700171e+00 2.531536e-01 
1.706080e+00 2.530287e-01 
1.712040e+00 2.529028e-01 
1.718049e+00 2.527758e-01 
1.724109e+00 2.526477e-01 
1.730219e+00 2.525186e-01 
1.736381e+00 2.523884e-01 
1.742594e+00 2.522571e-01 
1.748860e+00 2.521247e-01 
1.755178e+00 2.519912e-01 
1.761549e+00 2.518565e-01 
1.767973e+00 2.517208e-01 
1.774451e+00 2.515839e-01 
1.780984e+00 2.514458e-01 
1.787571e+00 2.513066e-01 
1.794214e+00 2.511662e-01 
1.800912e+00 2.510247e-01 
1.807667e+00 2.508819e-01 
1.814478e+00 2.507380e-01 
1.821346e+00 2.505929e-01 
1.828272e+00 2.504465e-01 
1.835256e+00 2.502989e-01 
1.842298e+00 2.501501e-01 
1.849400e+00 2.500000e-01 
1.375069e+00 2.608622e-01 
1.378263e+00 2.607960e-01 
1.381484e+00 2.607293e-01 
1.384731e+00 2.606621e-01 
1.388005e+00 2.605943e-01 
1.391307e+00 2.605259e-01 
1.394636e+00 2.604569e-01 
1.397992e+00 2.603874e-01 
1.401377e+00 2.603173e-01 
1.404789e+00 2.602467e-01 
1.408230e+00 2.601754e-01 
1.411700e+00 2.601035e-01 
1.415198e+00 2.600311e-01 
1.418726e+00 2.599580e-01 
1.422283e+00 2.598844e-01 
1.425870e+00 2.598101e-01 
1.429486e+00 2.597352e-01 
1.433133e+00 2.596597e-01 
1.436810e+00 2.595835e-01 
1.440518e+00 2.595067e-01 
1.444256e+00 2.594293e-01 
1.448026e+00 2.593512e-01 
1.451827e+00 2.592725e-01 
1.455660e+00 2.591931e-01 
1.459525e+00 2.591131e-01 
1.463422e+00 2.590324e-01 
1.467351e+00 2.589510e-01 
1.471313e+00 2.588690e-01 
1.475309e+00 2.587862e-01 
1.479337e+00 2.587028e-01 
1.483400e+00 2.586186e-01 
1.487496e+00 2.585338e-01 
1.491626e+00 2.584483e-01 
1.495791e+00 2.583620e-01 
1.499991e+00 2.582750e-01 
1.504226e+00 2.581873e-01 
1.508496e+00 2.580989e-01 
1.512802e+00 2.580097e-01 
1.517144e+00 2.579198e-01 
1.521522e+00 2.578291e-01 
1.525936e+00 2.577377e-01 
1.530388e+00 2.576455e-01 
1.534876e+00 2.575526e-01 
1.539403e+00 2.574588e-01 
1.543967e+00 2.573643e-01 
1.548569e+00 2.572690e-01 
1.553210e+00 2.571729e-01 
1.557889e+00 2.570760e-01 
1.562608e+00 2.569783e-01 
1.567366e+00 2.568797e-01 
1.572164e+00 2.567803e-01 
1.577002e+00 2.566802e-01 
1.581880e+00 2.565791e-01 
1.586800e+00 2.564772e-01 
1.591760e+00 2.563745e-01 
1.596762e+00 2.562709e-01 
1.601806e+00 2.561665e-01 
1.606892e+00 2.560611e-01 
1.612021e+00 2.559549e-01 
1.617192e+00 2.558478e-01 
1.622407e+00 2.557398e-01 
1.627665e+00 2.556309e-01 
1.632968e+00 2.555211e-01 
1.638315e+00 2.554104e-01 
1.643707e+00 2.552987e-01 
1.649143e+00 2.551861e-01 
1.654626e+00 2.550726e-01 
1.660154e+00 2.549581e-01 
1.665729e+00 2.548426e-01 
1.671350e+00 2.547262e-01 
1.677018e+00 2.546088e-01 
1.682734e+00 2.544904e-01 
1.688498e+00 2.543711e-01 
1.694310e+00 2.542507e-01 
1.700171e+00 2.541293e-01 
1.706081e+00 2.540069e-01 
1.712040e+00 2.538835e-01 
1.718049e+00 2.537591e-01 
1.724109e+00 2.536336e-01 
1.730220e+00 2.535070e-01 
1.736381e+00 2.533794e-01 
1.742595e+00 2.532507e-01 
1.748860e+00 2.531210e-01 
1.755178e+00 2.529901e-01 
1.761549e+00 2.528582e-01 
1.767973e+00 2.527251e-01 
1.774452e+00 2.525910e-01 
1.780984e+00 2.524557e-01 
1.787571e+00 2.523193e-01 
1.794214e+00 2.521817e-01 
1.800912e+00 2.520430e-01 
1.807667e+00 2.519031e-01 
1.814478e+00 2.517620e-01 
1.821346e+00 2.516198e-01 
1.828272e+00 2.514764e-01 
1.835256e+00 2.513317e-01 
1.842298e+00 2.511859e-01 
1.849400e+00 2.510388e-01 
1.375070e+00 2.617005e-01 
1.378264e+00 2.616357e-01 
1.381484e+00 2.615703e-01 
1.384732e+00 2.615045e-01 
1.388006e+00 2.614380e-01 
1.391307e+00 2.613711e-01 
1.394636e+00 2.613035e-01 
1.397993e+00 2.612354e-01 
1.401377e+00 2.611668e-01 
1.404790e+00 2.610975e-01 
1.408231e+00 2.610277e-01 
1.411700e+00 2.609573e-01 
1.415199e+00 2.608864e-01 
1.418727e+00 2.608148e-01 
1.422284e+00 2.607426e-01 
1.425870e+00 2.606699e-01 
1.429487e+00 2.605965e-01 
1.433133e+00 2.605225e-01 
1.436810e+00 2.604479e-01 
1.440518e+00 2.603727e-01 
1.444257e+00 2.602969e-01 
1.448026e+00 2.602204e-01 
1.451827e+00 2.601433e-01 
1.455660e+00 2.600655e-01 
1.459525e+00 2.599871e-01 
1.463422e+00 2.599081e-01 
1.467352e+00 2.598283e-01 
1.471314e+00 2.597480e-01 
1.475309e+00 2.596669e-01 
1.479338e+00 2.595852e-01 
1.483400e+00 2.595028e-01 
1.487497e+00 2.594197e-01 
1.491627e+00 2.593359e-01 
1.495792e+00 2.592514e-01 
1.499992e+00 2.591662e-01 
1.504226e+00 2.590802e-01 
1.508496e+00 2.589936e-01 
1.512802e+00 2.589063e-01 
1.517144e+00 2.588182e-01 
1.521522e+00 2.587294e-01 
1.525937e+00 2.586398e-01 
1.530388e+00 2.585495e-01 
1.534877e+00 2.584584e-01 
1.539403e+00 2.583666e-01 
1.543967e+00 2.582740e-01 
1.548569e+00 2.581806e-01 
1.553210e+00 2.580865e-01 
1.557890e+00 2.579916e-01 
1.562608e+00 2.578958e-01 
1.567366e+00 2.577993e-01 
1.572164e+00 2.577020e-01 
1.577002e+00 2.576038e-01 
1.581881e+00 2.575049e-01 
1.586800e+00 2.574051e-01 
1.591760e+00 2.573044e-01 
1.596762e+00 2.572029e-01 
1.601806e+00 2.571006e-01 
1.606892e+00 2.569974e-01 
1.612021e+00 2.568934e-01 
1.617192e+00 2.567885e-01 
1.622407e+00 2.566827e-01 
1.627666e+00 2.565760e-01 
1.632968e+00 2.564684e-01 
1.638315e+00 2.563599e-01 
1.643707e+00 2.562506e-01 
1.649144e+00 2.561403e-01 
1.654626e+00 2.560290e-01 
1.660154e+00 2.559169e-01 
1.665729e+00 2.558038e-01 
1.671350e+00 2.556898e-01 
1.677019e+00 2.555748e-01 
1.682734e+00 2.554588e-01 
1.688498e+00 2.553419e-01 
1.694310e+00 2.552240e-01 
1.700171e+00 2.551051e-01 
1.706081e+00 2.549852e-01 
1.712040e+00 2.548643e-01 
1.718050e+00 2.547423e-01 
1.724109e+00 2.546194e-01 
1.730220e+00 2.544954e-01 
1.736381e+00 2.543704e-01 
1.742595e+00 2.542444e-01 
1.748860e+00 2.541173e-01 
1.755178e+00 2.539891e-01 
1.761549e+00 2.538599e-01 
1.767973e+00 2.537295e-01 
1.774452e+00 2.535981e-01 
1.780984e+00 2.534656e-01 
1.787572e+00 2.533319e-01 
1.794214e+00 2.531972e-01 
1.800912e+00 2.530613e-01 
1.807667e+00 2.529243e-01 
1.814478e+00 2.527861e-01 
1.821346e+00 2.526467e-01 
1.828272e+00 2.525062e-01 
1.835256e+00 2.523645e-01 
1.842298e+00 2.522217e-01 
1.849400e+00 2.520776e-01 
1.375071e+00 2.625388e-01 
1.378264e+00 2.624754e-01 
1.381485e+00 2.624114e-01 
1.384732e+00 2.623469e-01 
1.388006e+00 2.622818e-01 
1.391308e+00 2.622163e-01 
1.394637e+00 2.621501e-01 
1.397993e+00 2.620835e-01 
1.401378e+00 2.620162e-01 
1.404790e+00 2.619484e-01 
1.408231e+00 2.618801e-01 
1.411701e+00 2.618112e-01 
1.415199e+00 2.617417e-01 
1.418727e+00 2.616716e-01 
1.422284e+00 2.616009e-01 
1.425871e+00 2.615297e-01 
1.429487e+00 2.614578e-01 
1.433134e+00 2.613854e-01 
1.436811e+00 2.613124e-01 
1.440519e+00 2.612387e-01 
1.444257e+00 2.611644e-01 
1.448027e+00 2.610896e-01 
1.451828e+00 2.610140e-01 
1.455661e+00 2.609379e-01 
1.459526e+00 2.608611e-01 
1.463423e+00 2.607837e-01 
1.467352e+00 2.607057e-01 
1.471314e+00 2.606270e-01 
1.475310e+00 2.605476e-01 
1.479338e+00 2.604676e-01 
1.483401e+00 2.603869e-01 
1.487497e+00 2.603055e-01 
1.491627e+00 2.602234e-01 
1.495792e+00 2.601407e-01 
1.499992e+00 2.600573e-01 
1.504227e+00 2.599732e-01 
1.508497e+00 2.598883e-01 
1.512803e+00 2.598028e-01 
1.517144e+00 2.597166e-01 
1.521523e+00 2.596296e-01 
1.525937e+00 2.595419e-01 
1.530389e+00 2.594535e-01 
1.534877e+00 2.593643e-01 
1.539404e+00 2.592744e-01 
1.543968e+00 2.591837e-01 
1.548570e+00 2.590923e-01 
1.553211e+00 2.590001e-01 
1.557890e+00 2.589072e-01 
1.562609e+00 2.588134e-01 
1.567367e+00 2.587189e-01 
1.572165e+00 2.586236e-01 
1.577003e+00 2.585275e-01 
1.581881e+00 2.584306e-01 
1.586800e+00 2.583329e-01 
1.591761e+00 2.582343e-01 
1.596763e+00 2.581350e-01 
1.601807e+00 2.580348e-01 
1.606893e+00 2.579337e-01 
1.612021e+00 2.578319e-01 
1.617193e+00 2.577291e-01 
1.622408e+00 2.576255e-01 
1.627666e+00 2.575211e-01 
1.632969e+00 2.574157e-01 
1.638316e+00 2.573095e-01 
1.643707e+00 2.572024e-01 
1.649144e+00 2.570944e-01 
1.654626e+00 2.569855e-01 
1.660155e+00 2.568757e-01 
1.665729e+00 2.567650e-01 
1.671351e+00 2.566533e-01 
1.677019e+00 2.565407e-01 
1.682735e+00 2.564272e-01 
1.688498e+00 2.563127e-01 
1.694311e+00 2.561972e-01 
1.700171e+00 2.560808e-01 
1.706081e+00 2.559634e-01 
1.712040e+00 2.558450e-01 
1.718050e+00 2.557256e-01 
1.724109e+00 2.556053e-01 
1.730220e+00 2.554839e-01 
1.736382e+00 2.553615e-01 
1.742595e+00 2.552381e-01 
1.748860e+00 2.551136e-01 
1.755178e+00 2.549881e-01 
1.761549e+00 2.548615e-01 
1.767974e+00 2.547339e-01 
1.774452e+00 2.546052e-01 
1.780984e+00 2.544755e-01 
1.787572e+00 2.543446e-01 
1.794214e+00 2.542127e-01 
1.800912e+00 2.540796e-01 
1.807667e+00 2.539454e-01 
1.814478e+00 2.538101e-01 
1.821346e+00 2.536737e-01 
1.828272e+00 2.535361e-01 
1.835256e+00 2.533974e-01 
1.842298e+00 2.532575e-01 
1.849400e+00 2.531164e-01 
1.375071e+00 2.633771e-01 
1.378265e+00 2.633150e-01 
1.381486e+00 2.632524e-01 
1.384733e+00 2.631893e-01 
1.388007e+00 2.631256e-01 
1.391308e+00 2.630614e-01 
1.394637e+00 2.629967e-01 
1.397994e+00 2.629315e-01 
1.401378e+00 2.628657e-01 
1.404791e+00 2.627993e-01 
1.408232e+00 2.627324e-01 
1.411701e+00 2.626650e-01 
1.415200e+00 2.625969e-01 
1.418728e+00 2.625284e-01 
1.422285e+00 2.624592e-01 
1.425871e+00 2.623895e-01 
1.429488e+00 2.623192e-01 
1.433134e+00 2.622483e-01 
1.436811e+00 2.621768e-01 
1.440519e+00 2.621047e-01 
1.444258e+00 2.620320e-01 
1.448027e+00 2.619587e-01 
1.451828e+00 2.618848e-01 
1.455661e+00 2.618103e-01 
1.459526e+00 2.617352e-01 
1.463423e+00 2.616594e-01 
1.467353e+00 2.615830e-01 
1.471315e+00 2.615060e-01 
1.475310e+00 2.614283e-01 
1.479339e+00 2.613500e-01 
1.483401e+00 2.612710e-01 
1.487498e+00 2.611913e-01 
1.491628e+00 2.611110e-01 
1.495793e+00 2.610301e-01 
1.499993e+00 2.609484e-01 
1.504227e+00 2.608661e-01 
1.508497e+00 2.607831e-01 
1.512803e+00 2.606993e-01 
1.517145e+00 2.606149e-01 
1.521523e+00 2.605298e-01 
1.525938e+00 2.604440e-01 
1.530389e+00 2.603574e-01 
1.534878e+00 2.602702e-01 
1.539404e+00 2.601822e-01 
1.543968e+00 2.600934e-01 
1.548570e+00 2.600040e-01 
1.553211e+00 2.599137e-01 
1.557890e+00 2.598228e-01 
1.562609e+00 2.597310e-01 
1.567367e+00 2.596385e-01 
1.572165e+00 2.595452e-01 
1.577003e+00 2.594512e-01 
1.581882e+00 2.593563e-01 
1.586801e+00 2.592607e-01 
1.591761e+00 2.591642e-01 
1.596763e+00 2.590670e-01 
1.601807e+00 2.589689e-01 
1.606893e+00 2.588700e-01 
1.612022e+00 2.587703e-01 
1.617193e+00 2.586698e-01 
1.622408e+00 2.585684e-01 
1.627666e+00 2.584662e-01 
1.632969e+00 2.583631e-01 
1.638316e+00 2.582591e-01 
1.643708e+00 2.581543e-01 
1.649144e+00 2.580486e-01 
1.654627e+00 2.579420e-01 
1.660155e+00 2.578345e-01 
1.665730e+00 2.577261e-01 
1.671351e+00 2.576168e-01 
1.677019e+00 2.575066e-01 
1.682735e+00 2.573955e-01 
1.688499e+00 2.572835e-01 
1.694311e+00 2.571705e-01 
1.700172e+00 2.570565e-01 
1.706081e+00 2.569416e-01 
1.712041e+00 2.568258e-01 
1.718050e+00 2.567089e-01 
1.724110e+00 2.565911e-01 
1.730220e+00 2.564723e-01 
1.736382e+00 2.563525e-01 
1.742595e+00 2.562317e-01 
1.748861e+00 2.561099e-01 
1.755179e+00 2.559871e-01 
1.761549e+00 2.558632e-01 
1.767974e+00 2.557383e-01 
1.774452e+00 2.556123e-01 
1.780984e+00 2.554853e-01 
1.787572e+00 2.553573e-01 
1.794214e+00 2.552281e-01 
1.800913e+00 2.550979e-01 
1.807667e+00 2.549666e-01 
1.814478e+00 2.548342e-01 
1.821346e+00 2.547006e-01 
1.828272e+00 2.545660e-01 
1.835256e+00 2.544302e-01 
1.842298e+00 2.542933e-01 
1.849400e+00 2.541552e-01 
1.375072e+00 2.642154e-01 
1.378266e+00 2.641547e-01 
1.381486e+00 2.640935e-01 
1.384733e+00 2.640317e-01 
1.388007e+00 2.639694e-01 
1.391309e+00 2.639066e-01 
1.394638e+00 2.638433e-01 
1.397994e+00 2.637795e-01 
1.401379e+00 2.637151e-01 
1.404791e+00 2.636502e-01 
1.408232e+00 2.635848e-01 
1.411702e+00 2.635188e-01 
1.415201e+00 2.634522e-01 
1.418728e+00 2.633851e-01 
1.422285e+00 2.633175e-01 
1.425872e+00 2.632493e-01 
1.429488e+00 2.631805e-01 
1.433135e+00 2.631111e-01 
1.436812e+00 2.630412e-01 
1.440520e+00 2.629707e-01 
1.444258e+00 2.628996e-01 
1.448028e+00 2.628279e-01 
1.451829e+00 2.627556e-01 
1.455662e+00 2.626827e-01 
1.459527e+00 2.626092e-01 
1.463424e+00 2.625351e-01 
1.467353e+00 2.624603e-01 
1.471315e+00 2.623850e-01 
1.475311e+00 2.623090e-01 
1.479340e+00 2.622323e-01 
1.483402e+00 2.621551e-01 
1.487498e+00 2.620772e-01 
1.491628e+00 2.619986e-01 
1.495793e+00 2.619194e-01 
1.499993e+00 2.618395e-01 
1.504228e+00 2.617590e-01 
1.508498e+00 2.616778e-01 
1.512804e+00 2.615959e-01 
1.517145e+00 2.615133e-01 
1.521523e+00 2.614300e-01 
1.525938e+00 2.613461e-01 
1.530390e+00 2.612614e-01 
1.534878e+00 2.611760e-01 
1.539404e+00 2.610899e-01 
1.543969e+00 2.610031e-01 
1.548571e+00 2.609156e-01 
1.553211e+00 2.608273e-01 
1.557891e+00 2.607383e-01 
1.562609e+00 2.606486e-01 
1.567368e+00 2.605581e-01 
1.572165e+00 2.604668e-01 
1.577003e+00 2.603748e-01 
1.581882e+00 2.602820e-01 
1.586801e+00 2.601885e-01 
1.591762e+00 2.600941e-01 
1.596764e+00 2.599990e-01 
1.601807e+00 2.599031e-01 
1.606893e+00 2.598063e-01 
1.612022e+00 2.597088e-01 
1.617194e+00 2.596104e-01 
1.622408e+00 2.595113e-01 
1.627667e+00 2.594112e-01 
1.632969e+00 2.593104e-01 
1.638316e+00 2.592087e-01 
1.643708e+00 2.591062e-01 
1.649145e+00 2.590027e-01 
1.654627e+00 2.588985e-01 
1.660155e+00 2.587933e-01 
1.665730e+00 2.586873e-01 
1.671351e+00 2.585804e-01 
1.677019e+00 2.584726e-01 
1.682735e+00 2.583639e-01 
1.688499e+00 2.582543e-01 
1.694311e+00 2.581437e-01 
1.700172e+00 2.580322e-01 
1.706082e+00 2.579198e-01 
1.712041e+00 2.578065e-01 
1.718050e+00 2.576922e-01 
1.724110e+00 2.575770e-01 
1.730220e+00 2.574607e-01 
1.736382e+00 2.573435e-01 
1.742595e+00 2.572254e-01 
1.748861e+00 2.571062e-01 
1.755179e+00 2.569860e-01 
1.761550e+00 2.568649e-01 
1.767974e+00 2.567427e-01 
1.774452e+00 2.566195e-01 
1.780985e+00 2.564952e-01 
1.787572e+00 2.563699e-01 
1.794214e+00 2.562436e-01 
1.800913e+00 2.561162e-01 
1.807667e+00 2.559877e-01 
1.814478e+00 2.558582e-01 
1.821346e+00 2.557276e-01 
1.828272e+00 2.555958e-01 
1.835256e+00 2.554630e-01 
1.842298e+00 2.553291e-01 
1.849400e+00 2.551940e-01 
1.375072e+00 2.650538e-01 
1.378266e+00 2.649944e-01 
1.381487e+00 2.649345e-01 
1.384734e+00 2.648741e-01 
1.388008e+00 2.648132e-01 
1.391309e+00 2.647518e-01 
1.394638e+00 2.646899e-01 
1.397995e+00 2.646275e-01 
1.401379e+00 2.645645e-01 
1.404792e+00 2.645011e-01 
1.408233e+00 2.644371e-01 
1.411703e+00 2.643726e-01 
1.415201e+00 2.643075e-01 
1.418729e+00 2.642419e-01 
1.422286e+00 2.641758e-01 
1.425872e+00 2.641091e-01 
1.429489e+00 2.640418e-01 
1.433136e+00 2.639740e-01 
1.436813e+00 2.639056e-01 
1.440520e+00 2.638367e-01 
1.444259e+00 2.637671e-01 
1.448028e+00 2.636970e-01 
1.451830e+00 2.636263e-01 
1.455662e+00 2.635551e-01 
1.459527e+00 2.634832e-01 
1.463424e+00 2.634107e-01 
1.467354e+00 2.633376e-01 
1.471316e+00 2.632640e-01 
1.475311e+00 2.631897e-01 
1.479340e+00 2.631147e-01 
1.483402e+00 2.630392e-01 
1.487499e+00 2.629630e-01 
1.491629e+00 2.628862e-01 
1.495794e+00 2.628087e-01 
1.499994e+00 2.627306e-01 
1.504228e+00 2.626519e-01 
1.508498e+00 2.625725e-01 
1.512804e+00 2.624924e-01 
1.517146e+00 2.624117e-01 
1.521524e+00 2.623303e-01 
1.525939e+00 2.622482e-01 
1.530390e+00 2.621654e-01 
1.534879e+00 2.620819e-01 
1.539405e+00 2.619977e-01 
1.543969e+00 2.619128e-01 
1.548571e+00 2.618273e-01 
1.553212e+00 2.617410e-01 
1.557891e+00 2.616539e-01 
1.562610e+00 2.615662e-01 
1.567368e+00 2.614777e-01 
1.572166e+00 2.613885e-01 
1.577004e+00 2.612985e-01 
1.581882e+00 2.612078e-01 
1.586802e+00 2.611163e-01 
1.591762e+00 2.610240e-01 
1.596764e+00 2.609310e-01 
1.601808e+00 2.608372e-01 
1.606894e+00 2.607426e-01 
1.612022e+00 2.606473e-01 
1.617194e+00 2.605511e-01 
1.622409e+00 2.604541e-01 
1.627667e+00 2.603563e-01 
1.632970e+00 2.602577e-01 
1.638317e+00 2.601583e-01 
1.643708e+00 2.600580e-01 
1.649145e+00 2.599569e-01 
1.654627e+00 2.598550e-01 
1.660156e+00 2.597521e-01 
1.665730e+00 2.596485e-01 
1.671351e+00 2.595439e-01 
1.677020e+00 2.594385e-01 
1.682736e+00 2.593322e-01 
1.688499e+00 2.592250e-01 
1.694311e+00 2.591170e-01 
1.700172e+00 2.590080e-01 
1.706082e+00 2.588981e-01 
1.712041e+00 2.587872e-01 
1.718050e+00 2.586755e-01 
1.724110e+00 2.585628e-01 
1.730221e+00 2.584492e-01 
1.736382e+00 2.583346e-01 
1.742596e+00 2.582190e-01 
1.748861e+00 2.581025e-01 
1.755179e+00 2.579850e-01 
1.761550e+00 2.578665e-01 
1.767974e+00 2.577471e-01 
1.774452e+00 2.576266e-01 
1.780985e+00 2.575051e-01 
1.787572e+00 2.573826e-01 
1.794214e+00 2.572591e-01 
1.800913e+00 2.571345e-01 
1.807667e+00 2.570089e-01 
1.814478e+00 2.568822e-01 
1.821346e+00 2.567545e-01 
1.828272e+00 2.566257e-01 
1.835256e+00 2.564958e-01 
1.842298e+00 2.563649e-01 
1.849400e+00 2.562328e-01 
1.375073e+00 2.658921e-01 
1.378267e+00 2.658340e-01 
1.381487e+00 2.657755e-01 
1.384734e+00 2.657165e-01 
1.388009e+00 2.656570e-01 
1.391310e+00 2.655970e-01 
1.394639e+00 2.655365e-01 
1.397995e+00 2.654755e-01 
1.401380e+00 2.654140e-01 
1.404792e+00 2.653520e-01 
1.408233e+00 2.652894e-01 
1.411703e+00 2.652264e-01 
1.415202e+00 2.651628e-01 
1.418729e+00 2.650987e-01 
1.422286e+00 2.650340e-01 
1.425873e+00 2.649689e-01 
1.429489e+00 2.649031e-01 
1.433136e+00 2.648369e-01 
1.436813e+00 2.647700e-01 
1.440521e+00 2.647026e-01 
1.444259e+00 2.646347e-01 
1.448029e+00 2.645662e-01 
1.451830e+00 2.644971e-01 
1.455663e+00 2.644274e-01 
1.459528e+00 2.643572e-01 
1.463425e+00 2.642864e-01 
1.467354e+00 2.642150e-01 
1.471316e+00 2.641430e-01 
1.475312e+00 2.640703e-01 
1.479341e+00 2.639971e-01 
1.483403e+00 2.639233e-01 
1.487499e+00 2.638489e-01 
1.491629e+00 2.637738e-01 
1.495794e+00 2.636981e-01 
1.499994e+00 2.636218e-01 
1.504229e+00 2.635448e-01 
1.508499e+00 2.634672e-01 
1.512805e+00 2.633889e-01 
1.517146e+00 2.633100e-01 
1.521524e+00 2.632305e-01 
1.525939e+00 2.631502e-01 
1.530390e+00 2.630693e-01 
1.534879e+00 2.629878e-01 
1.539405e+00 2.629055e-01 
1.543969e+00 2.628226e-01 
1.548572e+00 2.627389e-01 
1.553212e+00 2.626546e-01 
1.557892e+00 2.625695e-01 
1.562610e+00 2.624838e-01 
1.567368e+00 2.623973e-01 
1.572166e+00 2.623101e-01 
1.577004e+00 2.622222e-01 
1.581883e+00 2.621335e-01 
1.586802e+00 2.620441e-01 
1.591762e+00 2.619540e-01 
1.596764e+00 2.618631e-01 
1.601808e+00 2.617714e-01 
1.606894e+00 2.616789e-01 
1.612023e+00 2.615857e-01 
1.617194e+00 2.614918e-01 
1.622409e+00 2.613970e-01 
1.627668e+00 2.613014e-01 
1.632970e+00 2.612050e-01 
1.638317e+00 2.611079e-01 
1.643709e+00 2.610099e-01 
1.649145e+00 2.609111e-01 
1.654628e+00 2.608114e-01 
1.660156e+00 2.607110e-01 
1.665730e+00 2.606096e-01 
1.671352e+00 2.605075e-01 
1.677020e+00 2.604045e-01 
1.682736e+00 2.603006e-01 
1.688500e+00 2.601958e-01 
1.694312e+00 2.600902e-01 
1.700172e+00 2.599837e-01 
1.706082e+00 2.598763e-01 
1.712041e+00 2.597680e-01 
1.718051e+00 2.596588e-01 
1.724110e+00 2.595486e-01 
1.730221e+00 2.594376e-01 
1.736382e+00 2.593256e-01 
1.742596e+00 2.592127e-01 
1.748861e+00 2.590988e-01 
1.755179e+00 2.589840e-01 
1.761550e+00 2.588682e-01 
1.767974e+00 2.587515e-01 
1.774452e+00 2.586337e-01 
1.780985e+00 2.585150e-01 
1.787572e+00 2.583953e-01 
1.794215e+00 2.582746e-01 
1.800913e+00 2.581528e-01 
1.807667e+00 2.580301e-01 
1.814478e+00 2.579063e-01 
1.821346e+00 2.577815e-01 
1.828272e+00 2.576556e-01 
1.835256e+00 2.575287e-01 
1.842298e+00 2.574007e-01 
1.849400e+00 2.572716e-01 
1.375073e+00 2.667304e-01 
1.378267e+00 2.666737e-01 
1.381488e+00 2.666166e-01 
1.384735e+00 2.665589e-01 
1.388009e+00 2.665008e-01 
1.391311e+00 2.664422e-01 
1.394639e+00 2.663831e-01 
1.397996e+00 2.663235e-01 
1.401380e+00 2.662634e-01 
1.404793e+00 2.662029e-01 
1.408234e+00 2.661418e-01 
1.411704e+00 2.660802e-01 
1.415202e+00 2.660181e-01 
1.418730e+00 2.659555e-01 
1.422287e+00 2.658923e-01 
1.425873e+00 2.658286e-01 
1.429490e+00 2.657644e-01 
1.433137e+00 2.656997e-01 
1.436814e+00 2.656344e-01 
1.440521e+00 2.655686e-01 
1.444260e+00 2.655023e-01 
1.448029e+00 2.654353e-01 
1.451831e+00 2.653679e-01 
1.455663e+00 2.652998e-01 
1.459528e+00 2.652312e-01 
1.463425e+00 2.651620e-01 
1.467355e+00 2.650923e-01 
1.471317e+00 2.650220e-01 
1.475312e+00 2.649510e-01 
1.479341e+00 2.648795e-01 
1.483403e+00 2.648074e-01 
1.487500e+00 2.647347e-01 
1.491630e+00 2.646614e-01 
1.495795e+00 2.645874e-01 
1.499995e+00 2.645129e-01 
1.504229e+00 2.644377e-01 
1.508499e+00 2.643619e-01 
1.512805e+00 2.642855e-01 
1.517147e+00 2.642084e-01 
1.521525e+00 2.641307e-01 
1.525939e+00 2.640523e-01 
1.530391e+00 2.639733e-01 
1.534880e+00 2.638936e-01 
1.539406e+00 2.638133e-01 
1.543970e+00 2.637323e-01 
1.548572e+00 2.636506e-01 
1.553213e+00 2.635682e-01 
1.557892e+00 2.634851e-01 
1.562611e+00 2.634014e-01 
1.567369e+00 2.633169e-01 
1.572167e+00 2.632317e-01 
1.577005e+00 2.631458e-01 
1.581883e+00 2.630592e-01 
1.586802e+00 2.629719e-01 
1.591763e+00 2.628839e-01 
1.596765e+00 2.627951e-01 
1.601809e+00 2.627055e-01 
1.606895e+00 2.626153e-01 
1.612023e+00 2.625242e-01 
1.617195e+00 2.624324e-01 
1.622409e+00 2.623398e-01 
1.627668e+00 2.622465e-01 
1.632970e+00 2.621524e-01 
1.638317e+00 2.620575e-01 
1.643709e+00 2.619617e-01 
1.649146e+00 2.618652e-01 
1.654628e+00 2.617679e-01 
1.660156e+00 2.616698e-01 
1.665731e+00 2.615708e-01 
1.671352e+00 2.614710e-01 
1.677020e+00 2.613704e-01 
1.682736e+00 2.612689e-01 
1.688500e+00 2.611666e-01 
1.694312e+00 2.610635e-01 
1.700173e+00 2.609594e-01 
1.706082e+00 2.608545e-01 
1.712042e+00 2.607487e-01 
1.718051e+00 2.606421e-01 
1.724111e+00 2.605345e-01 
1.730221e+00 2.604260e-01 
1.736383e+00 2.603166e-01 
1.742596e+00 2.602063e-01 
1.748861e+00 2.600951e-01 
1.755179e+00 2.599830e-01 
1.761550e+00 2.598699e-01 
1.767974e+00 2.597558e-01 
1.774452e+00 2.596408e-01 
1.780985e+00 2.595249e-01 
1.787572e+00 2.594079e-01 
1.794215e+00 2.592900e-01 
1.800913e+00 2.591711e-01 
1.807667e+00 2.590512e-01 
1.814478e+00 2.589303e-01 
1.821346e+00 2.588084e-01 
1.828272e+00 2.586855e-01 
1.835256e+00 2.585615e-01 
1.842298e+00 2.584365e-01 
1.849400e+00 2.583104e-01 
1.375074e+00 2.675687e-01 
1.378268e+00 2.675134e-01 
1.381488e+00 2.674576e-01 
1.384736e+00 2.674013e-01 
1.388010e+00 2.673446e-01 
1.391311e+00 2.672874e-01 
1.394640e+00 2.672297e-01 
1.397997e+00 2.671715e-01 
1.401381e+00 2.671129e-01 
1.404794e+00 2.670537e-01 
1.408235e+00 2.669941e-01 
1.411704e+00 2.669340e-01 
1.415203e+00 2.668734e-01 
1.418730e+00 2.668122e-01 
1.422287e+00 2.667506e-01 
1.425874e+00 2.666884e-01 
1.429490e+00 2.666258e-01 
1.433137e+00 2.665626e-01 
1.436814e+00 2.664989e-01 
1.440522e+00 2.664346e-01 
1.444260e+00 2.663698e-01 
1.448030e+00 2.663045e-01 
1.451831e+00 2.662386e-01 
1.455664e+00 2.661722e-01 
1.459529e+00 2.661052e-01 
1.463426e+00 2.660377e-01 
1.467355e+00 2.659696e-01 
1.471317e+00 2.659010e-01 
1.475313e+00 2.658317e-01 
1.479342e+00 2.657619e-01 
1.483404e+00 2.656915e-01 
1.487500e+00 2.656205e-01 
1.491630e+00 2.655490e-01 
1.495795e+00 2.654768e-01 
1.499995e+00 2.654040e-01 
1.504230e+00 2.653306e-01 
1.508500e+00 2.652566e-01 
1.512806e+00 2.651820e-01 
1.517147e+00 2.651068e-01 
1.521525e+00 2.650309e-01 
1.525940e+00 2.649544e-01 
1.530391e+00 2.648773e-01 
1.534880e+00 2.647995e-01 
1.539406e+00 2.647211e-01 
1.543970e+00 2.646420e-01 
1.548572e+00 2.645622e-01 
1.553213e+00 2.644818e-01 
1.557893e+00 2.644007e-01 
1.562611e+00 2.643189e-01 
1.567369e+00 2.642365e-01 
1.572167e+00 2.641534e-01 
1.577005e+00 2.640695e-01 
1.581884e+00 2.639850e-01 
1.586803e+00 2.638997e-01 
1.591763e+00 2.638138e-01 
1.596765e+00 2.637271e-01 
1.601809e+00 2.636397e-01 
1.606895e+00 2.635516e-01 
1.612024e+00 2.634627e-01 
1.617195e+00 2.633731e-01 
1.622410e+00 2.632827e-01 
1.627668e+00 2.631916e-01 
1.632971e+00 2.630997e-01 
1.638318e+00 2.630070e-01 
1.643709e+00 2.629136e-01 
1.649146e+00 2.628194e-01 
1.654628e+00 2.627244e-01 
1.660157e+00 2.626286e-01 
1.665731e+00 2.625320e-01 
1.671352e+00 2.624346e-01 
1.677021e+00 2.623364e-01 
1.682736e+00 2.622373e-01 
1.688500e+00 2.621374e-01 
1.694312e+00 2.620367e-01 
1.700173e+00 2.619352e-01 
1.706083e+00 2.618327e-01 
1.712042e+00 2.617295e-01 
1.718051e+00 2.616253e-01 
1.724111e+00 2.615203e-01 
1.730221e+00 2.614144e-01 
1.736383e+00 2.613077e-01 
1.742596e+00 2.612000e-01 
1.748861e+00 2.610914e-01 
1.755179e+00 2.609819e-01 
1.761550e+00 2.608715e-01 
1.767974e+00 2.607602e-01 
1.774453e+00 2.606480e-01 
1.780985e+00 2.605348e-01 
1.787572e+00 2.604206e-01 
1.794215e+00 2.603055e-01 
1.800913e+00 2.601894e-01 
1.807667e+00 2.600724e-01 
1.814478e+00 2.599544e-01 
1.821346e+00 2.598353e-01 
1.828272e+00 2.597153e-01 
1.835256e+00 2.595943e-01 
1.842298e+00 2.594723e-01 
1.849400e+00 2.593492e-01 
1.375074e+00 2.684071e-01 
1.378268e+00 2.683531e-01 
1.381489e+00 2.682986e-01 
1.384736e+00 2.682437e-01 
1.388010e+00 2.681884e-01 
1.391312e+00 2.681326e-01 
1.394641e+00 2.680763e-01 
1.397997e+00 2.680195e-01 
1.401382e+00 2.679623e-01 
1.404794e+00 2.679046e-01 
1.408235e+00 2.678464e-01 
1.411705e+00 2.677878e-01 
1.415203e+00 2.677286e-01 
1.418731e+00 2.676690e-01 
1.422288e+00 2.676089e-01 
1.425875e+00 2.675482e-01 
1.429491e+00 2.674871e-01 
1.433138e+00 2.674254e-01 
1.436815e+00 2.673633e-01 
1.440522e+00 2.673006e-01 
1.444261e+00 2.672374e-01 
1.448031e+00 2.671737e-01 
1.451832e+00 2.671094e-01 
1.455664e+00 2.670446e-01 
1.459529e+00 2.669793e-01 
1.463426e+00 2.669134e-01 
1.467356e+00 2.668469e-01 
1.471318e+00 2.667800e-01 
1.475313e+00 2.667124e-01 
1.479342e+00 2.666443e-01 
1.483404e+00 2.665756e-01 
1.487501e+00 2.665064e-01 
1.491631e+00 2.664365e-01 
1.495796e+00 2.663661e-01 
1.499995e+00 2.662951e-01 
1.504230e+00 2.662235e-01 
1.508500e+00 2.661513e-01 
1.512806e+00 2.660786e-01 
1.517148e+00 2.660052e-01 
1.521526e+00 2.659311e-01 
1.525940e+00 2.658565e-01 
1.530392e+00 2.657812e-01 
1.534881e+00 2.657054e-01 
1.539407e+00 2.656288e-01 
1.543971e+00 2.655517e-01 
1.548573e+00 2.654739e-01 
1.553214e+00 2.653954e-01 
1.557893e+00 2.653163e-01 
1.562612e+00 2.652365e-01 
1.567370e+00 2.651561e-01 
1.572168e+00 2.650750e-01 
1.577006e+00 2.649932e-01 
1.581884e+00 2.649107e-01 
1.586803e+00 2.648275e-01 
1.591764e+00 2.647437e-01 
1.596766e+00 2.646591e-01 
1.601809e+00 2.645738e-01 
1.606895e+00 2.644879e-01 
1.612024e+00 2.644012e-01 
1.617195e+00 2.643137e-01 
1.622410e+00 2.642256e-01 
1.627669e+00 2.641367e-01 
1.632971e+00 2.640470e-01 
1.638318e+00 2.639566e-01 
1.643710e+00 2.638655e-01 
1.649146e+00 2.637736e-01 
1.654629e+00 2.636809e-01 
1.660157e+00 2.635874e-01 
1.665731e+00 2.634932e-01 
1.671353e+00 2.633981e-01 
1.677021e+00 2.633023e-01 
1.682737e+00 2.632057e-01 
1.688500e+00 2.631082e-01 
1.694312e+00 2.630100e-01 
1.700173e+00 2.629109e-01 
1.706083e+00 2.628110e-01 
1.712042e+00 2.627102e-01 
1.718051e+00 2.626086e-01 
1.724111e+00 2.625062e-01 
1.730221e+00 2.624029e-01 
1.736383e+00 2.622987e-01 
1.742596e+00 2.621937e-01 
1.748862e+00 2.620877e-01 
1.755179e+00 2.619809e-01 
1.761550e+00 2.618732e-01 
1.767975e+00 2.617646e-01 
1.774453e+00 2.616551e-01 
1.780985e+00 2.615446e-01 
1.787572e+00 2.614333e-01 
1.794215e+00 2.613210e-01 
1.800913e+00 2.612077e-01 
1.807667e+00 2.610935e-01 
1.814478e+00 2.609784e-01 
1.821347e+00 2.608623e-01 
1.828272e+00 2.607452e-01 
1.835256e+00 2.606271e-01 
1.842299e+00 2.605081e-01 
1.849400e+00 2.603880e-01 
1.375075e+00 2.692454e-01 
1.378269e+00 2.691927e-01 
1.381489e+00 2.691397e-01 
1.384737e+00 2.690861e-01 
1.388011e+00 2.690322e-01 
1.391312e+00 2.689777e-01 
1.394641e+00 2.689229e-01 
1.397998e+00 2.688675e-01 
1.401382e+00 2.688118e-01 
1.404795e+00 2.687555e-01 
1.408236e+00 2.686988e-01 
1.411705e+00 2.686416e-01 
1.415204e+00 2.685839e-01 
1.418731e+00 2.685258e-01 
1.422288e+00 2.684671e-01 
1.425875e+00 2.684080e-01 
1.429492e+00 2.683484e-01 
1.433138e+00 2.682883e-01 
1.436815e+00 2.682277e-01 
1.440523e+00 2.681666e-01 
1.444261e+00 2.681050e-01 
1.448031e+00 2.680428e-01 
1.451832e+00 2.679802e-01 
1.455665e+00 2.679170e-01 
1.459530e+00 2.678533e-01 
1.463427e+00 2.677890e-01 
1.467356e+00 2.677243e-01 
1.471319e+00 2.676590e-01 
1.475314e+00 2.675931e-01 
1.479343e+00 2.675267e-01 
1.483405e+00 2.674597e-01 
1.487501e+00 2.673922e-01 
1.491631e+00 2.673241e-01 
1.495796e+00 2.672555e-01 
1.499996e+00 2.671863e-01 
1.504231e+00 2.671165e-01 
1.508501e+00 2.670461e-01 
1.512807e+00 2.669751e-01 
1.517148e+00 2.669035e-01 
1.521526e+00 2.668314e-01 
1.525941e+00 2.667586e-01 
1.530392e+00 2.666852e-01 
1.534881e+00 2.666112e-01 
1.539407e+00 2.665366e-01 
1.543971e+00 2.664614e-01 
1.548573e+00 2.663855e-01 
1.553214e+00 2.663090e-01 
1.557893e+00 2.662319e-01 
1.562612e+00 2.661541e-01 
1.567370e+00 2.660757e-01 
1.572168e+00 2.659966e-01 
1.577006e+00 2.659169e-01 
1.581884e+00 2.658364e-01 
1.586804e+00 2.657554e-01 
1.591764e+00 2.656736e-01 
1.596766e+00 2.655911e-01 
1.601810e+00 2.655080e-01 
1.606896e+00 2.654242e-01 
1.612024e+00 2.653396e-01 
1.617196e+00 2.652544e-01 
1.622411e+00 2.651684e-01 
1.627669e+00 2.650817e-01 
1.632971e+00 2.649943e-01 
1.638318e+00 2.649062e-01 
1.643710e+00 2.648173e-01 
1.649147e+00 2.647277e-01 
1.654629e+00 2.646373e-01 
1.660157e+00 2.645462e-01 
1.665732e+00 2.644543e-01 
1.671353e+00 2.643617e-01 
1.677021e+00 2.642682e-01 
1.682737e+00 2.641740e-01 
1.688501e+00 2.640790e-01 
1.694313e+00 2.639832e-01 
1.700173e+00 2.638866e-01 
1.706083e+00 2.637892e-01 
1.712042e+00 2.636910e-01 
1.718052e+00 2.635919e-01 
1.724111e+00 2.634920e-01 
1.730222e+00 2.633913e-01 
1.736383e+00 2.632897e-01 
1.742596e+00 2.631873e-01 
1.748862e+00 2.630840e-01 
1.755180e+00 2.629799e-01 
1.761551e+00 2.628749e-01 
1.767975e+00 2.627690e-01 
1.774453e+00 2.626622e-01 
1.780985e+00 2.625545e-01 
1.787573e+00 2.624459e-01 
1.794215e+00 2.623365e-01 
1.800913e+00 2.622260e-01 
1.807667e+00 2.621147e-01 
1.814478e+00 2.620024e-01 
1.821347e+00 2.618892e-01 
1.828272e+00 2.617751e-01 
1.835256e+00 2.616599e-01 
1.842299e+00 2.615439e-01 
1.849400e+00 2.614268e-01 
1.375076e+00 2.700837e-01 
1.378270e+00 2.700324e-01 
1.381490e+00 2.699807e-01 
1.384737e+00 2.699285e-01 
1.388011e+00 2.698760e-01 
1.391313e+00 2.698229e-01 
1.394642e+00 2.697695e-01 
1.397998e+00 2.697156e-01 
1.401383e+00 2.696612e-01 
1.404795e+00 2.696064e-01 
1.408236e+00 2.695511e-01 
1.411706e+00 2.694954e-01 
1.415204e+00 2.694392e-01 
1.418732e+00 2.693826e-01 
1.422289e+00 2.693254e-01 
1.425876e+00 2.692678e-01 
1.429492e+00 2.692097e-01 
1.433139e+00 2.691512e-01 
1.436816e+00 2.690921e-01 
1.440523e+00 2.690326e-01 
1.444262e+00 2.689725e-01 
1.448032e+00 2.689120e-01 
1.451833e+00 2.688509e-01 
1.455665e+00 2.687894e-01 
1.459530e+00 2.687273e-01 
1.463427e+00 2.686647e-01 
1.467357e+00 2.686016e-01 
1.471319e+00 2.685380e-01 
1.475314e+00 2.684738e-01 
1.479343e+00 2.684091e-01 
1.483405e+00 2.683438e-01 
1.487502e+00 2.682781e-01 
1.491632e+00 2.682117e-01 
1.495797e+00 2.681448e-01 
1.499996e+00 2.680774e-01 
1.504231e+00 2.680094e-01 
1.508501e+00 2.679408e-01 
1.512807e+00 2.678716e-01 
1.517149e+00 2.678019e-01 
1.521527e+00 2.677316e-01 
1.525941e+00 2.676607e-01 
1.530393e+00 2.675892e-01 
1.534881e+00 2.675171e-01 
1.539408e+00 2.674444e-01 
1.543972e+00 2.673711e-01 
1.548574e+00 2.672972e-01 
1.553214e+00 2.672226e-01 
1.557894e+00 2.671475e-01 
1.562612e+00 2.670717e-01 
1.567371e+00 2.669953e-01 
1.572168e+00 2.669182e-01 
1.577006e+00 2.668405e-01 
1.581885e+00 2.667622e-01 
1.586804e+00 2.666832e-01 
1.591764e+00 2.666035e-01 
1.596766e+00 2.665232e-01 
1.601810e+00 2.664422e-01 
1.606896e+00 2.663605e-01 
1.612025e+00 2.662781e-01 
1.617196e+00 2.661950e-01 
1.622411e+00 2.661113e-01 
1.627669e+00 2.660268e-01 
1.632972e+00 2.659417e-01 
1.638319e+00 2.658558e-01 
1.643710e+00 2.657692e-01 
1.649147e+00 2.656819e-01 
1.654629e+00 2.655938e-01 
1.660157e+00 2.655050e-01 
1.665732e+00 2.654155e-01 
1.671353e+00 2.653252e-01 
1.677021e+00 2.652342e-01 
1.682737e+00 2.651424e-01 
1.688501e+00 2.650498e-01 
1.694313e+00 2.649565e-01 
1.700174e+00 2.648623e-01 
1.706083e+00 2.647674e-01 
1.712043e+00 2.646717e-01 
1.718052e+00 2.645752e-01 
1.724111e+00 2.644779e-01 
1.730222e+00 2.643797e-01 
1.736383e+00 2.642808e-01 
1.742597e+00 2.641810e-01 
1.748862e+00 2.640803e-01 
1.755180e+00 2.639789e-01 
1.761551e+00 2.638766e-01 
1.767975e+00 2.637734e-01 
1.774453e+00 2.636693e-01 
1.780985e+00 2.635644e-01 
1.787573e+00 2.634586e-01 
1.794215e+00 2.633519e-01 
1.800913e+00 2.632444e-01 
1.807668e+00 2.631359e-01 
1.814479e+00 2.630265e-01 
1.821347e+00 2.629162e-01 
1.828272e+00 2.628049e-01 
1.835256e+00 2.626928e-01 
1.842299e+00 2.625797e-01 
1.849400e+00 2.624656e-01 
1.375076e+00 2.709220e-01 
1.378270e+00 2.708721e-01 
1.381491e+00 2.708217e-01 
1.384738e+00 2.707709e-01 
1.388012e+00 2.707197e-01 
1.391313e+00 2.706681e-01 
1.394642e+00 2.706161e-01 
1.397999e+00 2.705636e-01 
1.401383e+00 2.705106e-01 
1.404796e+00 2.704573e-01 
1.408237e+00 2.704035e-01 
1.411706e+00 2.703492e-01 
1.415205e+00 2.702945e-01 
1.418733e+00 2.702393e-01 
1.422290e+00 2.701837e-01 
1.425876e+00 2.701276e-01 
1.429493e+00 2.700711e-01 
1.433139e+00 2.700140e-01 
1.436816e+00 2.699565e-01 
1.440524e+00 2.698986e-01 
1.444262e+00 2.698401e-01 
1.448032e+00 2.697811e-01 
1.451833e+00 2.697217e-01 
1.455666e+00 2.696618e-01 
1.459531e+00 2.696013e-01 
1.463428e+00 2.695404e-01 
1.467357e+00 2.694789e-01 
1.471320e+00 2.694170e-01 
1.475315e+00 2.693545e-01 
1.479344e+00 2.692915e-01 
1.483406e+00 2.692280e-01 
1.487502e+00 2.691639e-01 
1.491632e+00 2.690993e-01 
1.495797e+00 2.690342e-01 
1.499997e+00 2.689685e-01 
1.504232e+00 2.689023e-01 
1.508502e+00 2.688355e-01 
1.512808e+00 2.687682e-01 
1.517149e+00 2.687003e-01 
1.521527e+00 2.686318e-01 
1.525942e+00 2.685628e-01 
1.530393e+00 2.684932e-01 
1.534882e+00 2.684230e-01 
1.539408e+00 2.683522e-01 
1.543972e+00 2.682808e-01 
1.548574e+00 2.682088e-01 
1.553215e+00 2.681363e-01 
1.557894e+00 2.680631e-01 
1.562613e+00 2.679893e-01 
1.567371e+00 2.679149e-01 
1.572169e+00 2.678399e-01 
1.577007e+00 2.677642e-01 
1.581885e+00 2.676879e-01 
1.586804e+00 2.676110e-01 
1.591765e+00 2.675334e-01 
1.596767e+00 2.674552e-01 
1.601810e+00 2.673763e-01 
1.606896e+00 2.672968e-01 
1.612025e+00 2.672166e-01 
1.617196e+00 2.671357e-01 
1.622411e+00 2.670541e-01 
1.627670e+00 2.669719e-01 
1.632972e+00 2.668890e-01 
1.638319e+00 2.668054e-01 
1.643711e+00 2.667211e-01 
1.649147e+00 2.666360e-01 
1.654630e+00 2.665503e-01 
1.660158e+00 2.664639e-01 
1.665732e+00 2.663767e-01 
1.671353e+00 2.662888e-01 
1.677022e+00 2.662001e-01 
1.682738e+00 2.661107e-01 
1.688501e+00 2.660206e-01 
1.694313e+00 2.659297e-01 
1.700174e+00 2.658381e-01 
1.706084e+00 2.657456e-01 
1.712043e+00 2.656525e-01 
1.718052e+00 2.655585e-01 
1.724112e+00 2.654637e-01 
1.730222e+00 2.653682e-01 
1.736384e+00 2.652718e-01 
1.742597e+00 2.651746e-01 
1.748862e+00 2.650767e-01 
1.755180e+00 2.649779e-01 
1.761551e+00 2.648782e-01 
1.767975e+00 2.647778e-01 
1.774453e+00 2.646765e-01 
1.780986e+00 2.645743e-01 
1.787573e+00 2.644713e-01 
1.794215e+00 2.643674e-01 
1.800913e+00 2.642627e-01 
1.807668e+00 2.641570e-01 
1.814479e+00 2.640505e-01 
1.821347e+00 2.639431e-01 
1.828272e+00 2.638348e-01 
1.835256e+00 2.637256e-01 
1.842299e+00 2.636155e-01 
1.849400e+00 2.635044e-01 
1.375077e+00 2.717604e-01 
1.378271e+00 2.717118e-01 
1.381491e+00 2.716628e-01 
1.384738e+00 2.716134e-01 
1.388012e+00 2.715635e-01 
1.391314e+00 2.715133e-01 
1.394643e+00 2.714627e-01 
1.397999e+00 2.714116e-01 
1.401384e+00 2.713601e-01 
1.404796e+00 2.713082e-01 
1.408237e+00 2.712558e-01 
1.411707e+00 2.712030e-01 
1.415205e+00 2.711498e-01 
1.418733e+00 2.710961e-01 
1.422290e+00 2.710420e-01 
1.425877e+00 2.709874e-01 
1.429493e+00 2.709324e-01 
1.433140e+00 2.708769e-01 
1.436817e+00 2.708210e-01 
1.440524e+00 2.707645e-01 
1.444263e+00 2.707077e-01 
1.448033e+00 2.706503e-01 
1.451834e+00 2.705925e-01 
1.455667e+00 2.705341e-01 
1.459531e+00 2.704753e-01 
1.463428e+00 2.704160e-01 
1.467358e+00 2.703563e-01 
1.471320e+00 2.702960e-01 
1.475315e+00 2.702352e-01 
1.479344e+00 2.701739e-01 
1.483406e+00 2.701121e-01 
1.487503e+00 2.700497e-01 
1.491633e+00 2.699869e-01 
1.495798e+00 2.699235e-01 
1.499997e+00 2.698596e-01 
1.504232e+00 2.697952e-01 
1.508502e+00 2.697302e-01 
1.512808e+00 2.696647e-01 
1.517150e+00 2.695986e-01 
1.521528e+00 2.695320e-01 
1.525942e+00 2.694649e-01 
1.530394e+00 2.693971e-01 
1.534882e+00 2.693288e-01 
1.539409e+00 2.692600e-01 
1.543973e+00 2.691905e-01 
1.548575e+00 2.691205e-01 
1.553215e+00 2.690499e-01 
1.557895e+00 2.689787e-01 
1.562613e+00 2.689069e-01 
1.567371e+00 2.688345e-01 
1.572169e+00 2.687615e-01 
1.577007e+00 2.686879e-01 
1.581886e+00 2.686136e-01 
1.586805e+00 2.685388e-01 
1.591765e+00 2.684633e-01 
1.596767e+00 2.683872e-01 
1.601811e+00 2.683105e-01 
1.606897e+00 2.682331e-01 
1.612025e+00 2.681550e-01 
1.617197e+00 2.680764e-01 
1.622412e+00 2.679970e-01 
1.627670e+00 2.679170e-01 
1.632972e+00 2.678363e-01 
1.638319e+00 2.677550e-01 
1.643711e+00 2.676729e-01 
1.649148e+00 2.675902e-01 
1.654630e+00 2.675068e-01 
1.660158e+00 2.674227e-01 
1.665733e+00 2.673378e-01 
1.671354e+00 2.672523e-01 
1.677022e+00 2.671661e-01 
1.682738e+00 2.670791e-01 
1.688501e+00 2.669914e-01 
1.694313e+00 2.669030e-01 
1.700174e+00 2.668138e-01 
1.706084e+00 2.667239e-01 
1.712043e+00 2.666332e-01 
1.718052e+00 2.665418e-01 
1.724112e+00 2.664496e-01 
1.730222e+00 2.663566e-01 
1.736384e+00 2.662628e-01 
1.742597e+00 2.661683e-01 
1.748862e+00 2.660730e-01 
1.755180e+00 2.659768e-01 
1.761551e+00 2.658799e-01 
1.767975e+00 2.657821e-01 
1.774453e+00 2.656836e-01 
1.780986e+00 2.655842e-01 
1.787573e+00 2.654840e-01 
1.794215e+00 2.653829e-01 
1.800913e+00 2.652810e-01 
1.807668e+00 2.651782e-01 
1.814479e+00 2.650746e-01 
1.821347e+00 2.649701e-01 
1.828272e+00 2.648647e-01 
1.835256e+00 2.647584e-01 
1.842299e+00 2.646513e-01 
1.849400e+00 2.645432e-01 
1.375077e+00 2.725987e-01 
1.378271e+00 2.725514e-01 
1.381492e+00 2.725038e-01 
1.384739e+00 2.724558e-01 
1.388013e+00 2.724073e-01 
1.391314e+00 2.723585e-01 
1.394643e+00 2.723092e-01 
1.398000e+00 2.722596e-01 
1.401384e+00 2.722095e-01 
1.404797e+00 2.721590e-01 
1.408238e+00 2.721081e-01 
1.411708e+00 2.720568e-01 
1.415206e+00 2.720051e-01 
1.418734e+00 2.719529e-01 
1.422291e+00 2.719003e-01 
1.425877e+00 2.718472e-01 
1.429494e+00 2.717937e-01 
1.433140e+00 2.717398e-01 
1.436817e+00 2.716854e-01 
1.440525e+00 2.716305e-01 
1.444263e+00 2.715752e-01 
1.448033e+00 2.715195e-01 
1.451834e+00 2.714632e-01 
1.455667e+00 2.714065e-01 
1.459532e+00 2.713494e-01 
1.463429e+00 2.712917e-01 
1.467358e+00 2.712336e-01 
1.471321e+00 2.711750e-01 
1.475316e+00 2.711159e-01 
1.479345e+00 2.710563e-01 
1.483407e+00 2.709962e-01 
1.487503e+00 2.709356e-01 
1.491633e+00 2.708745e-01 
1.495798e+00 2.708129e-01 
1.499998e+00 2.707507e-01 
1.504233e+00 2.706881e-01 
1.508503e+00 2.706249e-01 
1.512808e+00 2.705612e-01 
1.517150e+00 2.704970e-01 
1.521528e+00 2.704322e-01 
1.525943e+00 2.703669e-01 
1.530394e+00 2.703011e-01 
1.534883e+00 2.702347e-01 
1.539409e+00 2.701677e-01 
1.543973e+00 2.701002e-01 
1.548575e+00 2.700321e-01 
1.553216e+00 2.699635e-01 
1.557895e+00 2.698943e-01 
1.562614e+00 2.698245e-01 
1.567372e+00 2.697541e-01 
1.572170e+00 2.696831e-01 
1.577008e+00 2.696115e-01 
1.581886e+00 2.695394e-01 
1.586805e+00 2.694666e-01 
1.591766e+00 2.693932e-01 
1.596768e+00 2.693192e-01 
1.601811e+00 2.692446e-01 
1.606897e+00 2.691694e-01 
1.612026e+00 2.690935e-01 
1.617197e+00 2.690170e-01 
1.622412e+00 2.689399e-01 
1.627670e+00 2.688621e-01 
1.632973e+00 2.687836e-01 
1.638320e+00 2.687045e-01 
1.643711e+00 2.686248e-01 
1.649148e+00 2.685444e-01 
1.654630e+00 2.684633e-01 
1.660158e+00 2.683815e-01 
1.665733e+00 2.682990e-01 
1.671354e+00 2.682159e-01 
1.677022e+00 2.681320e-01 
1.682738e+00 2.680475e-01 
1.688502e+00 2.679622e-01 
1.694314e+00 2.678762e-01 
1.700174e+00 2.677895e-01 
1.706084e+00 2.677021e-01 
1.712043e+00 2.676139e-01 
1.718052e+00 2.675250e-01 
1.724112e+00 2.674354e-01 
1.730222e+00 2.673450e-01 
1.736384e+00 2.672539e-01 
1.742597e+00 2.671620e-01 
1.748862e+00 2.670693e-01 
1.755180e+00 2.669758e-01 
1.761551e+00 2.668816e-01 
1.767975e+00 2.667865e-01 
1.774453e+00 2.666907e-01 
1.780986e+00 2.665941e-01 
1.787573e+00 2.664966e-01 
1.794215e+00 2.663984e-01 
1.800913e+00 2.662993e-01 
1.807668e+00 2.661994e-01 
1.814479e+00 2.660986e-01 
1.821347e+00 2.659970e-01 
1.828272e+00 2.658945e-01 
1.835256e+00 2.657912e-01 
1.842299e+00 2.656871e-01 
1.849400e+00 2.655820e-01 
1.375078e+00 2.734370e-01 
1.378272e+00 2.733911e-01 
1.381492e+00 2.733448e-01 
1.384739e+00 2.732982e-01 
1.388014e+00 2.732511e-01 
1.391315e+00 2.732037e-01 
1.394644e+00 2.731558e-01 
1.398000e+00 2.731076e-01 
1.401385e+00 2.730590e-01 
1.404797e+00 2.730099e-01 
1.408238e+00 2.729605e-01 
1.411708e+00 2.729106e-01 
1.415207e+00 2.728603e-01 
1.418734e+00 2.728097e-01 
1.422291e+00 2.727585e-01 
1.425878e+00 2.727070e-01 
1.429494e+00 2.726550e-01 
1.433141e+00 2.726026e-01 
1.436818e+00 2.725498e-01 
1.440525e+00 2.724965e-01 
1.444264e+00 2.724428e-01 
1.448034e+00 2.723886e-01 
1.451835e+00 2.723340e-01 
1.455668e+00 2.722789e-01 
1.459532e+00 2.722234e-01 
1.463429e+00 2.721674e-01 
1.467359e+00 2.721109e-01 
1.471321e+00 2.720540e-01 
1.475316e+00 2.719966e-01 
1.479345e+00 2.719387e-01 
1.483407e+00 2.718803e-01 
1.487504e+00 2.718214e-01 
1.491634e+00 2.717621e-01 
1.495799e+00 2.717022e-01 
1.499998e+00 2.716419e-01 
1.504233e+00 2.715810e-01 
1.508503e+00 2.715196e-01 
1.512809e+00 2.714578e-01 
1.517151e+00 2.713954e-01 
1.521529e+00 2.713325e-01 
1.525943e+00 2.712690e-01 
1.530395e+00 2.712051e-01 
1.534883e+00 2.711406e-01 
1.539409e+00 2.710755e-01 
1.543973e+00 2.710099e-01 
1.548576e+00 2.709438e-01 
1.553216e+00 2.708771e-01 
1.557896e+00 2.708099e-01 
1.562614e+00 2.707421e-01 
1.567372e+00 2.706737e-01 
1.572170e+00 2.706047e-01 
1.577008e+00 2.705352e-01 
1.581886e+00 2.704651e-01 
1.586806e+00 2.703944e-01 
1.591766e+00 2.703231e-01 
1.596768e+00 2.702512e-01 
1.601812e+00 2.701788e-01 
1.606898e+00 2.701057e-01 
1.612026e+00 2.700320e-01 
1.617198e+00 2.699577e-01 
1.622412e+00 2.698827e-01 
1.627671e+00 2.698072e-01 
1.632973e+00 2.697310e-01 
1.638320e+00 2.696541e-01 
1.643712e+00 2.695766e-01 
1.649148e+00 2.694985e-01 
1.654631e+00 2.694197e-01 
1.660159e+00 2.693403e-01 
1.665733e+00 2.692602e-01 
1.671354e+00 2.691794e-01 
1.677023e+00 2.690980e-01 
1.682738e+00 2.690158e-01 
1.688502e+00 2.689330e-01 
1.694314e+00 2.688495e-01 
1.700175e+00 2.687652e-01 
1.706084e+00 2.686803e-01 
1.712044e+00 2.685947e-01 
1.718053e+00 2.685083e-01 
1.724112e+00 2.684213e-01 
1.730223e+00 2.683334e-01 
1.736384e+00 2.682449e-01 
1.742597e+00 2.681556e-01 
1.748863e+00 2.680656e-01 
1.755180e+00 2.679748e-01 
1.761551e+00 2.678832e-01 
1.767975e+00 2.677909e-01 
1.774454e+00 2.676978e-01 
1.780986e+00 2.676039e-01 
1.787573e+00 2.675093e-01 
1.794215e+00 2.674138e-01 
1.800914e+00 2.673176e-01 
1.807668e+00 2.672205e-01 
1.814479e+00 2.671226e-01 
1.821347e+00 2.670239e-01 
1.828272e+00 2.669244e-01 
1.835256e+00 2.668241e-01 
1.842299e+00 2.667229e-01 
1.849400e+00 2.666208e-01 
1.375078e+00 2.742753e-01 
1.378272e+00 2.742308e-01 
1.381493e+00 2.741859e-01 
1.384740e+00 2.741406e-01 
1.388014e+00 2.740949e-01 
1.391316e+00 2.740489e-01 
1.394644e+00 2.740024e-01 
1.398001e+00 2.739556e-01 
1.401385e+00 2.739084e-01 
1.404798e+00 2.738608e-01 
1.408239e+00 2.738128e-01 
1.411709e+00 2.737644e-01 
1.415207e+00 2.737156e-01 
1.418735e+00 2.736664e-01 
1.422292e+00 2.736168e-01 
1.425878e+00 2.735668e-01 
1.429495e+00 2.735164e-01 
1.433141e+00 2.734655e-01 
1.436818e+00 2.734142e-01 
1.440526e+00 2.733625e-01 
1.444265e+00 2.733103e-01 
1.448034e+00 2.732578e-01 
1.451835e+00 2.732048e-01 
1.455668e+00 2.731513e-01 
1.459533e+00 2.730974e-01 
1.463430e+00 2.730430e-01 
1.467359e+00 2.729882e-01 
1.471322e+00 2.729330e-01 
1.475317e+00 2.728772e-01 
1.479346e+00 2.728211e-01 
1.483408e+00 2.727644e-01 
1.487504e+00 2.727073e-01 
1.491634e+00 2.726497e-01 
1.495799e+00 2.725916e-01 
1.499999e+00 2.725330e-01 
1.504234e+00 2.724739e-01 
1.508504e+00 2.724144e-01 
1.512809e+00 2.723543e-01 
1.517151e+00 2.722938e-01 
1.521529e+00 2.722327e-01 
1.525944e+00 2.721711e-01 
1.530395e+00 2.721090e-01 
1.534884e+00 2.720464e-01 
1.539410e+00 2.719833e-01 
1.543974e+00 2.719196e-01 
1.548576e+00 2.718554e-01 
1.553217e+00 2.717907e-01 
1.557896e+00 2.717255e-01 
1.562615e+00 2.716596e-01 
1.567373e+00 2.715933e-01 
1.572170e+00 2.715264e-01 
1.577008e+00 2.714589e-01 
1.581887e+00 2.713908e-01 
1.586806e+00 2.713222e-01 
1.591766e+00 2.712530e-01 
1.596768e+00 2.711833e-01 
1.601812e+00 2.711129e-01 
1.606898e+00 2.710420e-01 
1.612027e+00 2.709705e-01 
1.617198e+00 2.708983e-01 
1.622413e+00 2.708256e-01 
1.627671e+00 2.707522e-01 
1.632973e+00 2.706783e-01 
1.638320e+00 2.706037e-01 
1.643712e+00 2.705285e-01 
1.649149e+00 2.704527e-01 
1.654631e+00 2.703762e-01 
1.660159e+00 2.702991e-01 
1.665733e+00 2.702214e-01 
1.671355e+00 2.701430e-01 
1.677023e+00 2.700639e-01 
1.682739e+00 2.699842e-01 
1.688502e+00 2.699038e-01 
1.694314e+00 2.698227e-01 
1.700175e+00 2.697410e-01 
1.706085e+00 2.696585e-01 
1.712044e+00 2.695754e-01 
1.718053e+00 2.694916e-01 
1.724112e+00 2.694071e-01 
1.730223e+00 2.693219e-01 
1.736384e+00 2.692359e-01 
1.742598e+00 2.691493e-01 
1.748863e+00 2.690619e-01 
1.755181e+00 2.689738e-01 
1.761551e+00 2.688849e-01 
1.767976e+00 2.687953e-01 
1.774454e+00 2.687049e-01 
1.780986e+00 2.686138e-01 
1.787573e+00 2.685220e-01 
1.794216e+00 2.684293e-01 
1.800914e+00 2.683359e-01 
1.807668e+00 2.682417e-01 
1.814479e+00 2.681467e-01 
1.821347e+00 2.680509e-01 
1.828273e+00 2.679543e-01 
1.835256e+00 2.678569e-01 
1.842299e+00 2.677586e-01 
1.849400e+00 2.676596e-01 
1.375079e+00 2.751137e-01 
1.378273e+00 2.750705e-01 
1.381493e+00 2.750269e-01 
1.384741e+00 2.749830e-01 
1.388015e+00 2.749387e-01 
1.391316e+00 2.748940e-01 
1.394645e+00 2.748490e-01 
1.398002e+00 2.748036e-01 
1.401386e+00 2.747579e-01 
1.404799e+00 2.747117e-01 
1.408240e+00 2.746652e-01 
1.411709e+00 2.746182e-01 
1.415208e+00 2.745709e-01 
1.418735e+00 2.745232e-01 
1.422292e+00 2.744751e-01 
1.425879e+00 2.744266e-01 
1.429495e+00 2.743777e-01 
1.433142e+00 2.743284e-01 
1.436819e+00 2.742786e-01 
1.440527e+00 2.742285e-01 
1.444265e+00 2.741779e-01 
1.448035e+00 2.741269e-01 
1.451836e+00 2.740755e-01 
1.455669e+00 2.740237e-01 
1.459533e+00 2.739714e-01 
1.463430e+00 2.739187e-01 
1.467360e+00 2.738656e-01 
1.471322e+00 2.738120e-01 
1.475317e+00 2.737579e-01 
1.479346e+00 2.737034e-01 
1.483408e+00 2.736485e-01 
1.487505e+00 2.735931e-01 
1.491635e+00 2.735372e-01 
1.495800e+00 2.734809e-01 
1.499999e+00 2.734241e-01 
1.504234e+00 2.733668e-01 
1.508504e+00 2.733091e-01 
1.512810e+00 2.732508e-01 
1.517152e+00 2.731921e-01 
1.521530e+00 2.731329e-01 
1.525944e+00 2.730732e-01 
1.530396e+00 2.730130e-01 
1.534884e+00 2.729523e-01 
1.539410e+00 2.728911e-01 
1.543974e+00 2.728293e-01 
1.548576e+00 2.727671e-01 
1.553217e+00 2.727043e-01 
1.557897e+00 2.726410e-01 
1.562615e+00 2.725772e-01 
1.567373e+00 2.725129e-01 
1.572171e+00 2.724480e-01 
1.577009e+00 2.723825e-01 
1.581887e+00 2.723166e-01 
1.586806e+00 2.722500e-01 
1.591767e+00 2.721829e-01 
1.596769e+00 2.721153e-01 
1.601812e+00 2.720471e-01 
1.606898e+00 2.719783e-01 
1.612027e+00 2.719089e-01 
1.617198e+00 2.718390e-01 
1.622413e+00 2.717684e-01 
1.627671e+00 2.716973e-01 
1.632974e+00 2.716256e-01 
1.638321e+00 2.715533e-01 
1.643712e+00 2.714804e-01 
1.649149e+00 2.714068e-01 
1.654631e+00 2.713327e-01 
1.660159e+00 2.712579e-01 
1.665734e+00 2.711825e-01 
1.671355e+00 2.711065e-01 
1.677023e+00 2.710298e-01 
1.682739e+00 2.709525e-01 
1.688503e+00 2.708746e-01 
1.694314e+00 2.707960e-01 
1.700175e+00 2.707167e-01 
1.706085e+00 2.706368e-01 
1.712044e+00 2.705562e-01 
1.718053e+00 2.704749e-01 
1.724113e+00 2.703929e-01 
1.730223e+00 2.703103e-01 
1.736385e+00 2.702270e-01 
1.742598e+00 2.701429e-01 
1.748863e+00 2.700582e-01 
1.755181e+00 2.699727e-01 
1.761552e+00 2.698866e-01 
1.767976e+00 2.697997e-01 
1.774454e+00 2.697121e-01 
1.780986e+00 2.696237e-01 
1.787573e+00 2.695346e-01 
1.794216e+00 2.694448e-01 
1.800914e+00 2.693542e-01 
1.807668e+00 2.692628e-01 
1.814479e+00 2.691707e-01 
1.821347e+00 2.690778e-01 
1.828273e+00 2.689842e-01 
1.835256e+00 2.688897e-01 
1.842299e+00 2.687944e-01 
1.849400e+00 2.686984e-01 
1.375080e+00 2.759520e-01 
1.378273e+00 2.759101e-01 
1.381494e+00 2.758679e-01 
1.384741e+00 2.758254e-01 
1.388015e+00 2.757825e-01 
1.391317e+00 2.757392e-01 
1.394646e+00 2.756956e-01 
1.398002e+00 2.756516e-01 
1.401386e+00 2.756073e-01 
1.404799e+00 2.755626e-01 
1.408240e+00 2.755175e-01 
1.411710e+00 2.754720e-01 
1.415208e+00 2.754262e-01 
1.418736e+00 2.753800e-01 
1.422293e+00 2.753334e-01 
1.425879e+00 2.752864e-01 
1.429496e+00 2.752390e-01 
1.433142e+00 2.751912e-01 
1.436819e+00 2.751430e-01 
1.440527e+00 2.750945e-01 
1.444266e+00 2.750455e-01 
1.448035e+00 2.749961e-01 
1.451836e+00 2.749463e-01 
1.455669e+00 2.748961e-01 
1.459534e+00 2.748454e-01 
1.463431e+00 2.747944e-01 
1.467360e+00 2.747429e-01 
1.471323e+00 2.746910e-01 
1.475318e+00 2.746386e-01 
1.479347e+00 2.745858e-01 
1.483409e+00 2.745326e-01 
1.487505e+00 2.744789e-01 
1.491635e+00 2.744248e-01 
1.495800e+00 2.743703e-01 
1.500000e+00 2.743152e-01 
1.504235e+00 2.742597e-01 
1.508505e+00 2.742038e-01 
1.512810e+00 2.741474e-01 
1.517152e+00 2.740905e-01 
1.521530e+00 2.740331e-01 
1.525945e+00 2.739753e-01 
1.530396e+00 2.739170e-01 
1.534885e+00 2.738582e-01 
1.539411e+00 2.737988e-01 
1.543975e+00 2.737391e-01 
1.548577e+00 2.736788e-01 
1.553218e+00 2.736179e-01 
1.557897e+00 2.735566e-01 
1.562615e+00 2.734948e-01 
1.567374e+00 2.734325e-01 
1.572171e+00 2.733696e-01 
1.577009e+00 2.733062e-01 
1.581888e+00 2.732423e-01 
1.586807e+00 2.731778e-01 
1.591767e+00 2.731129e-01 
1.596769e+00 2.730473e-01 
1.601813e+00 2.729812e-01 
1.606899e+00 2.729146e-01 
1.612027e+00 2.728474e-01 
1.617199e+00 2.727796e-01 
1.622413e+00 2.727113e-01 
1.627672e+00 2.726424e-01 
1.632974e+00 2.725729e-01 
1.638321e+00 2.725029e-01 
1.643713e+00 2.724322e-01 
1.649149e+00 2.723610e-01 
1.654631e+00 2.722892e-01 
1.660160e+00 2.722167e-01 
1.665734e+00 2.721437e-01 
1.671355e+00 2.720700e-01 
1.677023e+00 2.719958e-01 
1.682739e+00 2.719209e-01 
1.688503e+00 2.718454e-01 
1.694315e+00 2.717692e-01 
1.700175e+00 2.716924e-01 
1.706085e+00 2.716150e-01 
1.712044e+00 2.715369e-01 
1.718053e+00 2.714582e-01 
1.724113e+00 2.713788e-01 
1.730223e+00 2.712987e-01 
1.736385e+00 2.712180e-01 
1.742598e+00 2.711366e-01 
1.748863e+00 2.710545e-01 
1.755181e+00 2.709717e-01 
1.761552e+00 2.708882e-01 
1.767976e+00 2.708041e-01 
1.774454e+00 2.707192e-01 
1.780986e+00 2.706336e-01 
1.787573e+00 2.705473e-01 
1.794216e+00 2.704603e-01 
1.800914e+00 2.703725e-01 
1.807668e+00 2.702840e-01 
1.814479e+00 2.701948e-01 
1.821347e+00 2.701048e-01 
1.828273e+00 2.700140e-01 
1.835256e+00 2.699225e-01 
1.842299e+00 2.698302e-01 
1.849400e+00 2.697372e-01 
1.375080e+00 2.767903e-01 
1.378274e+00 2.767498e-01 
1.381494e+00 2.767090e-01 
1.384742e+00 2.766678e-01 
1.388016e+00 2.766263e-01 
1.391317e+00 2.765844e-01 
1.394646e+00 2.765422e-01 
1.398003e+00 2.764997e-01 
1.401387e+00 2.764567e-01 
1.404800e+00 2.764135e-01 
1.408241e+00 2.763698e-01 
1.411710e+00 2.763258e-01 
1.415209e+00 2.762815e-01 
1.418736e+00 2.762368e-01 
1.422293e+00 2.761917e-01 
1.425880e+00 2.761462e-01 
1.429496e+00 2.761003e-01 
1.433143e+00 2.760541e-01 
1.436820e+00 2.760075e-01 
1.440528e+00 2.759604e-01 
1.444266e+00 2.759130e-01 
1.448036e+00 2.758652e-01 
1.451837e+00 2.758170e-01 
1.455670e+00 2.757685e-01 
1.459534e+00 2.757194e-01 
1.463431e+00 2.756700e-01 
1.467361e+00 2.756202e-01 
1.471323e+00 2.755700e-01 
1.475318e+00 2.755193e-01 
1.479347e+00 2.754682e-01 
1.483409e+00 2.754167e-01 
1.487506e+00 2.753648e-01 
1.491636e+00 2.753124e-01 
1.495801e+00 2.752596e-01 
1.500000e+00 2.752063e-01 
1.504235e+00 2.751527e-01 
1.508505e+00 2.750985e-01 
1.512811e+00 2.750439e-01 
1.517153e+00 2.749889e-01 
1.521531e+00 2.749334e-01 
1.525945e+00 2.748774e-01 
1.530396e+00 2.748209e-01 
1.534885e+00 2.747640e-01 
1.539411e+00 2.747066e-01 
1.543975e+00 2.746488e-01 
1.548577e+00 2.745904e-01 
1.553218e+00 2.745316e-01 
1.557897e+00 2.744722e-01 
1.562616e+00 2.744124e-01 
1.567374e+00 2.743521e-01 
1.572172e+00 2.742912e-01 
1.577010e+00 2.742299e-01 
1.581888e+00 2.741680e-01 
1.586807e+00 2.741057e-01 
1.591768e+00 2.740428e-01 
1.596769e+00 2.739793e-01 
1.601813e+00 2.739154e-01 
1.606899e+00 2.738509e-01 
1.612028e+00 2.737859e-01 
1.617199e+00 2.737203e-01 
1.622414e+00 2.736542e-01 
1.627672e+00 2.735875e-01 
1.632975e+00 2.735203e-01 
1.638321e+00 2.734525e-01 
1.643713e+00 2.733841e-01 
1.649150e+00 2.733152e-01 
1.654632e+00 2.732457e-01 
1.660160e+00 2.731756e-01 
1.665734e+00 2.731049e-01 
1.671356e+00 2.730336e-01 
1.677024e+00 2.729617e-01 
1.682739e+00 2.728892e-01 
1.688503e+00 2.728162e-01 
1.694315e+00 2.727425e-01 
1.700176e+00 2.726682e-01 
1.706085e+00 2.725932e-01 
1.712044e+00 2.725177e-01 
1.718054e+00 2.724415e-01 
1.724113e+00 2.723646e-01 
1.730223e+00 2.722872e-01 
1.736385e+00 2.722090e-01 
1.742598e+00 2.721302e-01 
1.748863e+00 2.720508e-01 
1.755181e+00 2.719707e-01 
1.761552e+00 2.718899e-01 
1.767976e+00 2.718085e-01 
1.774454e+00 2.717263e-01 
1.780986e+00 2.716435e-01 
1.787574e+00 2.715600e-01 
1.794216e+00 2.714757e-01 
1.800914e+00 2.713908e-01 
1.807668e+00 2.713052e-01 
1.814479e+00 2.712188e-01 
1.821347e+00 2.711317e-01 
1.828273e+00 2.710439e-01 
1.835256e+00 2.709553e-01 
1.842299e+00 2.708660e-01 
1.849400e+00 2.707760e-01 
1.375081e+00 2.776286e-01 
1.378275e+00 2.775895e-01 
1.381495e+00 2.775500e-01 
1.384742e+00 2.775102e-01 
1.388016e+00 2.774701e-01 
1.391318e+00 2.774296e-01 
1.394647e+00 2.773888e-01 
1.398003e+00 2.773477e-01 
1.401388e+00 2.773062e-01 
1.404800e+00 2.772644e-01 
1.408241e+00 2.772222e-01 
1.411711e+00 2.771796e-01 
1.415209e+00 2.771368e-01 
1.418737e+00 2.770935e-01 
1.422294e+00 2.770499e-01 
1.425880e+00 2.770060e-01 
1.429497e+00 2.769616e-01 
1.433144e+00 2.769169e-01 
1.436821e+00 2.768719e-01 
1.440528e+00 2.768264e-01 
1.444267e+00 2.767806e-01 
1.448036e+00 2.767344e-01 
1.451837e+00 2.766878e-01 
1.455670e+00 2.766408e-01 
1.459535e+00 2.765935e-01 
1.463432e+00 2.765457e-01 
1.467361e+00 2.764975e-01 
1.471324e+00 2.764490e-01 
1.475319e+00 2.764000e-01 
1.479348e+00 2.763506e-01 
1.483410e+00 2.763008e-01 
1.487506e+00 2.762506e-01 
1.491636e+00 2.762000e-01 
1.495801e+00 2.761489e-01 
1.500001e+00 2.760975e-01 
1.504236e+00 2.760456e-01 
1.508506e+00 2.759932e-01 
1.512811e+00 2.759405e-01 
1.517153e+00 2.758872e-01 
1.521531e+00 2.758336e-01 
1.525946e+00 2.757795e-01 
1.530397e+00 2.757249e-01 
1.534886e+00 2.756699e-01 
1.539412e+00 2.756144e-01 
1.543976e+00 2.755585e-01 
1.548578e+00 2.755021e-01 
1.553218e+00 2.754452e-01 
1.557898e+00 2.753878e-01 
1.562616e+00 2.753300e-01 
1.567374e+00 2.752717e-01 
1.572172e+00 2.752129e-01 
1.577010e+00 2.751536e-01 
1.581888e+00 2.750938e-01 
1.586808e+00 2.750335e-01 
1.591768e+00 2.749727e-01 
1.596770e+00 2.749114e-01 
1.601814e+00 2.748495e-01 
1.606899e+00 2.747872e-01 
1.612028e+00 2.747243e-01 
1.617199e+00 2.746610e-01 
1.622414e+00 2.745970e-01 
1.627672e+00 2.745326e-01 
1.632975e+00 2.744676e-01 
1.638322e+00 2.744021e-01 
1.643713e+00 2.743360e-01 
1.649150e+00 2.742693e-01 
1.654632e+00 2.742021e-01 
1.660160e+00 2.741344e-01 
1.665735e+00 2.740660e-01 
1.671356e+00 2.739971e-01 
1.677024e+00 2.739277e-01 
1.682740e+00 2.738576e-01 
1.688503e+00 2.737870e-01 
1.694315e+00 2.737157e-01 
1.700176e+00 2.736439e-01 
1.706085e+00 2.735715e-01 
1.712045e+00 2.734984e-01 
1.718054e+00 2.734248e-01 
1.724113e+00 2.733505e-01 
1.730224e+00 2.732756e-01 
1.736385e+00 2.732001e-01 
1.742598e+00 2.731239e-01 
1.748864e+00 2.730471e-01 
1.755181e+00 2.729697e-01 
1.761552e+00 2.728916e-01 
1.767976e+00 2.728128e-01 
1.774454e+00 2.727334e-01 
1.780987e+00 2.726534e-01 
1.787574e+00 2.725726e-01 
1.794216e+00 2.724912e-01 
1.800914e+00 2.724091e-01 
1.807668e+00 2.723263e-01 
1.814479e+00 2.722428e-01 
1.821347e+00 2.721587e-01 
1.828273e+00 2.720738e-01 
1.835256e+00 2.719882e-01 
1.842299e+00 2.719018e-01 
1.849400e+00 2.718148e-01 
1.375081e+00 2.784669e-01 
1.378275e+00 2.784291e-01 
1.381496e+00 2.783910e-01 
1.384743e+00 2.783526e-01 
1.388017e+00 2.783139e-01 
1.391318e+00 2.782748e-01 
1.394647e+00 2.782354e-01 
1.398004e+00 2.781957e-01 
1.401388e+00 2.781556e-01 
1.404801e+00 2.781152e-01 
1.408242e+00 2.780745e-01 
1.411711e+00 2.780335e-01 
1.415210e+00 2.779921e-01 
1.418737e+00 2.779503e-01 
1.422294e+00 2.779082e-01 
1.425881e+00 2.778658e-01 
1.429497e+00 2.778230e-01 
1.433144e+00 2.777798e-01 
1.436821e+00 2.777363e-01 
1.440529e+00 2.776924e-01 
1.444267e+00 2.776482e-01 
1.448037e+00 2.776036e-01 
1.451838e+00 2.775586e-01 
1.455671e+00 2.775132e-01 
1.459535e+00 2.774675e-01 
1.463432e+00 2.774214e-01 
1.467362e+00 2.773749e-01 
1.471324e+00 2.773280e-01 
1.475319e+00 2.772807e-01 
1.479348e+00 2.772330e-01 
1.483410e+00 2.771849e-01 
1.487507e+00 2.771365e-01 
1.491637e+00 2.770876e-01 
1.495802e+00 2.770383e-01 
1.500001e+00 2.769886e-01 
1.504236e+00 2.769385e-01 
1.508506e+00 2.768879e-01 
1.512812e+00 2.768370e-01 
1.517153e+00 2.767856e-01 
1.521531e+00 2.767338e-01 
1.525946e+00 2.766816e-01 
1.530397e+00 2.766289e-01 
1.534886e+00 2.765758e-01 
1.539412e+00 2.765222e-01 
1.543976e+00 2.764682e-01 
1.548578e+00 2.764137e-01 
1.553219e+00 2.763588e-01 
1.557898e+00 2.763034e-01 
1.562617e+00 2.762476e-01 
1.567375e+00 2.761913e-01 
1.572173e+00 2.761345e-01 
1.577010e+00 2.760772e-01 
1.581889e+00 2.760195e-01 
1.586808e+00 2.759613e-01 
1.591768e+00 2.759026e-01 
1.596770e+00 2.758434e-01 
1.601814e+00 2.757837e-01 
1.606900e+00 2.757235e-01 
1.612028e+00 2.756628e-01 
1.617200e+00 2.756016e-01 
1.622414e+00 2.755399e-01 
1.627673e+00 2.754777e-01 
1.632975e+00 2.754149e-01 
1.638322e+00 2.753516e-01 
1.643714e+00 2.752878e-01 
1.649150e+00 2.752235e-01 
1.654632e+00 2.751586e-01 
1.660161e+00 2.750932e-01 
1.665735e+00 2.750272e-01 
1.671356e+00 2.749607e-01 
1.677024e+00 2.748936e-01 
1.682740e+00 2.748260e-01 
1.688504e+00 2.747578e-01 
1.694315e+00 2.746890e-01 
1.700176e+00 2.746196e-01 
1.706086e+00 2.745497e-01 
1.712045e+00 2.744792e-01 
1.718054e+00 2.744080e-01 
1.724114e+00 2.743363e-01 
1.730224e+00 2.742640e-01 
1.736385e+00 2.741911e-01 
1.742598e+00 2.741176e-01 
1.748864e+00 2.740434e-01 
1.755181e+00 2.739686e-01 
1.761552e+00 2.738933e-01 
1.767976e+00 2.738172e-01 
1.774454e+00 2.737406e-01 
1.780987e+00 2.736633e-01 
1.787574e+00 2.735853e-01 
1.794216e+00 2.735067e-01 
1.800914e+00 2.734274e-01 
1.807668e+00 2.733475e-01 
1.814479e+00 2.732669e-01 
1.821347e+00 2.731856e-01 
1.828273e+00 2.731036e-01 
1.835256e+00 2.730210e-01 
1.842299e+00 2.729376e-01 
1.849400e+00 2.728536e-01 
1.375082e+00 2.793053e-01 
1.378276e+00 2.792688e-01 
1.381496e+00 2.792321e-01 
1.384743e+00 2.791950e-01 
1.388017e+00 2.791577e-01 
1.391319e+00 2.791200e-01 
1.394648e+00 2.790820e-01 
1.398004e+00 2.790437e-01 
1.401389e+00 2.790051e-01 
1.404801e+00 2.789661e-01 
1.408242e+00 2.789269e-01 
1.411712e+00 2.788873e-01 
1.415210e+00 2.788473e-01 
1.418738e+00 2.788071e-01 
1.422295e+00 2.787665e-01 
1.425882e+00 2.787256e-01 
1.429498e+00 2.786843e-01 
1.433145e+00 2.786427e-01 
1.436822e+00 2.786007e-01 
1.440529e+00 2.785584e-01 
1.444268e+00 2.785157e-01 
1.448037e+00 2.784727e-01 
1.451838e+00 2.784293e-01 
1.455671e+00 2.783856e-01 
1.459536e+00 2.783415e-01 
1.463433e+00 2.782970e-01 
1.467362e+00 2.782522e-01 
1.471325e+00 2.782070e-01 
1.475320e+00 2.781614e-01 
1.479349e+00 2.781154e-01 
1.483411e+00 2.780690e-01 
1.487507e+00 2.780223e-01 
1.491637e+00 2.779752e-01 
1.495802e+00 2.779276e-01 
1.500002e+00 2.778797e-01 
1.504237e+00 2.778314e-01 
1.508507e+00 2.777827e-01 
1.512812e+00 2.777335e-01 
1.517154e+00 2.776840e-01 
1.521532e+00 2.776340e-01 
1.525946e+00 2.775836e-01 
1.530398e+00 2.775328e-01 
1.534886e+00 2.774816e-01 
1.539413e+00 2.774300e-01 
1.543977e+00 2.773779e-01 
1.548579e+00 2.773254e-01 
1.553219e+00 2.772724e-01 
1.557899e+00 2.772190e-01 
1.562617e+00 2.771652e-01 
1.567375e+00 2.771109e-01 
1.572173e+00 2.770561e-01 
1.577011e+00 2.770009e-01 
1.581889e+00 2.769452e-01 
1.586808e+00 2.768891e-01 
1.591769e+00 2.768325e-01 
1.596771e+00 2.767754e-01 
1.601814e+00 2.767178e-01 
1.606900e+00 2.766598e-01 
1.612029e+00 2.766013e-01 
1.617200e+00 2.765423e-01 
1.622415e+00 2.764828e-01 
1.627673e+00 2.764227e-01 
1.632976e+00 2.763622e-01 
1.638322e+00 2.763012e-01 
1.643714e+00 2.762397e-01 
1.649151e+00 2.761776e-01 
1.654633e+00 2.761151e-01 
1.660161e+00 2.760520e-01 
1.665735e+00 2.759884e-01 
1.671356e+00 2.759242e-01 
1.677025e+00 2.758596e-01 
1.682740e+00 2.757943e-01 
1.688504e+00 2.757286e-01 
1.694316e+00 2.756622e-01 
1.700176e+00 2.755953e-01 
1.706086e+00 2.755279e-01 
1.712045e+00 2.754599e-01 
1.718054e+00 2.753913e-01 
1.724114e+00 2.753222e-01 
1.730224e+00 2.752524e-01 
1.736386e+00 2.751821e-01 
1.742599e+00 2.751112e-01 
1.748864e+00 2.750397e-01 
1.755182e+00 2.749676e-01 
1.761552e+00 2.748949e-01 
1.767976e+00 2.748216e-01 
1.774454e+00 2.747477e-01 
1.780987e+00 2.746731e-01 
1.787574e+00 2.745980e-01 
1.794216e+00 2.745222e-01 
1.800914e+00 2.744457e-01 
1.807668e+00 2.743686e-01 
1.814479e+00 2.742909e-01 
1.821347e+00 2.742125e-01 
1.828273e+00 2.741335e-01 
1.835256e+00 2.740538e-01 
1.842299e+00 2.739734e-01 
1.849400e+00 2.738924e-01 
1.375082e+00 2.801436e-01 
1.378276e+00 2.801085e-01 
1.381497e+00 2.800731e-01 
1.384744e+00 2.800374e-01 
1.388018e+00 2.800014e-01 
1.391319e+00 2.799652e-01 
1.394648e+00 2.799286e-01 
1.398005e+00 2.798917e-01 
1.401389e+00 2.798545e-01 
1.404802e+00 2.798170e-01 
1.408243e+00 2.797792e-01 
1.411712e+00 2.797411e-01 
1.415211e+00 2.797026e-01 
1.418739e+00 2.796639e-01 
1.422296e+00 2.796248e-01 
1.425882e+00 2.795854e-01 
1.429499e+00 2.795456e-01 
1.433145e+00 2.795055e-01 
1.436822e+00 2.794651e-01 
1.440530e+00 2.794244e-01 
1.444268e+00 2.793833e-01 
1.448038e+00 2.793419e-01 
1.451839e+00 2.793001e-01 
1.455672e+00 2.792580e-01 
1.459536e+00 2.792155e-01 
1.463433e+00 2.791727e-01 
1.467363e+00 2.791295e-01 
1.471325e+00 2.790860e-01 
1.475320e+00 2.790421e-01 
1.479349e+00 2.789978e-01 
1.483411e+00 2.789532e-01 
1.487508e+00 2.789081e-01 
1.491638e+00 2.788628e-01 
1.495803e+00 2.788170e-01 
1.500002e+00 2.787708e-01 
1.504237e+00 2.787243e-01 
1.508507e+00 2.786774e-01 
1.512813e+00 2.786301e-01 
1.517154e+00 2.785823e-01 
1.521532e+00 2.785342e-01 
1.525947e+00 2.784857e-01 
1.530398e+00 2.784368e-01 
1.534887e+00 2.783875e-01 
1.539413e+00 2.783377e-01 
1.543977e+00 2.782876e-01 
1.548579e+00 2.782370e-01 
1.553220e+00 2.781860e-01 
1.557899e+00 2.781346e-01 
1.562618e+00 2.780827e-01 
1.567376e+00 2.780305e-01 
1.572173e+00 2.779777e-01 
1.577011e+00 2.779246e-01 
1.581890e+00 2.778710e-01 
1.586809e+00 2.778169e-01 
1.591769e+00 2.777624e-01 
1.596771e+00 2.777074e-01 
1.601815e+00 2.776520e-01 
1.606901e+00 2.775961e-01 
1.612029e+00 2.775398e-01 
1.617201e+00 2.774829e-01 
1.622415e+00 2.774256e-01 
1.627674e+00 2.773678e-01 
1.632976e+00 2.773096e-01 
1.638323e+00 2.772508e-01 
1.643714e+00 2.771916e-01 
1.649151e+00 2.771318e-01 
1.654633e+00 2.770716e-01 
1.660161e+00 2.770108e-01 
1.665736e+00 2.769496e-01 
1.671357e+00 2.768878e-01 
1.677025e+00 2.768255e-01 
1.682741e+00 2.767627e-01 
1.688504e+00 2.766993e-01 
1.694316e+00 2.766355e-01 
1.700177e+00 2.765711e-01 
1.706086e+00 2.765061e-01 
1.712045e+00 2.764406e-01 
1.718054e+00 2.763746e-01 
1.724114e+00 2.763080e-01 
1.730224e+00 2.762409e-01 
1.736386e+00 2.761732e-01 
1.742599e+00 2.761049e-01 
1.748864e+00 2.760360e-01 
1.755182e+00 2.759666e-01 
1.761553e+00 2.758966e-01 
1.767977e+00 2.758260e-01 
1.774455e+00 2.757548e-01 
1.780987e+00 2.756830e-01 
1.787574e+00 2.756106e-01 
1.794216e+00 2.755376e-01 
1.800914e+00 2.754640e-01 
1.807668e+00 2.753898e-01 
1.814479e+00 2.753150e-01 
1.821347e+00 2.752395e-01 
1.828273e+00 2.751634e-01 
1.835256e+00 2.750866e-01 
1.842299e+00 2.750092e-01 
1.849400e+00 2.749312e-01 
1.375083e+00 2.809819e-01 
1.378277e+00 2.809482e-01 
1.381497e+00 2.809141e-01 
1.384744e+00 2.808798e-01 
1.388019e+00 2.808452e-01 
1.391320e+00 2.808103e-01 
1.394649e+00 2.807752e-01 
1.398005e+00 2.807397e-01 
1.401390e+00 2.807039e-01 
1.404802e+00 2.806679e-01 
1.408243e+00 2.806315e-01 
1.411713e+00 2.805949e-01 
1.415211e+00 2.805579e-01 
1.418739e+00 2.805206e-01 
1.422296e+00 2.804830e-01 
1.425883e+00 2.804451e-01 
1.429499e+00 2.804069e-01 
1.433146e+00 2.803684e-01 
1.436823e+00 2.803295e-01 
1.440530e+00 2.802904e-01 
1.444269e+00 2.802509e-01 
1.448038e+00 2.802110e-01 
1.451839e+00 2.801709e-01 
1.455672e+00 2.801304e-01 
1.459537e+00 2.800895e-01 
1.463434e+00 2.800484e-01 
1.467363e+00 2.800068e-01 
1.471326e+00 2.799650e-01 
1.475321e+00 2.799228e-01 
1.479350e+00 2.798802e-01 
1.483412e+00 2.798373e-01 
1.487508e+00 2.797940e-01 
1.491638e+00 2.797503e-01 
1.495803e+00 2.797063e-01 
1.500003e+00 2.796620e-01 
1.504237e+00 2.796172e-01 
1.508508e+00 2.795721e-01 
1.512813e+00 2.795266e-01 
1.517155e+00 2.794807e-01 
1.521533e+00 2.794345e-01 
1.525947e+00 2.793878e-01 
1.530399e+00 2.793408e-01 
1.534887e+00 2.792933e-01 
1.539414e+00 2.792455e-01 
1.543977e+00 2.791973e-01 
1.548580e+00 2.791487e-01 
1.553220e+00 2.790996e-01 
1.557900e+00 2.790502e-01 
1.562618e+00 2.790003e-01 
1.567376e+00 2.789501e-01 
1.572174e+00 2.788994e-01 
1.577012e+00 2.788482e-01 
1.581890e+00 2.787967e-01 
1.586809e+00 2.787447e-01 
1.591770e+00 2.786923e-01 
1.596771e+00 2.786394e-01 
1.601815e+00 2.785862e-01 
1.606901e+00 2.785324e-01 
1.612029e+00 2.784782e-01 
1.617201e+00 2.784236e-01 
1.622416e+00 2.783685e-01 
1.627674e+00 2.783129e-01 
1.632976e+00 2.782569e-01 
1.638323e+00 2.782004e-01 
1.643715e+00 2.781434e-01 
1.649151e+00 2.780860e-01 
1.654633e+00 2.780280e-01 
1.660161e+00 2.779696e-01 
1.665736e+00 2.779107e-01 
1.671357e+00 2.778513e-01 
1.677025e+00 2.777914e-01 
1.682741e+00 2.777310e-01 
1.688504e+00 2.776701e-01 
1.694316e+00 2.776087e-01 
1.700177e+00 2.775468e-01 
1.706086e+00 2.774844e-01 
1.712046e+00 2.774214e-01 
1.718055e+00 2.773579e-01 
1.724114e+00 2.772939e-01 
1.730224e+00 2.772293e-01 
1.736386e+00 2.771642e-01 
1.742599e+00 2.770985e-01 
1.748864e+00 2.770323e-01 
1.755182e+00 2.769656e-01 
1.761553e+00 2.768983e-01 
1.767977e+00 2.768304e-01 
1.774455e+00 2.767619e-01 
1.780987e+00 2.766929e-01 
1.787574e+00 2.766233e-01 
1.794216e+00 2.765531e-01 
1.800914e+00 2.764823e-01 
1.807669e+00 2.764110e-01 
1.814479e+00 2.763390e-01 
1.821347e+00 2.762664e-01 
1.828273e+00 2.761932e-01 
1.835256e+00 2.761195e-01 
1.842299e+00 2.760450e-01 
1.849400e+00 2.759700e-01 
1.375083e+00 2.818202e-01 
1.378277e+00 2.817878e-01 
1.381498e+00 2.817552e-01 
1.384745e+00 2.817222e-01 
1.388019e+00 2.816890e-01 
1.391321e+00 2.816555e-01 
1.394649e+00 2.816218e-01 
1.398006e+00 2.815877e-01 
1.401390e+00 2.815534e-01 
1.404803e+00 2.815188e-01 
1.408244e+00 2.814839e-01 
1.411714e+00 2.814487e-01 
1.415212e+00 2.814132e-01 
1.418740e+00 2.813774e-01 
1.422297e+00 2.813413e-01 
1.425883e+00 2.813049e-01 
1.429500e+00 2.812683e-01 
1.433146e+00 2.812313e-01 
1.436823e+00 2.811940e-01 
1.440531e+00 2.811564e-01 
1.444269e+00 2.811184e-01 
1.448039e+00 2.810802e-01 
1.451840e+00 2.810416e-01 
1.455673e+00 2.810028e-01 
1.459538e+00 2.809636e-01 
1.463434e+00 2.809240e-01 
1.467364e+00 2.808842e-01 
1.471326e+00 2.808440e-01 
1.475321e+00 2.808034e-01 
1.479350e+00 2.807626e-01 
1.483412e+00 2.807214e-01 
1.487509e+00 2.806798e-01 
1.491639e+00 2.806379e-01 
1.495804e+00 2.805957e-01 
1.500003e+00 2.805531e-01 
1.504238e+00 2.805101e-01 
1.508508e+00 2.804668e-01 
1.512814e+00 2.804231e-01 
1.517155e+00 2.803791e-01 
1.521533e+00 2.803347e-01 
1.525948e+00 2.802899e-01 
1.530399e+00 2.802447e-01 
1.534888e+00 2.801992e-01 
1.539414e+00 2.801533e-01 
1.543978e+00 2.801070e-01 
1.548580e+00 2.800603e-01 
1.553221e+00 2.800133e-01 
1.557900e+00 2.799658e-01 
1.562618e+00 2.799179e-01 
1.567376e+00 2.798697e-01 
1.572174e+00 2.798210e-01 
1.577012e+00 2.797719e-01 
1.581890e+00 2.797224e-01 
1.586810e+00 2.796725e-01 
1.591770e+00 2.796222e-01 
1.596772e+00 2.795715e-01 
1.601815e+00 2.795203e-01 
1.606901e+00 2.794687e-01 
1.612030e+00 2.794167e-01 
1.617201e+00 2.793642e-01 
1.622416e+00 2.793113e-01 
1.627674e+00 2.792580e-01 
1.632977e+00 2.792042e-01 
1.638323e+00 2.791500e-01 
1.643715e+00 2.790953e-01 
1.649151e+00 2.790401e-01 
1.654634e+00 2.789845e-01 
1.660162e+00 2.789284e-01 
1.665736e+00 2.788719e-01 
1.671357e+00 2.788149e-01 
1.677025e+00 2.787574e-01 
1.682741e+00 2.786994e-01 
1.688505e+00 2.786409e-01 
1.694317e+00 2.785820e-01 
1.700177e+00 2.785225e-01 
1.706087e+00 2.784626e-01 
1.712046e+00 2.784021e-01 
1.718055e+00 2.783412e-01 
1.724114e+00 2.782797e-01 
1.730225e+00 2.782177e-01 
1.736386e+00 2.781552e-01 
1.742599e+00 2.780922e-01 
1.748864e+00 2.780286e-01 
1.755182e+00 2.779646e-01 
1.761553e+00 2.778999e-01 
1.767977e+00 2.778348e-01 
1.774455e+00 2.777691e-01 
1.780987e+00 2.777028e-01 
1.787574e+00 2.776360e-01 
1.794216e+00 2.775686e-01 
1.800914e+00 2.775006e-01 
1.807669e+00 2.774321e-01 
1.814479e+00 2.773630e-01 
1.821347e+00 2.772934e-01 
1.828273e+00 2.772231e-01 
1.835257e+00 2.771523e-01 
1.842299e+00 2.770808e-01 
1.849400e+00 2.770088e-01 
BC
4
4
4
4
4
4
4
4
4
4
4
4
4
4
4
4
4
4
4
4
4
4
4
4
4
4
4
4
4
4
4
4
4
4
4
4
4
4
4
4
4
4
4
4
4
4
4
4
4
4
4
4
4
4
4
4
4
4
4
4
4
4
4
4
4
4
4
4
4
4
4
4
4
4
4
4
4
4
4
4
4
4
4
4
4
4
4
4
4
4
4
4
4
4
4
4
4
5
5
5
5
5
5
5
5
5
5
5
5
5
5
5
5
5
5
5
5
5
5
5
5
5
5
-1
-1
-1
-1
-1
-1
-1
-1
-1
-1
-1
-1
-1
-1
-1
-1
-1
-1
-1
-1
-1
-1
-1
-1
-1
-1
-1
-1
-1
-1
-1
-1
-1
-1
-1
-1
-1
-1
-1
-1
-1
-1
-1
-1
-1
-1
-1
-1
-1
-1
-1
-1
-1
-1
-1
-1
-1
-1
-1
-1
-1
-1
-1
-1
-1
-1
-1
-1
-1
-1
-1
-1
-1
-1
-1
-1
-1
-1
-1
-1
-1
-1
-1
-1
-1
-1
-1
-1
-1
-1
-1
-1
-1
-1
-1
-1
-1
-1
-1
-1
-1
-1
-1
-1
-1
-1
-1
-1
-1
-1
-1
-1
-1
-1
-1
-1
-1
-1
-1
-1
-1
-1
-1
