npartb: 4 2 
ipartb: 1 0 
ngrid: 102 27 
1.056715e+00 2.667515e-01 
1.057406e+00 2.667369e-01 
1.058102e+00 2.667222e-01 
1.058801e+00 2.667074e-01 
1.059505e+00 2.666925e-01 
1.060213e+00 2.666775e-01 
1.060925e+00 2.666625e-01 
1.061641e+00 2.666474e-01 
1.062362e+00 2.666321e-01 
1.063087e+00 2.666168e-01 
1.063817e+00 2.666014e-01 
1.064550e+00 2.665859e-01 
1.065289e+00 2.665703e-01 
1.066032e+00 2.665546e-01 
1.066780e+00 2.665388e-01 
1.067532e+00 2.665229e-01 
1.068289e+00 2.665069e-01 
1.069051e+00 2.664908e-01 
1.069818e+00 2.664746e-01 
1.070590e+00 2.664583e-01 
1.071366e+00 2.664418e-01 
1.072148e+00 2.664253e-01 
1.072935e+00 2.664087e-01 
1.073726e+00 2.663920e-01 
1.074523e+00 2.663751e-01 
1.075326e+00 2.663582e-01 
1.076133e+00 2.663411e-01 
1.076946e+00 2.663239e-01 
1.077764e+00 2.663066e-01 
1.078588e+00 2.662892e-01 
1.079417e+00 2.662717e-01 
1.080252e+00 2.662541e-01 
1.081092e+00 2.662363e-01 
1.081938e+00 2.662184e-01 
1.082790e+00 2.662004e-01 
1.083648e+00 2.661823e-01 
1.084511e+00 2.661641e-01 
1.085380e+00 2.661457e-01 
1.086256e+00 2.661272e-01 
1.087137e+00 2.661086e-01 
1.088025e+00 2.660898e-01 
1.088919e+00 2.660709e-01 
1.089819e+00 2.660519e-01 
1.090725e+00 2.660328e-01 
1.091638e+00 2.660135e-01 
1.092557e+00 2.659940e-01 
1.093482e+00 2.659745e-01 
1.094414e+00 2.659548e-01 
1.095353e+00 2.659349e-01 
1.096298e+00 2.659150e-01 
1.097251e+00 2.658948e-01 
1.098210e+00 2.658746e-01 
1.099176e+00 2.658542e-01 
1.100148e+00 2.658336e-01 
1.101128e+00 2.658129e-01 
1.102115e+00 2.657920e-01 
1.103109e+00 2.657710e-01 
1.104111e+00 2.657499e-01 
1.105119e+00 2.657286e-01 
1.106135e+00 2.657071e-01 
1.107159e+00 2.656855e-01 
1.108190e+00 2.656637e-01 
1.109229e+00 2.656417e-01 
1.110275e+00 2.656196e-01 
1.111329e+00 2.655973e-01 
1.112391e+00 2.655749e-01 
1.113460e+00 2.655523e-01 
1.114538e+00 2.655295e-01 
1.115624e+00 2.655066e-01 
1.116717e+00 2.654835e-01 
1.117819e+00 2.654602e-01 
1.118930e+00 2.654367e-01 
1.120048e+00 2.654131e-01 
1.121175e+00 2.653893e-01 
1.122311e+00 2.653653e-01 
1.123455e+00 2.653411e-01 
1.124607e+00 2.653167e-01 
1.125769e+00 2.652922e-01 
1.126939e+00 2.652674e-01 
1.128118e+00 2.652425e-01 
1.129307e+00 2.652174e-01 
1.130504e+00 2.651921e-01 
1.131710e+00 2.651666e-01 
1.132926e+00 2.651409e-01 
1.134151e+00 2.651150e-01 
1.135385e+00 2.650890e-01 
1.136629e+00 2.650627e-01 
1.137883e+00 2.650362e-01 
1.139146e+00 2.650095e-01 
1.140419e+00 2.649826e-01 
1.141701e+00 2.649555e-01 
1.142994e+00 2.649282e-01 
1.144297e+00 2.649006e-01 
1.145610e+00 2.648729e-01 
1.146933e+00 2.648449e-01 
1.148266e+00 2.648168e-01 
1.149610e+00 2.647884e-01 
1.150964e+00 2.647597e-01 
1.152329e+00 2.647309e-01 
1.153704e+00 2.647018e-01 
1.155091e+00 2.646725e-01 
1.156488e+00 2.646430e-01 
1.056715e+00 2.674552e-01 
1.057406e+00 2.674409e-01 
1.058102e+00 2.674265e-01 
1.058801e+00 2.674120e-01 
1.059505e+00 2.673975e-01 
1.060213e+00 2.673828e-01 
1.060925e+00 2.673681e-01 
1.061642e+00 2.673532e-01 
1.062362e+00 2.673383e-01 
1.063087e+00 2.673233e-01 
1.063817e+00 2.673082e-01 
1.064551e+00 2.672930e-01 
1.065289e+00 2.672777e-01 
1.066032e+00 2.672623e-01 
1.066780e+00 2.672468e-01 
1.067532e+00 2.672312e-01 
1.068290e+00 2.672155e-01 
1.069052e+00 2.671998e-01 
1.069818e+00 2.671839e-01 
1.070590e+00 2.671679e-01 
1.071367e+00 2.671518e-01 
1.072148e+00 2.671356e-01 
1.072935e+00 2.671193e-01 
1.073727e+00 2.671029e-01 
1.074524e+00 2.670864e-01 
1.075326e+00 2.670698e-01 
1.076133e+00 2.670531e-01 
1.076946e+00 2.670363e-01 
1.077764e+00 2.670193e-01 
1.078588e+00 2.670023e-01 
1.079417e+00 2.669851e-01 
1.080252e+00 2.669678e-01 
1.081092e+00 2.669504e-01 
1.081938e+00 2.669329e-01 
1.082790e+00 2.669152e-01 
1.083648e+00 2.668975e-01 
1.084511e+00 2.668796e-01 
1.085381e+00 2.668616e-01 
1.086256e+00 2.668434e-01 
1.087138e+00 2.668252e-01 
1.088025e+00 2.668068e-01 
1.088919e+00 2.667883e-01 
1.089819e+00 2.667697e-01 
1.090725e+00 2.667509e-01 
1.091638e+00 2.667320e-01 
1.092557e+00 2.667130e-01 
1.093483e+00 2.666938e-01 
1.094415e+00 2.666745e-01 
1.095353e+00 2.666550e-01 
1.096299e+00 2.666355e-01 
1.097251e+00 2.666157e-01 
1.098210e+00 2.665959e-01 
1.099176e+00 2.665759e-01 
1.100149e+00 2.665557e-01 
1.101129e+00 2.665354e-01 
1.102116e+00 2.665150e-01 
1.103110e+00 2.664944e-01 
1.104111e+00 2.664737e-01 
1.105120e+00 2.664528e-01 
1.106136e+00 2.664317e-01 
1.107159e+00 2.664105e-01 
1.108190e+00 2.663892e-01 
1.109229e+00 2.663677e-01 
1.110275e+00 2.663460e-01 
1.111329e+00 2.663242e-01 
1.112391e+00 2.663022e-01 
1.113461e+00 2.662800e-01 
1.114538e+00 2.662577e-01 
1.115624e+00 2.662352e-01 
1.116718e+00 2.662126e-01 
1.117820e+00 2.661898e-01 
1.118930e+00 2.661668e-01 
1.120049e+00 2.661436e-01 
1.121176e+00 2.661203e-01 
1.122311e+00 2.660968e-01 
1.123455e+00 2.660731e-01 
1.124608e+00 2.660492e-01 
1.125769e+00 2.660251e-01 
1.126940e+00 2.660009e-01 
1.128119e+00 2.659765e-01 
1.129307e+00 2.659519e-01 
1.130504e+00 2.659271e-01 
1.131711e+00 2.659021e-01 
1.132926e+00 2.658769e-01 
1.134151e+00 2.658515e-01 
1.135386e+00 2.658260e-01 
1.136630e+00 2.658002e-01 
1.137883e+00 2.657743e-01 
1.139146e+00 2.657481e-01 
1.140419e+00 2.657217e-01 
1.141702e+00 2.656952e-01 
1.142995e+00 2.656684e-01 
1.144297e+00 2.656414e-01 
1.145610e+00 2.656142e-01 
1.146933e+00 2.655868e-01 
1.148266e+00 2.655592e-01 
1.149610e+00 2.655314e-01 
1.150964e+00 2.655033e-01 
1.152329e+00 2.654751e-01 
1.153705e+00 2.654466e-01 
1.155091e+00 2.654179e-01 
1.156488e+00 2.653889e-01 
1.056715e+00 2.681590e-01 
1.057407e+00 2.681450e-01 
1.058102e+00 2.681309e-01 
1.058802e+00 2.681167e-01 
1.059505e+00 2.681024e-01 
1.060213e+00 2.680880e-01 
1.060925e+00 2.680736e-01 
1.061642e+00 2.680591e-01 
1.062362e+00 2.680444e-01 
1.063088e+00 2.680297e-01 
1.063817e+00 2.680149e-01 
1.064551e+00 2.680000e-01 
1.065290e+00 2.679851e-01 
1.066033e+00 2.679700e-01 
1.066780e+00 2.679548e-01 
1.067533e+00 2.679396e-01 
1.068290e+00 2.679242e-01 
1.069052e+00 2.679087e-01 
1.069819e+00 2.678932e-01 
1.070590e+00 2.678775e-01 
1.071367e+00 2.678618e-01 
1.072148e+00 2.678459e-01 
1.072935e+00 2.678300e-01 
1.073727e+00 2.678139e-01 
1.074524e+00 2.677977e-01 
1.075326e+00 2.677815e-01 
1.076134e+00 2.677651e-01 
1.076946e+00 2.677486e-01 
1.077765e+00 2.677320e-01 
1.078588e+00 2.677153e-01 
1.079417e+00 2.676984e-01 
1.080252e+00 2.676815e-01 
1.081093e+00 2.676645e-01 
1.081939e+00 2.676473e-01 
1.082791e+00 2.676300e-01 
1.083648e+00 2.676126e-01 
1.084512e+00 2.675951e-01 
1.085381e+00 2.675775e-01 
1.086256e+00 2.675597e-01 
1.087138e+00 2.675418e-01 
1.088026e+00 2.675238e-01 
1.088919e+00 2.675057e-01 
1.089819e+00 2.674874e-01 
1.090726e+00 2.674690e-01 
1.091638e+00 2.674505e-01 
1.092557e+00 2.674319e-01 
1.093483e+00 2.674131e-01 
1.094415e+00 2.673942e-01 
1.095354e+00 2.673751e-01 
1.096299e+00 2.673560e-01 
1.097251e+00 2.673367e-01 
1.098210e+00 2.673172e-01 
1.099176e+00 2.672976e-01 
1.100149e+00 2.672779e-01 
1.101129e+00 2.672580e-01 
1.102116e+00 2.672380e-01 
1.103110e+00 2.672178e-01 
1.104111e+00 2.671975e-01 
1.105120e+00 2.671770e-01 
1.106136e+00 2.671564e-01 
1.107160e+00 2.671356e-01 
1.108191e+00 2.671147e-01 
1.109229e+00 2.670937e-01 
1.110276e+00 2.670724e-01 
1.111330e+00 2.670510e-01 
1.112391e+00 2.670295e-01 
1.113461e+00 2.670078e-01 
1.114539e+00 2.669859e-01 
1.115624e+00 2.669639e-01 
1.116718e+00 2.669417e-01 
1.117820e+00 2.669194e-01 
1.118930e+00 2.668968e-01 
1.120049e+00 2.668742e-01 
1.121176e+00 2.668513e-01 
1.122311e+00 2.668283e-01 
1.123456e+00 2.668050e-01 
1.124608e+00 2.667817e-01 
1.125770e+00 2.667581e-01 
1.126940e+00 2.667344e-01 
1.128119e+00 2.667104e-01 
1.129307e+00 2.666863e-01 
1.130505e+00 2.666620e-01 
1.131711e+00 2.666376e-01 
1.132927e+00 2.666129e-01 
1.134152e+00 2.665880e-01 
1.135386e+00 2.665630e-01 
1.136630e+00 2.665378e-01 
1.137883e+00 2.665123e-01 
1.139147e+00 2.664867e-01 
1.140420e+00 2.664609e-01 
1.141702e+00 2.664349e-01 
1.142995e+00 2.664086e-01 
1.144298e+00 2.663822e-01 
1.145611e+00 2.663556e-01 
1.146934e+00 2.663287e-01 
1.148267e+00 2.663017e-01 
1.149611e+00 2.662744e-01 
1.150965e+00 2.662470e-01 
1.152330e+00 2.662193e-01 
1.153705e+00 2.661914e-01 
1.155092e+00 2.661632e-01 
1.156489e+00 2.661349e-01 
1.056715e+00 2.688628e-01 
1.057407e+00 2.688490e-01 
1.058102e+00 2.688352e-01 
1.058802e+00 2.688213e-01 
1.059506e+00 2.688074e-01 
1.060214e+00 2.687933e-01 
1.060926e+00 2.687792e-01 
1.061642e+00 2.687649e-01 
1.062363e+00 2.687506e-01 
1.063088e+00 2.687362e-01 
1.063817e+00 2.687217e-01 
1.064551e+00 2.687071e-01 
1.065290e+00 2.686925e-01 
1.066033e+00 2.686777e-01 
1.066781e+00 2.686628e-01 
1.067533e+00 2.686479e-01 
1.068290e+00 2.686329e-01 
1.069052e+00 2.686177e-01 
1.069819e+00 2.686025e-01 
1.070590e+00 2.685872e-01 
1.071367e+00 2.685717e-01 
1.072149e+00 2.685562e-01 
1.072935e+00 2.685406e-01 
1.073727e+00 2.685249e-01 
1.074524e+00 2.685090e-01 
1.075326e+00 2.684931e-01 
1.076134e+00 2.684770e-01 
1.076947e+00 2.684609e-01 
1.077765e+00 2.684446e-01 
1.078589e+00 2.684283e-01 
1.079418e+00 2.684118e-01 
1.080253e+00 2.683952e-01 
1.081093e+00 2.683785e-01 
1.081939e+00 2.683617e-01 
1.082791e+00 2.683448e-01 
1.083648e+00 2.683278e-01 
1.084512e+00 2.683106e-01 
1.085381e+00 2.682934e-01 
1.086257e+00 2.682760e-01 
1.087138e+00 2.682585e-01 
1.088026e+00 2.682408e-01 
1.088920e+00 2.682231e-01 
1.089820e+00 2.682052e-01 
1.090726e+00 2.681872e-01 
1.091639e+00 2.681691e-01 
1.092558e+00 2.681508e-01 
1.093483e+00 2.681324e-01 
1.094415e+00 2.681139e-01 
1.095354e+00 2.680952e-01 
1.096299e+00 2.680765e-01 
1.097252e+00 2.680576e-01 
1.098211e+00 2.680385e-01 
1.099177e+00 2.680193e-01 
1.100149e+00 2.680000e-01 
1.101129e+00 2.679805e-01 
1.102116e+00 2.679609e-01 
1.103110e+00 2.679412e-01 
1.104112e+00 2.679213e-01 
1.105121e+00 2.679012e-01 
1.106137e+00 2.678811e-01 
1.107160e+00 2.678607e-01 
1.108191e+00 2.678402e-01 
1.109230e+00 2.678196e-01 
1.110276e+00 2.677988e-01 
1.111330e+00 2.677779e-01 
1.112392e+00 2.677568e-01 
1.113461e+00 2.677356e-01 
1.114539e+00 2.677141e-01 
1.115625e+00 2.676926e-01 
1.116719e+00 2.676709e-01 
1.117821e+00 2.676490e-01 
1.118931e+00 2.676269e-01 
1.120049e+00 2.676047e-01 
1.121176e+00 2.675823e-01 
1.122312e+00 2.675597e-01 
1.123456e+00 2.675370e-01 
1.124609e+00 2.675141e-01 
1.125770e+00 2.674910e-01 
1.126940e+00 2.674678e-01 
1.128120e+00 2.674444e-01 
1.129308e+00 2.674208e-01 
1.130505e+00 2.673970e-01 
1.131712e+00 2.673730e-01 
1.132927e+00 2.673489e-01 
1.134152e+00 2.673245e-01 
1.135387e+00 2.673000e-01 
1.136630e+00 2.672753e-01 
1.137884e+00 2.672504e-01 
1.139147e+00 2.672253e-01 
1.140420e+00 2.672000e-01 
1.141703e+00 2.671746e-01 
1.142995e+00 2.671489e-01 
1.144298e+00 2.671230e-01 
1.145611e+00 2.670969e-01 
1.146934e+00 2.670706e-01 
1.148267e+00 2.670442e-01 
1.149611e+00 2.670175e-01 
1.150965e+00 2.669906e-01 
1.152330e+00 2.669634e-01 
1.153706e+00 2.669361e-01 
1.155092e+00 2.669086e-01 
1.156489e+00 2.668808e-01 
1.056716e+00 2.695666e-01 
1.057407e+00 2.695531e-01 
1.058103e+00 2.695396e-01 
1.058802e+00 2.695260e-01 
1.059506e+00 2.695123e-01 
1.060214e+00 2.694985e-01 
1.060926e+00 2.694847e-01 
1.061642e+00 2.694708e-01 
1.062363e+00 2.694568e-01 
1.063088e+00 2.694427e-01 
1.063818e+00 2.694285e-01 
1.064552e+00 2.694142e-01 
1.065290e+00 2.693999e-01 
1.066033e+00 2.693854e-01 
1.066781e+00 2.693709e-01 
1.067533e+00 2.693562e-01 
1.068290e+00 2.693415e-01 
1.069052e+00 2.693267e-01 
1.069819e+00 2.693118e-01 
1.070591e+00 2.692968e-01 
1.071367e+00 2.692817e-01 
1.072149e+00 2.692665e-01 
1.072936e+00 2.692512e-01 
1.073727e+00 2.692358e-01 
1.074524e+00 2.692203e-01 
1.075327e+00 2.692047e-01 
1.076134e+00 2.691890e-01 
1.076947e+00 2.691732e-01 
1.077765e+00 2.691573e-01 
1.078589e+00 2.691413e-01 
1.079418e+00 2.691252e-01 
1.080253e+00 2.691090e-01 
1.081093e+00 2.690926e-01 
1.081939e+00 2.690762e-01 
1.082791e+00 2.690596e-01 
1.083649e+00 2.690429e-01 
1.084512e+00 2.690261e-01 
1.085382e+00 2.690092e-01 
1.086257e+00 2.689922e-01 
1.087139e+00 2.689751e-01 
1.088026e+00 2.689578e-01 
1.088920e+00 2.689404e-01 
1.089820e+00 2.689230e-01 
1.090726e+00 2.689053e-01 
1.091639e+00 2.688876e-01 
1.092558e+00 2.688697e-01 
1.093484e+00 2.688517e-01 
1.094416e+00 2.688336e-01 
1.095354e+00 2.688154e-01 
1.096300e+00 2.687970e-01 
1.097252e+00 2.687785e-01 
1.098211e+00 2.687598e-01 
1.099177e+00 2.687410e-01 
1.100150e+00 2.687221e-01 
1.101130e+00 2.687031e-01 
1.102117e+00 2.686839e-01 
1.103111e+00 2.686646e-01 
1.104112e+00 2.686451e-01 
1.105121e+00 2.686255e-01 
1.106137e+00 2.686057e-01 
1.107160e+00 2.685858e-01 
1.108191e+00 2.685658e-01 
1.109230e+00 2.685456e-01 
1.110276e+00 2.685252e-01 
1.111330e+00 2.685048e-01 
1.112392e+00 2.684841e-01 
1.113462e+00 2.684633e-01 
1.114539e+00 2.684424e-01 
1.115625e+00 2.684213e-01 
1.116719e+00 2.684000e-01 
1.117821e+00 2.683786e-01 
1.118931e+00 2.683570e-01 
1.120050e+00 2.683352e-01 
1.121177e+00 2.683133e-01 
1.122312e+00 2.682912e-01 
1.123456e+00 2.682690e-01 
1.124609e+00 2.682466e-01 
1.125771e+00 2.682240e-01 
1.126941e+00 2.682013e-01 
1.128120e+00 2.681783e-01 
1.129308e+00 2.681552e-01 
1.130506e+00 2.681319e-01 
1.131712e+00 2.681085e-01 
1.132928e+00 2.680849e-01 
1.134153e+00 2.680610e-01 
1.135387e+00 2.680370e-01 
1.136631e+00 2.680129e-01 
1.137884e+00 2.679885e-01 
1.139147e+00 2.679639e-01 
1.140420e+00 2.679392e-01 
1.141703e+00 2.679142e-01 
1.142996e+00 2.678891e-01 
1.144299e+00 2.678638e-01 
1.145611e+00 2.678383e-01 
1.146934e+00 2.678125e-01 
1.148268e+00 2.677866e-01 
1.149612e+00 2.677605e-01 
1.150966e+00 2.677342e-01 
1.152331e+00 2.677076e-01 
1.153706e+00 2.676809e-01 
1.155093e+00 2.676539e-01 
1.156490e+00 2.676268e-01 
1.056716e+00 2.702703e-01 
1.057407e+00 2.702572e-01 
1.058103e+00 2.702439e-01 
1.058802e+00 2.702306e-01 
1.059506e+00 2.702173e-01 
1.060214e+00 2.702038e-01 
1.060926e+00 2.701903e-01 
1.061642e+00 2.701766e-01 
1.062363e+00 2.701629e-01 
1.063088e+00 2.701491e-01 
1.063818e+00 2.701353e-01 
1.064552e+00 2.701213e-01 
1.065290e+00 2.701072e-01 
1.066033e+00 2.700931e-01 
1.066781e+00 2.700789e-01 
1.067534e+00 2.700646e-01 
1.068291e+00 2.700502e-01 
1.069053e+00 2.700357e-01 
1.069819e+00 2.700211e-01 
1.070591e+00 2.700064e-01 
1.071368e+00 2.699917e-01 
1.072149e+00 2.699768e-01 
1.072936e+00 2.699618e-01 
1.073728e+00 2.699468e-01 
1.074525e+00 2.699316e-01 
1.075327e+00 2.699164e-01 
1.076134e+00 2.699010e-01 
1.076947e+00 2.698855e-01 
1.077766e+00 2.698700e-01 
1.078589e+00 2.698543e-01 
1.079418e+00 2.698385e-01 
1.080253e+00 2.698227e-01 
1.081094e+00 2.698067e-01 
1.081940e+00 2.697906e-01 
1.082791e+00 2.697744e-01 
1.083649e+00 2.697581e-01 
1.084513e+00 2.697417e-01 
1.085382e+00 2.697251e-01 
1.086257e+00 2.697085e-01 
1.087139e+00 2.696917e-01 
1.088026e+00 2.696748e-01 
1.088920e+00 2.696578e-01 
1.089820e+00 2.696407e-01 
1.090727e+00 2.696235e-01 
1.091639e+00 2.696061e-01 
1.092558e+00 2.695886e-01 
1.093484e+00 2.695710e-01 
1.094416e+00 2.695533e-01 
1.095355e+00 2.695355e-01 
1.096300e+00 2.695175e-01 
1.097252e+00 2.694994e-01 
1.098211e+00 2.694811e-01 
1.099177e+00 2.694627e-01 
1.100150e+00 2.694442e-01 
1.101130e+00 2.694256e-01 
1.102117e+00 2.694068e-01 
1.103111e+00 2.693879e-01 
1.104113e+00 2.693689e-01 
1.105121e+00 2.693497e-01 
1.106137e+00 2.693304e-01 
1.107161e+00 2.693109e-01 
1.108192e+00 2.692913e-01 
1.109230e+00 2.692715e-01 
1.110277e+00 2.692516e-01 
1.111331e+00 2.692316e-01 
1.112392e+00 2.692114e-01 
1.113462e+00 2.691911e-01 
1.114540e+00 2.691706e-01 
1.115626e+00 2.691499e-01 
1.116719e+00 2.691291e-01 
1.117821e+00 2.691082e-01 
1.118932e+00 2.690870e-01 
1.120050e+00 2.690658e-01 
1.121177e+00 2.690443e-01 
1.122313e+00 2.690227e-01 
1.123457e+00 2.690010e-01 
1.124609e+00 2.689791e-01 
1.125771e+00 2.689570e-01 
1.126941e+00 2.689347e-01 
1.128120e+00 2.689123e-01 
1.129309e+00 2.688897e-01 
1.130506e+00 2.688669e-01 
1.131712e+00 2.688440e-01 
1.132928e+00 2.688208e-01 
1.134153e+00 2.687975e-01 
1.135387e+00 2.687741e-01 
1.136631e+00 2.687504e-01 
1.137885e+00 2.687266e-01 
1.139148e+00 2.687025e-01 
1.140421e+00 2.686783e-01 
1.141704e+00 2.686539e-01 
1.142996e+00 2.686294e-01 
1.144299e+00 2.686046e-01 
1.145612e+00 2.685796e-01 
1.146935e+00 2.685544e-01 
1.148268e+00 2.685291e-01 
1.149612e+00 2.685035e-01 
1.150966e+00 2.684778e-01 
1.152331e+00 2.684518e-01 
1.153707e+00 2.684256e-01 
1.155093e+00 2.683993e-01 
1.156490e+00 2.683727e-01 
1.056716e+00 2.709741e-01 
1.057408e+00 2.709612e-01 
1.058103e+00 2.709483e-01 
1.058803e+00 2.709353e-01 
1.059506e+00 2.709222e-01 
1.060214e+00 2.709090e-01 
1.060926e+00 2.708958e-01 
1.061643e+00 2.708825e-01 
1.062363e+00 2.708691e-01 
1.063089e+00 2.708556e-01 
1.063818e+00 2.708420e-01 
1.064552e+00 2.708284e-01 
1.065291e+00 2.708146e-01 
1.066034e+00 2.708008e-01 
1.066781e+00 2.707869e-01 
1.067534e+00 2.707729e-01 
1.068291e+00 2.707588e-01 
1.069053e+00 2.707447e-01 
1.069820e+00 2.707304e-01 
1.070591e+00 2.707161e-01 
1.071368e+00 2.707016e-01 
1.072150e+00 2.706871e-01 
1.072936e+00 2.706725e-01 
1.073728e+00 2.706577e-01 
1.074525e+00 2.706429e-01 
1.075327e+00 2.706280e-01 
1.076135e+00 2.706130e-01 
1.076948e+00 2.705979e-01 
1.077766e+00 2.705826e-01 
1.078589e+00 2.705673e-01 
1.079419e+00 2.705519e-01 
1.080253e+00 2.705364e-01 
1.081094e+00 2.705208e-01 
1.081940e+00 2.705050e-01 
1.082792e+00 2.704892e-01 
1.083649e+00 2.704732e-01 
1.084513e+00 2.704572e-01 
1.085382e+00 2.704410e-01 
1.086258e+00 2.704247e-01 
1.087139e+00 2.704083e-01 
1.088027e+00 2.703918e-01 
1.088921e+00 2.703752e-01 
1.089821e+00 2.703585e-01 
1.090727e+00 2.703416e-01 
1.091640e+00 2.703246e-01 
1.092559e+00 2.703076e-01 
1.093484e+00 2.702903e-01 
1.094416e+00 2.702730e-01 
1.095355e+00 2.702556e-01 
1.096301e+00 2.702380e-01 
1.097253e+00 2.702203e-01 
1.098212e+00 2.702024e-01 
1.099178e+00 2.701845e-01 
1.100151e+00 2.701664e-01 
1.101130e+00 2.701482e-01 
1.102117e+00 2.701298e-01 
1.103112e+00 2.701113e-01 
1.104113e+00 2.700927e-01 
1.105122e+00 2.700739e-01 
1.106138e+00 2.700550e-01 
1.107161e+00 2.700360e-01 
1.108192e+00 2.700168e-01 
1.109231e+00 2.699975e-01 
1.110277e+00 2.699781e-01 
1.111331e+00 2.699585e-01 
1.112393e+00 2.699387e-01 
1.113463e+00 2.699188e-01 
1.114540e+00 2.698988e-01 
1.115626e+00 2.698786e-01 
1.116720e+00 2.698582e-01 
1.117822e+00 2.698378e-01 
1.118932e+00 2.698171e-01 
1.120051e+00 2.697963e-01 
1.121178e+00 2.697753e-01 
1.122313e+00 2.697542e-01 
1.123457e+00 2.697330e-01 
1.124610e+00 2.697115e-01 
1.125771e+00 2.696899e-01 
1.126942e+00 2.696682e-01 
1.128121e+00 2.696462e-01 
1.129309e+00 2.696241e-01 
1.130506e+00 2.696019e-01 
1.131713e+00 2.695794e-01 
1.132928e+00 2.695568e-01 
1.134153e+00 2.695340e-01 
1.135388e+00 2.695111e-01 
1.136632e+00 2.694880e-01 
1.137885e+00 2.694646e-01 
1.139148e+00 2.694412e-01 
1.140421e+00 2.694175e-01 
1.141704e+00 2.693936e-01 
1.142997e+00 2.693696e-01 
1.144299e+00 2.693454e-01 
1.145612e+00 2.693209e-01 
1.146935e+00 2.692963e-01 
1.148269e+00 2.692715e-01 
1.149612e+00 2.692466e-01 
1.150967e+00 2.692214e-01 
1.152332e+00 2.691960e-01 
1.153707e+00 2.691704e-01 
1.155093e+00 2.691446e-01 
1.156491e+00 2.691186e-01 
1.056716e+00 2.716779e-01 
1.057408e+00 2.716653e-01 
1.058103e+00 2.716527e-01 
1.058803e+00 2.716399e-01 
1.059507e+00 2.716272e-01 
1.060214e+00 2.716143e-01 
1.060927e+00 2.716014e-01 
1.061643e+00 2.715883e-01 
1.062364e+00 2.715752e-01 
1.063089e+00 2.715621e-01 
1.063818e+00 2.715488e-01 
1.064552e+00 2.715355e-01 
1.065291e+00 2.715220e-01 
1.066034e+00 2.715085e-01 
1.066782e+00 2.714949e-01 
1.067534e+00 2.714813e-01 
1.068291e+00 2.714675e-01 
1.069053e+00 2.714537e-01 
1.069820e+00 2.714397e-01 
1.070592e+00 2.714257e-01 
1.071368e+00 2.714116e-01 
1.072150e+00 2.713974e-01 
1.072937e+00 2.713831e-01 
1.073728e+00 2.713687e-01 
1.074525e+00 2.713542e-01 
1.075328e+00 2.713396e-01 
1.076135e+00 2.713250e-01 
1.076948e+00 2.713102e-01 
1.077766e+00 2.712953e-01 
1.078590e+00 2.712803e-01 
1.079419e+00 2.712653e-01 
1.080254e+00 2.712501e-01 
1.081094e+00 2.712348e-01 
1.081940e+00 2.712195e-01 
1.082792e+00 2.712040e-01 
1.083650e+00 2.711884e-01 
1.084513e+00 2.711727e-01 
1.085383e+00 2.711569e-01 
1.086258e+00 2.711410e-01 
1.087140e+00 2.711250e-01 
1.088027e+00 2.711088e-01 
1.088921e+00 2.710926e-01 
1.089821e+00 2.710762e-01 
1.090727e+00 2.710598e-01 
1.091640e+00 2.710432e-01 
1.092559e+00 2.710265e-01 
1.093485e+00 2.710097e-01 
1.094417e+00 2.709927e-01 
1.095355e+00 2.709757e-01 
1.096301e+00 2.709585e-01 
1.097253e+00 2.709412e-01 
1.098212e+00 2.709237e-01 
1.099178e+00 2.709062e-01 
1.100151e+00 2.708885e-01 
1.101131e+00 2.708707e-01 
1.102118e+00 2.708528e-01 
1.103112e+00 2.708347e-01 
1.104113e+00 2.708165e-01 
1.105122e+00 2.707982e-01 
1.106138e+00 2.707797e-01 
1.107162e+00 2.707611e-01 
1.108193e+00 2.707424e-01 
1.109231e+00 2.707235e-01 
1.110277e+00 2.707045e-01 
1.111331e+00 2.706853e-01 
1.112393e+00 2.706660e-01 
1.113463e+00 2.706466e-01 
1.114541e+00 2.706270e-01 
1.115626e+00 2.706073e-01 
1.116720e+00 2.705874e-01 
1.117822e+00 2.705674e-01 
1.118932e+00 2.705472e-01 
1.120051e+00 2.705268e-01 
1.121178e+00 2.705064e-01 
1.122313e+00 2.704857e-01 
1.123458e+00 2.704649e-01 
1.124610e+00 2.704440e-01 
1.125772e+00 2.704229e-01 
1.126942e+00 2.704016e-01 
1.128121e+00 2.703802e-01 
1.129310e+00 2.703586e-01 
1.130507e+00 2.703368e-01 
1.131713e+00 2.703149e-01 
1.132929e+00 2.702928e-01 
1.134154e+00 2.702705e-01 
1.135388e+00 2.702481e-01 
1.136632e+00 2.702255e-01 
1.137886e+00 2.702027e-01 
1.139149e+00 2.701798e-01 
1.140422e+00 2.701566e-01 
1.141704e+00 2.701333e-01 
1.142997e+00 2.701098e-01 
1.144300e+00 2.700861e-01 
1.145613e+00 2.700623e-01 
1.146936e+00 2.700382e-01 
1.148269e+00 2.700140e-01 
1.149613e+00 2.699896e-01 
1.150967e+00 2.699650e-01 
1.152332e+00 2.699402e-01 
1.153708e+00 2.699152e-01 
1.155094e+00 2.698900e-01 
1.156491e+00 2.698646e-01 
1.056716e+00 2.723816e-01 
1.057408e+00 2.723694e-01 
1.058104e+00 2.723570e-01 
1.058803e+00 2.723446e-01 
1.059507e+00 2.723321e-01 
1.060215e+00 2.723195e-01 
1.060927e+00 2.723069e-01 
1.061643e+00 2.722942e-01 
1.062364e+00 2.722814e-01 
1.063089e+00 2.722685e-01 
1.063819e+00 2.722556e-01 
1.064553e+00 2.722425e-01 
1.065291e+00 2.722294e-01 
1.066034e+00 2.722162e-01 
1.066782e+00 2.722030e-01 
1.067534e+00 2.721896e-01 
1.068291e+00 2.721762e-01 
1.069053e+00 2.721626e-01 
1.069820e+00 2.721490e-01 
1.070592e+00 2.721353e-01 
1.071368e+00 2.721216e-01 
1.072150e+00 2.721077e-01 
1.072937e+00 2.720937e-01 
1.073729e+00 2.720797e-01 
1.074526e+00 2.720655e-01 
1.075328e+00 2.720513e-01 
1.076135e+00 2.720369e-01 
1.076948e+00 2.720225e-01 
1.077766e+00 2.720080e-01 
1.078590e+00 2.719934e-01 
1.079419e+00 2.719786e-01 
1.080254e+00 2.719638e-01 
1.081094e+00 2.719489e-01 
1.081941e+00 2.719339e-01 
1.082792e+00 2.719188e-01 
1.083650e+00 2.719035e-01 
1.084514e+00 2.718882e-01 
1.085383e+00 2.718728e-01 
1.086258e+00 2.718572e-01 
1.087140e+00 2.718416e-01 
1.088027e+00 2.718258e-01 
1.088921e+00 2.718100e-01 
1.089821e+00 2.717940e-01 
1.090728e+00 2.717779e-01 
1.091640e+00 2.717617e-01 
1.092559e+00 2.717454e-01 
1.093485e+00 2.717290e-01 
1.094417e+00 2.717124e-01 
1.095356e+00 2.716958e-01 
1.096301e+00 2.716790e-01 
1.097253e+00 2.716621e-01 
1.098212e+00 2.716450e-01 
1.099178e+00 2.716279e-01 
1.100151e+00 2.716106e-01 
1.101131e+00 2.715932e-01 
1.102118e+00 2.715757e-01 
1.103112e+00 2.715581e-01 
1.104114e+00 2.715403e-01 
1.105122e+00 2.715224e-01 
1.106138e+00 2.715044e-01 
1.107162e+00 2.714862e-01 
1.108193e+00 2.714679e-01 
1.109232e+00 2.714494e-01 
1.110278e+00 2.714309e-01 
1.111332e+00 2.714122e-01 
1.112394e+00 2.713933e-01 
1.113463e+00 2.713743e-01 
1.114541e+00 2.713552e-01 
1.115627e+00 2.713359e-01 
1.116720e+00 2.713165e-01 
1.117822e+00 2.712969e-01 
1.118933e+00 2.712772e-01 
1.120051e+00 2.712574e-01 
1.121178e+00 2.712374e-01 
1.122314e+00 2.712172e-01 
1.123458e+00 2.711969e-01 
1.124611e+00 2.711764e-01 
1.125772e+00 2.711558e-01 
1.126943e+00 2.711351e-01 
1.128122e+00 2.711141e-01 
1.129310e+00 2.710930e-01 
1.130507e+00 2.710718e-01 
1.131714e+00 2.710504e-01 
1.132929e+00 2.710288e-01 
1.134154e+00 2.710070e-01 
1.135389e+00 2.709851e-01 
1.136633e+00 2.709630e-01 
1.137886e+00 2.709408e-01 
1.139149e+00 2.709184e-01 
1.140422e+00 2.708958e-01 
1.141705e+00 2.708730e-01 
1.142998e+00 2.708501e-01 
1.144300e+00 2.708269e-01 
1.145613e+00 2.708036e-01 
1.146936e+00 2.707801e-01 
1.148270e+00 2.707565e-01 
1.149613e+00 2.707326e-01 
1.150968e+00 2.707086e-01 
1.152333e+00 2.706844e-01 
1.153708e+00 2.706599e-01 
1.155094e+00 2.706353e-01 
1.156492e+00 2.706105e-01 
1.056717e+00 2.730854e-01 
1.057408e+00 2.730734e-01 
1.058104e+00 2.730614e-01 
1.058803e+00 2.730493e-01 
1.059507e+00 2.730371e-01 
1.060215e+00 2.730248e-01 
1.060927e+00 2.730125e-01 
1.061643e+00 2.730000e-01 
1.062364e+00 2.729875e-01 
1.063089e+00 2.729750e-01 
1.063819e+00 2.729623e-01 
1.064553e+00 2.729496e-01 
1.065291e+00 2.729368e-01 
1.066034e+00 2.729239e-01 
1.066782e+00 2.729110e-01 
1.067535e+00 2.728980e-01 
1.068292e+00 2.728848e-01 
1.069054e+00 2.728716e-01 
1.069820e+00 2.728583e-01 
1.070592e+00 2.728450e-01 
1.071369e+00 2.728315e-01 
1.072150e+00 2.728180e-01 
1.072937e+00 2.728043e-01 
1.073729e+00 2.727906e-01 
1.074526e+00 2.727768e-01 
1.075328e+00 2.727629e-01 
1.076136e+00 2.727489e-01 
1.076948e+00 2.727348e-01 
1.077767e+00 2.727207e-01 
1.078590e+00 2.727064e-01 
1.079420e+00 2.726920e-01 
1.080254e+00 2.726775e-01 
1.081095e+00 2.726630e-01 
1.081941e+00 2.726483e-01 
1.082793e+00 2.726336e-01 
1.083650e+00 2.726187e-01 
1.084514e+00 2.726037e-01 
1.085383e+00 2.725887e-01 
1.086259e+00 2.725735e-01 
1.087140e+00 2.725582e-01 
1.088028e+00 2.725428e-01 
1.088922e+00 2.725274e-01 
1.089822e+00 2.725118e-01 
1.090728e+00 2.724961e-01 
1.091641e+00 2.724802e-01 
1.092560e+00 2.724643e-01 
1.093485e+00 2.724483e-01 
1.094417e+00 2.724321e-01 
1.095356e+00 2.724159e-01 
1.096302e+00 2.723995e-01 
1.097254e+00 2.723830e-01 
1.098213e+00 2.723664e-01 
1.099179e+00 2.723496e-01 
1.100152e+00 2.723328e-01 
1.101131e+00 2.723158e-01 
1.102118e+00 2.722987e-01 
1.103113e+00 2.722814e-01 
1.104114e+00 2.722641e-01 
1.105123e+00 2.722466e-01 
1.106139e+00 2.722290e-01 
1.107162e+00 2.722113e-01 
1.108193e+00 2.721934e-01 
1.109232e+00 2.721754e-01 
1.110278e+00 2.721573e-01 
1.111332e+00 2.721390e-01 
1.112394e+00 2.721206e-01 
1.113464e+00 2.721021e-01 
1.114541e+00 2.720834e-01 
1.115627e+00 2.720646e-01 
1.116721e+00 2.720456e-01 
1.117823e+00 2.720265e-01 
1.118933e+00 2.720073e-01 
1.120052e+00 2.719879e-01 
1.121179e+00 2.719684e-01 
1.122314e+00 2.719487e-01 
1.123458e+00 2.719289e-01 
1.124611e+00 2.719089e-01 
1.125773e+00 2.718888e-01 
1.126943e+00 2.718685e-01 
1.128122e+00 2.718481e-01 
1.129310e+00 2.718275e-01 
1.130508e+00 2.718067e-01 
1.131714e+00 2.717858e-01 
1.132930e+00 2.717648e-01 
1.134155e+00 2.717435e-01 
1.135389e+00 2.717221e-01 
1.136633e+00 2.717006e-01 
1.137887e+00 2.716789e-01 
1.139150e+00 2.716570e-01 
1.140423e+00 2.716349e-01 
1.141705e+00 2.716127e-01 
1.142998e+00 2.715903e-01 
1.144301e+00 2.715677e-01 
1.145614e+00 2.715450e-01 
1.146937e+00 2.715220e-01 
1.148270e+00 2.714989e-01 
1.149614e+00 2.714757e-01 
1.150968e+00 2.714522e-01 
1.152333e+00 2.714285e-01 
1.153708e+00 2.714047e-01 
1.155095e+00 2.713807e-01 
1.156492e+00 2.713565e-01 
1.056717e+00 2.737892e-01 
1.057408e+00 2.737775e-01 
1.058104e+00 2.737657e-01 
1.058804e+00 2.737539e-01 
1.059507e+00 2.737420e-01 
1.060215e+00 2.737300e-01 
1.060927e+00 2.737180e-01 
1.061644e+00 2.737059e-01 
1.062364e+00 2.736937e-01 
1.063090e+00 2.736814e-01 
1.063819e+00 2.736691e-01 
1.064553e+00 2.736567e-01 
1.065292e+00 2.736442e-01 
1.066035e+00 2.736317e-01 
1.066782e+00 2.736190e-01 
1.067535e+00 2.736063e-01 
1.068292e+00 2.735935e-01 
1.069054e+00 2.735806e-01 
1.069821e+00 2.735677e-01 
1.070592e+00 2.735546e-01 
1.071369e+00 2.735415e-01 
1.072151e+00 2.735283e-01 
1.072937e+00 2.735150e-01 
1.073729e+00 2.735016e-01 
1.074526e+00 2.734881e-01 
1.075328e+00 2.734745e-01 
1.076136e+00 2.734609e-01 
1.076949e+00 2.734471e-01 
1.077767e+00 2.734333e-01 
1.078591e+00 2.734194e-01 
1.079420e+00 2.734054e-01 
1.080255e+00 2.733913e-01 
1.081095e+00 2.733771e-01 
1.081941e+00 2.733628e-01 
1.082793e+00 2.733483e-01 
1.083651e+00 2.733339e-01 
1.084514e+00 2.733193e-01 
1.085384e+00 2.733046e-01 
1.086259e+00 2.732898e-01 
1.087141e+00 2.732749e-01 
1.088028e+00 2.732598e-01 
1.088922e+00 2.732447e-01 
1.089822e+00 2.732295e-01 
1.090728e+00 2.732142e-01 
1.091641e+00 2.731988e-01 
1.092560e+00 2.731832e-01 
1.093486e+00 2.731676e-01 
1.094418e+00 2.731518e-01 
1.095356e+00 2.731360e-01 
1.096302e+00 2.731200e-01 
1.097254e+00 2.731039e-01 
1.098213e+00 2.730877e-01 
1.099179e+00 2.730713e-01 
1.100152e+00 2.730549e-01 
1.101132e+00 2.730383e-01 
1.102119e+00 2.730216e-01 
1.103113e+00 2.730048e-01 
1.104114e+00 2.729879e-01 
1.105123e+00 2.729708e-01 
1.106139e+00 2.729537e-01 
1.107163e+00 2.729364e-01 
1.108194e+00 2.729189e-01 
1.109232e+00 2.729014e-01 
1.110279e+00 2.728837e-01 
1.111333e+00 2.728659e-01 
1.112394e+00 2.728479e-01 
1.113464e+00 2.728298e-01 
1.114542e+00 2.728116e-01 
1.115627e+00 2.727933e-01 
1.116721e+00 2.727748e-01 
1.117823e+00 2.727561e-01 
1.118934e+00 2.727374e-01 
1.120052e+00 2.727185e-01 
1.121179e+00 2.726994e-01 
1.122315e+00 2.726802e-01 
1.123459e+00 2.726609e-01 
1.124612e+00 2.726414e-01 
1.125773e+00 2.726217e-01 
1.126943e+00 2.726020e-01 
1.128123e+00 2.725820e-01 
1.129311e+00 2.725619e-01 
1.130508e+00 2.725417e-01 
1.131714e+00 2.725213e-01 
1.132930e+00 2.725007e-01 
1.134155e+00 2.724800e-01 
1.135390e+00 2.724592e-01 
1.136633e+00 2.724381e-01 
1.137887e+00 2.724169e-01 
1.139150e+00 2.723956e-01 
1.140423e+00 2.723741e-01 
1.141706e+00 2.723524e-01 
1.142998e+00 2.723305e-01 
1.144301e+00 2.723085e-01 
1.145614e+00 2.722863e-01 
1.146937e+00 2.722639e-01 
1.148271e+00 2.722414e-01 
1.149614e+00 2.722187e-01 
1.150969e+00 2.721958e-01 
1.152333e+00 2.721727e-01 
1.153709e+00 2.721495e-01 
1.155095e+00 2.721260e-01 
1.156492e+00 2.721024e-01 
1.056717e+00 2.744929e-01 
1.057409e+00 2.744816e-01 
1.058104e+00 2.744701e-01 
1.058804e+00 2.744586e-01 
1.059508e+00 2.744470e-01 
1.060215e+00 2.744353e-01 
1.060928e+00 2.744236e-01 
1.061644e+00 2.744117e-01 
1.062365e+00 2.743999e-01 
1.063090e+00 2.743879e-01 
1.063819e+00 2.743759e-01 
1.064553e+00 2.743638e-01 
1.065292e+00 2.743516e-01 
1.066035e+00 2.743394e-01 
1.066783e+00 2.743270e-01 
1.067535e+00 2.743146e-01 
1.068292e+00 2.743022e-01 
1.069054e+00 2.742896e-01 
1.069821e+00 2.742770e-01 
1.070593e+00 2.742642e-01 
1.071369e+00 2.742514e-01 
1.072151e+00 2.742386e-01 
1.072938e+00 2.742256e-01 
1.073729e+00 2.742125e-01 
1.074526e+00 2.741994e-01 
1.075329e+00 2.741862e-01 
1.076136e+00 2.741729e-01 
1.076949e+00 2.741595e-01 
1.077767e+00 2.741460e-01 
1.078591e+00 2.741324e-01 
1.079420e+00 2.741187e-01 
1.080255e+00 2.741050e-01 
1.081095e+00 2.740911e-01 
1.081941e+00 2.740772e-01 
1.082793e+00 2.740631e-01 
1.083651e+00 2.740490e-01 
1.084514e+00 2.740348e-01 
1.085384e+00 2.740204e-01 
1.086259e+00 2.740060e-01 
1.087141e+00 2.739915e-01 
1.088028e+00 2.739769e-01 
1.088922e+00 2.739621e-01 
1.089822e+00 2.739473e-01 
1.090729e+00 2.739323e-01 
1.091641e+00 2.739173e-01 
1.092560e+00 2.739022e-01 
1.093486e+00 2.738869e-01 
1.094418e+00 2.738715e-01 
1.095357e+00 2.738561e-01 
1.096302e+00 2.738405e-01 
1.097254e+00 2.738248e-01 
1.098213e+00 2.738090e-01 
1.099179e+00 2.737930e-01 
1.100152e+00 2.737770e-01 
1.101132e+00 2.737609e-01 
1.102119e+00 2.737446e-01 
1.103113e+00 2.737282e-01 
1.104115e+00 2.737117e-01 
1.105123e+00 2.736951e-01 
1.106140e+00 2.736783e-01 
1.107163e+00 2.736615e-01 
1.108194e+00 2.736445e-01 
1.109233e+00 2.736273e-01 
1.110279e+00 2.736101e-01 
1.111333e+00 2.735927e-01 
1.112395e+00 2.735752e-01 
1.113464e+00 2.735576e-01 
1.114542e+00 2.735398e-01 
1.115628e+00 2.735219e-01 
1.116722e+00 2.735039e-01 
1.117824e+00 2.734857e-01 
1.118934e+00 2.734674e-01 
1.120053e+00 2.734490e-01 
1.121180e+00 2.734304e-01 
1.122315e+00 2.734117e-01 
1.123459e+00 2.733928e-01 
1.124612e+00 2.733738e-01 
1.125773e+00 2.733547e-01 
1.126944e+00 2.733354e-01 
1.128123e+00 2.733160e-01 
1.129311e+00 2.732964e-01 
1.130508e+00 2.732767e-01 
1.131715e+00 2.732568e-01 
1.132931e+00 2.732367e-01 
1.134156e+00 2.732165e-01 
1.135390e+00 2.731962e-01 
1.136634e+00 2.731757e-01 
1.137887e+00 2.731550e-01 
1.139151e+00 2.731342e-01 
1.140423e+00 2.731132e-01 
1.141706e+00 2.730921e-01 
1.142999e+00 2.730708e-01 
1.144302e+00 2.730493e-01 
1.145615e+00 2.730277e-01 
1.146938e+00 2.730058e-01 
1.148271e+00 2.729839e-01 
1.149615e+00 2.729617e-01 
1.150969e+00 2.729394e-01 
1.152334e+00 2.729169e-01 
1.153709e+00 2.728942e-01 
1.155096e+00 2.728714e-01 
1.156493e+00 2.728483e-01 
1.056717e+00 2.751967e-01 
1.057409e+00 2.751856e-01 
1.058104e+00 2.751744e-01 
1.058804e+00 2.751632e-01 
1.059508e+00 2.751519e-01 
1.060216e+00 2.751405e-01 
1.060928e+00 2.751291e-01 
1.061644e+00 2.751176e-01 
1.062365e+00 2.751060e-01 
1.063090e+00 2.750944e-01 
1.063820e+00 2.750827e-01 
1.064554e+00 2.750709e-01 
1.065292e+00 2.750590e-01 
1.066035e+00 2.750471e-01 
1.066783e+00 2.750351e-01 
1.067535e+00 2.750230e-01 
1.068293e+00 2.750108e-01 
1.069054e+00 2.749986e-01 
1.069821e+00 2.749863e-01 
1.070593e+00 2.749739e-01 
1.071370e+00 2.749614e-01 
1.072151e+00 2.749489e-01 
1.072938e+00 2.749362e-01 
1.073730e+00 2.749235e-01 
1.074527e+00 2.749107e-01 
1.075329e+00 2.748978e-01 
1.076136e+00 2.748848e-01 
1.076949e+00 2.748718e-01 
1.077768e+00 2.748587e-01 
1.078591e+00 2.748454e-01 
1.079420e+00 2.748321e-01 
1.080255e+00 2.748187e-01 
1.081096e+00 2.748052e-01 
1.081942e+00 2.747916e-01 
1.082794e+00 2.747779e-01 
1.083651e+00 2.747642e-01 
1.084515e+00 2.747503e-01 
1.085384e+00 2.747363e-01 
1.086260e+00 2.747223e-01 
1.087141e+00 2.747081e-01 
1.088029e+00 2.746939e-01 
1.088923e+00 2.746795e-01 
1.089823e+00 2.746650e-01 
1.090729e+00 2.746505e-01 
1.091642e+00 2.746358e-01 
1.092561e+00 2.746211e-01 
1.093486e+00 2.746062e-01 
1.094418e+00 2.745912e-01 
1.095357e+00 2.745762e-01 
1.096303e+00 2.745610e-01 
1.097255e+00 2.745457e-01 
1.098214e+00 2.745303e-01 
1.099180e+00 2.745148e-01 
1.100153e+00 2.744991e-01 
1.101133e+00 2.744834e-01 
1.102120e+00 2.744676e-01 
1.103114e+00 2.744516e-01 
1.104115e+00 2.744355e-01 
1.105124e+00 2.744193e-01 
1.106140e+00 2.744030e-01 
1.107163e+00 2.743865e-01 
1.108194e+00 2.743700e-01 
1.109233e+00 2.743533e-01 
1.110279e+00 2.743365e-01 
1.111333e+00 2.743196e-01 
1.112395e+00 2.743025e-01 
1.113465e+00 2.742853e-01 
1.114543e+00 2.742680e-01 
1.115628e+00 2.742506e-01 
1.116722e+00 2.742330e-01 
1.117824e+00 2.742153e-01 
1.118934e+00 2.741975e-01 
1.120053e+00 2.741795e-01 
1.121180e+00 2.741614e-01 
1.122315e+00 2.741432e-01 
1.123460e+00 2.741248e-01 
1.124612e+00 2.741063e-01 
1.125774e+00 2.740877e-01 
1.126944e+00 2.740689e-01 
1.128123e+00 2.740499e-01 
1.129312e+00 2.740308e-01 
1.130509e+00 2.740116e-01 
1.131715e+00 2.739922e-01 
1.132931e+00 2.739727e-01 
1.134156e+00 2.739530e-01 
1.135390e+00 2.739332e-01 
1.136634e+00 2.739132e-01 
1.137888e+00 2.738931e-01 
1.139151e+00 2.738728e-01 
1.140424e+00 2.738524e-01 
1.141707e+00 2.738318e-01 
1.142999e+00 2.738110e-01 
1.144302e+00 2.737901e-01 
1.145615e+00 2.737690e-01 
1.146938e+00 2.737478e-01 
1.148271e+00 2.737263e-01 
1.149615e+00 2.737048e-01 
1.150969e+00 2.736830e-01 
1.152334e+00 2.736611e-01 
1.153710e+00 2.736390e-01 
1.155096e+00 2.736167e-01 
1.156493e+00 2.735943e-01 
1.056718e+00 2.759005e-01 
1.057409e+00 2.758897e-01 
1.058105e+00 2.758788e-01 
1.058804e+00 2.758679e-01 
1.059508e+00 2.758569e-01 
1.060216e+00 2.758458e-01 
1.060928e+00 2.758347e-01 
1.061644e+00 2.758234e-01 
1.062365e+00 2.758122e-01 
1.063090e+00 2.758008e-01 
1.063820e+00 2.757894e-01 
1.064554e+00 2.757780e-01 
1.065292e+00 2.757664e-01 
1.066035e+00 2.757548e-01 
1.066783e+00 2.757431e-01 
1.067536e+00 2.757313e-01 
1.068293e+00 2.757195e-01 
1.069055e+00 2.757076e-01 
1.069822e+00 2.756956e-01 
1.070593e+00 2.756835e-01 
1.071370e+00 2.756714e-01 
1.072152e+00 2.756591e-01 
1.072938e+00 2.756468e-01 
1.073730e+00 2.756345e-01 
1.074527e+00 2.756220e-01 
1.075329e+00 2.756095e-01 
1.076137e+00 2.755968e-01 
1.076950e+00 2.755841e-01 
1.077768e+00 2.755713e-01 
1.078592e+00 2.755584e-01 
1.079421e+00 2.755455e-01 
1.080256e+00 2.755324e-01 
1.081096e+00 2.755193e-01 
1.081942e+00 2.755060e-01 
1.082794e+00 2.754927e-01 
1.083652e+00 2.754793e-01 
1.084515e+00 2.754658e-01 
1.085385e+00 2.754522e-01 
1.086260e+00 2.754385e-01 
1.087141e+00 2.754247e-01 
1.088029e+00 2.754109e-01 
1.088923e+00 2.753969e-01 
1.089823e+00 2.753828e-01 
1.090729e+00 2.753686e-01 
1.091642e+00 2.753544e-01 
1.092561e+00 2.753400e-01 
1.093487e+00 2.753255e-01 
1.094419e+00 2.753109e-01 
1.095357e+00 2.752963e-01 
1.096303e+00 2.752815e-01 
1.097255e+00 2.752666e-01 
1.098214e+00 2.752516e-01 
1.099180e+00 2.752365e-01 
1.100153e+00 2.752213e-01 
1.101133e+00 2.752059e-01 
1.102120e+00 2.751905e-01 
1.103114e+00 2.751750e-01 
1.104115e+00 2.751593e-01 
1.105124e+00 2.751435e-01 
1.106140e+00 2.751276e-01 
1.107164e+00 2.751116e-01 
1.108195e+00 2.750955e-01 
1.109233e+00 2.750793e-01 
1.110280e+00 2.750629e-01 
1.111334e+00 2.750464e-01 
1.112396e+00 2.750298e-01 
1.113465e+00 2.750131e-01 
1.114543e+00 2.749962e-01 
1.115629e+00 2.749793e-01 
1.116722e+00 2.749622e-01 
1.117824e+00 2.749449e-01 
1.118935e+00 2.749276e-01 
1.120053e+00 2.749101e-01 
1.121180e+00 2.748925e-01 
1.122316e+00 2.748747e-01 
1.123460e+00 2.748568e-01 
1.124613e+00 2.748388e-01 
1.125774e+00 2.748206e-01 
1.126945e+00 2.748023e-01 
1.128124e+00 2.747839e-01 
1.129312e+00 2.747653e-01 
1.130509e+00 2.747466e-01 
1.131716e+00 2.747277e-01 
1.132931e+00 2.747087e-01 
1.134156e+00 2.746895e-01 
1.135391e+00 2.746702e-01 
1.136635e+00 2.746508e-01 
1.137888e+00 2.746312e-01 
1.139151e+00 2.746114e-01 
1.140424e+00 2.745915e-01 
1.141707e+00 2.745715e-01 
1.143000e+00 2.745512e-01 
1.144303e+00 2.745309e-01 
1.145615e+00 2.745103e-01 
1.146938e+00 2.744897e-01 
1.148272e+00 2.744688e-01 
1.149616e+00 2.744478e-01 
1.150970e+00 2.744266e-01 
1.152335e+00 2.744053e-01 
1.153710e+00 2.743838e-01 
1.155097e+00 2.743621e-01 
1.156494e+00 2.743402e-01 
1.056718e+00 2.766043e-01 
1.057409e+00 2.765937e-01 
1.058105e+00 2.765832e-01 
1.058805e+00 2.765725e-01 
1.059508e+00 2.765618e-01 
1.060216e+00 2.765510e-01 
1.060928e+00 2.765402e-01 
1.061645e+00 2.765293e-01 
1.062365e+00 2.765183e-01 
1.063091e+00 2.765073e-01 
1.063820e+00 2.764962e-01 
1.064554e+00 2.764850e-01 
1.065293e+00 2.764738e-01 
1.066036e+00 2.764625e-01 
1.066783e+00 2.764511e-01 
1.067536e+00 2.764397e-01 
1.068293e+00 2.764281e-01 
1.069055e+00 2.764166e-01 
1.069822e+00 2.764049e-01 
1.070593e+00 2.763931e-01 
1.071370e+00 2.763813e-01 
1.072152e+00 2.763694e-01 
1.072938e+00 2.763575e-01 
1.073730e+00 2.763454e-01 
1.074527e+00 2.763333e-01 
1.075330e+00 2.763211e-01 
1.076137e+00 2.763088e-01 
1.076950e+00 2.762964e-01 
1.077768e+00 2.762840e-01 
1.078592e+00 2.762715e-01 
1.079421e+00 2.762588e-01 
1.080256e+00 2.762461e-01 
1.081096e+00 2.762333e-01 
1.081942e+00 2.762205e-01 
1.082794e+00 2.762075e-01 
1.083652e+00 2.761945e-01 
1.084515e+00 2.761813e-01 
1.085385e+00 2.761681e-01 
1.086260e+00 2.761548e-01 
1.087142e+00 2.761414e-01 
1.088029e+00 2.761279e-01 
1.088923e+00 2.761143e-01 
1.089823e+00 2.761006e-01 
1.090729e+00 2.760868e-01 
1.091642e+00 2.760729e-01 
1.092561e+00 2.760589e-01 
1.093487e+00 2.760448e-01 
1.094419e+00 2.760306e-01 
1.095358e+00 2.760164e-01 
1.096303e+00 2.760020e-01 
1.097255e+00 2.759875e-01 
1.098215e+00 2.759729e-01 
1.099180e+00 2.759582e-01 
1.100153e+00 2.759434e-01 
1.101133e+00 2.759285e-01 
1.102120e+00 2.759135e-01 
1.103114e+00 2.758983e-01 
1.104116e+00 2.758831e-01 
1.105125e+00 2.758678e-01 
1.106141e+00 2.758523e-01 
1.107164e+00 2.758367e-01 
1.108195e+00 2.758210e-01 
1.109234e+00 2.758052e-01 
1.110280e+00 2.757893e-01 
1.111334e+00 2.757733e-01 
1.112396e+00 2.757571e-01 
1.113466e+00 2.757409e-01 
1.114543e+00 2.757245e-01 
1.115629e+00 2.757079e-01 
1.116723e+00 2.756913e-01 
1.117825e+00 2.756745e-01 
1.118935e+00 2.756576e-01 
1.120054e+00 2.756406e-01 
1.121181e+00 2.756235e-01 
1.122316e+00 2.756062e-01 
1.123460e+00 2.755888e-01 
1.124613e+00 2.755712e-01 
1.125775e+00 2.755536e-01 
1.126945e+00 2.755358e-01 
1.128124e+00 2.755178e-01 
1.129312e+00 2.754997e-01 
1.130510e+00 2.754815e-01 
1.131716e+00 2.754632e-01 
1.132932e+00 2.754447e-01 
1.134157e+00 2.754260e-01 
1.135391e+00 2.754073e-01 
1.136635e+00 2.753883e-01 
1.137889e+00 2.753693e-01 
1.139152e+00 2.753500e-01 
1.140425e+00 2.753307e-01 
1.141708e+00 2.753111e-01 
1.143000e+00 2.752915e-01 
1.144303e+00 2.752717e-01 
1.145616e+00 2.752517e-01 
1.146939e+00 2.752316e-01 
1.148272e+00 2.752113e-01 
1.149616e+00 2.751908e-01 
1.150970e+00 2.751702e-01 
1.152335e+00 2.751494e-01 
1.153711e+00 2.751285e-01 
1.155097e+00 2.751074e-01 
1.156494e+00 2.750862e-01 
1.056718e+00 2.773080e-01 
1.057410e+00 2.772978e-01 
1.058105e+00 2.772875e-01 
1.058805e+00 2.772772e-01 
1.059508e+00 2.772668e-01 
1.060216e+00 2.772563e-01 
1.060929e+00 2.772458e-01 
1.061645e+00 2.772352e-01 
1.062366e+00 2.772245e-01 
1.063091e+00 2.772138e-01 
1.063820e+00 2.772030e-01 
1.064554e+00 2.771921e-01 
1.065293e+00 2.771812e-01 
1.066036e+00 2.771702e-01 
1.066784e+00 2.771591e-01 
1.067536e+00 2.771480e-01 
1.068293e+00 2.771368e-01 
1.069055e+00 2.771255e-01 
1.069822e+00 2.771142e-01 
1.070594e+00 2.771028e-01 
1.071370e+00 2.770913e-01 
1.072152e+00 2.770797e-01 
1.072939e+00 2.770681e-01 
1.073731e+00 2.770564e-01 
1.074528e+00 2.770446e-01 
1.075330e+00 2.770327e-01 
1.076137e+00 2.770208e-01 
1.076950e+00 2.770088e-01 
1.077768e+00 2.769967e-01 
1.078592e+00 2.769845e-01 
1.079421e+00 2.769722e-01 
1.080256e+00 2.769599e-01 
1.081097e+00 2.769474e-01 
1.081943e+00 2.769349e-01 
1.082795e+00 2.769223e-01 
1.083652e+00 2.769096e-01 
1.084516e+00 2.768968e-01 
1.085385e+00 2.768840e-01 
1.086261e+00 2.768710e-01 
1.087142e+00 2.768580e-01 
1.088030e+00 2.768449e-01 
1.088923e+00 2.768316e-01 
1.089824e+00 2.768183e-01 
1.090730e+00 2.768049e-01 
1.091643e+00 2.767914e-01 
1.092562e+00 2.767778e-01 
1.093487e+00 2.767641e-01 
1.094419e+00 2.767503e-01 
1.095358e+00 2.767365e-01 
1.096304e+00 2.767225e-01 
1.097256e+00 2.767084e-01 
1.098215e+00 2.766942e-01 
1.099181e+00 2.766799e-01 
1.100154e+00 2.766655e-01 
1.101134e+00 2.766510e-01 
1.102121e+00 2.766364e-01 
1.103115e+00 2.766217e-01 
1.104116e+00 2.766069e-01 
1.105125e+00 2.765920e-01 
1.106141e+00 2.765770e-01 
1.107164e+00 2.765618e-01 
1.108196e+00 2.765466e-01 
1.109234e+00 2.765312e-01 
1.110280e+00 2.765157e-01 
1.111334e+00 2.765001e-01 
1.112396e+00 2.764844e-01 
1.113466e+00 2.764686e-01 
1.114544e+00 2.764527e-01 
1.115629e+00 2.764366e-01 
1.116723e+00 2.764204e-01 
1.117825e+00 2.764041e-01 
1.118935e+00 2.763877e-01 
1.120054e+00 2.763712e-01 
1.121181e+00 2.763545e-01 
1.122317e+00 2.763377e-01 
1.123461e+00 2.763208e-01 
1.124614e+00 2.763037e-01 
1.125775e+00 2.762865e-01 
1.126945e+00 2.762692e-01 
1.128125e+00 2.762518e-01 
1.129313e+00 2.762342e-01 
1.130510e+00 2.762165e-01 
1.131717e+00 2.761986e-01 
1.132932e+00 2.761807e-01 
1.134157e+00 2.761625e-01 
1.135392e+00 2.761443e-01 
1.136636e+00 2.761259e-01 
1.137889e+00 2.761073e-01 
1.139152e+00 2.760886e-01 
1.140425e+00 2.760698e-01 
1.141708e+00 2.760508e-01 
1.143001e+00 2.760317e-01 
1.144303e+00 2.760124e-01 
1.145616e+00 2.759930e-01 
1.146939e+00 2.759735e-01 
1.148273e+00 2.759537e-01 
1.149617e+00 2.759339e-01 
1.150971e+00 2.759138e-01 
1.152336e+00 2.758936e-01 
1.153711e+00 2.758733e-01 
1.155098e+00 2.758528e-01 
1.156495e+00 2.758321e-01 
1.056718e+00 2.780118e-01 
1.057410e+00 2.780019e-01 
1.058105e+00 2.779919e-01 
1.058805e+00 2.779818e-01 
1.059509e+00 2.779717e-01 
1.060217e+00 2.779615e-01 
1.060929e+00 2.779513e-01 
1.061645e+00 2.779410e-01 
1.062366e+00 2.779306e-01 
1.063091e+00 2.779202e-01 
1.063821e+00 2.779097e-01 
1.064555e+00 2.778992e-01 
1.065293e+00 2.778886e-01 
1.066036e+00 2.778779e-01 
1.066784e+00 2.778672e-01 
1.067536e+00 2.778564e-01 
1.068294e+00 2.778455e-01 
1.069056e+00 2.778345e-01 
1.069822e+00 2.778235e-01 
1.070594e+00 2.778124e-01 
1.071371e+00 2.778013e-01 
1.072152e+00 2.777900e-01 
1.072939e+00 2.777787e-01 
1.073731e+00 2.777673e-01 
1.074528e+00 2.777559e-01 
1.075330e+00 2.777444e-01 
1.076138e+00 2.777328e-01 
1.076950e+00 2.777211e-01 
1.077769e+00 2.777093e-01 
1.078592e+00 2.776975e-01 
1.079422e+00 2.776856e-01 
1.080256e+00 2.776736e-01 
1.081097e+00 2.776615e-01 
1.081943e+00 2.776493e-01 
1.082795e+00 2.776371e-01 
1.083653e+00 2.776248e-01 
1.084516e+00 2.776124e-01 
1.085385e+00 2.775999e-01 
1.086261e+00 2.775873e-01 
1.087142e+00 2.775746e-01 
1.088030e+00 2.775619e-01 
1.088924e+00 2.775490e-01 
1.089824e+00 2.775361e-01 
1.090730e+00 2.775231e-01 
1.091643e+00 2.775100e-01 
1.092562e+00 2.774967e-01 
1.093488e+00 2.774834e-01 
1.094420e+00 2.774701e-01 
1.095358e+00 2.774566e-01 
1.096304e+00 2.774430e-01 
1.097256e+00 2.774293e-01 
1.098215e+00 2.774155e-01 
1.099181e+00 2.774016e-01 
1.100154e+00 2.773877e-01 
1.101134e+00 2.773736e-01 
1.102121e+00 2.773594e-01 
1.103115e+00 2.773451e-01 
1.104117e+00 2.773307e-01 
1.105125e+00 2.773162e-01 
1.106141e+00 2.773016e-01 
1.107165e+00 2.772869e-01 
1.108196e+00 2.772721e-01 
1.109235e+00 2.772572e-01 
1.110281e+00 2.772421e-01 
1.111335e+00 2.772270e-01 
1.112397e+00 2.772117e-01 
1.113466e+00 2.771964e-01 
1.114544e+00 2.771809e-01 
1.115630e+00 2.771653e-01 
1.116724e+00 2.771496e-01 
1.117826e+00 2.771337e-01 
1.118936e+00 2.771178e-01 
1.120054e+00 2.771017e-01 
1.121182e+00 2.770855e-01 
1.122317e+00 2.770692e-01 
1.123461e+00 2.770527e-01 
1.124614e+00 2.770362e-01 
1.125775e+00 2.770195e-01 
1.126946e+00 2.770027e-01 
1.128125e+00 2.769857e-01 
1.129313e+00 2.769686e-01 
1.130511e+00 2.769514e-01 
1.131717e+00 2.769341e-01 
1.132933e+00 2.769166e-01 
1.134158e+00 2.768990e-01 
1.135392e+00 2.768813e-01 
1.136636e+00 2.768634e-01 
1.137890e+00 2.768454e-01 
1.139153e+00 2.768273e-01 
1.140426e+00 2.768090e-01 
1.141708e+00 2.767905e-01 
1.143001e+00 2.767720e-01 
1.144304e+00 2.767532e-01 
1.145617e+00 2.767344e-01 
1.146940e+00 2.767154e-01 
1.148273e+00 2.766962e-01 
1.149617e+00 2.766769e-01 
1.150971e+00 2.766574e-01 
1.152336e+00 2.766378e-01 
1.153712e+00 2.766180e-01 
1.155098e+00 2.765981e-01 
1.156495e+00 2.765780e-01 
1.056719e+00 2.787156e-01 
1.057410e+00 2.787059e-01 
1.058106e+00 2.786962e-01 
1.058805e+00 2.786865e-01 
1.059509e+00 2.786767e-01 
1.060217e+00 2.786668e-01 
1.060929e+00 2.786569e-01 
1.061645e+00 2.786469e-01 
1.062366e+00 2.786368e-01 
1.063091e+00 2.786267e-01 
1.063821e+00 2.786165e-01 
1.064555e+00 2.786063e-01 
1.065293e+00 2.785960e-01 
1.066036e+00 2.785856e-01 
1.066784e+00 2.785752e-01 
1.067537e+00 2.785647e-01 
1.068294e+00 2.785541e-01 
1.069056e+00 2.785435e-01 
1.069823e+00 2.785328e-01 
1.070594e+00 2.785221e-01 
1.071371e+00 2.785112e-01 
1.072153e+00 2.785003e-01 
1.072939e+00 2.784893e-01 
1.073731e+00 2.784783e-01 
1.074528e+00 2.784672e-01 
1.075330e+00 2.784560e-01 
1.076138e+00 2.784447e-01 
1.076951e+00 2.784334e-01 
1.077769e+00 2.784220e-01 
1.078593e+00 2.784105e-01 
1.079422e+00 2.783989e-01 
1.080257e+00 2.783873e-01 
1.081097e+00 2.783756e-01 
1.081943e+00 2.783638e-01 
1.082795e+00 2.783519e-01 
1.083653e+00 2.783399e-01 
1.084516e+00 2.783279e-01 
1.085386e+00 2.783158e-01 
1.086261e+00 2.783035e-01 
1.087143e+00 2.782913e-01 
1.088030e+00 2.782789e-01 
1.088924e+00 2.782664e-01 
1.089824e+00 2.782539e-01 
1.090730e+00 2.782412e-01 
1.091643e+00 2.782285e-01 
1.092562e+00 2.782157e-01 
1.093488e+00 2.782028e-01 
1.094420e+00 2.781898e-01 
1.095359e+00 2.781767e-01 
1.096304e+00 2.781635e-01 
1.097257e+00 2.781502e-01 
1.098216e+00 2.781368e-01 
1.099182e+00 2.781233e-01 
1.100154e+00 2.781098e-01 
1.101134e+00 2.780961e-01 
1.102121e+00 2.780823e-01 
1.103116e+00 2.780685e-01 
1.104117e+00 2.780545e-01 
1.105126e+00 2.780404e-01 
1.106142e+00 2.780263e-01 
1.107165e+00 2.780120e-01 
1.108196e+00 2.779976e-01 
1.109235e+00 2.779831e-01 
1.110281e+00 2.779685e-01 
1.111335e+00 2.779538e-01 
1.112397e+00 2.779390e-01 
1.113467e+00 2.779241e-01 
1.114544e+00 2.779091e-01 
1.115630e+00 2.778939e-01 
1.116724e+00 2.778787e-01 
1.117826e+00 2.778633e-01 
1.118936e+00 2.778478e-01 
1.120055e+00 2.778322e-01 
1.121182e+00 2.778165e-01 
1.122317e+00 2.778007e-01 
1.123462e+00 2.777847e-01 
1.124614e+00 2.777686e-01 
1.125776e+00 2.777524e-01 
1.126946e+00 2.777361e-01 
1.128125e+00 2.777197e-01 
1.129314e+00 2.777031e-01 
1.130511e+00 2.776864e-01 
1.131717e+00 2.776696e-01 
1.132933e+00 2.776526e-01 
1.134158e+00 2.776355e-01 
1.135393e+00 2.776183e-01 
1.136636e+00 2.776010e-01 
1.137890e+00 2.775835e-01 
1.139153e+00 2.775659e-01 
1.140426e+00 2.775481e-01 
1.141709e+00 2.775302e-01 
1.143002e+00 2.775122e-01 
1.144304e+00 2.774940e-01 
1.145617e+00 2.774757e-01 
1.146940e+00 2.774573e-01 
1.148274e+00 2.774387e-01 
1.149617e+00 2.774199e-01 
1.150972e+00 2.774010e-01 
1.152337e+00 2.773820e-01 
1.153712e+00 2.773628e-01 
1.155098e+00 2.773435e-01 
1.156496e+00 2.773240e-01 
1.056719e+00 2.794193e-01 
1.057410e+00 2.794100e-01 
1.058106e+00 2.794006e-01 
1.058805e+00 2.793911e-01 
1.059509e+00 2.793816e-01 
1.060217e+00 2.793720e-01 
1.060929e+00 2.793624e-01 
1.061646e+00 2.793527e-01 
1.062366e+00 2.793430e-01 
1.063092e+00 2.793332e-01 
1.063821e+00 2.793233e-01 
1.064555e+00 2.793134e-01 
1.065294e+00 2.793034e-01 
1.066037e+00 2.792933e-01 
1.066784e+00 2.792832e-01 
1.067537e+00 2.792730e-01 
1.068294e+00 2.792628e-01 
1.069056e+00 2.792525e-01 
1.069823e+00 2.792421e-01 
1.070595e+00 2.792317e-01 
1.071371e+00 2.792212e-01 
1.072153e+00 2.792106e-01 
1.072940e+00 2.792000e-01 
1.073731e+00 2.791893e-01 
1.074528e+00 2.791785e-01 
1.075331e+00 2.791676e-01 
1.076138e+00 2.791567e-01 
1.076951e+00 2.791457e-01 
1.077769e+00 2.791347e-01 
1.078593e+00 2.791235e-01 
1.079422e+00 2.791123e-01 
1.080257e+00 2.791010e-01 
1.081097e+00 2.790896e-01 
1.081944e+00 2.790782e-01 
1.082795e+00 2.790667e-01 
1.083653e+00 2.790551e-01 
1.084517e+00 2.790434e-01 
1.085386e+00 2.790316e-01 
1.086262e+00 2.790198e-01 
1.087143e+00 2.790079e-01 
1.088031e+00 2.789959e-01 
1.088924e+00 2.789838e-01 
1.089824e+00 2.789716e-01 
1.090731e+00 2.789594e-01 
1.091643e+00 2.789470e-01 
1.092563e+00 2.789346e-01 
1.093488e+00 2.789221e-01 
1.094420e+00 2.789095e-01 
1.095359e+00 2.788968e-01 
1.096305e+00 2.788840e-01 
1.097257e+00 2.788711e-01 
1.098216e+00 2.788581e-01 
1.099182e+00 2.788451e-01 
1.100155e+00 2.788319e-01 
1.101135e+00 2.788187e-01 
1.102122e+00 2.788053e-01 
1.103116e+00 2.787919e-01 
1.104117e+00 2.787783e-01 
1.105126e+00 2.787647e-01 
1.106142e+00 2.787509e-01 
1.107166e+00 2.787371e-01 
1.108197e+00 2.787231e-01 
1.109235e+00 2.787091e-01 
1.110282e+00 2.786950e-01 
1.111336e+00 2.786807e-01 
1.112397e+00 2.786663e-01 
1.113467e+00 2.786519e-01 
1.114545e+00 2.786373e-01 
1.115631e+00 2.786226e-01 
1.116724e+00 2.786078e-01 
1.117826e+00 2.785929e-01 
1.118937e+00 2.785779e-01 
1.120055e+00 2.785628e-01 
1.121182e+00 2.785475e-01 
1.122318e+00 2.785322e-01 
1.123462e+00 2.785167e-01 
1.124615e+00 2.785011e-01 
1.125776e+00 2.784854e-01 
1.126947e+00 2.784696e-01 
1.128126e+00 2.784536e-01 
1.129314e+00 2.784375e-01 
1.130511e+00 2.784214e-01 
1.131718e+00 2.784050e-01 
1.132934e+00 2.783886e-01 
1.134159e+00 2.783720e-01 
1.135393e+00 2.783553e-01 
1.136637e+00 2.783385e-01 
1.137890e+00 2.783216e-01 
1.139154e+00 2.783045e-01 
1.140426e+00 2.782873e-01 
1.141709e+00 2.782699e-01 
1.143002e+00 2.782524e-01 
1.144305e+00 2.782348e-01 
1.145618e+00 2.782171e-01 
1.146941e+00 2.781992e-01 
1.148274e+00 2.781811e-01 
1.149618e+00 2.781630e-01 
1.150972e+00 2.781446e-01 
1.152337e+00 2.781262e-01 
1.153713e+00 2.781076e-01 
1.155099e+00 2.780888e-01 
1.156496e+00 2.780699e-01 
1.056719e+00 2.801231e-01 
1.057411e+00 2.801141e-01 
1.058106e+00 2.801049e-01 
1.058806e+00 2.800958e-01 
1.059509e+00 2.800866e-01 
1.060217e+00 2.800773e-01 
1.060930e+00 2.800680e-01 
1.061646e+00 2.800586e-01 
1.062367e+00 2.800491e-01 
1.063092e+00 2.800396e-01 
1.063821e+00 2.800301e-01 
1.064555e+00 2.800204e-01 
1.065294e+00 2.800108e-01 
1.066037e+00 2.800010e-01 
1.066785e+00 2.799912e-01 
1.067537e+00 2.799814e-01 
1.068294e+00 2.799715e-01 
1.069056e+00 2.799615e-01 
1.069823e+00 2.799514e-01 
1.070595e+00 2.799413e-01 
1.071372e+00 2.799311e-01 
1.072153e+00 2.799209e-01 
1.072940e+00 2.799106e-01 
1.073732e+00 2.799002e-01 
1.074529e+00 2.798898e-01 
1.075331e+00 2.798793e-01 
1.076139e+00 2.798687e-01 
1.076951e+00 2.798580e-01 
1.077770e+00 2.798473e-01 
1.078593e+00 2.798365e-01 
1.079423e+00 2.798257e-01 
1.080257e+00 2.798147e-01 
1.081098e+00 2.798037e-01 
1.081944e+00 2.797926e-01 
1.082796e+00 2.797815e-01 
1.083653e+00 2.797702e-01 
1.084517e+00 2.797589e-01 
1.085386e+00 2.797475e-01 
1.086262e+00 2.797361e-01 
1.087143e+00 2.797245e-01 
1.088031e+00 2.797129e-01 
1.088925e+00 2.797012e-01 
1.089825e+00 2.796894e-01 
1.090731e+00 2.796775e-01 
1.091644e+00 2.796655e-01 
1.092563e+00 2.796535e-01 
1.093489e+00 2.796414e-01 
1.094421e+00 2.796292e-01 
1.095360e+00 2.796169e-01 
1.096305e+00 2.796045e-01 
1.097257e+00 2.795920e-01 
1.098216e+00 2.795794e-01 
1.099182e+00 2.795668e-01 
1.100155e+00 2.795540e-01 
1.101135e+00 2.795412e-01 
1.102122e+00 2.795283e-01 
1.103116e+00 2.795152e-01 
1.104118e+00 2.795021e-01 
1.105126e+00 2.794889e-01 
1.106142e+00 2.794756e-01 
1.107166e+00 2.794622e-01 
1.108197e+00 2.794487e-01 
1.109236e+00 2.794351e-01 
1.110282e+00 2.794214e-01 
1.111336e+00 2.794075e-01 
1.112398e+00 2.793936e-01 
1.113468e+00 2.793796e-01 
1.114545e+00 2.793655e-01 
1.115631e+00 2.793513e-01 
1.116725e+00 2.793369e-01 
1.117827e+00 2.793225e-01 
1.118937e+00 2.793080e-01 
1.120056e+00 2.792933e-01 
1.121183e+00 2.792785e-01 
1.122318e+00 2.792637e-01 
1.123462e+00 2.792487e-01 
1.124615e+00 2.792336e-01 
1.125777e+00 2.792184e-01 
1.126947e+00 2.792030e-01 
1.128126e+00 2.791876e-01 
1.129314e+00 2.791720e-01 
1.130512e+00 2.791563e-01 
1.131718e+00 2.791405e-01 
1.132934e+00 2.791246e-01 
1.134159e+00 2.791085e-01 
1.135393e+00 2.790924e-01 
1.136637e+00 2.790761e-01 
1.137891e+00 2.790596e-01 
1.139154e+00 2.790431e-01 
1.140427e+00 2.790264e-01 
1.141710e+00 2.790096e-01 
1.143002e+00 2.789927e-01 
1.144305e+00 2.789756e-01 
1.145618e+00 2.789584e-01 
1.146941e+00 2.789411e-01 
1.148275e+00 2.789236e-01 
1.149618e+00 2.789060e-01 
1.150973e+00 2.788882e-01 
1.152337e+00 2.788704e-01 
1.153713e+00 2.788523e-01 
1.155099e+00 2.788342e-01 
1.156497e+00 2.788159e-01 
1.056719e+00 2.808269e-01 
1.057411e+00 2.808181e-01 
1.058106e+00 2.808093e-01 
1.058806e+00 2.808004e-01 
1.059510e+00 2.807915e-01 
1.060218e+00 2.807825e-01 
1.060930e+00 2.807735e-01 
1.061646e+00 2.807644e-01 
1.062367e+00 2.807553e-01 
1.063092e+00 2.807461e-01 
1.063822e+00 2.807368e-01 
1.064556e+00 2.807275e-01 
1.065294e+00 2.807182e-01 
1.066037e+00 2.807087e-01 
1.066785e+00 2.806993e-01 
1.067537e+00 2.806897e-01 
1.068295e+00 2.806801e-01 
1.069057e+00 2.806705e-01 
1.069823e+00 2.806607e-01 
1.070595e+00 2.806510e-01 
1.071372e+00 2.806411e-01 
1.072153e+00 2.806312e-01 
1.072940e+00 2.806212e-01 
1.073732e+00 2.806112e-01 
1.074529e+00 2.806011e-01 
1.075331e+00 2.805909e-01 
1.076139e+00 2.805807e-01 
1.076952e+00 2.805704e-01 
1.077770e+00 2.805600e-01 
1.078594e+00 2.805495e-01 
1.079423e+00 2.805390e-01 
1.080258e+00 2.805284e-01 
1.081098e+00 2.805178e-01 
1.081944e+00 2.805071e-01 
1.082796e+00 2.804963e-01 
1.083654e+00 2.804854e-01 
1.084517e+00 2.804744e-01 
1.085387e+00 2.804634e-01 
1.086262e+00 2.804523e-01 
1.087144e+00 2.804411e-01 
1.088031e+00 2.804299e-01 
1.088925e+00 2.804186e-01 
1.089825e+00 2.804071e-01 
1.090731e+00 2.803957e-01 
1.091644e+00 2.803841e-01 
1.092563e+00 2.803724e-01 
1.093489e+00 2.803607e-01 
1.094421e+00 2.803489e-01 
1.095360e+00 2.803370e-01 
1.096305e+00 2.803250e-01 
1.097258e+00 2.803129e-01 
1.098217e+00 2.803007e-01 
1.099183e+00 2.802885e-01 
1.100155e+00 2.802762e-01 
1.101135e+00 2.802637e-01 
1.102122e+00 2.802512e-01 
1.103117e+00 2.802386e-01 
1.104118e+00 2.802259e-01 
1.105127e+00 2.802131e-01 
1.106143e+00 2.802003e-01 
1.107166e+00 2.801873e-01 
1.108197e+00 2.801742e-01 
1.109236e+00 2.801610e-01 
1.110282e+00 2.801478e-01 
1.111336e+00 2.801344e-01 
1.112398e+00 2.801209e-01 
1.113468e+00 2.801074e-01 
1.114546e+00 2.800937e-01 
1.115631e+00 2.800799e-01 
1.116725e+00 2.800661e-01 
1.117827e+00 2.800521e-01 
1.118937e+00 2.800380e-01 
1.120056e+00 2.800238e-01 
1.121183e+00 2.800096e-01 
1.122319e+00 2.799952e-01 
1.123463e+00 2.799807e-01 
1.124616e+00 2.799660e-01 
1.125777e+00 2.799513e-01 
1.126947e+00 2.799365e-01 
1.128127e+00 2.799215e-01 
1.129315e+00 2.799065e-01 
1.130512e+00 2.798913e-01 
1.131719e+00 2.798760e-01 
1.132934e+00 2.798606e-01 
1.134159e+00 2.798450e-01 
1.135394e+00 2.798294e-01 
1.136638e+00 2.798136e-01 
1.137891e+00 2.797977e-01 
1.139154e+00 2.797817e-01 
1.140427e+00 2.797656e-01 
1.141710e+00 2.797493e-01 
1.143003e+00 2.797329e-01 
1.144306e+00 2.797164e-01 
1.145618e+00 2.796997e-01 
1.146942e+00 2.796830e-01 
1.148275e+00 2.796661e-01 
1.149619e+00 2.796490e-01 
1.150973e+00 2.796318e-01 
1.152338e+00 2.796145e-01 
1.153713e+00 2.795971e-01 
1.155100e+00 2.795795e-01 
1.156497e+00 2.795618e-01 
1.056719e+00 2.815307e-01 
1.057411e+00 2.815222e-01 
1.058107e+00 2.815137e-01 
1.058806e+00 2.815051e-01 
1.059510e+00 2.814965e-01 
1.060218e+00 2.814878e-01 
1.060930e+00 2.814791e-01 
1.061646e+00 2.814703e-01 
1.062367e+00 2.814614e-01 
1.063092e+00 2.814525e-01 
1.063822e+00 2.814436e-01 
1.064556e+00 2.814346e-01 
1.065294e+00 2.814256e-01 
1.066038e+00 2.814165e-01 
1.066785e+00 2.814073e-01 
1.067538e+00 2.813981e-01 
1.068295e+00 2.813888e-01 
1.069057e+00 2.813794e-01 
1.069824e+00 2.813700e-01 
1.070595e+00 2.813606e-01 
1.071372e+00 2.813511e-01 
1.072154e+00 2.813415e-01 
1.072940e+00 2.813318e-01 
1.073732e+00 2.813221e-01 
1.074529e+00 2.813124e-01 
1.075332e+00 2.813025e-01 
1.076139e+00 2.812926e-01 
1.076952e+00 2.812827e-01 
1.077770e+00 2.812727e-01 
1.078594e+00 2.812626e-01 
1.079423e+00 2.812524e-01 
1.080258e+00 2.812422e-01 
1.081098e+00 2.812319e-01 
1.081945e+00 2.812215e-01 
1.082796e+00 2.812111e-01 
1.083654e+00 2.812005e-01 
1.084518e+00 2.811900e-01 
1.085387e+00 2.811793e-01 
1.086263e+00 2.811686e-01 
1.087144e+00 2.811578e-01 
1.088032e+00 2.811469e-01 
1.088925e+00 2.811359e-01 
1.089825e+00 2.811249e-01 
1.090732e+00 2.811138e-01 
1.091644e+00 2.811026e-01 
1.092564e+00 2.810913e-01 
1.093489e+00 2.810800e-01 
1.094421e+00 2.810686e-01 
1.095360e+00 2.810571e-01 
1.096306e+00 2.810455e-01 
1.097258e+00 2.810338e-01 
1.098217e+00 2.810221e-01 
1.099183e+00 2.810102e-01 
1.100156e+00 2.809983e-01 
1.101136e+00 2.809863e-01 
1.102123e+00 2.809742e-01 
1.103117e+00 2.809620e-01 
1.104118e+00 2.809497e-01 
1.105127e+00 2.809374e-01 
1.106143e+00 2.809249e-01 
1.107167e+00 2.809124e-01 
1.108198e+00 2.808997e-01 
1.109236e+00 2.808870e-01 
1.110283e+00 2.808742e-01 
1.111337e+00 2.808613e-01 
1.112399e+00 2.808482e-01 
1.113468e+00 2.808351e-01 
1.114546e+00 2.808219e-01 
1.115632e+00 2.808086e-01 
1.116726e+00 2.807952e-01 
1.117828e+00 2.807817e-01 
1.118938e+00 2.807681e-01 
1.120056e+00 2.807544e-01 
1.121184e+00 2.807406e-01 
1.122319e+00 2.807267e-01 
1.123463e+00 2.807126e-01 
1.124616e+00 2.806985e-01 
1.125777e+00 2.806843e-01 
1.126948e+00 2.806699e-01 
1.128127e+00 2.806555e-01 
1.129315e+00 2.806409e-01 
1.130513e+00 2.806262e-01 
1.131719e+00 2.806114e-01 
1.132935e+00 2.805965e-01 
1.134160e+00 2.805815e-01 
1.135394e+00 2.805664e-01 
1.136638e+00 2.805512e-01 
1.137892e+00 2.805358e-01 
1.139155e+00 2.805203e-01 
1.140428e+00 2.805047e-01 
1.141711e+00 2.804890e-01 
1.143003e+00 2.804731e-01 
1.144306e+00 2.804572e-01 
1.145619e+00 2.804411e-01 
1.146942e+00 2.804249e-01 
1.148275e+00 2.804085e-01 
1.149619e+00 2.803920e-01 
1.150974e+00 2.803755e-01 
1.152338e+00 2.803587e-01 
1.153714e+00 2.803419e-01 
1.155100e+00 2.803249e-01 
1.156498e+00 2.803077e-01 
1.056720e+00 2.822344e-01 
1.057411e+00 2.822262e-01 
1.058107e+00 2.822180e-01 
1.058806e+00 2.822097e-01 
1.059510e+00 2.822014e-01 
1.060218e+00 2.821930e-01 
1.060930e+00 2.821846e-01 
1.061647e+00 2.821761e-01 
1.062367e+00 2.821676e-01 
1.063093e+00 2.821590e-01 
1.063822e+00 2.821504e-01 
1.064556e+00 2.821417e-01 
1.065295e+00 2.821330e-01 
1.066038e+00 2.821242e-01 
1.066786e+00 2.821153e-01 
1.067538e+00 2.821064e-01 
1.068295e+00 2.820974e-01 
1.069057e+00 2.820884e-01 
1.069824e+00 2.820794e-01 
1.070596e+00 2.820702e-01 
1.071372e+00 2.820610e-01 
1.072154e+00 2.820518e-01 
1.072941e+00 2.820425e-01 
1.073733e+00 2.820331e-01 
1.074530e+00 2.820237e-01 
1.075332e+00 2.820142e-01 
1.076139e+00 2.820046e-01 
1.076952e+00 2.819950e-01 
1.077771e+00 2.819853e-01 
1.078594e+00 2.819756e-01 
1.079423e+00 2.819658e-01 
1.080258e+00 2.819559e-01 
1.081099e+00 2.819459e-01 
1.081945e+00 2.819359e-01 
1.082797e+00 2.819258e-01 
1.083654e+00 2.819157e-01 
1.084518e+00 2.819055e-01 
1.085387e+00 2.818952e-01 
1.086263e+00 2.818848e-01 
1.087144e+00 2.818744e-01 
1.088032e+00 2.818639e-01 
1.088926e+00 2.818533e-01 
1.089826e+00 2.818427e-01 
1.090732e+00 2.818319e-01 
1.091645e+00 2.818211e-01 
1.092564e+00 2.818103e-01 
1.093490e+00 2.817993e-01 
1.094422e+00 2.817883e-01 
1.095361e+00 2.817772e-01 
1.096306e+00 2.817660e-01 
1.097258e+00 2.817547e-01 
1.098217e+00 2.817434e-01 
1.099183e+00 2.817319e-01 
1.100156e+00 2.817204e-01 
1.101136e+00 2.817088e-01 
1.102123e+00 2.816971e-01 
1.103117e+00 2.816854e-01 
1.104119e+00 2.816735e-01 
1.105127e+00 2.816616e-01 
1.106144e+00 2.816496e-01 
1.107167e+00 2.816375e-01 
1.108198e+00 2.816253e-01 
1.109237e+00 2.816130e-01 
1.110283e+00 2.816006e-01 
1.111337e+00 2.815881e-01 
1.112399e+00 2.815755e-01 
1.113469e+00 2.815629e-01 
1.114546e+00 2.815501e-01 
1.115632e+00 2.815373e-01 
1.116726e+00 2.815243e-01 
1.117828e+00 2.815113e-01 
1.118938e+00 2.814982e-01 
1.120057e+00 2.814849e-01 
1.121184e+00 2.814716e-01 
1.122319e+00 2.814581e-01 
1.123464e+00 2.814446e-01 
1.124616e+00 2.814310e-01 
1.125778e+00 2.814172e-01 
1.126948e+00 2.814034e-01 
1.128127e+00 2.813894e-01 
1.129316e+00 2.813754e-01 
1.130513e+00 2.813612e-01 
1.131719e+00 2.813469e-01 
1.132935e+00 2.813325e-01 
1.134160e+00 2.813180e-01 
1.135395e+00 2.813034e-01 
1.136639e+00 2.812887e-01 
1.137892e+00 2.812739e-01 
1.139155e+00 2.812589e-01 
1.140428e+00 2.812439e-01 
1.141711e+00 2.812287e-01 
1.143004e+00 2.812134e-01 
1.144306e+00 2.811980e-01 
1.145619e+00 2.811824e-01 
1.146942e+00 2.811668e-01 
1.148276e+00 2.811510e-01 
1.149620e+00 2.811351e-01 
1.150974e+00 2.811191e-01 
1.152339e+00 2.811029e-01 
1.153714e+00 2.810866e-01 
1.155101e+00 2.810702e-01 
1.156498e+00 2.810537e-01 
1.056720e+00 2.829382e-01 
1.057411e+00 2.829303e-01 
1.058107e+00 2.829224e-01 
1.058807e+00 2.829144e-01 
1.059510e+00 2.829064e-01 
1.060218e+00 2.828983e-01 
1.060930e+00 2.828902e-01 
1.061647e+00 2.828820e-01 
1.062368e+00 2.828738e-01 
1.063093e+00 2.828655e-01 
1.063822e+00 2.828572e-01 
1.064556e+00 2.828488e-01 
1.065295e+00 2.828403e-01 
1.066038e+00 2.828319e-01 
1.066786e+00 2.828233e-01 
1.067538e+00 2.828148e-01 
1.068295e+00 2.828061e-01 
1.069057e+00 2.827974e-01 
1.069824e+00 2.827887e-01 
1.070596e+00 2.827799e-01 
1.071373e+00 2.827710e-01 
1.072154e+00 2.827621e-01 
1.072941e+00 2.827531e-01 
1.073733e+00 2.827441e-01 
1.074530e+00 2.827350e-01 
1.075332e+00 2.827258e-01 
1.076140e+00 2.827166e-01 
1.076953e+00 2.827073e-01 
1.077771e+00 2.826980e-01 
1.078595e+00 2.826886e-01 
1.079424e+00 2.826791e-01 
1.080259e+00 2.826696e-01 
1.081099e+00 2.826600e-01 
1.081945e+00 2.826504e-01 
1.082797e+00 2.826406e-01 
1.083655e+00 2.826308e-01 
1.084518e+00 2.826210e-01 
1.085388e+00 2.826111e-01 
1.086263e+00 2.826011e-01 
1.087145e+00 2.825910e-01 
1.088032e+00 2.825809e-01 
1.088926e+00 2.825707e-01 
1.089826e+00 2.825604e-01 
1.090732e+00 2.825501e-01 
1.091645e+00 2.825397e-01 
1.092564e+00 2.825292e-01 
1.093490e+00 2.825186e-01 
1.094422e+00 2.825080e-01 
1.095361e+00 2.824973e-01 
1.096306e+00 2.824865e-01 
1.097259e+00 2.824756e-01 
1.098218e+00 2.824647e-01 
1.099184e+00 2.824536e-01 
1.100157e+00 2.824425e-01 
1.101136e+00 2.824314e-01 
1.102123e+00 2.824201e-01 
1.103118e+00 2.824088e-01 
1.104119e+00 2.823973e-01 
1.105128e+00 2.823858e-01 
1.106144e+00 2.823742e-01 
1.107167e+00 2.823625e-01 
1.108198e+00 2.823508e-01 
1.109237e+00 2.823389e-01 
1.110283e+00 2.823270e-01 
1.111337e+00 2.823150e-01 
1.112399e+00 2.823028e-01 
1.113469e+00 2.822906e-01 
1.114547e+00 2.822783e-01 
1.115632e+00 2.822660e-01 
1.116726e+00 2.822535e-01 
1.117828e+00 2.822409e-01 
1.118939e+00 2.822282e-01 
1.120057e+00 2.822155e-01 
1.121184e+00 2.822026e-01 
1.122320e+00 2.821896e-01 
1.123464e+00 2.821766e-01 
1.124617e+00 2.821634e-01 
1.125778e+00 2.821502e-01 
1.126949e+00 2.821368e-01 
1.128128e+00 2.821234e-01 
1.129316e+00 2.821098e-01 
1.130513e+00 2.820961e-01 
1.131720e+00 2.820824e-01 
1.132936e+00 2.820685e-01 
1.134161e+00 2.820545e-01 
1.135395e+00 2.820404e-01 
1.136639e+00 2.820262e-01 
1.137893e+00 2.820119e-01 
1.139156e+00 2.819975e-01 
1.140429e+00 2.819830e-01 
1.141711e+00 2.819684e-01 
1.143004e+00 2.819536e-01 
1.144307e+00 2.819387e-01 
1.145620e+00 2.819238e-01 
1.146943e+00 2.819087e-01 
1.148276e+00 2.818934e-01 
1.149620e+00 2.818781e-01 
1.150974e+00 2.818627e-01 
1.152339e+00 2.818471e-01 
1.153715e+00 2.818314e-01 
1.155101e+00 2.818156e-01 
1.156498e+00 2.817996e-01 
1.056720e+00 2.836420e-01 
1.057412e+00 2.836344e-01 
1.058107e+00 2.836267e-01 
1.058807e+00 2.836190e-01 
1.059511e+00 2.836113e-01 
1.060219e+00 2.836035e-01 
1.060931e+00 2.835957e-01 
1.061647e+00 2.835878e-01 
1.062368e+00 2.835799e-01 
1.063093e+00 2.835719e-01 
1.063823e+00 2.835639e-01 
1.064557e+00 2.835559e-01 
1.065295e+00 2.835477e-01 
1.066038e+00 2.835396e-01 
1.066786e+00 2.835314e-01 
1.067539e+00 2.835231e-01 
1.068296e+00 2.835148e-01 
1.069058e+00 2.835064e-01 
1.069824e+00 2.834980e-01 
1.070596e+00 2.834895e-01 
1.071373e+00 2.834810e-01 
1.072155e+00 2.834724e-01 
1.072941e+00 2.834637e-01 
1.073733e+00 2.834550e-01 
1.074530e+00 2.834463e-01 
1.075332e+00 2.834375e-01 
1.076140e+00 2.834286e-01 
1.076953e+00 2.834196e-01 
1.077771e+00 2.834107e-01 
1.078595e+00 2.834016e-01 
1.079424e+00 2.833925e-01 
1.080259e+00 2.833833e-01 
1.081099e+00 2.833741e-01 
1.081945e+00 2.833648e-01 
1.082797e+00 2.833554e-01 
1.083655e+00 2.833460e-01 
1.084519e+00 2.833365e-01 
1.085388e+00 2.833270e-01 
1.086263e+00 2.833173e-01 
1.087145e+00 2.833077e-01 
1.088033e+00 2.832979e-01 
1.088926e+00 2.832881e-01 
1.089826e+00 2.832782e-01 
1.090733e+00 2.832682e-01 
1.091645e+00 2.832582e-01 
1.092565e+00 2.832481e-01 
1.093490e+00 2.832379e-01 
1.094422e+00 2.832277e-01 
1.095361e+00 2.832174e-01 
1.096307e+00 2.832070e-01 
1.097259e+00 2.831965e-01 
1.098218e+00 2.831860e-01 
1.099184e+00 2.831754e-01 
1.100157e+00 2.831647e-01 
1.101137e+00 2.831539e-01 
1.102124e+00 2.831431e-01 
1.103118e+00 2.831321e-01 
1.104119e+00 2.831211e-01 
1.105128e+00 2.831100e-01 
1.106144e+00 2.830989e-01 
1.107168e+00 2.830876e-01 
1.108199e+00 2.830763e-01 
1.109238e+00 2.830649e-01 
1.110284e+00 2.830534e-01 
1.111338e+00 2.830418e-01 
1.112400e+00 2.830301e-01 
1.113469e+00 2.830184e-01 
1.114547e+00 2.830066e-01 
1.115633e+00 2.829946e-01 
1.116727e+00 2.829826e-01 
1.117829e+00 2.829705e-01 
1.118939e+00 2.829583e-01 
1.120058e+00 2.829460e-01 
1.121185e+00 2.829336e-01 
1.122320e+00 2.829211e-01 
1.123464e+00 2.829086e-01 
1.124617e+00 2.828959e-01 
1.125779e+00 2.828831e-01 
1.126949e+00 2.828703e-01 
1.128128e+00 2.828573e-01 
1.129317e+00 2.828443e-01 
1.130514e+00 2.828311e-01 
1.131720e+00 2.828178e-01 
1.132936e+00 2.828045e-01 
1.134161e+00 2.827910e-01 
1.135395e+00 2.827775e-01 
1.136639e+00 2.827638e-01 
1.137893e+00 2.827500e-01 
1.139156e+00 2.827361e-01 
1.140429e+00 2.827221e-01 
1.141712e+00 2.827081e-01 
1.143005e+00 2.826938e-01 
1.144307e+00 2.826795e-01 
1.145620e+00 2.826651e-01 
1.146943e+00 2.826506e-01 
1.148277e+00 2.826359e-01 
1.149621e+00 2.826211e-01 
1.150975e+00 2.826063e-01 
1.152340e+00 2.825913e-01 
1.153715e+00 2.825762e-01 
1.155102e+00 2.825609e-01 
1.156499e+00 2.825456e-01 
1.056720e+00 2.843457e-01 
1.057412e+00 2.843384e-01 
1.058107e+00 2.843311e-01 
1.058807e+00 2.843237e-01 
1.059511e+00 2.843163e-01 
1.060219e+00 2.843088e-01 
1.060931e+00 2.843013e-01 
1.061647e+00 2.842937e-01 
1.062368e+00 2.842861e-01 
1.063093e+00 2.842784e-01 
1.063823e+00 2.842707e-01 
1.064557e+00 2.842629e-01 
1.065295e+00 2.842551e-01 
1.066039e+00 2.842473e-01 
1.066786e+00 2.842394e-01 
1.067539e+00 2.842314e-01 
1.068296e+00 2.842234e-01 
1.069058e+00 2.842154e-01 
1.069825e+00 2.842073e-01 
1.070596e+00 2.841991e-01 
1.071373e+00 2.841909e-01 
1.072155e+00 2.841827e-01 
1.072942e+00 2.841744e-01 
1.073733e+00 2.841660e-01 
1.074530e+00 2.841576e-01 
1.075333e+00 2.841491e-01 
1.076140e+00 2.841406e-01 
1.076953e+00 2.841320e-01 
1.077771e+00 2.841233e-01 
1.078595e+00 2.841146e-01 
1.079424e+00 2.841059e-01 
1.080259e+00 2.840970e-01 
1.081100e+00 2.840882e-01 
1.081946e+00 2.840792e-01 
1.082798e+00 2.840702e-01 
1.083655e+00 2.840612e-01 
1.084519e+00 2.840520e-01 
1.085388e+00 2.840428e-01 
1.086264e+00 2.840336e-01 
1.087145e+00 2.840243e-01 
1.088033e+00 2.840149e-01 
1.088927e+00 2.840055e-01 
1.089827e+00 2.839960e-01 
1.090733e+00 2.839864e-01 
1.091646e+00 2.839767e-01 
1.092565e+00 2.839670e-01 
1.093491e+00 2.839572e-01 
1.094423e+00 2.839474e-01 
1.095362e+00 2.839375e-01 
1.096307e+00 2.839275e-01 
1.097259e+00 2.839174e-01 
1.098218e+00 2.839073e-01 
1.099184e+00 2.838971e-01 
1.100157e+00 2.838868e-01 
1.101137e+00 2.838764e-01 
1.102124e+00 2.838660e-01 
1.103118e+00 2.838555e-01 
1.104120e+00 2.838449e-01 
1.105129e+00 2.838343e-01 
1.106145e+00 2.838235e-01 
1.107168e+00 2.838127e-01 
1.108199e+00 2.838018e-01 
1.109238e+00 2.837909e-01 
1.110284e+00 2.837798e-01 
1.111338e+00 2.837687e-01 
1.112400e+00 2.837574e-01 
1.113470e+00 2.837461e-01 
1.114548e+00 2.837348e-01 
1.115633e+00 2.837233e-01 
1.116727e+00 2.837117e-01 
1.117829e+00 2.837001e-01 
1.118939e+00 2.836884e-01 
1.120058e+00 2.836765e-01 
1.121185e+00 2.836646e-01 
1.122321e+00 2.836526e-01 
1.123465e+00 2.836405e-01 
1.124618e+00 2.836284e-01 
1.125779e+00 2.836161e-01 
1.126949e+00 2.836037e-01 
1.128129e+00 2.835913e-01 
1.129317e+00 2.835787e-01 
1.130514e+00 2.835661e-01 
1.131721e+00 2.835533e-01 
1.132936e+00 2.835405e-01 
1.134161e+00 2.835275e-01 
1.135396e+00 2.835145e-01 
1.136640e+00 2.835013e-01 
1.137893e+00 2.834881e-01 
1.139157e+00 2.834747e-01 
1.140430e+00 2.834613e-01 
1.141712e+00 2.834477e-01 
1.143005e+00 2.834341e-01 
1.144308e+00 2.834203e-01 
1.145621e+00 2.834064e-01 
1.146944e+00 2.833925e-01 
1.148277e+00 2.833784e-01 
1.149621e+00 2.833642e-01 
1.150975e+00 2.833499e-01 
1.152340e+00 2.833355e-01 
1.153716e+00 2.833209e-01 
1.155102e+00 2.833063e-01 
1.156499e+00 2.832915e-01 
1.056721e+00 2.850495e-01 
1.057412e+00 2.850425e-01 
1.058108e+00 2.850354e-01 
1.058807e+00 2.850283e-01 
1.059511e+00 2.850212e-01 
1.060219e+00 2.850140e-01 
1.060931e+00 2.850068e-01 
1.061648e+00 2.849995e-01 
1.062368e+00 2.849922e-01 
1.063094e+00 2.849849e-01 
1.063823e+00 2.849775e-01 
1.064557e+00 2.849700e-01 
1.065296e+00 2.849625e-01 
1.066039e+00 2.849550e-01 
1.066787e+00 2.849474e-01 
1.067539e+00 2.849398e-01 
1.068296e+00 2.849321e-01 
1.069058e+00 2.849244e-01 
1.069825e+00 2.849166e-01 
1.070597e+00 2.849088e-01 
1.071373e+00 2.849009e-01 
1.072155e+00 2.848930e-01 
1.072942e+00 2.848850e-01 
1.073734e+00 2.848769e-01 
1.074531e+00 2.848689e-01 
1.075333e+00 2.848607e-01 
1.076141e+00 2.848525e-01 
1.076953e+00 2.848443e-01 
1.077772e+00 2.848360e-01 
1.078595e+00 2.848276e-01 
1.079425e+00 2.848192e-01 
1.080259e+00 2.848108e-01 
1.081100e+00 2.848022e-01 
1.081946e+00 2.847937e-01 
1.082798e+00 2.847850e-01 
1.083656e+00 2.847763e-01 
1.084519e+00 2.847676e-01 
1.085389e+00 2.847587e-01 
1.086264e+00 2.847499e-01 
1.087146e+00 2.847409e-01 
1.088033e+00 2.847319e-01 
1.088927e+00 2.847228e-01 
1.089827e+00 2.847137e-01 
1.090733e+00 2.847045e-01 
1.091646e+00 2.846953e-01 
1.092565e+00 2.846859e-01 
1.093491e+00 2.846766e-01 
1.094423e+00 2.846671e-01 
1.095362e+00 2.846576e-01 
1.096307e+00 2.846480e-01 
1.097260e+00 2.846383e-01 
1.098219e+00 2.846286e-01 
1.099185e+00 2.846188e-01 
1.100158e+00 2.846089e-01 
1.101138e+00 2.845990e-01 
1.102125e+00 2.845890e-01 
1.103119e+00 2.845789e-01 
1.104120e+00 2.845687e-01 
1.105129e+00 2.845585e-01 
1.106145e+00 2.845482e-01 
1.107169e+00 2.845378e-01 
1.108200e+00 2.845274e-01 
1.109238e+00 2.845168e-01 
1.110285e+00 2.845062e-01 
1.111339e+00 2.844955e-01 
1.112400e+00 2.844848e-01 
1.113470e+00 2.844739e-01 
1.114548e+00 2.844630e-01 
1.115634e+00 2.844520e-01 
1.116727e+00 2.844409e-01 
1.117830e+00 2.844297e-01 
1.118940e+00 2.844184e-01 
1.120058e+00 2.844071e-01 
1.121186e+00 2.843956e-01 
1.122321e+00 2.843841e-01 
1.123465e+00 2.843725e-01 
1.124618e+00 2.843608e-01 
1.125780e+00 2.843490e-01 
1.126950e+00 2.843372e-01 
1.128129e+00 2.843252e-01 
1.129317e+00 2.843132e-01 
1.130515e+00 2.843010e-01 
1.131721e+00 2.842888e-01 
1.132937e+00 2.842764e-01 
1.134162e+00 2.842640e-01 
1.135396e+00 2.842515e-01 
1.136640e+00 2.842389e-01 
1.137894e+00 2.842262e-01 
1.139157e+00 2.842134e-01 
1.140430e+00 2.842004e-01 
1.141713e+00 2.841874e-01 
1.143005e+00 2.841743e-01 
1.144308e+00 2.841611e-01 
1.145621e+00 2.841478e-01 
1.146944e+00 2.841344e-01 
1.148278e+00 2.841208e-01 
1.149621e+00 2.841072e-01 
1.150976e+00 2.840935e-01 
1.152341e+00 2.840796e-01 
1.153716e+00 2.840657e-01 
1.155103e+00 2.840516e-01 
1.156500e+00 2.840374e-01 
BC
4
4
4
4
4
4
4
4
4
4
4
4
4
4
4
4
4
4
4
4
4
4
4
4
4
4
4
4
4
4
4
4
4
4
4
4
4
4
4
4
4
4
4
4
4
4
4
4
4
4
4
4
4
4
4
4
4
4
4
4
4
4
4
4
4
4
4
4
4
4
4
4
4
4
4
4
4
4
4
4
4
4
4
4
4
4
4
4
4
4
4
4
4
4
4
4
4
4
4
4
4
-1
-1
-1
-1
-1
-1
-1
-1
-1
-1
-1
-1
-1
-1
-1
-1
-1
-1
-1
-1
-1
-1
-1
-1
-1
-1
-1
-1
-1
-1
-1
-1
-1
-1
-1
-1
-1
-1
-1
-1
-1
-1
-1
-1
-1
-1
-1
-1
-1
-1
-1
-1
-1
-1
-1
-1
-1
-1
-1
-1
-1
-1
-1
-1
-1
-1
-1
-1
-1
-1
-1
-1
-1
-1
-1
-1
-1
-1
-1
-1
-1
-1
-1
-1
-1
-1
-1
-1
-1
-1
-1
-1
-1
-1
-1
-1
-1
-1
-1
-1
-1
-1
-1
-1
-1
-1
-1
-1
-1
-1
-1
-1
-1
-1
-1
-1
-1
-1
-1
-1
-1
-1
-1
-1
-1
-1
-1
-1
-1
-1
-1
-1
-1
-1
-1
-1
-1
-1
-1
-1
-1
-1
-1
-1
-1
-1
-1
-1
-1
-1
-1
-1
-1
