npartb: 4 2 
ipartb: 1 1 
ngrid: 77 25 
-1.195724e-01 1.570088e-01 
-1.145667e-01 1.570088e-01 
-1.095611e-01 1.570088e-01 
-1.045555e-01 1.570088e-01 
-9.954987e-02 1.570088e-01 
-9.454424e-02 1.570088e-01 
-8.953861e-02 1.570088e-01 
-8.453299e-02 1.570088e-01 
-7.952736e-02 1.570088e-01 
-7.452173e-02 1.570088e-01 
-6.951611e-02 1.570088e-01 
-6.451048e-02 1.570088e-01 
-5.950485e-02 1.570088e-01 
-5.449923e-02 1.570088e-01 
-4.949360e-02 1.570088e-01 
-4.521315e-02 1.575290e-01 
-4.093271e-02 1.580493e-01 
-3.665226e-02 1.585695e-01 
-3.237182e-02 1.590897e-01 
-2.809137e-02 1.596099e-01 
-2.381093e-02 1.601302e-01 
-1.953048e-02 1.606504e-01 
-1.525003e-02 1.611706e-01 
-1.096959e-02 1.616909e-01 
-6.689143e-03 1.622111e-01 
-2.408697e-03 1.627313e-01 
1.871749e-03 1.632515e-01 
6.152194e-03 1.637718e-01 
1.043264e-02 1.642920e-01 
1.471309e-02 1.648122e-01 
1.899353e-02 1.653325e-01 
2.327398e-02 1.658527e-01 
2.755442e-02 1.663729e-01 
3.183487e-02 1.668931e-01 
3.611531e-02 1.674134e-01 
4.039576e-02 1.679336e-01 
4.467621e-02 1.684538e-01 
4.895665e-02 1.689741e-01 
5.323710e-02 1.694943e-01 
5.751754e-02 1.700145e-01 
6.179799e-02 1.705347e-01 
6.607843e-02 1.710550e-01 
7.035888e-02 1.715752e-01 
7.463933e-02 1.720954e-01 
7.891977e-02 1.726157e-01 
8.320022e-02 1.731359e-01 
8.748066e-02 1.736561e-01 
9.176111e-02 1.741763e-01 
9.604155e-02 1.746966e-01 
1.003220e-01 1.752168e-01 
1.046024e-01 1.757370e-01 
1.088829e-01 1.762573e-01 
1.131633e-01 1.767775e-01 
1.174438e-01 1.772977e-01 
1.217242e-01 1.778179e-01 
1.260047e-01 1.783382e-01 
1.302851e-01 1.788584e-01 
1.345656e-01 1.793786e-01 
1.388460e-01 1.798989e-01 
1.431265e-01 1.804191e-01 
1.474069e-01 1.809393e-01 
1.516873e-01 1.814595e-01 
1.559678e-01 1.819798e-01 
1.602482e-01 1.825000e-01 
1.645287e-01 1.830202e-01 
1.688091e-01 1.835405e-01 
1.730896e-01 1.840607e-01 
1.773700e-01 1.845809e-01 
1.816505e-01 1.851011e-01 
1.859309e-01 1.856214e-01 
1.902114e-01 1.861416e-01 
1.944918e-01 1.866618e-01 
1.987723e-01 1.871821e-01 
2.030527e-01 1.877023e-01 
2.073331e-01 1.882225e-01 
2.116136e-01 1.887427e-01 
2.158940e-01 1.892630e-01 
-1.211799e-01 1.630476e-01 
-1.161954e-01 1.630476e-01 
-1.112109e-01 1.630476e-01 
-1.062264e-01 1.630476e-01 
-1.012420e-01 1.630476e-01 
-9.625748e-02 1.630476e-01 
-9.127300e-02 1.630476e-01 
-8.628853e-02 1.630476e-01 
-8.130405e-02 1.630476e-01 
-7.631958e-02 1.630476e-01 
-7.133510e-02 1.630476e-01 
-6.635063e-02 1.630476e-01 
-6.136615e-02 1.630476e-01 
-5.638168e-02 1.630476e-01 
-5.139720e-02 1.630476e-01 
-4.710769e-02 1.635462e-01 
-4.281818e-02 1.640447e-01 
-3.852867e-02 1.645433e-01 
-3.423916e-02 1.650418e-01 
-2.994965e-02 1.655404e-01 
-2.566014e-02 1.660389e-01 
-2.137063e-02 1.665375e-01 
-1.708112e-02 1.670360e-01 
-1.279161e-02 1.675346e-01 
-8.502095e-03 1.680331e-01 
-4.212585e-03 1.685317e-01 
7.692571e-05 1.690302e-01 
4.366436e-03 1.695288e-01 
8.655947e-03 1.700273e-01 
1.294546e-02 1.705259e-01 
1.723497e-02 1.710244e-01 
2.152448e-02 1.715230e-01 
2.581399e-02 1.720215e-01 
3.010350e-02 1.725201e-01 
3.439301e-02 1.730186e-01 
3.868252e-02 1.735172e-01 
4.297203e-02 1.740158e-01 
4.726154e-02 1.745143e-01 
5.155105e-02 1.750129e-01 
5.584056e-02 1.755114e-01 
6.013007e-02 1.760100e-01 
6.441958e-02 1.765085e-01 
6.870909e-02 1.770071e-01 
7.299860e-02 1.775056e-01 
7.728811e-02 1.780042e-01 
8.157762e-02 1.785027e-01 
8.586714e-02 1.790013e-01 
9.015665e-02 1.794998e-01 
9.444616e-02 1.799984e-01 
9.873567e-02 1.804969e-01 
1.030252e-01 1.809955e-01 
1.073147e-01 1.814940e-01 
1.116042e-01 1.819926e-01 
1.158937e-01 1.824911e-01 
1.201832e-01 1.829897e-01 
1.244727e-01 1.834882e-01 
1.287622e-01 1.839868e-01 
1.330518e-01 1.844854e-01 
1.373413e-01 1.849839e-01 
1.416308e-01 1.854825e-01 
1.459203e-01 1.859810e-01 
1.502098e-01 1.864796e-01 
1.544993e-01 1.869781e-01 
1.587888e-01 1.874767e-01 
1.630783e-01 1.879752e-01 
1.673678e-01 1.884738e-01 
1.716573e-01 1.889723e-01 
1.759469e-01 1.894709e-01 
1.802364e-01 1.899694e-01 
1.845259e-01 1.904680e-01 
1.888154e-01 1.909665e-01 
1.931049e-01 1.914651e-01 
1.973944e-01 1.919636e-01 
2.016839e-01 1.924622e-01 
2.059734e-01 1.929607e-01 
2.102629e-01 1.934593e-01 
2.145524e-01 1.939578e-01 
-1.227873e-01 1.690864e-01 
-1.178240e-01 1.690864e-01 
-1.128607e-01 1.690864e-01 
-1.078974e-01 1.690864e-01 
-1.029340e-01 1.690864e-01 
-9.797072e-02 1.690864e-01 
-9.300740e-02 1.690864e-01 
-8.804407e-02 1.690864e-01 
-8.308075e-02 1.690864e-01 
-7.811742e-02 1.690864e-01 
-7.315410e-02 1.690864e-01 
-6.819077e-02 1.690864e-01 
-6.322745e-02 1.690864e-01 
-5.826412e-02 1.690864e-01 
-5.330080e-02 1.690864e-01 
-4.900222e-02 1.695633e-01 
-4.470365e-02 1.700402e-01 
-4.040507e-02 1.705170e-01 
-3.610650e-02 1.709939e-01 
-3.180792e-02 1.714708e-01 
-2.750935e-02 1.719477e-01 
-2.321077e-02 1.724245e-01 
-1.891220e-02 1.729014e-01 
-1.461362e-02 1.733783e-01 
-1.031505e-02 1.738552e-01 
-6.016472e-03 1.743320e-01 
-1.717897e-03 1.748089e-01 
2.580678e-03 1.752858e-01 
6.879253e-03 1.757627e-01 
1.117783e-02 1.762395e-01 
1.547640e-02 1.767164e-01 
1.977498e-02 1.771933e-01 
2.407355e-02 1.776702e-01 
2.837213e-02 1.781470e-01 
3.267070e-02 1.786239e-01 
3.696928e-02 1.791008e-01 
4.126786e-02 1.795777e-01 
4.556643e-02 1.800546e-01 
4.986501e-02 1.805314e-01 
5.416358e-02 1.810083e-01 
5.846216e-02 1.814852e-01 
6.276073e-02 1.819621e-01 
6.705931e-02 1.824389e-01 
7.135788e-02 1.829158e-01 
7.565646e-02 1.833927e-01 
7.995503e-02 1.838696e-01 
8.425361e-02 1.843464e-01 
8.855218e-02 1.848233e-01 
9.285076e-02 1.853002e-01 
9.714933e-02 1.857771e-01 
1.014479e-01 1.862539e-01 
1.057465e-01 1.867308e-01 
1.100451e-01 1.872077e-01 
1.143436e-01 1.876846e-01 
1.186422e-01 1.881614e-01 
1.229408e-01 1.886383e-01 
1.272394e-01 1.891152e-01 
1.315379e-01 1.895921e-01 
1.358365e-01 1.900690e-01 
1.401351e-01 1.905458e-01 
1.444337e-01 1.910227e-01 
1.487322e-01 1.914996e-01 
1.530308e-01 1.919765e-01 
1.573294e-01 1.924533e-01 
1.616280e-01 1.929302e-01 
1.659265e-01 1.934071e-01 
1.702251e-01 1.938840e-01 
1.745237e-01 1.943608e-01 
1.788223e-01 1.948377e-01 
1.831208e-01 1.953146e-01 
1.874194e-01 1.957915e-01 
1.917180e-01 1.962683e-01 
1.960166e-01 1.967452e-01 
2.003151e-01 1.972221e-01 
2.046137e-01 1.976990e-01 
2.089123e-01 1.981758e-01 
2.132109e-01 1.986527e-01 
-1.243948e-01 1.751252e-01 
-1.194527e-01 1.751252e-01 
-1.145105e-01 1.751252e-01 
-1.095683e-01 1.751252e-01 
-1.046261e-01 1.751252e-01 
-9.968396e-02 1.751252e-01 
-9.474179e-02 1.751252e-01 
-8.979961e-02 1.751252e-01 
-8.485744e-02 1.751252e-01 
-7.991527e-02 1.751252e-01 
-7.497309e-02 1.751252e-01 
-7.003092e-02 1.751252e-01 
-6.508875e-02 1.751252e-01 
-6.014657e-02 1.751252e-01 
-5.520440e-02 1.751252e-01 
-5.089676e-02 1.755804e-01 
-4.658912e-02 1.760356e-01 
-4.228148e-02 1.764908e-01 
-3.797384e-02 1.769460e-01 
-3.366620e-02 1.774012e-01 
-2.935856e-02 1.778564e-01 
-2.505092e-02 1.783116e-01 
-2.074328e-02 1.787668e-01 
-1.643564e-02 1.792220e-01 
-1.212800e-02 1.796772e-01 
-7.820360e-03 1.801324e-01 
-3.512720e-03 1.805876e-01 
7.949200e-04 1.810428e-01 
5.102560e-03 1.814980e-01 
9.410200e-03 1.819532e-01 
1.371784e-02 1.824084e-01 
1.802548e-02 1.828636e-01 
2.233312e-02 1.833188e-01 
2.664076e-02 1.837740e-01 
3.094840e-02 1.842292e-01 
3.525604e-02 1.846844e-01 
3.956368e-02 1.851396e-01 
4.387132e-02 1.855948e-01 
4.817896e-02 1.860500e-01 
5.248660e-02 1.865052e-01 
5.679424e-02 1.869604e-01 
6.110188e-02 1.874156e-01 
6.540952e-02 1.878708e-01 
6.971716e-02 1.883260e-01 
7.402480e-02 1.887812e-01 
7.833244e-02 1.892364e-01 
8.264008e-02 1.896916e-01 
8.694772e-02 1.901468e-01 
9.125536e-02 1.906020e-01 
9.556300e-02 1.910572e-01 
9.987064e-02 1.915124e-01 
1.041783e-01 1.919676e-01 
1.084859e-01 1.924228e-01 
1.127936e-01 1.928780e-01 
1.171012e-01 1.933332e-01 
1.214088e-01 1.937884e-01 
1.257165e-01 1.942436e-01 
1.300241e-01 1.946988e-01 
1.343318e-01 1.951540e-01 
1.386394e-01 1.956092e-01 
1.429470e-01 1.960644e-01 
1.472547e-01 1.965196e-01 
1.515623e-01 1.969748e-01 
1.558700e-01 1.974300e-01 
1.601776e-01 1.978852e-01 
1.644852e-01 1.983404e-01 
1.687929e-01 1.987956e-01 
1.731005e-01 1.992508e-01 
1.774082e-01 1.997060e-01 
1.817158e-01 2.001612e-01 
1.860234e-01 2.006164e-01 
1.903311e-01 2.010716e-01 
1.946387e-01 2.015268e-01 
1.989464e-01 2.019820e-01 
2.032540e-01 2.024372e-01 
2.075616e-01 2.028924e-01 
2.118693e-01 2.033476e-01 
-1.260023e-01 1.811640e-01 
-1.210813e-01 1.811640e-01 
-1.161603e-01 1.811640e-01 
-1.112392e-01 1.811640e-01 
-1.063182e-01 1.811640e-01 
-1.013972e-01 1.811640e-01 
-9.647618e-02 1.811640e-01 
-9.155516e-02 1.811640e-01 
-8.663413e-02 1.811640e-01 
-8.171311e-02 1.811640e-01 
-7.679209e-02 1.811640e-01 
-7.187107e-02 1.811640e-01 
-6.695004e-02 1.811640e-01 
-6.202902e-02 1.811640e-01 
-5.710800e-02 1.811640e-01 
-5.279130e-02 1.815975e-01 
-4.847459e-02 1.820310e-01 
-4.415789e-02 1.824646e-01 
-3.984118e-02 1.828981e-01 
-3.552448e-02 1.833316e-01 
-3.120777e-02 1.837651e-01 
-2.689107e-02 1.841987e-01 
-2.257436e-02 1.846322e-01 
-1.825766e-02 1.850657e-01 
-1.394095e-02 1.854992e-01 
-9.624248e-03 1.859328e-01 
-5.307543e-03 1.863663e-01 
-9.908381e-04 1.867998e-01 
3.325867e-03 1.872333e-01 
7.642571e-03 1.876669e-01 
1.195928e-02 1.881004e-01 
1.627598e-02 1.885339e-01 
2.059269e-02 1.889674e-01 
2.490939e-02 1.894010e-01 
2.922610e-02 1.898345e-01 
3.354280e-02 1.902680e-01 
3.785950e-02 1.907015e-01 
4.217621e-02 1.911350e-01 
4.649291e-02 1.915686e-01 
5.080962e-02 1.920021e-01 
5.512632e-02 1.924356e-01 
5.944303e-02 1.928691e-01 
6.375973e-02 1.933027e-01 
6.807644e-02 1.937362e-01 
7.239314e-02 1.941697e-01 
7.670985e-02 1.946032e-01 
8.102655e-02 1.950368e-01 
8.534326e-02 1.954703e-01 
8.965996e-02 1.959038e-01 
9.397667e-02 1.963373e-01 
9.829337e-02 1.967709e-01 
1.026101e-01 1.972044e-01 
1.069268e-01 1.976379e-01 
1.112435e-01 1.980714e-01 
1.155602e-01 1.985050e-01 
1.198769e-01 1.989385e-01 
1.241936e-01 1.993720e-01 
1.285103e-01 1.998055e-01 
1.328270e-01 2.002390e-01 
1.371437e-01 2.006726e-01 
1.414604e-01 2.011061e-01 
1.457771e-01 2.015396e-01 
1.500938e-01 2.019731e-01 
1.544105e-01 2.024067e-01 
1.587272e-01 2.028402e-01 
1.630439e-01 2.032737e-01 
1.673606e-01 2.037072e-01 
1.716774e-01 2.041408e-01 
1.759941e-01 2.045743e-01 
1.803108e-01 2.050078e-01 
1.846275e-01 2.054413e-01 
1.889442e-01 2.058749e-01 
1.932609e-01 2.063084e-01 
1.975776e-01 2.067419e-01 
2.018943e-01 2.071754e-01 
2.062110e-01 2.076090e-01 
2.105277e-01 2.080425e-01 
-1.276098e-01 1.872028e-01 
-1.227099e-01 1.872028e-01 
-1.178101e-01 1.872028e-01 
-1.129102e-01 1.872028e-01 
-1.080103e-01 1.872028e-01 
-1.031104e-01 1.872028e-01 
-9.821057e-02 1.872028e-01 
-9.331070e-02 1.872028e-01 
-8.841083e-02 1.872028e-01 
-8.351096e-02 1.872028e-01 
-7.861108e-02 1.872028e-01 
-7.371121e-02 1.872028e-01 
-6.881134e-02 1.872028e-01 
-6.391147e-02 1.872028e-01 
-5.901160e-02 1.872028e-01 
-5.468583e-02 1.876146e-01 
-5.036006e-02 1.880265e-01 
-4.603429e-02 1.884383e-01 
-4.170852e-02 1.888502e-01 
-3.738275e-02 1.892620e-01 
-3.305698e-02 1.896739e-01 
-2.873121e-02 1.900857e-01 
-2.440544e-02 1.904976e-01 
-2.007967e-02 1.909094e-01 
-1.575390e-02 1.913213e-01 
-1.142814e-02 1.917331e-01 
-7.102366e-03 1.921450e-01 
-2.776596e-03 1.925568e-01 
1.549173e-03 1.929687e-01 
5.874943e-03 1.933805e-01 
1.020071e-02 1.937924e-01 
1.452648e-02 1.942042e-01 
1.885225e-02 1.946161e-01 
2.317802e-02 1.950279e-01 
2.750379e-02 1.954398e-01 
3.182956e-02 1.958516e-01 
3.615533e-02 1.962634e-01 
4.048110e-02 1.966753e-01 
4.480687e-02 1.970871e-01 
4.913264e-02 1.974990e-01 
5.345841e-02 1.979108e-01 
5.778418e-02 1.983227e-01 
6.210995e-02 1.987345e-01 
6.643572e-02 1.991464e-01 
7.076149e-02 1.995582e-01 
7.508726e-02 1.999701e-01 
7.941302e-02 2.003819e-01 
8.373879e-02 2.007938e-01 
8.806456e-02 2.012056e-01 
9.239033e-02 2.016175e-01 
9.671610e-02 2.020293e-01 
1.010419e-01 2.024412e-01 
1.053676e-01 2.028530e-01 
1.096934e-01 2.032649e-01 
1.140192e-01 2.036767e-01 
1.183450e-01 2.040886e-01 
1.226707e-01 2.045004e-01 
1.269965e-01 2.049122e-01 
1.313223e-01 2.053241e-01 
1.356480e-01 2.057359e-01 
1.399738e-01 2.061478e-01 
1.442996e-01 2.065596e-01 
1.486253e-01 2.069715e-01 
1.529511e-01 2.073833e-01 
1.572769e-01 2.077952e-01 
1.616026e-01 2.082070e-01 
1.659284e-01 2.086189e-01 
1.702542e-01 2.090307e-01 
1.745800e-01 2.094426e-01 
1.789057e-01 2.098544e-01 
1.832315e-01 2.102663e-01 
1.875573e-01 2.106781e-01 
1.918830e-01 2.110900e-01 
1.962088e-01 2.115018e-01 
2.005346e-01 2.119137e-01 
2.048603e-01 2.123255e-01 
2.091861e-01 2.127374e-01 
-1.292173e-01 1.932416e-01 
-1.243386e-01 1.932416e-01 
-1.194598e-01 1.932416e-01 
-1.145811e-01 1.932416e-01 
-1.097024e-01 1.932416e-01 
-1.048237e-01 1.932416e-01 
-9.994496e-02 1.932416e-01 
-9.506624e-02 1.932416e-01 
-9.018752e-02 1.932416e-01 
-8.530880e-02 1.932416e-01 
-8.043008e-02 1.932416e-01 
-7.555136e-02 1.932416e-01 
-7.067264e-02 1.932416e-01 
-6.579392e-02 1.932416e-01 
-6.091520e-02 1.932416e-01 
-5.658037e-02 1.936318e-01 
-5.224553e-02 1.940219e-01 
-4.791070e-02 1.944121e-01 
-4.357586e-02 1.948023e-01 
-3.924103e-02 1.951925e-01 
-3.490619e-02 1.955826e-01 
-3.057136e-02 1.959728e-01 
-2.623653e-02 1.963630e-01 
-2.190169e-02 1.967531e-01 
-1.756686e-02 1.971433e-01 
-1.323202e-02 1.975335e-01 
-8.897189e-03 1.979237e-01 
-4.562354e-03 1.983138e-01 
-2.275200e-04 1.987040e-01 
4.107314e-03 1.990942e-01 
8.442149e-03 1.994843e-01 
1.277698e-02 1.998745e-01 
1.711182e-02 2.002647e-01 
2.144665e-02 2.006549e-01 
2.578149e-02 2.010450e-01 
3.011632e-02 2.014352e-01 
3.445115e-02 2.018254e-01 
3.878599e-02 2.022155e-01 
4.312082e-02 2.026057e-01 
4.745566e-02 2.029959e-01 
5.179049e-02 2.033861e-01 
5.612533e-02 2.037762e-01 
6.046016e-02 2.041664e-01 
6.479499e-02 2.045566e-01 
6.912983e-02 2.049467e-01 
7.346466e-02 2.053369e-01 
7.779950e-02 2.057271e-01 
8.213433e-02 2.061173e-01 
8.646917e-02 2.065074e-01 
9.080400e-02 2.068976e-01 
9.513883e-02 2.072878e-01 
9.947367e-02 2.076779e-01 
1.038085e-01 2.080681e-01 
1.081433e-01 2.084583e-01 
1.124782e-01 2.088485e-01 
1.168130e-01 2.092386e-01 
1.211478e-01 2.096288e-01 
1.254827e-01 2.100190e-01 
1.298175e-01 2.104091e-01 
1.341523e-01 2.107993e-01 
1.384872e-01 2.111895e-01 
1.428220e-01 2.115797e-01 
1.471568e-01 2.119698e-01 
1.514917e-01 2.123600e-01 
1.558265e-01 2.127502e-01 
1.601613e-01 2.131403e-01 
1.644962e-01 2.135305e-01 
1.688310e-01 2.139207e-01 
1.731659e-01 2.143109e-01 
1.775007e-01 2.147010e-01 
1.818355e-01 2.150912e-01 
1.861704e-01 2.154814e-01 
1.905052e-01 2.158715e-01 
1.948400e-01 2.162617e-01 
1.991749e-01 2.166519e-01 
2.035097e-01 2.170421e-01 
2.078445e-01 2.174322e-01 
-1.308248e-01 1.992804e-01 
-1.259672e-01 1.992804e-01 
-1.211096e-01 1.992804e-01 
-1.162521e-01 1.992804e-01 
-1.113945e-01 1.992804e-01 
-1.065369e-01 1.992804e-01 
-1.016794e-01 1.992804e-01 
-9.682178e-02 1.992804e-01 
-9.196421e-02 1.992804e-01 
-8.710664e-02 1.992804e-01 
-8.224908e-02 1.992804e-01 
-7.739151e-02 1.992804e-01 
-7.253394e-02 1.992804e-01 
-6.767637e-02 1.992804e-01 
-6.281880e-02 1.992804e-01 
-5.847490e-02 1.996489e-01 
-5.413100e-02 2.000174e-01 
-4.978710e-02 2.003859e-01 
-4.544320e-02 2.007544e-01 
-4.109930e-02 2.011229e-01 
-3.675541e-02 2.014914e-01 
-3.241151e-02 2.018599e-01 
-2.806761e-02 2.022284e-01 
-2.372371e-02 2.025969e-01 
-1.937981e-02 2.029654e-01 
-1.503591e-02 2.033338e-01 
-1.069201e-02 2.037023e-01 
-6.348112e-03 2.040708e-01 
-2.004213e-03 2.044393e-01 
2.339686e-03 2.048078e-01 
6.683585e-03 2.051763e-01 
1.102748e-02 2.055448e-01 
1.537138e-02 2.059133e-01 
1.971528e-02 2.062818e-01 
2.405918e-02 2.066503e-01 
2.840308e-02 2.070188e-01 
3.274698e-02 2.073873e-01 
3.709088e-02 2.077558e-01 
4.143478e-02 2.081243e-01 
4.577868e-02 2.084928e-01 
5.012258e-02 2.088613e-01 
5.446647e-02 2.092298e-01 
5.881037e-02 2.095983e-01 
6.315427e-02 2.099668e-01 
6.749817e-02 2.103353e-01 
7.184207e-02 2.107038e-01 
7.618597e-02 2.110722e-01 
8.052987e-02 2.114407e-01 
8.487377e-02 2.118092e-01 
8.921767e-02 2.121777e-01 
9.356157e-02 2.125462e-01 
9.790546e-02 2.129147e-01 
1.022494e-01 2.132832e-01 
1.065933e-01 2.136517e-01 
1.109372e-01 2.140202e-01 
1.152811e-01 2.143887e-01 
1.196250e-01 2.147572e-01 
1.239689e-01 2.151257e-01 
1.283128e-01 2.154942e-01 
1.326567e-01 2.158627e-01 
1.370006e-01 2.162312e-01 
1.413445e-01 2.165997e-01 
1.456884e-01 2.169682e-01 
1.500323e-01 2.173367e-01 
1.543762e-01 2.177052e-01 
1.587201e-01 2.180737e-01 
1.630640e-01 2.184422e-01 
1.674078e-01 2.188106e-01 
1.717517e-01 2.191791e-01 
1.760956e-01 2.195476e-01 
1.804395e-01 2.199161e-01 
1.847834e-01 2.202846e-01 
1.891273e-01 2.206531e-01 
1.934712e-01 2.210216e-01 
1.978151e-01 2.213901e-01 
2.021590e-01 2.217586e-01 
2.065029e-01 2.221271e-01 
-1.324322e-01 2.053192e-01 
-1.275958e-01 2.053192e-01 
-1.227594e-01 2.053192e-01 
-1.179230e-01 2.053192e-01 
-1.130866e-01 2.053192e-01 
-1.082502e-01 2.053192e-01 
-1.034137e-01 2.053192e-01 
-9.857732e-02 2.053192e-01 
-9.374091e-02 2.053192e-01 
-8.890449e-02 2.053192e-01 
-8.406807e-02 2.053192e-01 
-7.923165e-02 2.053192e-01 
-7.439524e-02 2.053192e-01 
-6.955882e-02 2.053192e-01 
-6.472240e-02 2.053192e-01 
-6.036944e-02 2.056660e-01 
-5.601647e-02 2.060128e-01 
-5.166351e-02 2.063597e-01 
-4.731054e-02 2.067065e-01 
-4.295758e-02 2.070533e-01 
-3.860462e-02 2.074001e-01 
-3.425165e-02 2.077469e-01 
-2.989869e-02 2.080938e-01 
-2.554573e-02 2.084406e-01 
-2.119276e-02 2.087874e-01 
-1.683980e-02 2.091342e-01 
-1.248683e-02 2.094810e-01 
-8.133870e-03 2.098278e-01 
-3.780907e-03 2.101747e-01 
5.720571e-04 2.105215e-01 
4.925021e-03 2.108683e-01 
9.277985e-03 2.112151e-01 
1.363095e-02 2.115619e-01 
1.798391e-02 2.119088e-01 
2.233688e-02 2.122556e-01 
2.668984e-02 2.126024e-01 
3.104280e-02 2.129492e-01 
3.539577e-02 2.132960e-01 
3.974873e-02 2.136429e-01 
4.410170e-02 2.139897e-01 
4.845466e-02 2.143365e-01 
5.280762e-02 2.146833e-01 
5.716059e-02 2.150301e-01 
6.151355e-02 2.153770e-01 
6.586651e-02 2.157238e-01 
7.021948e-02 2.160706e-01 
7.457244e-02 2.164174e-01 
7.892541e-02 2.167642e-01 
8.327837e-02 2.171110e-01 
8.763133e-02 2.174579e-01 
9.198430e-02 2.178047e-01 
9.633726e-02 2.181515e-01 
1.006902e-01 2.184983e-01 
1.050432e-01 2.188451e-01 
1.093962e-01 2.191920e-01 
1.137491e-01 2.195388e-01 
1.181021e-01 2.198856e-01 
1.224550e-01 2.202324e-01 
1.268080e-01 2.205792e-01 
1.311610e-01 2.209261e-01 
1.355139e-01 2.212729e-01 
1.398669e-01 2.216197e-01 
1.442199e-01 2.219665e-01 
1.485728e-01 2.223133e-01 
1.529258e-01 2.226602e-01 
1.572788e-01 2.230070e-01 
1.616317e-01 2.233538e-01 
1.659847e-01 2.237006e-01 
1.703376e-01 2.240474e-01 
1.746906e-01 2.243942e-01 
1.790436e-01 2.247411e-01 
1.833965e-01 2.250879e-01 
1.877495e-01 2.254347e-01 
1.921025e-01 2.257815e-01 
1.964554e-01 2.261283e-01 
2.008084e-01 2.264752e-01 
2.051614e-01 2.268220e-01 
-1.340397e-01 2.113580e-01 
-1.292245e-01 2.113580e-01 
-1.244092e-01 2.113580e-01 
-1.195939e-01 2.113580e-01 
-1.147787e-01 2.113580e-01 
-1.099634e-01 2.113580e-01 
-1.051481e-01 2.113580e-01 
-1.003329e-01 2.113580e-01 
-9.551760e-02 2.113580e-01 
-9.070233e-02 2.113580e-01 
-8.588707e-02 2.113580e-01 
-8.107180e-02 2.113580e-01 
-7.625653e-02 2.113580e-01 
-7.144127e-02 2.113580e-01 
-6.662600e-02 2.113580e-01 
-6.226397e-02 2.116831e-01 
-5.790194e-02 2.120083e-01 
-5.353991e-02 2.123334e-01 
-4.917789e-02 2.126586e-01 
-4.481586e-02 2.129837e-01 
-4.045383e-02 2.133089e-01 
-3.609180e-02 2.136340e-01 
-3.172977e-02 2.139591e-01 
-2.736774e-02 2.142843e-01 
-2.300571e-02 2.146094e-01 
-1.864369e-02 2.149346e-01 
-1.428166e-02 2.152597e-01 
-9.919629e-03 2.155849e-01 
-5.557600e-03 2.159100e-01 
-1.195571e-03 2.162351e-01 
3.166457e-03 2.165603e-01 
7.528486e-03 2.168854e-01 
1.189051e-02 2.172106e-01 
1.625254e-02 2.175357e-01 
2.061457e-02 2.178609e-01 
2.497660e-02 2.181860e-01 
2.933863e-02 2.185111e-01 
3.370066e-02 2.188363e-01 
3.806269e-02 2.191614e-01 
4.242471e-02 2.194866e-01 
4.678674e-02 2.198117e-01 
5.114877e-02 2.201369e-01 
5.551080e-02 2.204620e-01 
5.987283e-02 2.207871e-01 
6.423486e-02 2.211123e-01 
6.859689e-02 2.214374e-01 
7.295891e-02 2.217626e-01 
7.732094e-02 2.220877e-01 
8.168297e-02 2.224129e-01 
8.604500e-02 2.227380e-01 
9.040703e-02 2.230631e-01 
9.476906e-02 2.233883e-01 
9.913109e-02 2.237134e-01 
1.034931e-01 2.240386e-01 
1.078551e-01 2.243637e-01 
1.122172e-01 2.246889e-01 
1.165792e-01 2.250140e-01 
1.209412e-01 2.253391e-01 
1.253033e-01 2.256643e-01 
1.296653e-01 2.259894e-01 
1.340273e-01 2.263146e-01 
1.383893e-01 2.266397e-01 
1.427514e-01 2.269649e-01 
1.471134e-01 2.272900e-01 
1.514754e-01 2.276151e-01 
1.558375e-01 2.279403e-01 
1.601995e-01 2.282654e-01 
1.645615e-01 2.285906e-01 
1.689235e-01 2.289157e-01 
1.732856e-01 2.292409e-01 
1.776476e-01 2.295660e-01 
1.820096e-01 2.298911e-01 
1.863717e-01 2.302163e-01 
1.907337e-01 2.305414e-01 
1.950957e-01 2.308666e-01 
1.994577e-01 2.311917e-01 
2.038198e-01 2.315169e-01 
-1.356472e-01 2.173968e-01 
-1.308531e-01 2.173968e-01 
-1.260590e-01 2.173968e-01 
-1.212649e-01 2.173968e-01 
-1.164708e-01 2.173968e-01 
-1.116766e-01 2.173968e-01 
-1.068825e-01 2.173968e-01 
-1.020884e-01 2.173968e-01 
-9.729429e-02 2.173968e-01 
-9.250018e-02 2.173968e-01 
-8.770606e-02 2.173968e-01 
-8.291195e-02 2.173968e-01 
-7.811783e-02 2.173968e-01 
-7.332372e-02 2.173968e-01 
-6.852960e-02 2.173968e-01 
-6.415851e-02 2.177003e-01 
-5.978741e-02 2.180037e-01 
-5.541632e-02 2.183072e-01 
-5.104523e-02 2.186107e-01 
-4.667413e-02 2.189141e-01 
-4.230304e-02 2.192176e-01 
-3.793195e-02 2.195211e-01 
-3.356085e-02 2.198245e-01 
-2.918976e-02 2.201280e-01 
-2.481867e-02 2.204315e-01 
-2.044757e-02 2.207349e-01 
-1.607648e-02 2.210384e-01 
-1.170539e-02 2.213419e-01 
-7.334293e-03 2.216453e-01 
-2.963200e-03 2.219488e-01 
1.407893e-03 2.222523e-01 
5.778987e-03 2.225557e-01 
1.015008e-02 2.228592e-01 
1.452117e-02 2.231627e-01 
1.889227e-02 2.234661e-01 
2.326336e-02 2.237696e-01 
2.763445e-02 2.240731e-01 
3.200555e-02 2.243765e-01 
3.637664e-02 2.246800e-01 
4.074773e-02 2.249835e-01 
4.511883e-02 2.252869e-01 
4.948992e-02 2.255904e-01 
5.386101e-02 2.258939e-01 
5.823211e-02 2.261973e-01 
6.260320e-02 2.265008e-01 
6.697429e-02 2.268043e-01 
7.134539e-02 2.271077e-01 
7.571648e-02 2.274112e-01 
8.008757e-02 2.277147e-01 
8.445867e-02 2.280181e-01 
8.882976e-02 2.283216e-01 
9.320085e-02 2.286251e-01 
9.757195e-02 2.289285e-01 
1.019430e-01 2.292320e-01 
1.063141e-01 2.295355e-01 
1.106852e-01 2.298389e-01 
1.150563e-01 2.301424e-01 
1.194274e-01 2.304459e-01 
1.237985e-01 2.307493e-01 
1.281696e-01 2.310528e-01 
1.325407e-01 2.313563e-01 
1.369118e-01 2.316597e-01 
1.412829e-01 2.319632e-01 
1.456540e-01 2.322667e-01 
1.500251e-01 2.325701e-01 
1.543962e-01 2.328736e-01 
1.587673e-01 2.331771e-01 
1.631383e-01 2.334805e-01 
1.675094e-01 2.337840e-01 
1.718805e-01 2.340875e-01 
1.762516e-01 2.343909e-01 
1.806227e-01 2.346944e-01 
1.849938e-01 2.349979e-01 
1.893649e-01 2.353013e-01 
1.937360e-01 2.356048e-01 
1.981071e-01 2.359083e-01 
2.024782e-01 2.362117e-01 
-1.372547e-01 2.234356e-01 
-1.324817e-01 2.234356e-01 
-1.277088e-01 2.234356e-01 
-1.229358e-01 2.234356e-01 
-1.181628e-01 2.234356e-01 
-1.133899e-01 2.234356e-01 
-1.086169e-01 2.234356e-01 
-1.038440e-01 2.234356e-01 
-9.907099e-02 2.234356e-01 
-9.429802e-02 2.234356e-01 
-8.952506e-02 2.234356e-01 
-8.475209e-02 2.234356e-01 
-7.997913e-02 2.234356e-01 
-7.520616e-02 2.234356e-01 
-7.043320e-02 2.234356e-01 
-6.605304e-02 2.237174e-01 
-6.167288e-02 2.239992e-01 
-5.729273e-02 2.242810e-01 
-5.291257e-02 2.245628e-01 
-4.853241e-02 2.248446e-01 
-4.415225e-02 2.251263e-01 
-3.977209e-02 2.254081e-01 
-3.539194e-02 2.256899e-01 
-3.101178e-02 2.259717e-01 
-2.663162e-02 2.262535e-01 
-2.225146e-02 2.265353e-01 
-1.787130e-02 2.268171e-01 
-1.349114e-02 2.270989e-01 
-9.110987e-03 2.273807e-01 
-4.730829e-03 2.276625e-01 
-3.506705e-04 2.279442e-01 
4.029488e-03 2.282260e-01 
8.409646e-03 2.285078e-01 
1.278980e-02 2.287896e-01 
1.716996e-02 2.290714e-01 
2.155012e-02 2.293532e-01 
2.593028e-02 2.296350e-01 
3.031044e-02 2.299168e-01 
3.469059e-02 2.301986e-01 
3.907075e-02 2.304804e-01 
4.345091e-02 2.307622e-01 
4.783107e-02 2.310439e-01 
5.221123e-02 2.313257e-01 
5.659138e-02 2.316075e-01 
6.097154e-02 2.318893e-01 
6.535170e-02 2.321711e-01 
6.973186e-02 2.324529e-01 
7.411202e-02 2.327347e-01 
7.849218e-02 2.330165e-01 
8.287233e-02 2.332983e-01 
8.725249e-02 2.335801e-01 
9.163265e-02 2.338618e-01 
9.601281e-02 2.341436e-01 
1.003930e-01 2.344254e-01 
1.047731e-01 2.347072e-01 
1.091533e-01 2.349890e-01 
1.135334e-01 2.352708e-01 
1.179136e-01 2.355526e-01 
1.222938e-01 2.358344e-01 
1.266739e-01 2.361162e-01 
1.310541e-01 2.363980e-01 
1.354342e-01 2.366798e-01 
1.398144e-01 2.369615e-01 
1.441945e-01 2.372433e-01 
1.485747e-01 2.375251e-01 
1.529549e-01 2.378069e-01 
1.573350e-01 2.380887e-01 
1.617152e-01 2.383705e-01 
1.660953e-01 2.386523e-01 
1.704755e-01 2.389341e-01 
1.748557e-01 2.392159e-01 
1.792358e-01 2.394977e-01 
1.836160e-01 2.397794e-01 
1.879961e-01 2.400612e-01 
1.923763e-01 2.403430e-01 
1.967564e-01 2.406248e-01 
2.011366e-01 2.409066e-01 
-1.388622e-01 2.294744e-01 
-1.341104e-01 2.294744e-01 
-1.293586e-01 2.294744e-01 
-1.246067e-01 2.294744e-01 
-1.198549e-01 2.294744e-01 
-1.151031e-01 2.294744e-01 
-1.103513e-01 2.294744e-01 
-1.055995e-01 2.294744e-01 
-1.008477e-01 2.294744e-01 
-9.609587e-02 2.294744e-01 
-9.134405e-02 2.294744e-01 
-8.659224e-02 2.294744e-01 
-8.184043e-02 2.294744e-01 
-7.708861e-02 2.294744e-01 
-7.233680e-02 2.294744e-01 
-6.794758e-02 2.297345e-01 
-6.355835e-02 2.299946e-01 
-5.916913e-02 2.302547e-01 
-5.477991e-02 2.305149e-01 
-5.039069e-02 2.307750e-01 
-4.600146e-02 2.310351e-01 
-4.161224e-02 2.312952e-01 
-3.722302e-02 2.315553e-01 
-3.283379e-02 2.318154e-01 
-2.844457e-02 2.320755e-01 
-2.405535e-02 2.323357e-01 
-1.966613e-02 2.325958e-01 
-1.527690e-02 2.328559e-01 
-1.088768e-02 2.331160e-01 
-6.498457e-03 2.333761e-01 
-2.109234e-03 2.336362e-01 
2.279989e-03 2.338963e-01 
6.669211e-03 2.341565e-01 
1.105843e-02 2.344166e-01 
1.544766e-02 2.346767e-01 
1.983688e-02 2.349368e-01 
2.422610e-02 2.351969e-01 
2.861533e-02 2.354570e-01 
3.300455e-02 2.357171e-01 
3.739377e-02 2.359773e-01 
4.178299e-02 2.362374e-01 
4.617222e-02 2.364975e-01 
5.056144e-02 2.367576e-01 
5.495066e-02 2.370177e-01 
5.933989e-02 2.372778e-01 
6.372911e-02 2.375379e-01 
6.811833e-02 2.377981e-01 
7.250755e-02 2.380582e-01 
7.689678e-02 2.383183e-01 
8.128600e-02 2.385784e-01 
8.567522e-02 2.388385e-01 
9.006445e-02 2.390986e-01 
9.445367e-02 2.393587e-01 
9.884289e-02 2.396189e-01 
1.032321e-01 2.398790e-01 
1.076213e-01 2.401391e-01 
1.120106e-01 2.403992e-01 
1.163998e-01 2.406593e-01 
1.207890e-01 2.409194e-01 
1.251782e-01 2.411795e-01 
1.295675e-01 2.414397e-01 
1.339567e-01 2.416998e-01 
1.383459e-01 2.419599e-01 
1.427351e-01 2.422200e-01 
1.471243e-01 2.424801e-01 
1.515136e-01 2.427402e-01 
1.559028e-01 2.430003e-01 
1.602920e-01 2.432605e-01 
1.646812e-01 2.435206e-01 
1.690705e-01 2.437807e-01 
1.734597e-01 2.440408e-01 
1.778489e-01 2.443009e-01 
1.822381e-01 2.445610e-01 
1.866273e-01 2.448211e-01 
1.910166e-01 2.450813e-01 
1.954058e-01 2.453414e-01 
1.997950e-01 2.456015e-01 
-1.404697e-01 2.355132e-01 
-1.357390e-01 2.355132e-01 
-1.310083e-01 2.355132e-01 
-1.262777e-01 2.355132e-01 
-1.215470e-01 2.355132e-01 
-1.168164e-01 2.355132e-01 
-1.120857e-01 2.355132e-01 
-1.073550e-01 2.355132e-01 
-1.026244e-01 2.355132e-01 
-9.789371e-02 2.355132e-01 
-9.316305e-02 2.355132e-01 
-8.843239e-02 2.355132e-01 
-8.370172e-02 2.355132e-01 
-7.897106e-02 2.355132e-01 
-7.424040e-02 2.355132e-01 
-6.984211e-02 2.357516e-01 
-6.544382e-02 2.359901e-01 
-6.104554e-02 2.362285e-01 
-5.664725e-02 2.364670e-01 
-5.224896e-02 2.367054e-01 
-4.785067e-02 2.369438e-01 
-4.345239e-02 2.371823e-01 
-3.905410e-02 2.374207e-01 
-3.465581e-02 2.376591e-01 
-3.025752e-02 2.378976e-01 
-2.585924e-02 2.381360e-01 
-2.146095e-02 2.383745e-01 
-1.706266e-02 2.386129e-01 
-1.266437e-02 2.388513e-01 
-8.266086e-03 2.390898e-01 
-3.867798e-03 2.393282e-01 
5.304895e-04 2.395666e-01 
4.928777e-03 2.398051e-01 
9.327065e-03 2.400435e-01 
1.372535e-02 2.402820e-01 
1.812364e-02 2.405204e-01 
2.252193e-02 2.407588e-01 
2.692022e-02 2.409973e-01 
3.131850e-02 2.412357e-01 
3.571679e-02 2.414742e-01 
4.011508e-02 2.417126e-01 
4.451337e-02 2.419510e-01 
4.891165e-02 2.421895e-01 
5.330994e-02 2.424279e-01 
5.770823e-02 2.426663e-01 
6.210652e-02 2.429048e-01 
6.650480e-02 2.431432e-01 
7.090309e-02 2.433817e-01 
7.530138e-02 2.436201e-01 
7.969967e-02 2.438585e-01 
8.409795e-02 2.440970e-01 
8.849624e-02 2.443354e-01 
9.289453e-02 2.445738e-01 
9.729282e-02 2.448123e-01 
1.016911e-01 2.450507e-01 
1.060894e-01 2.452892e-01 
1.104877e-01 2.455276e-01 
1.148860e-01 2.457660e-01 
1.192843e-01 2.460045e-01 
1.236825e-01 2.462429e-01 
1.280808e-01 2.464814e-01 
1.324791e-01 2.467198e-01 
1.368774e-01 2.469582e-01 
1.412757e-01 2.471967e-01 
1.456740e-01 2.474351e-01 
1.500723e-01 2.476735e-01 
1.544706e-01 2.479120e-01 
1.588688e-01 2.481504e-01 
1.632671e-01 2.483889e-01 
1.676654e-01 2.486273e-01 
1.720637e-01 2.488657e-01 
1.764620e-01 2.491042e-01 
1.808603e-01 2.493426e-01 
1.852586e-01 2.495810e-01 
1.896569e-01 2.498195e-01 
1.940551e-01 2.500579e-01 
1.984534e-01 2.502964e-01 
-1.420772e-01 2.415520e-01 
-1.373676e-01 2.415520e-01 
-1.326581e-01 2.415520e-01 
-1.279486e-01 2.415520e-01 
-1.232391e-01 2.415520e-01 
-1.185296e-01 2.415520e-01 
-1.138201e-01 2.415520e-01 
-1.091106e-01 2.415520e-01 
-1.044011e-01 2.415520e-01 
-9.969156e-02 2.415520e-01 
-9.498204e-02 2.415520e-01 
-9.027253e-02 2.415520e-01 
-8.556302e-02 2.415520e-01 
-8.085351e-02 2.415520e-01 
-7.614400e-02 2.415520e-01 
-7.173665e-02 2.417688e-01 
-6.732930e-02 2.419855e-01 
-6.292194e-02 2.422023e-01 
-5.851459e-02 2.424190e-01 
-5.410724e-02 2.426358e-01 
-4.969989e-02 2.428526e-01 
-4.529253e-02 2.430693e-01 
-4.088518e-02 2.432861e-01 
-3.647783e-02 2.435029e-01 
-3.207048e-02 2.437196e-01 
-2.766312e-02 2.439364e-01 
-2.325577e-02 2.441531e-01 
-1.884842e-02 2.443699e-01 
-1.444107e-02 2.445867e-01 
-1.003371e-02 2.448034e-01 
-5.626362e-03 2.450202e-01 
-1.219010e-03 2.452370e-01 
3.188343e-03 2.454537e-01 
7.595695e-03 2.456705e-01 
1.200305e-02 2.458872e-01 
1.641040e-02 2.461040e-01 
2.081775e-02 2.463208e-01 
2.522510e-02 2.465375e-01 
2.963246e-02 2.467543e-01 
3.403981e-02 2.469710e-01 
3.844716e-02 2.471878e-01 
4.285451e-02 2.474046e-01 
4.726187e-02 2.476213e-01 
5.166922e-02 2.478381e-01 
5.607657e-02 2.480549e-01 
6.048392e-02 2.482716e-01 
6.489128e-02 2.484884e-01 
6.929863e-02 2.487051e-01 
7.370598e-02 2.489219e-01 
7.811333e-02 2.491387e-01 
8.252069e-02 2.493554e-01 
8.692804e-02 2.495722e-01 
9.133539e-02 2.497890e-01 
9.574274e-02 2.500057e-01 
1.001501e-01 2.502225e-01 
1.045574e-01 2.504392e-01 
1.089648e-01 2.506560e-01 
1.133722e-01 2.508728e-01 
1.177795e-01 2.510895e-01 
1.221869e-01 2.513063e-01 
1.265942e-01 2.515230e-01 
1.310016e-01 2.517398e-01 
1.354089e-01 2.519566e-01 
1.398163e-01 2.521733e-01 
1.442236e-01 2.523901e-01 
1.486310e-01 2.526069e-01 
1.530383e-01 2.528236e-01 
1.574457e-01 2.530404e-01 
1.618530e-01 2.532571e-01 
1.662604e-01 2.534739e-01 
1.706677e-01 2.536907e-01 
1.750751e-01 2.539074e-01 
1.794824e-01 2.541242e-01 
1.838898e-01 2.543410e-01 
1.882971e-01 2.545577e-01 
1.927045e-01 2.547745e-01 
1.971118e-01 2.549912e-01 
-1.436846e-01 2.475908e-01 
-1.389963e-01 2.475908e-01 
-1.343079e-01 2.475908e-01 
-1.296196e-01 2.475908e-01 
-1.249312e-01 2.475908e-01 
-1.202428e-01 2.475908e-01 
-1.155545e-01 2.475908e-01 
-1.108661e-01 2.475908e-01 
-1.061778e-01 2.475908e-01 
-1.014894e-01 2.475908e-01 
-9.680104e-02 2.475908e-01 
-9.211268e-02 2.475908e-01 
-8.742432e-02 2.475908e-01 
-8.273596e-02 2.475908e-01 
-7.804760e-02 2.475908e-01 
-7.363118e-02 2.477859e-01 
-6.921477e-02 2.479810e-01 
-6.479835e-02 2.481761e-01 
-6.038193e-02 2.483711e-01 
-5.596551e-02 2.485662e-01 
-5.154910e-02 2.487613e-01 
-4.713268e-02 2.489564e-01 
-4.271626e-02 2.491515e-01 
-3.829985e-02 2.493466e-01 
-3.388343e-02 2.495417e-01 
-2.946701e-02 2.497367e-01 
-2.505059e-02 2.499318e-01 
-2.063418e-02 2.501269e-01 
-1.621776e-02 2.503220e-01 
-1.180134e-02 2.505171e-01 
-7.384926e-03 2.507122e-01 
-2.968509e-03 2.509073e-01 
1.447909e-03 2.511023e-01 
5.864326e-03 2.512974e-01 
1.028074e-02 2.514925e-01 
1.469716e-02 2.516876e-01 
1.911358e-02 2.518827e-01 
2.352999e-02 2.520778e-01 
2.794641e-02 2.522729e-01 
3.236283e-02 2.524679e-01 
3.677925e-02 2.526630e-01 
4.119566e-02 2.528581e-01 
4.561208e-02 2.530532e-01 
5.002850e-02 2.532483e-01 
5.444491e-02 2.534434e-01 
5.886133e-02 2.536385e-01 
6.327775e-02 2.538335e-01 
6.769417e-02 2.540286e-01 
7.211058e-02 2.542237e-01 
7.652700e-02 2.544188e-01 
8.094342e-02 2.546139e-01 
8.535983e-02 2.548090e-01 
8.977625e-02 2.550041e-01 
9.419267e-02 2.551991e-01 
9.860909e-02 2.553942e-01 
1.030255e-01 2.555893e-01 
1.074419e-01 2.557844e-01 
1.118583e-01 2.559795e-01 
1.162748e-01 2.561746e-01 
1.206912e-01 2.563697e-01 
1.251076e-01 2.565647e-01 
1.295240e-01 2.567598e-01 
1.339404e-01 2.569549e-01 
1.383568e-01 2.571500e-01 
1.427733e-01 2.573451e-01 
1.471897e-01 2.575402e-01 
1.516061e-01 2.577353e-01 
1.560225e-01 2.579303e-01 
1.604389e-01 2.581254e-01 
1.648553e-01 2.583205e-01 
1.692718e-01 2.585156e-01 
1.736882e-01 2.587107e-01 
1.781046e-01 2.589058e-01 
1.825210e-01 2.591009e-01 
1.869374e-01 2.592959e-01 
1.913538e-01 2.594910e-01 
1.957703e-01 2.596861e-01 
-1.452921e-01 2.536296e-01 
-1.406249e-01 2.536296e-01 
-1.359577e-01 2.536296e-01 
-1.312905e-01 2.536296e-01 
-1.266233e-01 2.536296e-01 
-1.219561e-01 2.536296e-01 
-1.172889e-01 2.536296e-01 
-1.126217e-01 2.536296e-01 
-1.079545e-01 2.536296e-01 
-1.032872e-01 2.536296e-01 
-9.862004e-02 2.536296e-01 
-9.395283e-02 2.536296e-01 
-8.928562e-02 2.536296e-01 
-8.461841e-02 2.536296e-01 
-7.995120e-02 2.536296e-01 
-7.552572e-02 2.538030e-01 
-7.110024e-02 2.539764e-01 
-6.667475e-02 2.541498e-01 
-6.224927e-02 2.543232e-01 
-5.782379e-02 2.544966e-01 
-5.339831e-02 2.546701e-01 
-4.897283e-02 2.548435e-01 
-4.454734e-02 2.550169e-01 
-4.012186e-02 2.551903e-01 
-3.569638e-02 2.553637e-01 
-3.127090e-02 2.555371e-01 
-2.684542e-02 2.557105e-01 
-2.241994e-02 2.558839e-01 
-1.799445e-02 2.560573e-01 
-1.356897e-02 2.562307e-01 
-9.143490e-03 2.564042e-01 
-4.718008e-03 2.565776e-01 
-2.925257e-04 2.567510e-01 
4.132956e-03 2.569244e-01 
8.558438e-03 2.570978e-01 
1.298392e-02 2.572712e-01 
1.740940e-02 2.574446e-01 
2.183488e-02 2.576180e-01 
2.626037e-02 2.577914e-01 
3.068585e-02 2.579648e-01 
3.511133e-02 2.581382e-01 
3.953681e-02 2.583117e-01 
4.396229e-02 2.584851e-01 
4.838778e-02 2.586585e-01 
5.281326e-02 2.588319e-01 
5.723874e-02 2.590053e-01 
6.166422e-02 2.591787e-01 
6.608970e-02 2.593521e-01 
7.051518e-02 2.595255e-01 
7.494067e-02 2.596989e-01 
7.936615e-02 2.598723e-01 
8.379163e-02 2.600458e-01 
8.821711e-02 2.602192e-01 
9.264259e-02 2.603926e-01 
9.706808e-02 2.605660e-01 
1.014936e-01 2.607394e-01 
1.059190e-01 2.609128e-01 
1.103445e-01 2.610862e-01 
1.147700e-01 2.612596e-01 
1.191955e-01 2.614330e-01 
1.236210e-01 2.616064e-01 
1.280464e-01 2.617798e-01 
1.324719e-01 2.619533e-01 
1.368974e-01 2.621267e-01 
1.413229e-01 2.623001e-01 
1.457484e-01 2.624735e-01 
1.501739e-01 2.626469e-01 
1.545993e-01 2.628203e-01 
1.590248e-01 2.629937e-01 
1.634503e-01 2.631671e-01 
1.678758e-01 2.633405e-01 
1.723013e-01 2.635139e-01 
1.767268e-01 2.636874e-01 
1.811522e-01 2.638608e-01 
1.855777e-01 2.640342e-01 
1.900032e-01 2.642076e-01 
1.944287e-01 2.643810e-01 
-1.468996e-01 2.596684e-01 
-1.422536e-01 2.596684e-01 
-1.376075e-01 2.596684e-01 
-1.329614e-01 2.596684e-01 
-1.283154e-01 2.596684e-01 
-1.236693e-01 2.596684e-01 
-1.190233e-01 2.596684e-01 
-1.143772e-01 2.596684e-01 
-1.097311e-01 2.596684e-01 
-1.050851e-01 2.596684e-01 
-1.004390e-01 2.596684e-01 
-9.579297e-02 2.596684e-01 
-9.114692e-02 2.596684e-01 
-8.650086e-02 2.596684e-01 
-8.185480e-02 2.596684e-01 
-7.742025e-02 2.598201e-01 
-7.298571e-02 2.599719e-01 
-6.855116e-02 2.601236e-01 
-6.411661e-02 2.602753e-01 
-5.968207e-02 2.604271e-01 
-5.524752e-02 2.605788e-01 
-5.081297e-02 2.607305e-01 
-4.637843e-02 2.608823e-01 
-4.194388e-02 2.610340e-01 
-3.750933e-02 2.611857e-01 
-3.307479e-02 2.613375e-01 
-2.864024e-02 2.614892e-01 
-2.420569e-02 2.616409e-01 
-1.977115e-02 2.617927e-01 
-1.533660e-02 2.619444e-01 
-1.090205e-02 2.620961e-01 
-6.467507e-03 2.622479e-01 
-2.032960e-03 2.623996e-01 
2.401587e-03 2.625513e-01 
6.836133e-03 2.627031e-01 
1.127068e-02 2.628548e-01 
1.570523e-02 2.630065e-01 
2.013977e-02 2.631583e-01 
2.457432e-02 2.633100e-01 
2.900887e-02 2.634617e-01 
3.344341e-02 2.636135e-01 
3.787796e-02 2.637652e-01 
4.231251e-02 2.639169e-01 
4.674705e-02 2.640687e-01 
5.118160e-02 2.642204e-01 
5.561615e-02 2.643721e-01 
6.005069e-02 2.645239e-01 
6.448524e-02 2.646756e-01 
6.891979e-02 2.648273e-01 
7.335433e-02 2.649791e-01 
7.778888e-02 2.651308e-01 
8.222343e-02 2.652825e-01 
8.665797e-02 2.654343e-01 
9.109252e-02 2.655860e-01 
9.552707e-02 2.657377e-01 
9.996161e-02 2.658895e-01 
1.043962e-01 2.660412e-01 
1.088307e-01 2.661929e-01 
1.132653e-01 2.663447e-01 
1.176998e-01 2.664964e-01 
1.221343e-01 2.666481e-01 
1.265689e-01 2.667999e-01 
1.310034e-01 2.669516e-01 
1.354380e-01 2.671033e-01 
1.398725e-01 2.672551e-01 
1.443071e-01 2.674068e-01 
1.487416e-01 2.675585e-01 
1.531762e-01 2.677103e-01 
1.576107e-01 2.678620e-01 
1.620453e-01 2.680137e-01 
1.664798e-01 2.681655e-01 
1.709144e-01 2.683172e-01 
1.753489e-01 2.684689e-01 
1.797835e-01 2.686207e-01 
1.842180e-01 2.687724e-01 
1.886525e-01 2.689241e-01 
1.930871e-01 2.690759e-01 
-1.485071e-01 2.657072e-01 
-1.438822e-01 2.657072e-01 
-1.392573e-01 2.657072e-01 
-1.346324e-01 2.657072e-01 
-1.300075e-01 2.657072e-01 
-1.253826e-01 2.657072e-01 
-1.207577e-01 2.657072e-01 
-1.161327e-01 2.657072e-01 
-1.115078e-01 2.657072e-01 
-1.068829e-01 2.657072e-01 
-1.022580e-01 2.657072e-01 
-9.763312e-02 2.657072e-01 
-9.300821e-02 2.657072e-01 
-8.838331e-02 2.657072e-01 
-8.375840e-02 2.657072e-01 
-7.931479e-02 2.658373e-01 
-7.487118e-02 2.659673e-01 
-7.042757e-02 2.660974e-01 
-6.598395e-02 2.662274e-01 
-6.154034e-02 2.663575e-01 
-5.709673e-02 2.664875e-01 
-5.265312e-02 2.666176e-01 
-4.820951e-02 2.667477e-01 
-4.376590e-02 2.668777e-01 
-3.932229e-02 2.670078e-01 
-3.487867e-02 2.671378e-01 
-3.043506e-02 2.672679e-01 
-2.599145e-02 2.673979e-01 
-2.154784e-02 2.675280e-01 
-1.710423e-02 2.676581e-01 
-1.266062e-02 2.677881e-01 
-8.217006e-03 2.679182e-01 
-3.773394e-03 2.680482e-01 
6.702171e-04 2.681783e-01 
5.113829e-03 2.683083e-01 
9.557440e-03 2.684384e-01 
1.400105e-02 2.685685e-01 
1.844466e-02 2.686985e-01 
2.288827e-02 2.688286e-01 
2.733189e-02 2.689586e-01 
3.177550e-02 2.690887e-01 
3.621911e-02 2.692187e-01 
4.066272e-02 2.693488e-01 
4.510633e-02 2.694789e-01 
4.954994e-02 2.696089e-01 
5.399355e-02 2.697390e-01 
5.843717e-02 2.698690e-01 
6.288078e-02 2.699991e-01 
6.732439e-02 2.701291e-01 
7.176800e-02 2.702592e-01 
7.621161e-02 2.703893e-01 
8.065522e-02 2.705193e-01 
8.509883e-02 2.706494e-01 
8.954245e-02 2.707794e-01 
9.398606e-02 2.709095e-01 
9.842967e-02 2.710395e-01 
1.028733e-01 2.711696e-01 
1.073169e-01 2.712997e-01 
1.117605e-01 2.714297e-01 
1.162041e-01 2.715598e-01 
1.206477e-01 2.716898e-01 
1.250913e-01 2.718199e-01 
1.295349e-01 2.719499e-01 
1.339786e-01 2.720800e-01 
1.384222e-01 2.722101e-01 
1.428658e-01 2.723401e-01 
1.473094e-01 2.724702e-01 
1.517530e-01 2.726002e-01 
1.561966e-01 2.727303e-01 
1.606402e-01 2.728603e-01 
1.650838e-01 2.729904e-01 
1.695275e-01 2.731205e-01 
1.739711e-01 2.732505e-01 
1.784147e-01 2.733806e-01 
1.828583e-01 2.735106e-01 
1.873019e-01 2.736407e-01 
1.917455e-01 2.737707e-01 
-1.501146e-01 2.717460e-01 
-1.455108e-01 2.717460e-01 
-1.409071e-01 2.717460e-01 
-1.363033e-01 2.717460e-01 
-1.316996e-01 2.717460e-01 
-1.270958e-01 2.717460e-01 
-1.224920e-01 2.717460e-01 
-1.178883e-01 2.717460e-01 
-1.132845e-01 2.717460e-01 
-1.086808e-01 2.717460e-01 
-1.040770e-01 2.717460e-01 
-9.947327e-02 2.717460e-01 
-9.486951e-02 2.717460e-01 
-9.026576e-02 2.717460e-01 
-8.566200e-02 2.717460e-01 
-8.120932e-02 2.718544e-01 
-7.675665e-02 2.719628e-01 
-7.230397e-02 2.720711e-01 
-6.785130e-02 2.721795e-01 
-6.339862e-02 2.722879e-01 
-5.894594e-02 2.723963e-01 
-5.449327e-02 2.725047e-01 
-5.004059e-02 2.726130e-01 
-4.558791e-02 2.727214e-01 
-4.113524e-02 2.728298e-01 
-3.668256e-02 2.729382e-01 
-3.222989e-02 2.730466e-01 
-2.777721e-02 2.731550e-01 
-2.332453e-02 2.732633e-01 
-1.887186e-02 2.733717e-01 
-1.441918e-02 2.734801e-01 
-9.966505e-03 2.735885e-01 
-5.513829e-03 2.736969e-01 
-1.061152e-03 2.738052e-01 
3.391524e-03 2.739136e-01 
7.844200e-03 2.740220e-01 
1.229688e-02 2.741304e-01 
1.674955e-02 2.742388e-01 
2.120223e-02 2.743471e-01 
2.565490e-02 2.744555e-01 
3.010758e-02 2.745639e-01 
3.456026e-02 2.746723e-01 
3.901293e-02 2.747807e-01 
4.346561e-02 2.748890e-01 
4.791829e-02 2.749974e-01 
5.237096e-02 2.751058e-01 
5.682364e-02 2.752142e-01 
6.127631e-02 2.753226e-01 
6.572899e-02 2.754310e-01 
7.018167e-02 2.755393e-01 
7.463434e-02 2.756477e-01 
7.908702e-02 2.757561e-01 
8.353970e-02 2.758645e-01 
8.799237e-02 2.759729e-01 
9.244505e-02 2.760812e-01 
9.689772e-02 2.761896e-01 
1.013504e-01 2.762980e-01 
1.058031e-01 2.764064e-01 
1.102558e-01 2.765148e-01 
1.147084e-01 2.766231e-01 
1.191611e-01 2.767315e-01 
1.236138e-01 2.768399e-01 
1.280665e-01 2.769483e-01 
1.325191e-01 2.770567e-01 
1.369718e-01 2.771650e-01 
1.414245e-01 2.772734e-01 
1.458772e-01 2.773818e-01 
1.503298e-01 2.774902e-01 
1.547825e-01 2.775986e-01 
1.592352e-01 2.777070e-01 
1.636879e-01 2.778153e-01 
1.681405e-01 2.779237e-01 
1.725932e-01 2.780321e-01 
1.770459e-01 2.781405e-01 
1.814986e-01 2.782489e-01 
1.859512e-01 2.783572e-01 
1.904039e-01 2.784656e-01 
-1.517221e-01 2.777848e-01 
-1.471395e-01 2.777848e-01 
-1.425569e-01 2.777848e-01 
-1.379742e-01 2.777848e-01 
-1.333916e-01 2.777848e-01 
-1.288090e-01 2.777848e-01 
-1.242264e-01 2.777848e-01 
-1.196438e-01 2.777848e-01 
-1.150612e-01 2.777848e-01 
-1.104786e-01 2.777848e-01 
-1.058960e-01 2.777848e-01 
-1.013134e-01 2.777848e-01 
-9.673081e-02 2.777848e-01 
-9.214820e-02 2.777848e-01 
-8.756560e-02 2.777848e-01 
-8.310386e-02 2.778715e-01 
-7.864212e-02 2.779582e-01 
-7.418038e-02 2.780449e-01 
-6.971864e-02 2.781316e-01 
-6.525690e-02 2.782183e-01 
-6.079515e-02 2.783050e-01 
-5.633341e-02 2.783917e-01 
-5.187167e-02 2.784784e-01 
-4.740993e-02 2.785651e-01 
-4.294819e-02 2.786518e-01 
-3.848645e-02 2.787386e-01 
-3.402471e-02 2.788253e-01 
-2.956297e-02 2.789120e-01 
-2.510123e-02 2.789987e-01 
-2.063949e-02 2.790854e-01 
-1.617774e-02 2.791721e-01 
-1.171600e-02 2.792588e-01 
-7.254263e-03 2.793455e-01 
-2.792522e-03 2.794322e-01 
1.669219e-03 2.795189e-01 
6.130960e-03 2.796056e-01 
1.059270e-02 2.796923e-01 
1.505444e-02 2.797790e-01 
1.951618e-02 2.798657e-01 
2.397792e-02 2.799524e-01 
2.843966e-02 2.800391e-01 
3.290141e-02 2.801258e-01 
3.736315e-02 2.802125e-01 
4.182489e-02 2.802992e-01 
4.628663e-02 2.803859e-01 
5.074837e-02 2.804726e-01 
5.521011e-02 2.805594e-01 
5.967185e-02 2.806461e-01 
6.413359e-02 2.807328e-01 
6.859533e-02 2.808195e-01 
7.305707e-02 2.809062e-01 
7.751882e-02 2.809929e-01 
8.198056e-02 2.810796e-01 
8.644230e-02 2.811663e-01 
9.090404e-02 2.812530e-01 
9.536578e-02 2.813397e-01 
9.982752e-02 2.814264e-01 
1.042893e-01 2.815131e-01 
1.087510e-01 2.815998e-01 
1.132127e-01 2.816865e-01 
1.176745e-01 2.817732e-01 
1.221362e-01 2.818599e-01 
1.265980e-01 2.819466e-01 
1.310597e-01 2.820333e-01 
1.355214e-01 2.821200e-01 
1.399832e-01 2.822067e-01 
1.444449e-01 2.822934e-01 
1.489067e-01 2.823802e-01 
1.533684e-01 2.824669e-01 
1.578302e-01 2.825536e-01 
1.622919e-01 2.826403e-01 
1.667536e-01 2.827270e-01 
1.712154e-01 2.828137e-01 
1.756771e-01 2.829004e-01 
1.801389e-01 2.829871e-01 
1.846006e-01 2.830738e-01 
1.890623e-01 2.831605e-01 
-1.533295e-01 2.838236e-01 
-1.487681e-01 2.838236e-01 
-1.442066e-01 2.838236e-01 
-1.396452e-01 2.838236e-01 
-1.350837e-01 2.838236e-01 
-1.305223e-01 2.838236e-01 
-1.259608e-01 2.838236e-01 
-1.213994e-01 2.838236e-01 
-1.168379e-01 2.838236e-01 
-1.122765e-01 2.838236e-01 
-1.077150e-01 2.838236e-01 
-1.031536e-01 2.838236e-01 
-9.859211e-02 2.838236e-01 
-9.403065e-02 2.838236e-01 
-8.946920e-02 2.838236e-01 
-8.499839e-02 2.838886e-01 
-8.052759e-02 2.839537e-01 
-7.605678e-02 2.840187e-01 
-7.158598e-02 2.840837e-01 
-6.711517e-02 2.841487e-01 
-6.264437e-02 2.842138e-01 
-5.817356e-02 2.842788e-01 
-5.370275e-02 2.843438e-01 
-4.923195e-02 2.844089e-01 
-4.476114e-02 2.844739e-01 
-4.029034e-02 2.845389e-01 
-3.581953e-02 2.846039e-01 
-3.134873e-02 2.846690e-01 
-2.687792e-02 2.847340e-01 
-2.240711e-02 2.847990e-01 
-1.793631e-02 2.848641e-01 
-1.346550e-02 2.849291e-01 
-8.994697e-03 2.849941e-01 
-4.523891e-03 2.850591e-01 
-5.308571e-05 2.851242e-01 
4.417720e-03 2.851892e-01 
8.888526e-03 2.852542e-01 
1.335933e-02 2.853193e-01 
1.783014e-02 2.853843e-01 
2.230094e-02 2.854493e-01 
2.677175e-02 2.855143e-01 
3.124255e-02 2.855794e-01 
3.571336e-02 2.856444e-01 
4.018417e-02 2.857094e-01 
4.465497e-02 2.857745e-01 
4.912578e-02 2.858395e-01 
5.359658e-02 2.859045e-01 
5.806739e-02 2.859695e-01 
6.253819e-02 2.860346e-01 
6.700900e-02 2.860996e-01 
7.147981e-02 2.861646e-01 
7.595061e-02 2.862297e-01 
8.042142e-02 2.862947e-01 
8.489222e-02 2.863597e-01 
8.936303e-02 2.864247e-01 
9.383383e-02 2.864898e-01 
9.830464e-02 2.865548e-01 
1.027754e-01 2.866198e-01 
1.072463e-01 2.866849e-01 
1.117171e-01 2.867499e-01 
1.161879e-01 2.868149e-01 
1.206587e-01 2.868799e-01 
1.251295e-01 2.869450e-01 
1.296003e-01 2.870100e-01 
1.340711e-01 2.870750e-01 
1.385419e-01 2.871401e-01 
1.430127e-01 2.872051e-01 
1.474835e-01 2.872701e-01 
1.519543e-01 2.873351e-01 
1.564251e-01 2.874002e-01 
1.608959e-01 2.874652e-01 
1.653667e-01 2.875302e-01 
1.698375e-01 2.875953e-01 
1.743083e-01 2.876603e-01 
1.787791e-01 2.877253e-01 
1.832499e-01 2.877903e-01 
1.877208e-01 2.878554e-01 
-1.549370e-01 2.898624e-01 
-1.503967e-01 2.898624e-01 
-1.458564e-01 2.898624e-01 
-1.413161e-01 2.898624e-01 
-1.367758e-01 2.898624e-01 
-1.322355e-01 2.898624e-01 
-1.276952e-01 2.898624e-01 
-1.231549e-01 2.898624e-01 
-1.186146e-01 2.898624e-01 
-1.140743e-01 2.898624e-01 
-1.095340e-01 2.898624e-01 
-1.049937e-01 2.898624e-01 
-1.004534e-01 2.898624e-01 
-9.591310e-02 2.898624e-01 
-9.137280e-02 2.898624e-01 
-8.689293e-02 2.899058e-01 
-8.241306e-02 2.899491e-01 
-7.793319e-02 2.899925e-01 
-7.345332e-02 2.900358e-01 
-6.897345e-02 2.900792e-01 
-6.449358e-02 2.901225e-01 
-6.001371e-02 2.901659e-01 
-5.553384e-02 2.902092e-01 
-5.105397e-02 2.902526e-01 
-4.657410e-02 2.902959e-01 
-4.209422e-02 2.903393e-01 
-3.761435e-02 2.903826e-01 
-3.313448e-02 2.904260e-01 
-2.865461e-02 2.904693e-01 
-2.417474e-02 2.905127e-01 
-1.969487e-02 2.905560e-01 
-1.521500e-02 2.905994e-01 
-1.073513e-02 2.906427e-01 
-6.255261e-03 2.906861e-01 
-1.775390e-03 2.907294e-01 
2.704480e-03 2.907728e-01 
7.184350e-03 2.908162e-01 
1.166422e-02 2.908595e-01 
1.614409e-02 2.909029e-01 
2.062396e-02 2.909462e-01 
2.510383e-02 2.909896e-01 
2.958370e-02 2.910329e-01 
3.406357e-02 2.910763e-01 
3.854344e-02 2.911196e-01 
4.302331e-02 2.911630e-01 
4.750318e-02 2.912063e-01 
5.198306e-02 2.912497e-01 
5.646293e-02 2.912930e-01 
6.094280e-02 2.913364e-01 
6.542267e-02 2.913797e-01 
6.990254e-02 2.914231e-01 
7.438241e-02 2.914664e-01 
7.886228e-02 2.915098e-01 
8.334215e-02 2.915531e-01 
8.782202e-02 2.915965e-01 
9.230189e-02 2.916398e-01 
9.678176e-02 2.916832e-01 
1.012616e-01 2.917266e-01 
1.057415e-01 2.917699e-01 
1.102214e-01 2.918133e-01 
1.147012e-01 2.918566e-01 
1.191811e-01 2.919000e-01 
1.236610e-01 2.919433e-01 
1.281409e-01 2.919867e-01 
1.326207e-01 2.920300e-01 
1.371006e-01 2.920734e-01 
1.415805e-01 2.921167e-01 
1.460603e-01 2.921601e-01 
1.505402e-01 2.922034e-01 
1.550201e-01 2.922468e-01 
1.594999e-01 2.922901e-01 
1.639798e-01 2.923335e-01 
1.684597e-01 2.923768e-01 
1.729396e-01 2.924202e-01 
1.774194e-01 2.924635e-01 
1.818993e-01 2.925069e-01 
1.863792e-01 2.925502e-01 
-1.565445e-01 2.959012e-01 
-1.520254e-01 2.959012e-01 
-1.475062e-01 2.959012e-01 
-1.429871e-01 2.959012e-01 
-1.384679e-01 2.959012e-01 
-1.339488e-01 2.959012e-01 
-1.294296e-01 2.959012e-01 
-1.249105e-01 2.959012e-01 
-1.203913e-01 2.959012e-01 
-1.158722e-01 2.959012e-01 
-1.113530e-01 2.959012e-01 
-1.068339e-01 2.959012e-01 
-1.023147e-01 2.959012e-01 
-9.779555e-02 2.959012e-01 
-9.327640e-02 2.959012e-01 
-8.878746e-02 2.959229e-01 
-8.429853e-02 2.959446e-01 
-7.980959e-02 2.959662e-01 
-7.532066e-02 2.959879e-01 
-7.083172e-02 2.960096e-01 
-6.634279e-02 2.960313e-01 
-6.185385e-02 2.960529e-01 
-5.736492e-02 2.960746e-01 
-5.287598e-02 2.960963e-01 
-4.838705e-02 2.961180e-01 
-4.389811e-02 2.961396e-01 
-3.940918e-02 2.961613e-01 
-3.492024e-02 2.961830e-01 
-3.043131e-02 2.962047e-01 
-2.594237e-02 2.962263e-01 
-2.145344e-02 2.962480e-01 
-1.696450e-02 2.962697e-01 
-1.247557e-02 2.962914e-01 
-7.986630e-03 2.963130e-01 
-3.497695e-03 2.963347e-01 
9.912400e-04 2.963564e-01 
5.480175e-03 2.963781e-01 
9.969110e-03 2.963998e-01 
1.445805e-02 2.964214e-01 
1.894698e-02 2.964431e-01 
2.343592e-02 2.964648e-01 
2.792485e-02 2.964865e-01 
3.241379e-02 2.965081e-01 
3.690272e-02 2.965298e-01 
4.139166e-02 2.965515e-01 
4.588059e-02 2.965732e-01 
5.036953e-02 2.965948e-01 
5.485846e-02 2.966165e-01 
5.934740e-02 2.966382e-01 
6.383633e-02 2.966599e-01 
6.832527e-02 2.966815e-01 
7.281420e-02 2.967032e-01 
7.730314e-02 2.967249e-01 
8.179207e-02 2.967466e-01 
8.628101e-02 2.967682e-01 
9.076994e-02 2.967899e-01 
9.525888e-02 2.968116e-01 
9.974782e-02 2.968333e-01 
1.042368e-01 2.968550e-01 
1.087257e-01 2.968766e-01 
1.132146e-01 2.968983e-01 
1.177036e-01 2.969200e-01 
1.221925e-01 2.969417e-01 
1.266814e-01 2.969633e-01 
1.311704e-01 2.969850e-01 
1.356593e-01 2.970067e-01 
1.401482e-01 2.970284e-01 
1.446372e-01 2.970500e-01 
1.491261e-01 2.970717e-01 
1.536150e-01 2.970934e-01 
1.581040e-01 2.971151e-01 
1.625929e-01 2.971367e-01 
1.670818e-01 2.971584e-01 
1.715708e-01 2.971801e-01 
1.760597e-01 2.972018e-01 
1.805486e-01 2.972234e-01 
1.850376e-01 2.972451e-01 
-1.581520e-01 3.019400e-01 
-1.536540e-01 3.019400e-01 
-1.491560e-01 3.019400e-01 
-1.446580e-01 3.019400e-01 
-1.401600e-01 3.019400e-01 
-1.356620e-01 3.019400e-01 
-1.311640e-01 3.019400e-01 
-1.266660e-01 3.019400e-01 
-1.221680e-01 3.019400e-01 
-1.176700e-01 3.019400e-01 
-1.131720e-01 3.019400e-01 
-1.086740e-01 3.019400e-01 
-1.041760e-01 3.019400e-01 
-9.967800e-02 3.019400e-01 
-9.518000e-02 3.019400e-01 
-9.068200e-02 3.019400e-01 
-8.618400e-02 3.019400e-01 
-8.168600e-02 3.019400e-01 
-7.718800e-02 3.019400e-01 
-7.269000e-02 3.019400e-01 
-6.819200e-02 3.019400e-01 
-6.369400e-02 3.019400e-01 
-5.919600e-02 3.019400e-01 
-5.469800e-02 3.019400e-01 
-5.020000e-02 3.019400e-01 
-4.570200e-02 3.019400e-01 
-4.120400e-02 3.019400e-01 
-3.670600e-02 3.019400e-01 
-3.220800e-02 3.019400e-01 
-2.771000e-02 3.019400e-01 
-2.321200e-02 3.019400e-01 
-1.871400e-02 3.019400e-01 
-1.421600e-02 3.019400e-01 
-9.718000e-03 3.019400e-01 
-5.220000e-03 3.019400e-01 
-7.220000e-04 3.019400e-01 
3.776000e-03 3.019400e-01 
8.274000e-03 3.019400e-01 
1.277200e-02 3.019400e-01 
1.727000e-02 3.019400e-01 
2.176800e-02 3.019400e-01 
2.626600e-02 3.019400e-01 
3.076400e-02 3.019400e-01 
3.526200e-02 3.019400e-01 
3.976000e-02 3.019400e-01 
4.425800e-02 3.019400e-01 
4.875600e-02 3.019400e-01 
5.325400e-02 3.019400e-01 
5.775200e-02 3.019400e-01 
6.225000e-02 3.019400e-01 
6.674800e-02 3.019400e-01 
7.124600e-02 3.019400e-01 
7.574400e-02 3.019400e-01 
8.024200e-02 3.019400e-01 
8.474000e-02 3.019400e-01 
8.923800e-02 3.019400e-01 
9.373600e-02 3.019400e-01 
9.823400e-02 3.019400e-01 
1.027320e-01 3.019400e-01 
1.072300e-01 3.019400e-01 
1.117280e-01 3.019400e-01 
1.162260e-01 3.019400e-01 
1.207240e-01 3.019400e-01 
1.252220e-01 3.019400e-01 
1.297200e-01 3.019400e-01 
1.342180e-01 3.019400e-01 
1.387160e-01 3.019400e-01 
1.432140e-01 3.019400e-01 
1.477120e-01 3.019400e-01 
1.522100e-01 3.019400e-01 
1.567080e-01 3.019400e-01 
1.612060e-01 3.019400e-01 
1.657040e-01 3.019400e-01 
1.702020e-01 3.019400e-01 
1.747000e-01 3.019400e-01 
1.791980e-01 3.019400e-01 
1.836960e-01 3.019400e-01 
BC
-1
-1
-1
-1
-1
-1
-1
-1
-1
-1
-1
-1
-1
-1
-1
-1
-1
-1
-1
-1
-1
-1
-1
-1
-1
-1
-1
-1
-1
-1
-1
-1
-1
-1
-1
-1
-1
-1
-1
-1
-1
-1
-1
-1
-1
-1
-1
-1
-1
-1
-1
-1
-1
-1
-1
-1
-1
-1
-1
-1
-1
-1
-1
-1
-1
-1
-1
-1
-1
-1
-1
-1
-1
-1
-1
-1
-1
-1
-1
-1
-1
-1
-1
-1
-1
-1
-1
-1
-1
-1
-1
-1
-1
-1
-1
-1
-1
-1
-1
-1
-1
-1
-1
-1
-1
-1
-1
-1
-1
-1
-1
-1
-1
-1
-1
-1
-1
-1
-1
-1
-1
-1
-1
-1
-1
-1
-1
-1
-1
-1
-1
-1
-1
-1
-1
-1
-1
-1
-1
-1
-1
-1
-1
-1
-1
-1
-1
-1
-1
-1
-1
-1
-1
-1
-1
-1
-1
-1
-1
-1
-1
-1
-1
-1
-1
-1
-1
-1
-1
-1
-1
-1
-1
-1
-1
-1
-1
-1
-1
-1
-1
-1
-1
-1
-1
-1
-1
-1
-1
-1
-1
-1
-1
-1
-1
-1
-1
-1
-1
-1
