npartb: 4 2 
ipartb: 0 1 
ngrid: 102 25 
1.000000e+00 2.856248e-01 
1.000500e+00 2.856197e-01 
1.001000e+00 2.856147e-01 
1.001500e+00 2.856096e-01 
1.002000e+00 2.856045e-01 
1.002500e+00 2.855994e-01 
1.003000e+00 2.855944e-01 
1.003501e+00 2.855893e-01 
1.004002e+00 2.855842e-01 
1.004503e+00 2.855791e-01 
1.005004e+00 2.855740e-01 
1.005506e+00 2.855690e-01 
1.006008e+00 2.855639e-01 
1.006511e+00 2.855588e-01 
1.007014e+00 2.855537e-01 
1.007517e+00 2.855486e-01 
1.008021e+00 2.855434e-01 
1.008526e+00 2.855383e-01 
1.009031e+00 2.855332e-01 
1.009537e+00 2.855281e-01 
1.010043e+00 2.855229e-01 
1.010550e+00 2.855178e-01 
1.011058e+00 2.855126e-01 
1.011567e+00 2.855075e-01 
1.012077e+00 2.855023e-01 
1.012587e+00 2.854971e-01 
1.013098e+00 2.854920e-01 
1.013610e+00 2.854868e-01 
1.014124e+00 2.854816e-01 
1.014638e+00 2.854763e-01 
1.015153e+00 2.854711e-01 
1.015669e+00 2.854659e-01 
1.016186e+00 2.854606e-01 
1.016705e+00 2.854554e-01 
1.017225e+00 2.854501e-01 
1.017745e+00 2.854448e-01 
1.018267e+00 2.854395e-01 
1.018791e+00 2.854342e-01 
1.019315e+00 2.854289e-01 
1.019841e+00 2.854236e-01 
1.020369e+00 2.854182e-01 
1.020898e+00 2.854128e-01 
1.021428e+00 2.854075e-01 
1.021960e+00 2.854021e-01 
1.022493e+00 2.853967e-01 
1.023028e+00 2.853912e-01 
1.023565e+00 2.853858e-01 
1.024103e+00 2.853803e-01 
1.024643e+00 2.853749e-01 
1.025184e+00 2.853694e-01 
1.025728e+00 2.853639e-01 
1.026273e+00 2.853583e-01 
1.026820e+00 2.853528e-01 
1.027369e+00 2.853472e-01 
1.027920e+00 2.853416e-01 
1.028473e+00 2.853360e-01 
1.029027e+00 2.853304e-01 
1.029584e+00 2.853247e-01 
1.030143e+00 2.853191e-01 
1.030704e+00 2.853134e-01 
1.031267e+00 2.853077e-01 
1.031833e+00 2.853019e-01 
1.032400e+00 2.852962e-01 
1.032970e+00 2.852904e-01 
1.033542e+00 2.852846e-01 
1.034117e+00 2.852788e-01 
1.034694e+00 2.852729e-01 
1.035273e+00 2.852670e-01 
1.035855e+00 2.852611e-01 
1.036439e+00 2.852552e-01 
1.037026e+00 2.852493e-01 
1.037616e+00 2.852433e-01 
1.038208e+00 2.852373e-01 
1.038803e+00 2.852312e-01 
1.039400e+00 2.852252e-01 
1.040001e+00 2.852191e-01 
1.040604e+00 2.852130e-01 
1.041210e+00 2.852068e-01 
1.041818e+00 2.852007e-01 
1.042430e+00 2.851945e-01 
1.043045e+00 2.851882e-01 
1.043663e+00 2.851819e-01 
1.044284e+00 2.851757e-01 
1.044908e+00 2.851693e-01 
1.045535e+00 2.851630e-01 
1.046165e+00 2.851566e-01 
1.046798e+00 2.851501e-01 
1.047435e+00 2.851437e-01 
1.048075e+00 2.851372e-01 
1.048719e+00 2.851307e-01 
1.049366e+00 2.851241e-01 
1.050016e+00 2.851175e-01 
1.050670e+00 2.851109e-01 
1.051328e+00 2.851042e-01 
1.051989e+00 2.850975e-01 
1.052653e+00 2.850908e-01 
1.053322e+00 2.850840e-01 
1.053994e+00 2.850772e-01 
1.054670e+00 2.850703e-01 
1.055349e+00 2.850634e-01 
1.056033e+00 2.850565e-01 
1.056721e+00 2.850495e-01 
1.000000e+00 2.863046e-01 
1.000500e+00 2.862997e-01 
1.001000e+00 2.862949e-01 
1.001500e+00 2.862900e-01 
1.002000e+00 2.862852e-01 
1.002500e+00 2.862803e-01 
1.003000e+00 2.862754e-01 
1.003501e+00 2.862706e-01 
1.004002e+00 2.862657e-01 
1.004503e+00 2.862608e-01 
1.005004e+00 2.862560e-01 
1.005506e+00 2.862511e-01 
1.006008e+00 2.862462e-01 
1.006511e+00 2.862413e-01 
1.007014e+00 2.862364e-01 
1.007517e+00 2.862315e-01 
1.008021e+00 2.862266e-01 
1.008526e+00 2.862217e-01 
1.009031e+00 2.862168e-01 
1.009537e+00 2.862119e-01 
1.010043e+00 2.862070e-01 
1.010551e+00 2.862021e-01 
1.011058e+00 2.861971e-01 
1.011567e+00 2.861922e-01 
1.012077e+00 2.861872e-01 
1.012587e+00 2.861823e-01 
1.013098e+00 2.861773e-01 
1.013611e+00 2.861723e-01 
1.014124e+00 2.861673e-01 
1.014638e+00 2.861623e-01 
1.015153e+00 2.861573e-01 
1.015669e+00 2.861523e-01 
1.016187e+00 2.861473e-01 
1.016705e+00 2.861422e-01 
1.017225e+00 2.861372e-01 
1.017745e+00 2.861321e-01 
1.018268e+00 2.861270e-01 
1.018791e+00 2.861220e-01 
1.019316e+00 2.861169e-01 
1.019842e+00 2.861117e-01 
1.020369e+00 2.861066e-01 
1.020898e+00 2.861015e-01 
1.021428e+00 2.860963e-01 
1.021960e+00 2.860912e-01 
1.022493e+00 2.860860e-01 
1.023028e+00 2.860808e-01 
1.023565e+00 2.860756e-01 
1.024103e+00 2.860703e-01 
1.024643e+00 2.860651e-01 
1.025185e+00 2.860598e-01 
1.025728e+00 2.860545e-01 
1.026273e+00 2.860492e-01 
1.026820e+00 2.860439e-01 
1.027369e+00 2.860386e-01 
1.027920e+00 2.860332e-01 
1.028473e+00 2.860278e-01 
1.029028e+00 2.860225e-01 
1.029584e+00 2.860170e-01 
1.030143e+00 2.860116e-01 
1.030704e+00 2.860062e-01 
1.031267e+00 2.860007e-01 
1.031833e+00 2.859952e-01 
1.032400e+00 2.859897e-01 
1.032970e+00 2.859841e-01 
1.033542e+00 2.859786e-01 
1.034117e+00 2.859730e-01 
1.034694e+00 2.859674e-01 
1.035273e+00 2.859617e-01 
1.035855e+00 2.859561e-01 
1.036439e+00 2.859504e-01 
1.037026e+00 2.859447e-01 
1.037616e+00 2.859390e-01 
1.038208e+00 2.859332e-01 
1.038803e+00 2.859274e-01 
1.039400e+00 2.859216e-01 
1.040001e+00 2.859158e-01 
1.040604e+00 2.859099e-01 
1.041210e+00 2.859040e-01 
1.041819e+00 2.858981e-01 
1.042430e+00 2.858922e-01 
1.043045e+00 2.858862e-01 
1.043663e+00 2.858802e-01 
1.044284e+00 2.858742e-01 
1.044908e+00 2.858681e-01 
1.045535e+00 2.858620e-01 
1.046165e+00 2.858559e-01 
1.046799e+00 2.858497e-01 
1.047435e+00 2.858435e-01 
1.048076e+00 2.858373e-01 
1.048719e+00 2.858311e-01 
1.049366e+00 2.858248e-01 
1.050016e+00 2.858184e-01 
1.050670e+00 2.858121e-01 
1.051328e+00 2.858057e-01 
1.051989e+00 2.857993e-01 
1.052653e+00 2.857928e-01 
1.053322e+00 2.857863e-01 
1.053994e+00 2.857798e-01 
1.054670e+00 2.857732e-01 
1.055350e+00 2.857666e-01 
1.056033e+00 2.857600e-01 
1.056721e+00 2.857533e-01 
1.000000e+00 2.869844e-01 
1.000500e+00 2.869798e-01 
1.001000e+00 2.869751e-01 
1.001500e+00 2.869705e-01 
1.002000e+00 2.869658e-01 
1.002500e+00 2.869612e-01 
1.003000e+00 2.869565e-01 
1.003501e+00 2.869519e-01 
1.004002e+00 2.869472e-01 
1.004503e+00 2.869425e-01 
1.005004e+00 2.869379e-01 
1.005506e+00 2.869332e-01 
1.006008e+00 2.869285e-01 
1.006511e+00 2.869239e-01 
1.007014e+00 2.869192e-01 
1.007517e+00 2.869145e-01 
1.008021e+00 2.869098e-01 
1.008526e+00 2.869051e-01 
1.009031e+00 2.869004e-01 
1.009537e+00 2.868957e-01 
1.010043e+00 2.868910e-01 
1.010551e+00 2.868863e-01 
1.011059e+00 2.868816e-01 
1.011567e+00 2.868769e-01 
1.012077e+00 2.868721e-01 
1.012587e+00 2.868674e-01 
1.013098e+00 2.868626e-01 
1.013611e+00 2.868579e-01 
1.014124e+00 2.868531e-01 
1.014638e+00 2.868483e-01 
1.015153e+00 2.868435e-01 
1.015669e+00 2.868387e-01 
1.016187e+00 2.868339e-01 
1.016705e+00 2.868291e-01 
1.017225e+00 2.868243e-01 
1.017746e+00 2.868194e-01 
1.018268e+00 2.868146e-01 
1.018791e+00 2.868097e-01 
1.019316e+00 2.868048e-01 
1.019842e+00 2.867999e-01 
1.020369e+00 2.867950e-01 
1.020898e+00 2.867901e-01 
1.021428e+00 2.867852e-01 
1.021960e+00 2.867802e-01 
1.022493e+00 2.867753e-01 
1.023028e+00 2.867703e-01 
1.023565e+00 2.867653e-01 
1.024103e+00 2.867603e-01 
1.024643e+00 2.867553e-01 
1.025185e+00 2.867503e-01 
1.025728e+00 2.867452e-01 
1.026273e+00 2.867401e-01 
1.026820e+00 2.867350e-01 
1.027369e+00 2.867299e-01 
1.027920e+00 2.867248e-01 
1.028473e+00 2.867197e-01 
1.029028e+00 2.867145e-01 
1.029585e+00 2.867093e-01 
1.030143e+00 2.867042e-01 
1.030704e+00 2.866989e-01 
1.031268e+00 2.866937e-01 
1.031833e+00 2.866884e-01 
1.032401e+00 2.866832e-01 
1.032970e+00 2.866779e-01 
1.033543e+00 2.866725e-01 
1.034117e+00 2.866672e-01 
1.034694e+00 2.866618e-01 
1.035273e+00 2.866565e-01 
1.035855e+00 2.866510e-01 
1.036440e+00 2.866456e-01 
1.037027e+00 2.866402e-01 
1.037616e+00 2.866347e-01 
1.038208e+00 2.866292e-01 
1.038803e+00 2.866236e-01 
1.039401e+00 2.866181e-01 
1.040001e+00 2.866125e-01 
1.040604e+00 2.866069e-01 
1.041210e+00 2.866013e-01 
1.041819e+00 2.865956e-01 
1.042431e+00 2.865899e-01 
1.043045e+00 2.865842e-01 
1.043663e+00 2.865785e-01 
1.044284e+00 2.865727e-01 
1.044908e+00 2.865669e-01 
1.045535e+00 2.865610e-01 
1.046165e+00 2.865552e-01 
1.046799e+00 2.865493e-01 
1.047436e+00 2.865434e-01 
1.048076e+00 2.865374e-01 
1.048719e+00 2.865314e-01 
1.049366e+00 2.865254e-01 
1.050017e+00 2.865194e-01 
1.050671e+00 2.865133e-01 
1.051328e+00 2.865072e-01 
1.051989e+00 2.865010e-01 
1.052654e+00 2.864949e-01 
1.053322e+00 2.864887e-01 
1.053994e+00 2.864824e-01 
1.054670e+00 2.864761e-01 
1.055350e+00 2.864698e-01 
1.056034e+00 2.864634e-01 
1.056721e+00 2.864570e-01 
1.000000e+00 2.876642e-01 
1.000500e+00 2.876598e-01 
1.001000e+00 2.876553e-01 
1.001500e+00 2.876509e-01 
1.002000e+00 2.876465e-01 
1.002500e+00 2.876420e-01 
1.003000e+00 2.876376e-01 
1.003501e+00 2.876331e-01 
1.004002e+00 2.876287e-01 
1.004503e+00 2.876242e-01 
1.005004e+00 2.876198e-01 
1.005506e+00 2.876153e-01 
1.006008e+00 2.876109e-01 
1.006511e+00 2.876064e-01 
1.007014e+00 2.876020e-01 
1.007517e+00 2.875975e-01 
1.008021e+00 2.875930e-01 
1.008526e+00 2.875885e-01 
1.009031e+00 2.875841e-01 
1.009537e+00 2.875796e-01 
1.010043e+00 2.875751e-01 
1.010551e+00 2.875706e-01 
1.011059e+00 2.875661e-01 
1.011567e+00 2.875615e-01 
1.012077e+00 2.875570e-01 
1.012587e+00 2.875525e-01 
1.013098e+00 2.875480e-01 
1.013611e+00 2.875434e-01 
1.014124e+00 2.875389e-01 
1.014638e+00 2.875343e-01 
1.015153e+00 2.875297e-01 
1.015669e+00 2.875251e-01 
1.016187e+00 2.875206e-01 
1.016705e+00 2.875159e-01 
1.017225e+00 2.875113e-01 
1.017746e+00 2.875067e-01 
1.018268e+00 2.875021e-01 
1.018791e+00 2.874974e-01 
1.019316e+00 2.874928e-01 
1.019842e+00 2.874881e-01 
1.020369e+00 2.874834e-01 
1.020898e+00 2.874787e-01 
1.021428e+00 2.874740e-01 
1.021960e+00 2.874693e-01 
1.022494e+00 2.874646e-01 
1.023028e+00 2.874598e-01 
1.023565e+00 2.874551e-01 
1.024103e+00 2.874503e-01 
1.024643e+00 2.874455e-01 
1.025185e+00 2.874407e-01 
1.025728e+00 2.874359e-01 
1.026273e+00 2.874310e-01 
1.026820e+00 2.874262e-01 
1.027369e+00 2.874213e-01 
1.027920e+00 2.874164e-01 
1.028473e+00 2.874115e-01 
1.029028e+00 2.874066e-01 
1.029585e+00 2.874016e-01 
1.030144e+00 2.873967e-01 
1.030705e+00 2.873917e-01 
1.031268e+00 2.873867e-01 
1.031833e+00 2.873817e-01 
1.032401e+00 2.873767e-01 
1.032971e+00 2.873716e-01 
1.033543e+00 2.873665e-01 
1.034117e+00 2.873614e-01 
1.034694e+00 2.873563e-01 
1.035274e+00 2.873512e-01 
1.035855e+00 2.873460e-01 
1.036440e+00 2.873408e-01 
1.037027e+00 2.873356e-01 
1.037616e+00 2.873304e-01 
1.038208e+00 2.873251e-01 
1.038803e+00 2.873198e-01 
1.039401e+00 2.873145e-01 
1.040001e+00 2.873092e-01 
1.040604e+00 2.873039e-01 
1.041210e+00 2.872985e-01 
1.041819e+00 2.872931e-01 
1.042431e+00 2.872876e-01 
1.043046e+00 2.872822e-01 
1.043663e+00 2.872767e-01 
1.044284e+00 2.872712e-01 
1.044908e+00 2.872657e-01 
1.045535e+00 2.872601e-01 
1.046165e+00 2.872545e-01 
1.046799e+00 2.872489e-01 
1.047436e+00 2.872432e-01 
1.048076e+00 2.872375e-01 
1.048719e+00 2.872318e-01 
1.049366e+00 2.872261e-01 
1.050017e+00 2.872203e-01 
1.050671e+00 2.872145e-01 
1.051328e+00 2.872087e-01 
1.051989e+00 2.872028e-01 
1.052654e+00 2.871969e-01 
1.053322e+00 2.871910e-01 
1.053994e+00 2.871850e-01 
1.054670e+00 2.871790e-01 
1.055350e+00 2.871730e-01 
1.056034e+00 2.871669e-01 
1.056721e+00 2.871608e-01 
1.000000e+00 2.883440e-01 
1.000500e+00 2.883398e-01 
1.001000e+00 2.883356e-01 
1.001500e+00 2.883313e-01 
1.002000e+00 2.883271e-01 
1.002500e+00 2.883229e-01 
1.003000e+00 2.883186e-01 
1.003501e+00 2.883144e-01 
1.004002e+00 2.883102e-01 
1.004503e+00 2.883059e-01 
1.005004e+00 2.883017e-01 
1.005506e+00 2.882975e-01 
1.006008e+00 2.882932e-01 
1.006511e+00 2.882890e-01 
1.007014e+00 2.882847e-01 
1.007517e+00 2.882805e-01 
1.008021e+00 2.882762e-01 
1.008526e+00 2.882719e-01 
1.009031e+00 2.882677e-01 
1.009537e+00 2.882634e-01 
1.010043e+00 2.882591e-01 
1.010551e+00 2.882548e-01 
1.011059e+00 2.882505e-01 
1.011567e+00 2.882462e-01 
1.012077e+00 2.882419e-01 
1.012587e+00 2.882376e-01 
1.013099e+00 2.882333e-01 
1.013611e+00 2.882290e-01 
1.014124e+00 2.882246e-01 
1.014638e+00 2.882203e-01 
1.015153e+00 2.882159e-01 
1.015669e+00 2.882116e-01 
1.016187e+00 2.882072e-01 
1.016705e+00 2.882028e-01 
1.017225e+00 2.881984e-01 
1.017746e+00 2.881940e-01 
1.018268e+00 2.881896e-01 
1.018791e+00 2.881852e-01 
1.019316e+00 2.881807e-01 
1.019842e+00 2.881763e-01 
1.020369e+00 2.881718e-01 
1.020898e+00 2.881674e-01 
1.021428e+00 2.881629e-01 
1.021960e+00 2.881584e-01 
1.022494e+00 2.881539e-01 
1.023029e+00 2.881494e-01 
1.023565e+00 2.881448e-01 
1.024103e+00 2.881403e-01 
1.024643e+00 2.881357e-01 
1.025185e+00 2.881311e-01 
1.025728e+00 2.881265e-01 
1.026273e+00 2.881219e-01 
1.026821e+00 2.881173e-01 
1.027369e+00 2.881127e-01 
1.027920e+00 2.881080e-01 
1.028473e+00 2.881033e-01 
1.029028e+00 2.880987e-01 
1.029585e+00 2.880940e-01 
1.030144e+00 2.880892e-01 
1.030705e+00 2.880845e-01 
1.031268e+00 2.880797e-01 
1.031833e+00 2.880749e-01 
1.032401e+00 2.880702e-01 
1.032971e+00 2.880653e-01 
1.033543e+00 2.880605e-01 
1.034117e+00 2.880556e-01 
1.034694e+00 2.880508e-01 
1.035274e+00 2.880459e-01 
1.035856e+00 2.880410e-01 
1.036440e+00 2.880360e-01 
1.037027e+00 2.880311e-01 
1.037616e+00 2.880261e-01 
1.038209e+00 2.880211e-01 
1.038803e+00 2.880160e-01 
1.039401e+00 2.880110e-01 
1.040001e+00 2.880059e-01 
1.040604e+00 2.880008e-01 
1.041210e+00 2.879957e-01 
1.041819e+00 2.879905e-01 
1.042431e+00 2.879854e-01 
1.043046e+00 2.879802e-01 
1.043663e+00 2.879750e-01 
1.044284e+00 2.879697e-01 
1.044908e+00 2.879644e-01 
1.045535e+00 2.879591e-01 
1.046166e+00 2.879538e-01 
1.046799e+00 2.879485e-01 
1.047436e+00 2.879431e-01 
1.048076e+00 2.879377e-01 
1.048720e+00 2.879322e-01 
1.049367e+00 2.879268e-01 
1.050017e+00 2.879213e-01 
1.050671e+00 2.879157e-01 
1.051328e+00 2.879102e-01 
1.051989e+00 2.879046e-01 
1.052654e+00 2.878990e-01 
1.053323e+00 2.878933e-01 
1.053995e+00 2.878876e-01 
1.054671e+00 2.878819e-01 
1.055350e+00 2.878762e-01 
1.056034e+00 2.878704e-01 
1.056722e+00 2.878646e-01 
1.000000e+00 2.890238e-01 
1.000500e+00 2.890198e-01 
1.001000e+00 2.890158e-01 
1.001500e+00 2.890118e-01 
1.002000e+00 2.890077e-01 
1.002500e+00 2.890037e-01 
1.003000e+00 2.889997e-01 
1.003501e+00 2.889957e-01 
1.004002e+00 2.889917e-01 
1.004503e+00 2.889876e-01 
1.005004e+00 2.889836e-01 
1.005506e+00 2.889796e-01 
1.006008e+00 2.889756e-01 
1.006511e+00 2.889715e-01 
1.007014e+00 2.889675e-01 
1.007517e+00 2.889634e-01 
1.008021e+00 2.889594e-01 
1.008526e+00 2.889553e-01 
1.009031e+00 2.889513e-01 
1.009537e+00 2.889472e-01 
1.010043e+00 2.889432e-01 
1.010551e+00 2.889391e-01 
1.011059e+00 2.889350e-01 
1.011567e+00 2.889309e-01 
1.012077e+00 2.889268e-01 
1.012587e+00 2.889227e-01 
1.013099e+00 2.889186e-01 
1.013611e+00 2.889145e-01 
1.014124e+00 2.889104e-01 
1.014638e+00 2.889063e-01 
1.015153e+00 2.889021e-01 
1.015669e+00 2.888980e-01 
1.016187e+00 2.888938e-01 
1.016705e+00 2.888897e-01 
1.017225e+00 2.888855e-01 
1.017746e+00 2.888813e-01 
1.018268e+00 2.888771e-01 
1.018791e+00 2.888729e-01 
1.019316e+00 2.888687e-01 
1.019842e+00 2.888645e-01 
1.020369e+00 2.888602e-01 
1.020898e+00 2.888560e-01 
1.021429e+00 2.888517e-01 
1.021960e+00 2.888475e-01 
1.022494e+00 2.888432e-01 
1.023029e+00 2.888389e-01 
1.023565e+00 2.888346e-01 
1.024103e+00 2.888303e-01 
1.024643e+00 2.888259e-01 
1.025185e+00 2.888216e-01 
1.025728e+00 2.888172e-01 
1.026274e+00 2.888128e-01 
1.026821e+00 2.888084e-01 
1.027370e+00 2.888040e-01 
1.027920e+00 2.887996e-01 
1.028473e+00 2.887952e-01 
1.029028e+00 2.887907e-01 
1.029585e+00 2.887863e-01 
1.030144e+00 2.887818e-01 
1.030705e+00 2.887773e-01 
1.031268e+00 2.887727e-01 
1.031833e+00 2.887682e-01 
1.032401e+00 2.887636e-01 
1.032971e+00 2.887591e-01 
1.033543e+00 2.887545e-01 
1.034118e+00 2.887499e-01 
1.034695e+00 2.887452e-01 
1.035274e+00 2.887406e-01 
1.035856e+00 2.887359e-01 
1.036440e+00 2.887312e-01 
1.037027e+00 2.887265e-01 
1.037617e+00 2.887218e-01 
1.038209e+00 2.887170e-01 
1.038804e+00 2.887122e-01 
1.039401e+00 2.887074e-01 
1.040001e+00 2.887026e-01 
1.040605e+00 2.886978e-01 
1.041210e+00 2.886929e-01 
1.041819e+00 2.886880e-01 
1.042431e+00 2.886831e-01 
1.043046e+00 2.886782e-01 
1.043664e+00 2.886732e-01 
1.044285e+00 2.886682e-01 
1.044908e+00 2.886632e-01 
1.045536e+00 2.886582e-01 
1.046166e+00 2.886531e-01 
1.046799e+00 2.886480e-01 
1.047436e+00 2.886429e-01 
1.048076e+00 2.886378e-01 
1.048720e+00 2.886326e-01 
1.049367e+00 2.886274e-01 
1.050017e+00 2.886222e-01 
1.050671e+00 2.886169e-01 
1.051329e+00 2.886117e-01 
1.051990e+00 2.886064e-01 
1.052654e+00 2.886010e-01 
1.053323e+00 2.885957e-01 
1.053995e+00 2.885903e-01 
1.054671e+00 2.885848e-01 
1.055351e+00 2.885794e-01 
1.056034e+00 2.885739e-01 
1.056722e+00 2.885684e-01 
1.000000e+00 2.897036e-01 
1.000500e+00 2.896998e-01 
1.001000e+00 2.896960e-01 
1.001500e+00 2.896922e-01 
1.002000e+00 2.896884e-01 
1.002500e+00 2.896846e-01 
1.003000e+00 2.896808e-01 
1.003501e+00 2.896770e-01 
1.004002e+00 2.896732e-01 
1.004503e+00 2.896693e-01 
1.005004e+00 2.896655e-01 
1.005506e+00 2.896617e-01 
1.006008e+00 2.896579e-01 
1.006511e+00 2.896541e-01 
1.007014e+00 2.896502e-01 
1.007517e+00 2.896464e-01 
1.008021e+00 2.896426e-01 
1.008526e+00 2.896387e-01 
1.009031e+00 2.896349e-01 
1.009537e+00 2.896311e-01 
1.010044e+00 2.896272e-01 
1.010551e+00 2.896233e-01 
1.011059e+00 2.896195e-01 
1.011567e+00 2.896156e-01 
1.012077e+00 2.896117e-01 
1.012587e+00 2.896079e-01 
1.013099e+00 2.896040e-01 
1.013611e+00 2.896001e-01 
1.014124e+00 2.895962e-01 
1.014638e+00 2.895923e-01 
1.015153e+00 2.895883e-01 
1.015670e+00 2.895844e-01 
1.016187e+00 2.895805e-01 
1.016705e+00 2.895765e-01 
1.017225e+00 2.895726e-01 
1.017746e+00 2.895686e-01 
1.018268e+00 2.895646e-01 
1.018791e+00 2.895607e-01 
1.019316e+00 2.895567e-01 
1.019842e+00 2.895527e-01 
1.020369e+00 2.895487e-01 
1.020898e+00 2.895446e-01 
1.021429e+00 2.895406e-01 
1.021960e+00 2.895366e-01 
1.022494e+00 2.895325e-01 
1.023029e+00 2.895284e-01 
1.023565e+00 2.895243e-01 
1.024104e+00 2.895203e-01 
1.024643e+00 2.895161e-01 
1.025185e+00 2.895120e-01 
1.025729e+00 2.895079e-01 
1.026274e+00 2.895037e-01 
1.026821e+00 2.894996e-01 
1.027370e+00 2.894954e-01 
1.027921e+00 2.894912e-01 
1.028473e+00 2.894870e-01 
1.029028e+00 2.894828e-01 
1.029585e+00 2.894786e-01 
1.030144e+00 2.894743e-01 
1.030705e+00 2.894700e-01 
1.031268e+00 2.894658e-01 
1.031834e+00 2.894615e-01 
1.032401e+00 2.894571e-01 
1.032971e+00 2.894528e-01 
1.033543e+00 2.894484e-01 
1.034118e+00 2.894441e-01 
1.034695e+00 2.894397e-01 
1.035274e+00 2.894353e-01 
1.035856e+00 2.894309e-01 
1.036440e+00 2.894264e-01 
1.037027e+00 2.894219e-01 
1.037617e+00 2.894175e-01 
1.038209e+00 2.894130e-01 
1.038804e+00 2.894084e-01 
1.039401e+00 2.894039e-01 
1.040002e+00 2.893993e-01 
1.040605e+00 2.893947e-01 
1.041211e+00 2.893901e-01 
1.041820e+00 2.893855e-01 
1.042431e+00 2.893808e-01 
1.043046e+00 2.893762e-01 
1.043664e+00 2.893715e-01 
1.044285e+00 2.893667e-01 
1.044909e+00 2.893620e-01 
1.045536e+00 2.893572e-01 
1.046166e+00 2.893524e-01 
1.046800e+00 2.893476e-01 
1.047436e+00 2.893428e-01 
1.048077e+00 2.893379e-01 
1.048720e+00 2.893330e-01 
1.049367e+00 2.893281e-01 
1.050017e+00 2.893231e-01 
1.050671e+00 2.893182e-01 
1.051329e+00 2.893132e-01 
1.051990e+00 2.893081e-01 
1.052655e+00 2.893031e-01 
1.053323e+00 2.892980e-01 
1.053995e+00 2.892929e-01 
1.054671e+00 2.892877e-01 
1.055351e+00 2.892826e-01 
1.056034e+00 2.892774e-01 
1.056722e+00 2.892721e-01 
1.000000e+00 2.903834e-01 
1.000500e+00 2.903798e-01 
1.001000e+00 2.903762e-01 
1.001500e+00 2.903726e-01 
1.002000e+00 2.903690e-01 
1.002500e+00 2.903654e-01 
1.003000e+00 2.903618e-01 
1.003501e+00 2.903582e-01 
1.004002e+00 2.903547e-01 
1.004503e+00 2.903511e-01 
1.005004e+00 2.903474e-01 
1.005506e+00 2.903438e-01 
1.006008e+00 2.903402e-01 
1.006511e+00 2.903366e-01 
1.007014e+00 2.903330e-01 
1.007517e+00 2.903294e-01 
1.008021e+00 2.903258e-01 
1.008526e+00 2.903221e-01 
1.009031e+00 2.903185e-01 
1.009537e+00 2.903149e-01 
1.010044e+00 2.903112e-01 
1.010551e+00 2.903076e-01 
1.011059e+00 2.903040e-01 
1.011567e+00 2.903003e-01 
1.012077e+00 2.902966e-01 
1.012587e+00 2.902930e-01 
1.013099e+00 2.902893e-01 
1.013611e+00 2.902856e-01 
1.014124e+00 2.902819e-01 
1.014638e+00 2.902782e-01 
1.015153e+00 2.902745e-01 
1.015670e+00 2.902708e-01 
1.016187e+00 2.902671e-01 
1.016705e+00 2.902634e-01 
1.017225e+00 2.902597e-01 
1.017746e+00 2.902559e-01 
1.018268e+00 2.902522e-01 
1.018791e+00 2.902484e-01 
1.019316e+00 2.902446e-01 
1.019842e+00 2.902409e-01 
1.020370e+00 2.902371e-01 
1.020898e+00 2.902333e-01 
1.021429e+00 2.902295e-01 
1.021961e+00 2.902256e-01 
1.022494e+00 2.902218e-01 
1.023029e+00 2.902180e-01 
1.023565e+00 2.902141e-01 
1.024104e+00 2.902102e-01 
1.024644e+00 2.902064e-01 
1.025185e+00 2.902025e-01 
1.025729e+00 2.901986e-01 
1.026274e+00 2.901946e-01 
1.026821e+00 2.901907e-01 
1.027370e+00 2.901868e-01 
1.027921e+00 2.901828e-01 
1.028473e+00 2.901788e-01 
1.029028e+00 2.901749e-01 
1.029585e+00 2.901709e-01 
1.030144e+00 2.901668e-01 
1.030705e+00 2.901628e-01 
1.031268e+00 2.901588e-01 
1.031834e+00 2.901547e-01 
1.032401e+00 2.901506e-01 
1.032971e+00 2.901465e-01 
1.033543e+00 2.901424e-01 
1.034118e+00 2.901383e-01 
1.034695e+00 2.901342e-01 
1.035274e+00 2.901300e-01 
1.035856e+00 2.901258e-01 
1.036440e+00 2.901216e-01 
1.037027e+00 2.901174e-01 
1.037617e+00 2.901132e-01 
1.038209e+00 2.901089e-01 
1.038804e+00 2.901046e-01 
1.039401e+00 2.901003e-01 
1.040002e+00 2.900960e-01 
1.040605e+00 2.900917e-01 
1.041211e+00 2.900873e-01 
1.041820e+00 2.900830e-01 
1.042431e+00 2.900786e-01 
1.043046e+00 2.900742e-01 
1.043664e+00 2.900697e-01 
1.044285e+00 2.900653e-01 
1.044909e+00 2.900608e-01 
1.045536e+00 2.900563e-01 
1.046166e+00 2.900517e-01 
1.046800e+00 2.900472e-01 
1.047437e+00 2.900426e-01 
1.048077e+00 2.900380e-01 
1.048720e+00 2.900334e-01 
1.049367e+00 2.900287e-01 
1.050018e+00 2.900241e-01 
1.050672e+00 2.900194e-01 
1.051329e+00 2.900146e-01 
1.051990e+00 2.900099e-01 
1.052655e+00 2.900051e-01 
1.053323e+00 2.900003e-01 
1.053995e+00 2.899955e-01 
1.054671e+00 2.899906e-01 
1.055351e+00 2.899858e-01 
1.056035e+00 2.899808e-01 
1.056722e+00 2.899759e-01 
1.000000e+00 2.910632e-01 
1.000500e+00 2.910598e-01 
1.001000e+00 2.910564e-01 
1.001500e+00 2.910531e-01 
1.002000e+00 2.910497e-01 
1.002500e+00 2.910463e-01 
1.003000e+00 2.910429e-01 
1.003501e+00 2.910395e-01 
1.004002e+00 2.910361e-01 
1.004503e+00 2.910328e-01 
1.005004e+00 2.910294e-01 
1.005506e+00 2.910260e-01 
1.006008e+00 2.910226e-01 
1.006511e+00 2.910192e-01 
1.007014e+00 2.910158e-01 
1.007517e+00 2.910124e-01 
1.008021e+00 2.910090e-01 
1.008526e+00 2.910056e-01 
1.009031e+00 2.910021e-01 
1.009537e+00 2.909987e-01 
1.010044e+00 2.909953e-01 
1.010551e+00 2.909919e-01 
1.011059e+00 2.909884e-01 
1.011568e+00 2.909850e-01 
1.012077e+00 2.909815e-01 
1.012587e+00 2.909781e-01 
1.013099e+00 2.909746e-01 
1.013611e+00 2.909712e-01 
1.014124e+00 2.909677e-01 
1.014638e+00 2.909642e-01 
1.015153e+00 2.909607e-01 
1.015670e+00 2.909573e-01 
1.016187e+00 2.909538e-01 
1.016705e+00 2.909502e-01 
1.017225e+00 2.909467e-01 
1.017746e+00 2.909432e-01 
1.018268e+00 2.909397e-01 
1.018791e+00 2.909361e-01 
1.019316e+00 2.909326e-01 
1.019842e+00 2.909290e-01 
1.020370e+00 2.909255e-01 
1.020898e+00 2.909219e-01 
1.021429e+00 2.909183e-01 
1.021961e+00 2.909147e-01 
1.022494e+00 2.909111e-01 
1.023029e+00 2.909075e-01 
1.023566e+00 2.909039e-01 
1.024104e+00 2.909002e-01 
1.024644e+00 2.908966e-01 
1.025185e+00 2.908929e-01 
1.025729e+00 2.908892e-01 
1.026274e+00 2.908856e-01 
1.026821e+00 2.908819e-01 
1.027370e+00 2.908781e-01 
1.027921e+00 2.908744e-01 
1.028474e+00 2.908707e-01 
1.029028e+00 2.908669e-01 
1.029585e+00 2.908632e-01 
1.030144e+00 2.908594e-01 
1.030705e+00 2.908556e-01 
1.031268e+00 2.908518e-01 
1.031834e+00 2.908480e-01 
1.032401e+00 2.908441e-01 
1.032971e+00 2.908403e-01 
1.033543e+00 2.908364e-01 
1.034118e+00 2.908325e-01 
1.034695e+00 2.908286e-01 
1.035274e+00 2.908247e-01 
1.035856e+00 2.908208e-01 
1.036441e+00 2.908168e-01 
1.037028e+00 2.908128e-01 
1.037617e+00 2.908089e-01 
1.038209e+00 2.908049e-01 
1.038804e+00 2.908008e-01 
1.039402e+00 2.907968e-01 
1.040002e+00 2.907927e-01 
1.040605e+00 2.907887e-01 
1.041211e+00 2.907846e-01 
1.041820e+00 2.907804e-01 
1.042432e+00 2.907763e-01 
1.043046e+00 2.907721e-01 
1.043664e+00 2.907680e-01 
1.044285e+00 2.907638e-01 
1.044909e+00 2.907595e-01 
1.045536e+00 2.907553e-01 
1.046166e+00 2.907510e-01 
1.046800e+00 2.907468e-01 
1.047437e+00 2.907425e-01 
1.048077e+00 2.907381e-01 
1.048720e+00 2.907338e-01 
1.049367e+00 2.907294e-01 
1.050018e+00 2.907250e-01 
1.050672e+00 2.907206e-01 
1.051329e+00 2.907161e-01 
1.051990e+00 2.907117e-01 
1.052655e+00 2.907072e-01 
1.053323e+00 2.907027e-01 
1.053996e+00 2.906981e-01 
1.054671e+00 2.906935e-01 
1.055351e+00 2.906889e-01 
1.056035e+00 2.906843e-01 
1.056722e+00 2.906797e-01 
1.000000e+00 2.917430e-01 
1.000500e+00 2.917398e-01 
1.001000e+00 2.917367e-01 
1.001500e+00 2.917335e-01 
1.002000e+00 2.917303e-01 
1.002500e+00 2.917272e-01 
1.003000e+00 2.917240e-01 
1.003501e+00 2.917208e-01 
1.004002e+00 2.917176e-01 
1.004503e+00 2.917145e-01 
1.005004e+00 2.917113e-01 
1.005506e+00 2.917081e-01 
1.006008e+00 2.917049e-01 
1.006511e+00 2.917017e-01 
1.007014e+00 2.916985e-01 
1.007517e+00 2.916953e-01 
1.008021e+00 2.916922e-01 
1.008526e+00 2.916890e-01 
1.009031e+00 2.916858e-01 
1.009537e+00 2.916825e-01 
1.010044e+00 2.916793e-01 
1.010551e+00 2.916761e-01 
1.011059e+00 2.916729e-01 
1.011568e+00 2.916697e-01 
1.012077e+00 2.916664e-01 
1.012588e+00 2.916632e-01 
1.013099e+00 2.916600e-01 
1.013611e+00 2.916567e-01 
1.014124e+00 2.916535e-01 
1.014638e+00 2.916502e-01 
1.015154e+00 2.916469e-01 
1.015670e+00 2.916437e-01 
1.016187e+00 2.916404e-01 
1.016706e+00 2.916371e-01 
1.017225e+00 2.916338e-01 
1.017746e+00 2.916305e-01 
1.018268e+00 2.916272e-01 
1.018792e+00 2.916239e-01 
1.019316e+00 2.916206e-01 
1.019842e+00 2.916172e-01 
1.020370e+00 2.916139e-01 
1.020899e+00 2.916105e-01 
1.021429e+00 2.916072e-01 
1.021961e+00 2.916038e-01 
1.022494e+00 2.916004e-01 
1.023029e+00 2.915970e-01 
1.023566e+00 2.915936e-01 
1.024104e+00 2.915902e-01 
1.024644e+00 2.915868e-01 
1.025185e+00 2.915834e-01 
1.025729e+00 2.915799e-01 
1.026274e+00 2.915765e-01 
1.026821e+00 2.915730e-01 
1.027370e+00 2.915695e-01 
1.027921e+00 2.915660e-01 
1.028474e+00 2.915625e-01 
1.029029e+00 2.915590e-01 
1.029585e+00 2.915555e-01 
1.030144e+00 2.915519e-01 
1.030705e+00 2.915484e-01 
1.031269e+00 2.915448e-01 
1.031834e+00 2.915412e-01 
1.032402e+00 2.915376e-01 
1.032971e+00 2.915340e-01 
1.033544e+00 2.915304e-01 
1.034118e+00 2.915267e-01 
1.034695e+00 2.915231e-01 
1.035275e+00 2.915194e-01 
1.035856e+00 2.915157e-01 
1.036441e+00 2.915120e-01 
1.037028e+00 2.915083e-01 
1.037617e+00 2.915046e-01 
1.038209e+00 2.915008e-01 
1.038804e+00 2.914970e-01 
1.039402e+00 2.914932e-01 
1.040002e+00 2.914894e-01 
1.040605e+00 2.914856e-01 
1.041211e+00 2.914818e-01 
1.041820e+00 2.914779e-01 
1.042432e+00 2.914740e-01 
1.043047e+00 2.914701e-01 
1.043664e+00 2.914662e-01 
1.044285e+00 2.914623e-01 
1.044909e+00 2.914583e-01 
1.045536e+00 2.914544e-01 
1.046167e+00 2.914504e-01 
1.046800e+00 2.914463e-01 
1.047437e+00 2.914423e-01 
1.048077e+00 2.914382e-01 
1.048721e+00 2.914342e-01 
1.049368e+00 2.914301e-01 
1.050018e+00 2.914259e-01 
1.050672e+00 2.914218e-01 
1.051329e+00 2.914176e-01 
1.051990e+00 2.914134e-01 
1.052655e+00 2.914092e-01 
1.053324e+00 2.914050e-01 
1.053996e+00 2.914007e-01 
1.054672e+00 2.913964e-01 
1.055351e+00 2.913921e-01 
1.056035e+00 2.913878e-01 
1.056723e+00 2.913834e-01 
1.000000e+00 2.924228e-01 
1.000500e+00 2.924198e-01 
1.001000e+00 2.924169e-01 
1.001500e+00 2.924139e-01 
1.002000e+00 2.924110e-01 
1.002500e+00 2.924080e-01 
1.003000e+00 2.924050e-01 
1.003501e+00 2.924021e-01 
1.004002e+00 2.923991e-01 
1.004503e+00 2.923962e-01 
1.005004e+00 2.923932e-01 
1.005506e+00 2.923902e-01 
1.006008e+00 2.923873e-01 
1.006511e+00 2.923843e-01 
1.007014e+00 2.923813e-01 
1.007517e+00 2.923783e-01 
1.008021e+00 2.923753e-01 
1.008526e+00 2.923724e-01 
1.009031e+00 2.923694e-01 
1.009537e+00 2.923664e-01 
1.010044e+00 2.923634e-01 
1.010551e+00 2.923604e-01 
1.011059e+00 2.923574e-01 
1.011568e+00 2.923544e-01 
1.012077e+00 2.923513e-01 
1.012588e+00 2.923483e-01 
1.013099e+00 2.923453e-01 
1.013611e+00 2.923423e-01 
1.014124e+00 2.923392e-01 
1.014638e+00 2.923362e-01 
1.015154e+00 2.923331e-01 
1.015670e+00 2.923301e-01 
1.016187e+00 2.923270e-01 
1.016706e+00 2.923240e-01 
1.017225e+00 2.923209e-01 
1.017746e+00 2.923178e-01 
1.018268e+00 2.923147e-01 
1.018792e+00 2.923116e-01 
1.019316e+00 2.923085e-01 
1.019842e+00 2.923054e-01 
1.020370e+00 2.923023e-01 
1.020899e+00 2.922992e-01 
1.021429e+00 2.922960e-01 
1.021961e+00 2.922929e-01 
1.022494e+00 2.922897e-01 
1.023029e+00 2.922866e-01 
1.023566e+00 2.922834e-01 
1.024104e+00 2.922802e-01 
1.024644e+00 2.922770e-01 
1.025186e+00 2.922738e-01 
1.025729e+00 2.922706e-01 
1.026274e+00 2.922674e-01 
1.026821e+00 2.922641e-01 
1.027370e+00 2.922609e-01 
1.027921e+00 2.922576e-01 
1.028474e+00 2.922543e-01 
1.029029e+00 2.922511e-01 
1.029586e+00 2.922478e-01 
1.030144e+00 2.922445e-01 
1.030705e+00 2.922411e-01 
1.031269e+00 2.922378e-01 
1.031834e+00 2.922345e-01 
1.032402e+00 2.922311e-01 
1.032972e+00 2.922277e-01 
1.033544e+00 2.922243e-01 
1.034118e+00 2.922209e-01 
1.034695e+00 2.922175e-01 
1.035275e+00 2.922141e-01 
1.035857e+00 2.922107e-01 
1.036441e+00 2.922072e-01 
1.037028e+00 2.922037e-01 
1.037617e+00 2.922002e-01 
1.038210e+00 2.921967e-01 
1.038804e+00 2.921932e-01 
1.039402e+00 2.921897e-01 
1.040002e+00 2.921861e-01 
1.040605e+00 2.921826e-01 
1.041211e+00 2.921790e-01 
1.041820e+00 2.921754e-01 
1.042432e+00 2.921718e-01 
1.043047e+00 2.921681e-01 
1.043665e+00 2.921645e-01 
1.044285e+00 2.921608e-01 
1.044909e+00 2.921571e-01 
1.045537e+00 2.921534e-01 
1.046167e+00 2.921497e-01 
1.046800e+00 2.921459e-01 
1.047437e+00 2.921422e-01 
1.048077e+00 2.921384e-01 
1.048721e+00 2.921346e-01 
1.049368e+00 2.921307e-01 
1.050018e+00 2.921269e-01 
1.050672e+00 2.921230e-01 
1.051330e+00 2.921191e-01 
1.051991e+00 2.921152e-01 
1.052655e+00 2.921113e-01 
1.053324e+00 2.921073e-01 
1.053996e+00 2.921033e-01 
1.054672e+00 2.920993e-01 
1.055352e+00 2.920953e-01 
1.056035e+00 2.920913e-01 
1.056723e+00 2.920872e-01 
1.000000e+00 2.931026e-01 
1.000500e+00 2.930999e-01 
1.001000e+00 2.930971e-01 
1.001500e+00 2.930944e-01 
1.002000e+00 2.930916e-01 
1.002500e+00 2.930889e-01 
1.003000e+00 2.930861e-01 
1.003501e+00 2.930834e-01 
1.004002e+00 2.930806e-01 
1.004503e+00 2.930779e-01 
1.005004e+00 2.930751e-01 
1.005506e+00 2.930724e-01 
1.006008e+00 2.930696e-01 
1.006511e+00 2.930668e-01 
1.007014e+00 2.930641e-01 
1.007517e+00 2.930613e-01 
1.008021e+00 2.930585e-01 
1.008526e+00 2.930558e-01 
1.009031e+00 2.930530e-01 
1.009537e+00 2.930502e-01 
1.010044e+00 2.930474e-01 
1.010551e+00 2.930446e-01 
1.011059e+00 2.930418e-01 
1.011568e+00 2.930391e-01 
1.012077e+00 2.930363e-01 
1.012588e+00 2.930334e-01 
1.013099e+00 2.930306e-01 
1.013611e+00 2.930278e-01 
1.014124e+00 2.930250e-01 
1.014638e+00 2.930222e-01 
1.015154e+00 2.930194e-01 
1.015670e+00 2.930165e-01 
1.016187e+00 2.930137e-01 
1.016706e+00 2.930108e-01 
1.017225e+00 2.930080e-01 
1.017746e+00 2.930051e-01 
1.018268e+00 2.930022e-01 
1.018792e+00 2.929994e-01 
1.019316e+00 2.929965e-01 
1.019842e+00 2.929936e-01 
1.020370e+00 2.929907e-01 
1.020899e+00 2.929878e-01 
1.021429e+00 2.929849e-01 
1.021961e+00 2.929820e-01 
1.022494e+00 2.929790e-01 
1.023029e+00 2.929761e-01 
1.023566e+00 2.929731e-01 
1.024104e+00 2.929702e-01 
1.024644e+00 2.929672e-01 
1.025186e+00 2.929642e-01 
1.025729e+00 2.929613e-01 
1.026274e+00 2.929583e-01 
1.026821e+00 2.929553e-01 
1.027370e+00 2.929522e-01 
1.027921e+00 2.929492e-01 
1.028474e+00 2.929462e-01 
1.029029e+00 2.929431e-01 
1.029586e+00 2.929401e-01 
1.030145e+00 2.929370e-01 
1.030706e+00 2.929339e-01 
1.031269e+00 2.929308e-01 
1.031834e+00 2.929277e-01 
1.032402e+00 2.929246e-01 
1.032972e+00 2.929215e-01 
1.033544e+00 2.929183e-01 
1.034118e+00 2.929152e-01 
1.034695e+00 2.929120e-01 
1.035275e+00 2.929088e-01 
1.035857e+00 2.929056e-01 
1.036441e+00 2.929024e-01 
1.037028e+00 2.928992e-01 
1.037618e+00 2.928959e-01 
1.038210e+00 2.928927e-01 
1.038805e+00 2.928894e-01 
1.039402e+00 2.928861e-01 
1.040002e+00 2.928828e-01 
1.040606e+00 2.928795e-01 
1.041212e+00 2.928762e-01 
1.041820e+00 2.928729e-01 
1.042432e+00 2.928695e-01 
1.043047e+00 2.928661e-01 
1.043665e+00 2.928627e-01 
1.044286e+00 2.928593e-01 
1.044910e+00 2.928559e-01 
1.045537e+00 2.928524e-01 
1.046167e+00 2.928490e-01 
1.046801e+00 2.928455e-01 
1.047437e+00 2.928420e-01 
1.048078e+00 2.928385e-01 
1.048721e+00 2.928349e-01 
1.049368e+00 2.928314e-01 
1.050018e+00 2.928278e-01 
1.050672e+00 2.928242e-01 
1.051330e+00 2.928206e-01 
1.051991e+00 2.928170e-01 
1.052656e+00 2.928133e-01 
1.053324e+00 2.928097e-01 
1.053996e+00 2.928060e-01 
1.054672e+00 2.928023e-01 
1.055352e+00 2.927985e-01 
1.056036e+00 2.927948e-01 
1.056723e+00 2.927910e-01 
1.000000e+00 2.937824e-01 
1.000500e+00 2.937799e-01 
1.001000e+00 2.937773e-01 
1.001500e+00 2.937748e-01 
1.002000e+00 2.937723e-01 
1.002500e+00 2.937697e-01 
1.003000e+00 2.937672e-01 
1.003501e+00 2.937646e-01 
1.004002e+00 2.937621e-01 
1.004503e+00 2.937596e-01 
1.005004e+00 2.937570e-01 
1.005506e+00 2.937545e-01 
1.006008e+00 2.937519e-01 
1.006511e+00 2.937494e-01 
1.007014e+00 2.937468e-01 
1.007517e+00 2.937443e-01 
1.008022e+00 2.937417e-01 
1.008526e+00 2.937392e-01 
1.009031e+00 2.937366e-01 
1.009537e+00 2.937340e-01 
1.010044e+00 2.937315e-01 
1.010551e+00 2.937289e-01 
1.011059e+00 2.937263e-01 
1.011568e+00 2.937237e-01 
1.012077e+00 2.937212e-01 
1.012588e+00 2.937186e-01 
1.013099e+00 2.937160e-01 
1.013611e+00 2.937134e-01 
1.014124e+00 2.937108e-01 
1.014639e+00 2.937082e-01 
1.015154e+00 2.937056e-01 
1.015670e+00 2.937029e-01 
1.016187e+00 2.937003e-01 
1.016706e+00 2.936977e-01 
1.017225e+00 2.936951e-01 
1.017746e+00 2.936924e-01 
1.018268e+00 2.936898e-01 
1.018792e+00 2.936871e-01 
1.019316e+00 2.936844e-01 
1.019843e+00 2.936818e-01 
1.020370e+00 2.936791e-01 
1.020899e+00 2.936764e-01 
1.021429e+00 2.936737e-01 
1.021961e+00 2.936710e-01 
1.022494e+00 2.936683e-01 
1.023029e+00 2.936656e-01 
1.023566e+00 2.936629e-01 
1.024104e+00 2.936602e-01 
1.024644e+00 2.936574e-01 
1.025186e+00 2.936547e-01 
1.025729e+00 2.936519e-01 
1.026274e+00 2.936492e-01 
1.026821e+00 2.936464e-01 
1.027370e+00 2.936436e-01 
1.027921e+00 2.936408e-01 
1.028474e+00 2.936380e-01 
1.029029e+00 2.936352e-01 
1.029586e+00 2.936324e-01 
1.030145e+00 2.936295e-01 
1.030706e+00 2.936267e-01 
1.031269e+00 2.936238e-01 
1.031834e+00 2.936210e-01 
1.032402e+00 2.936181e-01 
1.032972e+00 2.936152e-01 
1.033544e+00 2.936123e-01 
1.034119e+00 2.936094e-01 
1.034696e+00 2.936065e-01 
1.035275e+00 2.936035e-01 
1.035857e+00 2.936006e-01 
1.036441e+00 2.935976e-01 
1.037028e+00 2.935946e-01 
1.037618e+00 2.935916e-01 
1.038210e+00 2.935886e-01 
1.038805e+00 2.935856e-01 
1.039402e+00 2.935826e-01 
1.040003e+00 2.935795e-01 
1.040606e+00 2.935765e-01 
1.041212e+00 2.935734e-01 
1.041821e+00 2.935703e-01 
1.042432e+00 2.935672e-01 
1.043047e+00 2.935641e-01 
1.043665e+00 2.935610e-01 
1.044286e+00 2.935578e-01 
1.044910e+00 2.935547e-01 
1.045537e+00 2.935515e-01 
1.046167e+00 2.935483e-01 
1.046801e+00 2.935451e-01 
1.047438e+00 2.935418e-01 
1.048078e+00 2.935386e-01 
1.048721e+00 2.935353e-01 
1.049368e+00 2.935321e-01 
1.050019e+00 2.935288e-01 
1.050673e+00 2.935254e-01 
1.051330e+00 2.935221e-01 
1.051991e+00 2.935188e-01 
1.052656e+00 2.935154e-01 
1.053324e+00 2.935120e-01 
1.053996e+00 2.935086e-01 
1.054672e+00 2.935052e-01 
1.055352e+00 2.935017e-01 
1.056036e+00 2.934982e-01 
1.056723e+00 2.934948e-01 
1.000000e+00 2.944622e-01 
1.000500e+00 2.944599e-01 
1.001000e+00 2.944576e-01 
1.001500e+00 2.944552e-01 
1.002000e+00 2.944529e-01 
1.002500e+00 2.944506e-01 
1.003000e+00 2.944483e-01 
1.003501e+00 2.944459e-01 
1.004002e+00 2.944436e-01 
1.004503e+00 2.944413e-01 
1.005004e+00 2.944389e-01 
1.005506e+00 2.944366e-01 
1.006008e+00 2.944343e-01 
1.006511e+00 2.944319e-01 
1.007014e+00 2.944296e-01 
1.007518e+00 2.944273e-01 
1.008022e+00 2.944249e-01 
1.008526e+00 2.944226e-01 
1.009031e+00 2.944202e-01 
1.009537e+00 2.944179e-01 
1.010044e+00 2.944155e-01 
1.010551e+00 2.944132e-01 
1.011059e+00 2.944108e-01 
1.011568e+00 2.944084e-01 
1.012077e+00 2.944061e-01 
1.012588e+00 2.944037e-01 
1.013099e+00 2.944013e-01 
1.013611e+00 2.943989e-01 
1.014124e+00 2.943965e-01 
1.014639e+00 2.943942e-01 
1.015154e+00 2.943918e-01 
1.015670e+00 2.943894e-01 
1.016187e+00 2.943870e-01 
1.016706e+00 2.943845e-01 
1.017226e+00 2.943821e-01 
1.017746e+00 2.943797e-01 
1.018268e+00 2.943773e-01 
1.018792e+00 2.943748e-01 
1.019317e+00 2.943724e-01 
1.019843e+00 2.943700e-01 
1.020370e+00 2.943675e-01 
1.020899e+00 2.943651e-01 
1.021429e+00 2.943626e-01 
1.021961e+00 2.943601e-01 
1.022495e+00 2.943576e-01 
1.023029e+00 2.943552e-01 
1.023566e+00 2.943527e-01 
1.024104e+00 2.943502e-01 
1.024644e+00 2.943476e-01 
1.025186e+00 2.943451e-01 
1.025729e+00 2.943426e-01 
1.026275e+00 2.943401e-01 
1.026822e+00 2.943375e-01 
1.027371e+00 2.943350e-01 
1.027921e+00 2.943324e-01 
1.028474e+00 2.943298e-01 
1.029029e+00 2.943273e-01 
1.029586e+00 2.943247e-01 
1.030145e+00 2.943221e-01 
1.030706e+00 2.943195e-01 
1.031269e+00 2.943168e-01 
1.031834e+00 2.943142e-01 
1.032402e+00 2.943116e-01 
1.032972e+00 2.943089e-01 
1.033544e+00 2.943063e-01 
1.034119e+00 2.943036e-01 
1.034696e+00 2.943009e-01 
1.035275e+00 2.942982e-01 
1.035857e+00 2.942955e-01 
1.036441e+00 2.942928e-01 
1.037028e+00 2.942901e-01 
1.037618e+00 2.942873e-01 
1.038210e+00 2.942846e-01 
1.038805e+00 2.942818e-01 
1.039402e+00 2.942790e-01 
1.040003e+00 2.942763e-01 
1.040606e+00 2.942734e-01 
1.041212e+00 2.942706e-01 
1.041821e+00 2.942678e-01 
1.042433e+00 2.942650e-01 
1.043047e+00 2.942621e-01 
1.043665e+00 2.942592e-01 
1.044286e+00 2.942563e-01 
1.044910e+00 2.942534e-01 
1.045537e+00 2.942505e-01 
1.046167e+00 2.942476e-01 
1.046801e+00 2.942446e-01 
1.047438e+00 2.942417e-01 
1.048078e+00 2.942387e-01 
1.048722e+00 2.942357e-01 
1.049368e+00 2.942327e-01 
1.050019e+00 2.942297e-01 
1.050673e+00 2.942267e-01 
1.051330e+00 2.942236e-01 
1.051991e+00 2.942205e-01 
1.052656e+00 2.942174e-01 
1.053324e+00 2.942143e-01 
1.053997e+00 2.942112e-01 
1.054673e+00 2.942081e-01 
1.055352e+00 2.942049e-01 
1.056036e+00 2.942017e-01 
1.056724e+00 2.941985e-01 
1.000000e+00 2.951420e-01 
1.000500e+00 2.951399e-01 
1.001000e+00 2.951378e-01 
1.001500e+00 2.951357e-01 
1.002000e+00 2.951335e-01 
1.002500e+00 2.951314e-01 
1.003000e+00 2.951293e-01 
1.003501e+00 2.951272e-01 
1.004002e+00 2.951251e-01 
1.004503e+00 2.951230e-01 
1.005004e+00 2.951209e-01 
1.005506e+00 2.951187e-01 
1.006008e+00 2.951166e-01 
1.006511e+00 2.951145e-01 
1.007014e+00 2.951124e-01 
1.007518e+00 2.951102e-01 
1.008022e+00 2.951081e-01 
1.008526e+00 2.951060e-01 
1.009031e+00 2.951038e-01 
1.009537e+00 2.951017e-01 
1.010044e+00 2.950996e-01 
1.010551e+00 2.950974e-01 
1.011059e+00 2.950953e-01 
1.011568e+00 2.950931e-01 
1.012077e+00 2.950910e-01 
1.012588e+00 2.950888e-01 
1.013099e+00 2.950866e-01 
1.013611e+00 2.950845e-01 
1.014125e+00 2.950823e-01 
1.014639e+00 2.950801e-01 
1.015154e+00 2.950780e-01 
1.015670e+00 2.950758e-01 
1.016187e+00 2.950736e-01 
1.016706e+00 2.950714e-01 
1.017226e+00 2.950692e-01 
1.017746e+00 2.950670e-01 
1.018269e+00 2.950648e-01 
1.018792e+00 2.950626e-01 
1.019317e+00 2.950604e-01 
1.019843e+00 2.950581e-01 
1.020370e+00 2.950559e-01 
1.020899e+00 2.950537e-01 
1.021429e+00 2.950514e-01 
1.021961e+00 2.950492e-01 
1.022495e+00 2.950469e-01 
1.023030e+00 2.950447e-01 
1.023566e+00 2.950424e-01 
1.024104e+00 2.950401e-01 
1.024644e+00 2.950379e-01 
1.025186e+00 2.950356e-01 
1.025729e+00 2.950333e-01 
1.026275e+00 2.950310e-01 
1.026822e+00 2.950287e-01 
1.027371e+00 2.950263e-01 
1.027922e+00 2.950240e-01 
1.028474e+00 2.950217e-01 
1.029029e+00 2.950193e-01 
1.029586e+00 2.950170e-01 
1.030145e+00 2.950146e-01 
1.030706e+00 2.950122e-01 
1.031269e+00 2.950099e-01 
1.031835e+00 2.950075e-01 
1.032402e+00 2.950051e-01 
1.032972e+00 2.950027e-01 
1.033544e+00 2.950002e-01 
1.034119e+00 2.949978e-01 
1.034696e+00 2.949954e-01 
1.035275e+00 2.949929e-01 
1.035857e+00 2.949905e-01 
1.036442e+00 2.949880e-01 
1.037028e+00 2.949855e-01 
1.037618e+00 2.949830e-01 
1.038210e+00 2.949805e-01 
1.038805e+00 2.949780e-01 
1.039403e+00 2.949755e-01 
1.040003e+00 2.949730e-01 
1.040606e+00 2.949704e-01 
1.041212e+00 2.949678e-01 
1.041821e+00 2.949653e-01 
1.042433e+00 2.949627e-01 
1.043048e+00 2.949601e-01 
1.043665e+00 2.949575e-01 
1.044286e+00 2.949549e-01 
1.044910e+00 2.949522e-01 
1.045537e+00 2.949496e-01 
1.046168e+00 2.949469e-01 
1.046801e+00 2.949442e-01 
1.047438e+00 2.949415e-01 
1.048078e+00 2.949388e-01 
1.048722e+00 2.949361e-01 
1.049369e+00 2.949334e-01 
1.050019e+00 2.949306e-01 
1.050673e+00 2.949279e-01 
1.051330e+00 2.949251e-01 
1.051992e+00 2.949223e-01 
1.052656e+00 2.949195e-01 
1.053325e+00 2.949167e-01 
1.053997e+00 2.949138e-01 
1.054673e+00 2.949110e-01 
1.055353e+00 2.949081e-01 
1.056036e+00 2.949052e-01 
1.056724e+00 2.949023e-01 
1.000000e+00 2.958218e-01 
1.000500e+00 2.958199e-01 
1.001000e+00 2.958180e-01 
1.001500e+00 2.958161e-01 
1.002000e+00 2.958142e-01 
1.002500e+00 2.958123e-01 
1.003000e+00 2.958104e-01 
1.003501e+00 2.958085e-01 
1.004002e+00 2.958066e-01 
1.004503e+00 2.958047e-01 
1.005004e+00 2.958028e-01 
1.005506e+00 2.958009e-01 
1.006008e+00 2.957989e-01 
1.006511e+00 2.957970e-01 
1.007014e+00 2.957951e-01 
1.007518e+00 2.957932e-01 
1.008022e+00 2.957913e-01 
1.008526e+00 2.957894e-01 
1.009032e+00 2.957875e-01 
1.009537e+00 2.957855e-01 
1.010044e+00 2.957836e-01 
1.010551e+00 2.957817e-01 
1.011059e+00 2.957797e-01 
1.011568e+00 2.957778e-01 
1.012077e+00 2.957759e-01 
1.012588e+00 2.957739e-01 
1.013099e+00 2.957720e-01 
1.013611e+00 2.957700e-01 
1.014125e+00 2.957681e-01 
1.014639e+00 2.957661e-01 
1.015154e+00 2.957642e-01 
1.015670e+00 2.957622e-01 
1.016188e+00 2.957602e-01 
1.016706e+00 2.957583e-01 
1.017226e+00 2.957563e-01 
1.017747e+00 2.957543e-01 
1.018269e+00 2.957523e-01 
1.018792e+00 2.957503e-01 
1.019317e+00 2.957483e-01 
1.019843e+00 2.957463e-01 
1.020370e+00 2.957443e-01 
1.020899e+00 2.957423e-01 
1.021429e+00 2.957403e-01 
1.021961e+00 2.957383e-01 
1.022495e+00 2.957362e-01 
1.023030e+00 2.957342e-01 
1.023566e+00 2.957322e-01 
1.024105e+00 2.957301e-01 
1.024644e+00 2.957281e-01 
1.025186e+00 2.957260e-01 
1.025730e+00 2.957239e-01 
1.026275e+00 2.957219e-01 
1.026822e+00 2.957198e-01 
1.027371e+00 2.957177e-01 
1.027922e+00 2.957156e-01 
1.028474e+00 2.957135e-01 
1.029029e+00 2.957114e-01 
1.029586e+00 2.957093e-01 
1.030145e+00 2.957072e-01 
1.030706e+00 2.957050e-01 
1.031269e+00 2.957029e-01 
1.031835e+00 2.957007e-01 
1.032402e+00 2.956986e-01 
1.032972e+00 2.956964e-01 
1.033544e+00 2.956942e-01 
1.034119e+00 2.956920e-01 
1.034696e+00 2.956898e-01 
1.035275e+00 2.956876e-01 
1.035857e+00 2.956854e-01 
1.036442e+00 2.956832e-01 
1.037029e+00 2.956810e-01 
1.037618e+00 2.956787e-01 
1.038210e+00 2.956765e-01 
1.038805e+00 2.956742e-01 
1.039403e+00 2.956719e-01 
1.040003e+00 2.956697e-01 
1.040606e+00 2.956674e-01 
1.041212e+00 2.956651e-01 
1.041821e+00 2.956627e-01 
1.042433e+00 2.956604e-01 
1.043048e+00 2.956581e-01 
1.043666e+00 2.956557e-01 
1.044286e+00 2.956534e-01 
1.044910e+00 2.956510e-01 
1.045537e+00 2.956486e-01 
1.046168e+00 2.956462e-01 
1.046801e+00 2.956438e-01 
1.047438e+00 2.956414e-01 
1.048078e+00 2.956389e-01 
1.048722e+00 2.956365e-01 
1.049369e+00 2.956340e-01 
1.050019e+00 2.956316e-01 
1.050673e+00 2.956291e-01 
1.051331e+00 2.956266e-01 
1.051992e+00 2.956241e-01 
1.052656e+00 2.956215e-01 
1.053325e+00 2.956190e-01 
1.053997e+00 2.956164e-01 
1.054673e+00 2.956139e-01 
1.055353e+00 2.956113e-01 
1.056036e+00 2.956087e-01 
1.056724e+00 2.956061e-01 
1.000000e+00 2.965016e-01 
1.000500e+00 2.964999e-01 
1.001000e+00 2.964982e-01 
1.001500e+00 2.964965e-01 
1.002000e+00 2.964948e-01 
1.002500e+00 2.964931e-01 
1.003000e+00 2.964915e-01 
1.003501e+00 2.964898e-01 
1.004002e+00 2.964881e-01 
1.004503e+00 2.964864e-01 
1.005004e+00 2.964847e-01 
1.005506e+00 2.964830e-01 
1.006008e+00 2.964813e-01 
1.006511e+00 2.964796e-01 
1.007014e+00 2.964779e-01 
1.007518e+00 2.964762e-01 
1.008022e+00 2.964745e-01 
1.008526e+00 2.964728e-01 
1.009032e+00 2.964711e-01 
1.009537e+00 2.964694e-01 
1.010044e+00 2.964676e-01 
1.010551e+00 2.964659e-01 
1.011059e+00 2.964642e-01 
1.011568e+00 2.964625e-01 
1.012078e+00 2.964608e-01 
1.012588e+00 2.964590e-01 
1.013099e+00 2.964573e-01 
1.013611e+00 2.964556e-01 
1.014125e+00 2.964539e-01 
1.014639e+00 2.964521e-01 
1.015154e+00 2.964504e-01 
1.015670e+00 2.964486e-01 
1.016188e+00 2.964469e-01 
1.016706e+00 2.964451e-01 
1.017226e+00 2.964434e-01 
1.017747e+00 2.964416e-01 
1.018269e+00 2.964398e-01 
1.018792e+00 2.964381e-01 
1.019317e+00 2.964363e-01 
1.019843e+00 2.964345e-01 
1.020370e+00 2.964327e-01 
1.020899e+00 2.964309e-01 
1.021430e+00 2.964292e-01 
1.021961e+00 2.964274e-01 
1.022495e+00 2.964256e-01 
1.023030e+00 2.964237e-01 
1.023566e+00 2.964219e-01 
1.024105e+00 2.964201e-01 
1.024645e+00 2.964183e-01 
1.025186e+00 2.964165e-01 
1.025730e+00 2.964146e-01 
1.026275e+00 2.964128e-01 
1.026822e+00 2.964109e-01 
1.027371e+00 2.964091e-01 
1.027922e+00 2.964072e-01 
1.028475e+00 2.964053e-01 
1.029029e+00 2.964035e-01 
1.029586e+00 2.964016e-01 
1.030145e+00 2.963997e-01 
1.030706e+00 2.963978e-01 
1.031269e+00 2.963959e-01 
1.031835e+00 2.963940e-01 
1.032403e+00 2.963921e-01 
1.032972e+00 2.963901e-01 
1.033545e+00 2.963882e-01 
1.034119e+00 2.963863e-01 
1.034696e+00 2.963843e-01 
1.035276e+00 2.963823e-01 
1.035857e+00 2.963804e-01 
1.036442e+00 2.963784e-01 
1.037029e+00 2.963764e-01 
1.037618e+00 2.963744e-01 
1.038210e+00 2.963724e-01 
1.038805e+00 2.963704e-01 
1.039403e+00 2.963684e-01 
1.040003e+00 2.963664e-01 
1.040606e+00 2.963643e-01 
1.041212e+00 2.963623e-01 
1.041821e+00 2.963602e-01 
1.042433e+00 2.963582e-01 
1.043048e+00 2.963561e-01 
1.043666e+00 2.963540e-01 
1.044287e+00 2.963519e-01 
1.044911e+00 2.963498e-01 
1.045538e+00 2.963477e-01 
1.046168e+00 2.963455e-01 
1.046802e+00 2.963434e-01 
1.047438e+00 2.963412e-01 
1.048079e+00 2.963391e-01 
1.048722e+00 2.963369e-01 
1.049369e+00 2.963347e-01 
1.050019e+00 2.963325e-01 
1.050673e+00 2.963303e-01 
1.051331e+00 2.963281e-01 
1.051992e+00 2.963258e-01 
1.052657e+00 2.963236e-01 
1.053325e+00 2.963213e-01 
1.053997e+00 2.963191e-01 
1.054673e+00 2.963168e-01 
1.055353e+00 2.963145e-01 
1.056037e+00 2.963122e-01 
1.056724e+00 2.963098e-01 
1.000000e+00 2.971814e-01 
1.000500e+00 2.971799e-01 
1.001000e+00 2.971784e-01 
1.001500e+00 2.971770e-01 
1.002000e+00 2.971755e-01 
1.002500e+00 2.971740e-01 
1.003000e+00 2.971725e-01 
1.003501e+00 2.971710e-01 
1.004002e+00 2.971696e-01 
1.004503e+00 2.971681e-01 
1.005004e+00 2.971666e-01 
1.005506e+00 2.971651e-01 
1.006008e+00 2.971636e-01 
1.006511e+00 2.971621e-01 
1.007014e+00 2.971607e-01 
1.007518e+00 2.971592e-01 
1.008022e+00 2.971577e-01 
1.008526e+00 2.971562e-01 
1.009032e+00 2.971547e-01 
1.009537e+00 2.971532e-01 
1.010044e+00 2.971517e-01 
1.010551e+00 2.971502e-01 
1.011059e+00 2.971487e-01 
1.011568e+00 2.971472e-01 
1.012078e+00 2.971457e-01 
1.012588e+00 2.971442e-01 
1.013099e+00 2.971427e-01 
1.013612e+00 2.971411e-01 
1.014125e+00 2.971396e-01 
1.014639e+00 2.971381e-01 
1.015154e+00 2.971366e-01 
1.015670e+00 2.971350e-01 
1.016188e+00 2.971335e-01 
1.016706e+00 2.971320e-01 
1.017226e+00 2.971304e-01 
1.017747e+00 2.971289e-01 
1.018269e+00 2.971274e-01 
1.018792e+00 2.971258e-01 
1.019317e+00 2.971243e-01 
1.019843e+00 2.971227e-01 
1.020370e+00 2.971211e-01 
1.020899e+00 2.971196e-01 
1.021430e+00 2.971180e-01 
1.021962e+00 2.971164e-01 
1.022495e+00 2.971149e-01 
1.023030e+00 2.971133e-01 
1.023566e+00 2.971117e-01 
1.024105e+00 2.971101e-01 
1.024645e+00 2.971085e-01 
1.025186e+00 2.971069e-01 
1.025730e+00 2.971053e-01 
1.026275e+00 2.971037e-01 
1.026822e+00 2.971021e-01 
1.027371e+00 2.971004e-01 
1.027922e+00 2.970988e-01 
1.028475e+00 2.970972e-01 
1.029030e+00 2.970955e-01 
1.029586e+00 2.970939e-01 
1.030145e+00 2.970922e-01 
1.030706e+00 2.970906e-01 
1.031270e+00 2.970889e-01 
1.031835e+00 2.970872e-01 
1.032403e+00 2.970856e-01 
1.032973e+00 2.970839e-01 
1.033545e+00 2.970822e-01 
1.034119e+00 2.970805e-01 
1.034696e+00 2.970788e-01 
1.035276e+00 2.970771e-01 
1.035858e+00 2.970753e-01 
1.036442e+00 2.970736e-01 
1.037029e+00 2.970719e-01 
1.037618e+00 2.970701e-01 
1.038211e+00 2.970684e-01 
1.038805e+00 2.970666e-01 
1.039403e+00 2.970648e-01 
1.040003e+00 2.970631e-01 
1.040607e+00 2.970613e-01 
1.041213e+00 2.970595e-01 
1.041821e+00 2.970577e-01 
1.042433e+00 2.970559e-01 
1.043048e+00 2.970541e-01 
1.043666e+00 2.970522e-01 
1.044287e+00 2.970504e-01 
1.044911e+00 2.970486e-01 
1.045538e+00 2.970467e-01 
1.046168e+00 2.970448e-01 
1.046802e+00 2.970430e-01 
1.047439e+00 2.970411e-01 
1.048079e+00 2.970392e-01 
1.048722e+00 2.970373e-01 
1.049369e+00 2.970354e-01 
1.050020e+00 2.970334e-01 
1.050674e+00 2.970315e-01 
1.051331e+00 2.970296e-01 
1.051992e+00 2.970276e-01 
1.052657e+00 2.970256e-01 
1.053325e+00 2.970237e-01 
1.053998e+00 2.970217e-01 
1.054673e+00 2.970197e-01 
1.055353e+00 2.970177e-01 
1.056037e+00 2.970156e-01 
1.056725e+00 2.970136e-01 
1.000000e+00 2.978612e-01 
1.000500e+00 2.978599e-01 
1.001000e+00 2.978587e-01 
1.001500e+00 2.978574e-01 
1.002000e+00 2.978561e-01 
1.002500e+00 2.978549e-01 
1.003000e+00 2.978536e-01 
1.003501e+00 2.978523e-01 
1.004002e+00 2.978511e-01 
1.004503e+00 2.978498e-01 
1.005004e+00 2.978485e-01 
1.005506e+00 2.978472e-01 
1.006008e+00 2.978460e-01 
1.006511e+00 2.978447e-01 
1.007014e+00 2.978434e-01 
1.007518e+00 2.978421e-01 
1.008022e+00 2.978409e-01 
1.008526e+00 2.978396e-01 
1.009032e+00 2.978383e-01 
1.009538e+00 2.978370e-01 
1.010044e+00 2.978357e-01 
1.010551e+00 2.978344e-01 
1.011059e+00 2.978332e-01 
1.011568e+00 2.978319e-01 
1.012078e+00 2.978306e-01 
1.012588e+00 2.978293e-01 
1.013099e+00 2.978280e-01 
1.013612e+00 2.978267e-01 
1.014125e+00 2.978254e-01 
1.014639e+00 2.978241e-01 
1.015154e+00 2.978228e-01 
1.015670e+00 2.978215e-01 
1.016188e+00 2.978202e-01 
1.016706e+00 2.978188e-01 
1.017226e+00 2.978175e-01 
1.017747e+00 2.978162e-01 
1.018269e+00 2.978149e-01 
1.018792e+00 2.978136e-01 
1.019317e+00 2.978122e-01 
1.019843e+00 2.978109e-01 
1.020371e+00 2.978096e-01 
1.020899e+00 2.978082e-01 
1.021430e+00 2.978069e-01 
1.021962e+00 2.978055e-01 
1.022495e+00 2.978042e-01 
1.023030e+00 2.978028e-01 
1.023567e+00 2.978014e-01 
1.024105e+00 2.978001e-01 
1.024645e+00 2.977987e-01 
1.025186e+00 2.977973e-01 
1.025730e+00 2.977960e-01 
1.026275e+00 2.977946e-01 
1.026822e+00 2.977932e-01 
1.027371e+00 2.977918e-01 
1.027922e+00 2.977904e-01 
1.028475e+00 2.977890e-01 
1.029030e+00 2.977876e-01 
1.029587e+00 2.977862e-01 
1.030145e+00 2.977848e-01 
1.030707e+00 2.977833e-01 
1.031270e+00 2.977819e-01 
1.031835e+00 2.977805e-01 
1.032403e+00 2.977790e-01 
1.032973e+00 2.977776e-01 
1.033545e+00 2.977761e-01 
1.034120e+00 2.977747e-01 
1.034696e+00 2.977732e-01 
1.035276e+00 2.977718e-01 
1.035858e+00 2.977703e-01 
1.036442e+00 2.977688e-01 
1.037029e+00 2.977673e-01 
1.037619e+00 2.977658e-01 
1.038211e+00 2.977643e-01 
1.038806e+00 2.977628e-01 
1.039403e+00 2.977613e-01 
1.040004e+00 2.977598e-01 
1.040607e+00 2.977582e-01 
1.041213e+00 2.977567e-01 
1.041822e+00 2.977552e-01 
1.042433e+00 2.977536e-01 
1.043048e+00 2.977521e-01 
1.043666e+00 2.977505e-01 
1.044287e+00 2.977489e-01 
1.044911e+00 2.977473e-01 
1.045538e+00 2.977457e-01 
1.046168e+00 2.977441e-01 
1.046802e+00 2.977425e-01 
1.047439e+00 2.977409e-01 
1.048079e+00 2.977393e-01 
1.048723e+00 2.977377e-01 
1.049369e+00 2.977360e-01 
1.050020e+00 2.977344e-01 
1.050674e+00 2.977327e-01 
1.051331e+00 2.977311e-01 
1.051992e+00 2.977294e-01 
1.052657e+00 2.977277e-01 
1.053326e+00 2.977260e-01 
1.053998e+00 2.977243e-01 
1.054674e+00 2.977226e-01 
1.055353e+00 2.977209e-01 
1.056037e+00 2.977191e-01 
1.056725e+00 2.977174e-01 
1.000000e+00 2.985410e-01 
1.000500e+00 2.985399e-01 
1.001000e+00 2.985389e-01 
1.001500e+00 2.985378e-01 
1.002000e+00 2.985368e-01 
1.002500e+00 2.985357e-01 
1.003000e+00 2.985347e-01 
1.003501e+00 2.985336e-01 
1.004002e+00 2.985325e-01 
1.004503e+00 2.985315e-01 
1.005004e+00 2.985304e-01 
1.005506e+00 2.985294e-01 
1.006008e+00 2.985283e-01 
1.006511e+00 2.985272e-01 
1.007014e+00 2.985262e-01 
1.007518e+00 2.985251e-01 
1.008022e+00 2.985241e-01 
1.008526e+00 2.985230e-01 
1.009032e+00 2.985219e-01 
1.009538e+00 2.985208e-01 
1.010044e+00 2.985198e-01 
1.010551e+00 2.985187e-01 
1.011059e+00 2.985176e-01 
1.011568e+00 2.985166e-01 
1.012078e+00 2.985155e-01 
1.012588e+00 2.985144e-01 
1.013099e+00 2.985133e-01 
1.013612e+00 2.985122e-01 
1.014125e+00 2.985112e-01 
1.014639e+00 2.985101e-01 
1.015154e+00 2.985090e-01 
1.015670e+00 2.985079e-01 
1.016188e+00 2.985068e-01 
1.016706e+00 2.985057e-01 
1.017226e+00 2.985046e-01 
1.017747e+00 2.985035e-01 
1.018269e+00 2.985024e-01 
1.018792e+00 2.985013e-01 
1.019317e+00 2.985002e-01 
1.019843e+00 2.984991e-01 
1.020371e+00 2.984980e-01 
1.020900e+00 2.984968e-01 
1.021430e+00 2.984957e-01 
1.021962e+00 2.984946e-01 
1.022495e+00 2.984935e-01 
1.023030e+00 2.984923e-01 
1.023567e+00 2.984912e-01 
1.024105e+00 2.984901e-01 
1.024645e+00 2.984889e-01 
1.025187e+00 2.984878e-01 
1.025730e+00 2.984866e-01 
1.026275e+00 2.984855e-01 
1.026822e+00 2.984843e-01 
1.027371e+00 2.984832e-01 
1.027922e+00 2.984820e-01 
1.028475e+00 2.984808e-01 
1.029030e+00 2.984797e-01 
1.029587e+00 2.984785e-01 
1.030146e+00 2.984773e-01 
1.030707e+00 2.984761e-01 
1.031270e+00 2.984749e-01 
1.031835e+00 2.984737e-01 
1.032403e+00 2.984725e-01 
1.032973e+00 2.984713e-01 
1.033545e+00 2.984701e-01 
1.034120e+00 2.984689e-01 
1.034697e+00 2.984677e-01 
1.035276e+00 2.984665e-01 
1.035858e+00 2.984652e-01 
1.036442e+00 2.984640e-01 
1.037029e+00 2.984628e-01 
1.037619e+00 2.984615e-01 
1.038211e+00 2.984603e-01 
1.038806e+00 2.984590e-01 
1.039403e+00 2.984577e-01 
1.040004e+00 2.984565e-01 
1.040607e+00 2.984552e-01 
1.041213e+00 2.984539e-01 
1.041822e+00 2.984526e-01 
1.042434e+00 2.984513e-01 
1.043048e+00 2.984500e-01 
1.043666e+00 2.984487e-01 
1.044287e+00 2.984474e-01 
1.044911e+00 2.984461e-01 
1.045538e+00 2.984448e-01 
1.046169e+00 2.984435e-01 
1.046802e+00 2.984421e-01 
1.047439e+00 2.984408e-01 
1.048079e+00 2.984394e-01 
1.048723e+00 2.984381e-01 
1.049370e+00 2.984367e-01 
1.050020e+00 2.984353e-01 
1.050674e+00 2.984339e-01 
1.051332e+00 2.984325e-01 
1.051993e+00 2.984311e-01 
1.052657e+00 2.984297e-01 
1.053326e+00 2.984283e-01 
1.053998e+00 2.984269e-01 
1.054674e+00 2.984255e-01 
1.055354e+00 2.984240e-01 
1.056037e+00 2.984226e-01 
1.056725e+00 2.984211e-01 
1.000000e+00 2.992208e-01 
1.000500e+00 2.992200e-01 
1.001000e+00 2.992191e-01 
1.001500e+00 2.992183e-01 
1.002000e+00 2.992174e-01 
1.002500e+00 2.992166e-01 
1.003000e+00 2.992157e-01 
1.003501e+00 2.992149e-01 
1.004002e+00 2.992140e-01 
1.004503e+00 2.992132e-01 
1.005005e+00 2.992123e-01 
1.005506e+00 2.992115e-01 
1.006009e+00 2.992106e-01 
1.006511e+00 2.992098e-01 
1.007014e+00 2.992089e-01 
1.007518e+00 2.992081e-01 
1.008022e+00 2.992072e-01 
1.008526e+00 2.992064e-01 
1.009032e+00 2.992055e-01 
1.009538e+00 2.992047e-01 
1.010044e+00 2.992038e-01 
1.010551e+00 2.992030e-01 
1.011059e+00 2.992021e-01 
1.011568e+00 2.992012e-01 
1.012078e+00 2.992004e-01 
1.012588e+00 2.991995e-01 
1.013099e+00 2.991987e-01 
1.013612e+00 2.991978e-01 
1.014125e+00 2.991969e-01 
1.014639e+00 2.991961e-01 
1.015154e+00 2.991952e-01 
1.015671e+00 2.991943e-01 
1.016188e+00 2.991934e-01 
1.016706e+00 2.991926e-01 
1.017226e+00 2.991917e-01 
1.017747e+00 2.991908e-01 
1.018269e+00 2.991899e-01 
1.018792e+00 2.991890e-01 
1.019317e+00 2.991881e-01 
1.019843e+00 2.991873e-01 
1.020371e+00 2.991864e-01 
1.020900e+00 2.991855e-01 
1.021430e+00 2.991846e-01 
1.021962e+00 2.991837e-01 
1.022495e+00 2.991828e-01 
1.023030e+00 2.991819e-01 
1.023567e+00 2.991810e-01 
1.024105e+00 2.991801e-01 
1.024645e+00 2.991791e-01 
1.025187e+00 2.991782e-01 
1.025730e+00 2.991773e-01 
1.026275e+00 2.991764e-01 
1.026822e+00 2.991755e-01 
1.027371e+00 2.991745e-01 
1.027922e+00 2.991736e-01 
1.028475e+00 2.991727e-01 
1.029030e+00 2.991717e-01 
1.029587e+00 2.991708e-01 
1.030146e+00 2.991698e-01 
1.030707e+00 2.991689e-01 
1.031270e+00 2.991679e-01 
1.031835e+00 2.991670e-01 
1.032403e+00 2.991660e-01 
1.032973e+00 2.991651e-01 
1.033545e+00 2.991641e-01 
1.034120e+00 2.991631e-01 
1.034697e+00 2.991622e-01 
1.035276e+00 2.991612e-01 
1.035858e+00 2.991602e-01 
1.036442e+00 2.991592e-01 
1.037029e+00 2.991582e-01 
1.037619e+00 2.991572e-01 
1.038211e+00 2.991562e-01 
1.038806e+00 2.991552e-01 
1.039404e+00 2.991542e-01 
1.040004e+00 2.991532e-01 
1.040607e+00 2.991522e-01 
1.041213e+00 2.991511e-01 
1.041822e+00 2.991501e-01 
1.042434e+00 2.991491e-01 
1.043049e+00 2.991480e-01 
1.043666e+00 2.991470e-01 
1.044287e+00 2.991459e-01 
1.044911e+00 2.991449e-01 
1.045538e+00 2.991438e-01 
1.046169e+00 2.991428e-01 
1.046802e+00 2.991417e-01 
1.047439e+00 2.991406e-01 
1.048079e+00 2.991395e-01 
1.048723e+00 2.991384e-01 
1.049370e+00 2.991374e-01 
1.050020e+00 2.991363e-01 
1.050674e+00 2.991351e-01 
1.051332e+00 2.991340e-01 
1.051993e+00 2.991329e-01 
1.052658e+00 2.991318e-01 
1.053326e+00 2.991307e-01 
1.053998e+00 2.991295e-01 
1.054674e+00 2.991284e-01 
1.055354e+00 2.991272e-01 
1.056038e+00 2.991261e-01 
1.056725e+00 2.991249e-01 
1.000000e+00 2.999006e-01 
1.000500e+00 2.999000e-01 
1.001000e+00 2.998993e-01 
1.001500e+00 2.998987e-01 
1.002000e+00 2.998981e-01 
1.002500e+00 2.998974e-01 
1.003000e+00 2.998968e-01 
1.003501e+00 2.998962e-01 
1.004002e+00 2.998955e-01 
1.004503e+00 2.998949e-01 
1.005005e+00 2.998943e-01 
1.005506e+00 2.998936e-01 
1.006009e+00 2.998930e-01 
1.006511e+00 2.998923e-01 
1.007014e+00 2.998917e-01 
1.007518e+00 2.998911e-01 
1.008022e+00 2.998904e-01 
1.008527e+00 2.998898e-01 
1.009032e+00 2.998892e-01 
1.009538e+00 2.998885e-01 
1.010044e+00 2.998879e-01 
1.010551e+00 2.998872e-01 
1.011059e+00 2.998866e-01 
1.011568e+00 2.998859e-01 
1.012078e+00 2.998853e-01 
1.012588e+00 2.998846e-01 
1.013100e+00 2.998840e-01 
1.013612e+00 2.998833e-01 
1.014125e+00 2.998827e-01 
1.014639e+00 2.998820e-01 
1.015154e+00 2.998814e-01 
1.015671e+00 2.998807e-01 
1.016188e+00 2.998801e-01 
1.016706e+00 2.998794e-01 
1.017226e+00 2.998788e-01 
1.017747e+00 2.998781e-01 
1.018269e+00 2.998774e-01 
1.018793e+00 2.998768e-01 
1.019317e+00 2.998761e-01 
1.019843e+00 2.998754e-01 
1.020371e+00 2.998748e-01 
1.020900e+00 2.998741e-01 
1.021430e+00 2.998734e-01 
1.021962e+00 2.998728e-01 
1.022495e+00 2.998721e-01 
1.023030e+00 2.998714e-01 
1.023567e+00 2.998707e-01 
1.024105e+00 2.998700e-01 
1.024645e+00 2.998694e-01 
1.025187e+00 2.998687e-01 
1.025730e+00 2.998680e-01 
1.026275e+00 2.998673e-01 
1.026823e+00 2.998666e-01 
1.027371e+00 2.998659e-01 
1.027922e+00 2.998652e-01 
1.028475e+00 2.998645e-01 
1.029030e+00 2.998638e-01 
1.029587e+00 2.998631e-01 
1.030146e+00 2.998624e-01 
1.030707e+00 2.998617e-01 
1.031270e+00 2.998610e-01 
1.031836e+00 2.998602e-01 
1.032403e+00 2.998595e-01 
1.032973e+00 2.998588e-01 
1.033545e+00 2.998581e-01 
1.034120e+00 2.998573e-01 
1.034697e+00 2.998566e-01 
1.035276e+00 2.998559e-01 
1.035858e+00 2.998551e-01 
1.036443e+00 2.998544e-01 
1.037030e+00 2.998537e-01 
1.037619e+00 2.998529e-01 
1.038211e+00 2.998522e-01 
1.038806e+00 2.998514e-01 
1.039404e+00 2.998506e-01 
1.040004e+00 2.998499e-01 
1.040607e+00 2.998491e-01 
1.041213e+00 2.998484e-01 
1.041822e+00 2.998476e-01 
1.042434e+00 2.998468e-01 
1.043049e+00 2.998460e-01 
1.043667e+00 2.998452e-01 
1.044287e+00 2.998445e-01 
1.044911e+00 2.998437e-01 
1.045539e+00 2.998429e-01 
1.046169e+00 2.998421e-01 
1.046803e+00 2.998413e-01 
1.047439e+00 2.998405e-01 
1.048080e+00 2.998396e-01 
1.048723e+00 2.998388e-01 
1.049370e+00 2.998380e-01 
1.050021e+00 2.998372e-01 
1.050674e+00 2.998364e-01 
1.051332e+00 2.998355e-01 
1.051993e+00 2.998347e-01 
1.052658e+00 2.998338e-01 
1.053326e+00 2.998330e-01 
1.053998e+00 2.998321e-01 
1.054674e+00 2.998313e-01 
1.055354e+00 2.998304e-01 
1.056038e+00 2.998296e-01 
1.056725e+00 2.998287e-01 
1.000000e+00 3.005804e-01 
1.000500e+00 3.005800e-01 
1.001000e+00 3.005796e-01 
1.001500e+00 3.005791e-01 
1.002000e+00 3.005787e-01 
1.002500e+00 3.005783e-01 
1.003000e+00 3.005779e-01 
1.003501e+00 3.005774e-01 
1.004002e+00 3.005770e-01 
1.004503e+00 3.005766e-01 
1.005005e+00 3.005762e-01 
1.005506e+00 3.005757e-01 
1.006009e+00 3.005753e-01 
1.006511e+00 3.005749e-01 
1.007014e+00 3.005745e-01 
1.007518e+00 3.005740e-01 
1.008022e+00 3.005736e-01 
1.008527e+00 3.005732e-01 
1.009032e+00 3.005728e-01 
1.009538e+00 3.005723e-01 
1.010044e+00 3.005719e-01 
1.010551e+00 3.005715e-01 
1.011059e+00 3.005711e-01 
1.011568e+00 3.005706e-01 
1.012078e+00 3.005702e-01 
1.012588e+00 3.005698e-01 
1.013100e+00 3.005693e-01 
1.013612e+00 3.005689e-01 
1.014125e+00 3.005685e-01 
1.014639e+00 3.005680e-01 
1.015154e+00 3.005676e-01 
1.015671e+00 3.005672e-01 
1.016188e+00 3.005667e-01 
1.016707e+00 3.005663e-01 
1.017226e+00 3.005658e-01 
1.017747e+00 3.005654e-01 
1.018269e+00 3.005650e-01 
1.018793e+00 3.005645e-01 
1.019317e+00 3.005641e-01 
1.019843e+00 3.005636e-01 
1.020371e+00 3.005632e-01 
1.020900e+00 3.005627e-01 
1.021430e+00 3.005623e-01 
1.021962e+00 3.005618e-01 
1.022495e+00 3.005614e-01 
1.023030e+00 3.005609e-01 
1.023567e+00 3.005605e-01 
1.024105e+00 3.005600e-01 
1.024645e+00 3.005596e-01 
1.025187e+00 3.005591e-01 
1.025730e+00 3.005587e-01 
1.026276e+00 3.005582e-01 
1.026823e+00 3.005577e-01 
1.027372e+00 3.005573e-01 
1.027922e+00 3.005568e-01 
1.028475e+00 3.005563e-01 
1.029030e+00 3.005559e-01 
1.029587e+00 3.005554e-01 
1.030146e+00 3.005549e-01 
1.030707e+00 3.005544e-01 
1.031270e+00 3.005540e-01 
1.031836e+00 3.005535e-01 
1.032403e+00 3.005530e-01 
1.032973e+00 3.005525e-01 
1.033546e+00 3.005520e-01 
1.034120e+00 3.005516e-01 
1.034697e+00 3.005511e-01 
1.035276e+00 3.005506e-01 
1.035858e+00 3.005501e-01 
1.036443e+00 3.005496e-01 
1.037030e+00 3.005491e-01 
1.037619e+00 3.005486e-01 
1.038211e+00 3.005481e-01 
1.038806e+00 3.005476e-01 
1.039404e+00 3.005471e-01 
1.040004e+00 3.005466e-01 
1.040607e+00 3.005461e-01 
1.041213e+00 3.005456e-01 
1.041822e+00 3.005451e-01 
1.042434e+00 3.005445e-01 
1.043049e+00 3.005440e-01 
1.043667e+00 3.005435e-01 
1.044288e+00 3.005430e-01 
1.044912e+00 3.005424e-01 
1.045539e+00 3.005419e-01 
1.046169e+00 3.005414e-01 
1.046803e+00 3.005408e-01 
1.047440e+00 3.005403e-01 
1.048080e+00 3.005398e-01 
1.048723e+00 3.005392e-01 
1.049370e+00 3.005387e-01 
1.050021e+00 3.005381e-01 
1.050675e+00 3.005376e-01 
1.051332e+00 3.005370e-01 
1.051993e+00 3.005365e-01 
1.052658e+00 3.005359e-01 
1.053326e+00 3.005353e-01 
1.053999e+00 3.005348e-01 
1.054675e+00 3.005342e-01 
1.055354e+00 3.005336e-01 
1.056038e+00 3.005330e-01 
1.056726e+00 3.005325e-01 
1.000000e+00 3.012602e-01 
1.000500e+00 3.012600e-01 
1.001000e+00 3.012598e-01 
1.001500e+00 3.012596e-01 
1.002000e+00 3.012594e-01 
1.002500e+00 3.012591e-01 
1.003001e+00 3.012589e-01 
1.003501e+00 3.012587e-01 
1.004002e+00 3.012585e-01 
1.004503e+00 3.012583e-01 
1.005005e+00 3.012581e-01 
1.005506e+00 3.012579e-01 
1.006009e+00 3.012577e-01 
1.006511e+00 3.012574e-01 
1.007014e+00 3.012572e-01 
1.007518e+00 3.012570e-01 
1.008022e+00 3.012568e-01 
1.008527e+00 3.012566e-01 
1.009032e+00 3.012564e-01 
1.009538e+00 3.012562e-01 
1.010044e+00 3.012560e-01 
1.010552e+00 3.012557e-01 
1.011060e+00 3.012555e-01 
1.011568e+00 3.012553e-01 
1.012078e+00 3.012551e-01 
1.012588e+00 3.012549e-01 
1.013100e+00 3.012547e-01 
1.013612e+00 3.012544e-01 
1.014125e+00 3.012542e-01 
1.014639e+00 3.012540e-01 
1.015154e+00 3.012538e-01 
1.015671e+00 3.012536e-01 
1.016188e+00 3.012534e-01 
1.016707e+00 3.012531e-01 
1.017226e+00 3.012529e-01 
1.017747e+00 3.012527e-01 
1.018269e+00 3.012525e-01 
1.018793e+00 3.012523e-01 
1.019317e+00 3.012520e-01 
1.019843e+00 3.012518e-01 
1.020371e+00 3.012516e-01 
1.020900e+00 3.012514e-01 
1.021430e+00 3.012511e-01 
1.021962e+00 3.012509e-01 
1.022496e+00 3.012507e-01 
1.023031e+00 3.012505e-01 
1.023567e+00 3.012502e-01 
1.024105e+00 3.012500e-01 
1.024645e+00 3.012498e-01 
1.025187e+00 3.012496e-01 
1.025730e+00 3.012493e-01 
1.026276e+00 3.012491e-01 
1.026823e+00 3.012489e-01 
1.027372e+00 3.012486e-01 
1.027923e+00 3.012484e-01 
1.028475e+00 3.012482e-01 
1.029030e+00 3.012479e-01 
1.029587e+00 3.012477e-01 
1.030146e+00 3.012475e-01 
1.030707e+00 3.012472e-01 
1.031270e+00 3.012470e-01 
1.031836e+00 3.012467e-01 
1.032403e+00 3.012465e-01 
1.032973e+00 3.012463e-01 
1.033546e+00 3.012460e-01 
1.034120e+00 3.012458e-01 
1.034697e+00 3.012455e-01 
1.035277e+00 3.012453e-01 
1.035859e+00 3.012450e-01 
1.036443e+00 3.012448e-01 
1.037030e+00 3.012446e-01 
1.037619e+00 3.012443e-01 
1.038212e+00 3.012441e-01 
1.038806e+00 3.012438e-01 
1.039404e+00 3.012435e-01 
1.040004e+00 3.012433e-01 
1.040608e+00 3.012430e-01 
1.041214e+00 3.012428e-01 
1.041822e+00 3.012425e-01 
1.042434e+00 3.012423e-01 
1.043049e+00 3.012420e-01 
1.043667e+00 3.012417e-01 
1.044288e+00 3.012415e-01 
1.044912e+00 3.012412e-01 
1.045539e+00 3.012410e-01 
1.046169e+00 3.012407e-01 
1.046803e+00 3.012404e-01 
1.047440e+00 3.012402e-01 
1.048080e+00 3.012399e-01 
1.048724e+00 3.012396e-01 
1.049370e+00 3.012393e-01 
1.050021e+00 3.012391e-01 
1.050675e+00 3.012388e-01 
1.051332e+00 3.012385e-01 
1.051993e+00 3.012382e-01 
1.052658e+00 3.012379e-01 
1.053327e+00 3.012377e-01 
1.053999e+00 3.012374e-01 
1.054675e+00 3.012371e-01 
1.055355e+00 3.012368e-01 
1.056038e+00 3.012365e-01 
1.056726e+00 3.012362e-01 
1.000000e+00 3.019400e-01 
1.000500e+00 3.019400e-01 
1.001000e+00 3.019400e-01 
1.001500e+00 3.019400e-01 
1.002000e+00 3.019400e-01 
1.002500e+00 3.019400e-01 
1.003001e+00 3.019400e-01 
1.003501e+00 3.019400e-01 
1.004002e+00 3.019400e-01 
1.004503e+00 3.019400e-01 
1.005005e+00 3.019400e-01 
1.005506e+00 3.019400e-01 
1.006009e+00 3.019400e-01 
1.006511e+00 3.019400e-01 
1.007014e+00 3.019400e-01 
1.007518e+00 3.019400e-01 
1.008022e+00 3.019400e-01 
1.008527e+00 3.019400e-01 
1.009032e+00 3.019400e-01 
1.009538e+00 3.019400e-01 
1.010044e+00 3.019400e-01 
1.010552e+00 3.019400e-01 
1.011060e+00 3.019400e-01 
1.011568e+00 3.019400e-01 
1.012078e+00 3.019400e-01 
1.012588e+00 3.019400e-01 
1.013100e+00 3.019400e-01 
1.013612e+00 3.019400e-01 
1.014125e+00 3.019400e-01 
1.014639e+00 3.019400e-01 
1.015155e+00 3.019400e-01 
1.015671e+00 3.019400e-01 
1.016188e+00 3.019400e-01 
1.016707e+00 3.019400e-01 
1.017226e+00 3.019400e-01 
1.017747e+00 3.019400e-01 
1.018269e+00 3.019400e-01 
1.018793e+00 3.019400e-01 
1.019317e+00 3.019400e-01 
1.019844e+00 3.019400e-01 
1.020371e+00 3.019400e-01 
1.020900e+00 3.019400e-01 
1.021430e+00 3.019400e-01 
1.021962e+00 3.019400e-01 
1.022496e+00 3.019400e-01 
1.023031e+00 3.019400e-01 
1.023567e+00 3.019400e-01 
1.024105e+00 3.019400e-01 
1.024645e+00 3.019400e-01 
1.025187e+00 3.019400e-01 
1.025731e+00 3.019400e-01 
1.026276e+00 3.019400e-01 
1.026823e+00 3.019400e-01 
1.027372e+00 3.019400e-01 
1.027923e+00 3.019400e-01 
1.028476e+00 3.019400e-01 
1.029030e+00 3.019400e-01 
1.029587e+00 3.019400e-01 
1.030146e+00 3.019400e-01 
1.030707e+00 3.019400e-01 
1.031271e+00 3.019400e-01 
1.031836e+00 3.019400e-01 
1.032404e+00 3.019400e-01 
1.032974e+00 3.019400e-01 
1.033546e+00 3.019400e-01 
1.034120e+00 3.019400e-01 
1.034697e+00 3.019400e-01 
1.035277e+00 3.019400e-01 
1.035859e+00 3.019400e-01 
1.036443e+00 3.019400e-01 
1.037030e+00 3.019400e-01 
1.037620e+00 3.019400e-01 
1.038212e+00 3.019400e-01 
1.038807e+00 3.019400e-01 
1.039404e+00 3.019400e-01 
1.040005e+00 3.019400e-01 
1.040608e+00 3.019400e-01 
1.041214e+00 3.019400e-01 
1.041823e+00 3.019400e-01 
1.042435e+00 3.019400e-01 
1.043049e+00 3.019400e-01 
1.043667e+00 3.019400e-01 
1.044288e+00 3.019400e-01 
1.044912e+00 3.019400e-01 
1.045539e+00 3.019400e-01 
1.046170e+00 3.019400e-01 
1.046803e+00 3.019400e-01 
1.047440e+00 3.019400e-01 
1.048080e+00 3.019400e-01 
1.048724e+00 3.019400e-01 
1.049371e+00 3.019400e-01 
1.050021e+00 3.019400e-01 
1.050675e+00 3.019400e-01 
1.051333e+00 3.019400e-01 
1.051994e+00 3.019400e-01 
1.052658e+00 3.019400e-01 
1.053327e+00 3.019400e-01 
1.053999e+00 3.019400e-01 
1.054675e+00 3.019400e-01 
1.055355e+00 3.019400e-01 
1.056038e+00 3.019400e-01 
1.056726e+00 3.019400e-01 
BC
-1
-1
-1
-1
-1
-1
-1
-1
-1
-1
-1
-1
-1
-1
-1
-1
-1
-1
-1
-1
-1
-1
-1
-1
-1
-1
-1
-1
-1
-1
-1
-1
-1
-1
-1
-1
-1
-1
-1
-1
-1
-1
-1
-1
-1
-1
-1
-1
-1
-1
-1
-1
-1
-1
-1
-1
-1
-1
-1
-1
-1
-1
-1
-1
-1
-1
-1
-1
-1
-1
-1
-1
-1
-1
-1
-1
-1
-1
-1
-1
-1
-1
-1
-1
-1
-1
-1
-1
-1
-1
-1
-1
-1
-1
-1
-1
-1
-1
-1
-1
-1
-1
-1
-1
-1
-1
-1
-1
-1
-1
-1
-1
-1
-1
-1
-1
-1
-1
-1
-1
-1
-1
-1
-1
-1
4
4
4
4
4
4
4
4
4
4
4
4
4
4
4
4
4
4
4
4
4
4
4
4
4
4
4
4
4
4
4
4
4
4
4
4
4
4
4
4
4
4
4
4
4
4
4
4
4
4
4
4
4
4
4
4
4
4
4
4
4
4
4
4
4
4
4
4
4
4
4
4
4
4
4
4
4
4
4
4
4
4
4
4
4
4
4
4
4
4
4
4
4
4
4
4
4
4
4
4
4
-1
-1
-1
-1
-1
-1
-1
-1
-1
-1
-1
-1
-1
-1
-1
-1
-1
-1
-1
-1
-1
-1
-1
-1
