npartb: 4 1 
ipartb: 3 0 
ngrid: 73 21 
5.255440e-01 3.019400e-01 
5.300420e-01 3.019400e-01 
5.345400e-01 3.019400e-01 
5.390380e-01 3.019400e-01 
5.435360e-01 3.019400e-01 
5.480340e-01 3.019400e-01 
5.525320e-01 3.019400e-01 
5.570300e-01 3.019400e-01 
5.615280e-01 3.019400e-01 
5.660260e-01 3.019400e-01 
5.705240e-01 3.019400e-01 
5.750220e-01 3.019400e-01 
5.795200e-01 3.019400e-01 
5.840180e-01 3.019400e-01 
5.885160e-01 3.019400e-01 
5.930140e-01 3.019400e-01 
5.975120e-01 3.019400e-01 
6.020100e-01 3.019400e-01 
6.065080e-01 3.019400e-01 
6.110060e-01 3.019400e-01 
6.155040e-01 3.019400e-01 
6.200020e-01 3.019400e-01 
6.245000e-01 3.019400e-01 
6.289980e-01 3.019400e-01 
6.334960e-01 3.019400e-01 
6.379940e-01 3.019400e-01 
6.424920e-01 3.019400e-01 
6.469900e-01 3.019400e-01 
6.514880e-01 3.019400e-01 
6.559860e-01 3.019400e-01 
6.604840e-01 3.019400e-01 
6.649820e-01 3.019400e-01 
6.694800e-01 3.019400e-01 
6.739780e-01 3.019400e-01 
6.784760e-01 3.019400e-01 
6.829740e-01 3.019400e-01 
6.874720e-01 3.019400e-01 
6.919700e-01 3.019400e-01 
6.964680e-01 3.019400e-01 
7.009660e-01 3.019400e-01 
7.054640e-01 3.019400e-01 
7.099620e-01 3.019400e-01 
7.144600e-01 3.019400e-01 
7.189580e-01 3.019400e-01 
7.234560e-01 3.019400e-01 
7.279540e-01 3.019400e-01 
7.324520e-01 3.019400e-01 
7.369500e-01 3.019400e-01 
7.414480e-01 3.019400e-01 
7.459460e-01 3.019400e-01 
7.504440e-01 3.019400e-01 
7.549420e-01 3.019400e-01 
7.594400e-01 3.019400e-01 
7.639380e-01 3.019400e-01 
7.684360e-01 3.019400e-01 
7.729340e-01 3.019400e-01 
7.774320e-01 3.019400e-01 
7.819300e-01 3.019400e-01 
7.864280e-01 3.019400e-01 
7.909260e-01 3.019400e-01 
7.954240e-01 3.019400e-01 
7.999220e-01 3.019400e-01 
8.044200e-01 3.019400e-01 
8.089180e-01 3.019400e-01 
8.134160e-01 3.019400e-01 
8.179140e-01 3.019400e-01 
8.224120e-01 3.019400e-01 
8.269100e-01 3.019400e-01 
8.314080e-01 3.019400e-01 
8.359060e-01 3.019400e-01 
8.404040e-01 3.019400e-01 
8.449020e-01 3.019400e-01 
8.494000e-01 3.019400e-01 
5.255440e-01 3.044440e-01 
5.300420e-01 3.044287e-01 
5.345400e-01 3.044133e-01 
5.390380e-01 3.043980e-01 
5.435360e-01 3.043827e-01 
5.480340e-01 3.043673e-01 
5.525320e-01 3.043520e-01 
5.570300e-01 3.043367e-01 
5.615280e-01 3.043213e-01 
5.660260e-01 3.043060e-01 
5.705240e-01 3.042907e-01 
5.750220e-01 3.042753e-01 
5.795200e-01 3.042600e-01 
5.840180e-01 3.042447e-01 
5.885160e-01 3.042293e-01 
5.930140e-01 3.042140e-01 
5.975120e-01 3.041987e-01 
6.020100e-01 3.041833e-01 
6.065080e-01 3.041680e-01 
6.110060e-01 3.041527e-01 
6.155040e-01 3.041373e-01 
6.200020e-01 3.041220e-01 
6.245000e-01 3.041067e-01 
6.289980e-01 3.040913e-01 
6.334960e-01 3.040760e-01 
6.379940e-01 3.040607e-01 
6.424920e-01 3.040453e-01 
6.469900e-01 3.040300e-01 
6.514880e-01 3.040147e-01 
6.559860e-01 3.039993e-01 
6.604840e-01 3.039840e-01 
6.649820e-01 3.039687e-01 
6.694800e-01 3.039533e-01 
6.739780e-01 3.039380e-01 
6.784760e-01 3.039227e-01 
6.829740e-01 3.039073e-01 
6.874720e-01 3.038920e-01 
6.919700e-01 3.038767e-01 
6.964680e-01 3.038613e-01 
7.009660e-01 3.038460e-01 
7.054640e-01 3.038307e-01 
7.099620e-01 3.038153e-01 
7.144600e-01 3.038000e-01 
7.189580e-01 3.037847e-01 
7.234560e-01 3.037693e-01 
7.279540e-01 3.037540e-01 
7.324520e-01 3.037387e-01 
7.369500e-01 3.037233e-01 
7.414480e-01 3.037080e-01 
7.459460e-01 3.036927e-01 
7.504440e-01 3.036773e-01 
7.549420e-01 3.036620e-01 
7.594400e-01 3.036467e-01 
7.639380e-01 3.036313e-01 
7.684360e-01 3.036160e-01 
7.729340e-01 3.036007e-01 
7.774320e-01 3.035853e-01 
7.819300e-01 3.035700e-01 
7.864280e-01 3.035547e-01 
7.909260e-01 3.035393e-01 
7.954240e-01 3.035240e-01 
7.999220e-01 3.035087e-01 
8.044200e-01 3.034933e-01 
8.089180e-01 3.034780e-01 
8.134160e-01 3.034627e-01 
8.179140e-01 3.034473e-01 
8.224120e-01 3.034320e-01 
8.269100e-01 3.034167e-01 
8.314080e-01 3.034013e-01 
8.359060e-01 3.033860e-01 
8.404040e-01 3.033707e-01 
8.449020e-01 3.033553e-01 
8.494000e-01 3.033400e-01 
5.255440e-01 3.070039e-01 
5.300420e-01 3.069733e-01 
5.345400e-01 3.069426e-01 
5.390380e-01 3.069120e-01 
5.435360e-01 3.068813e-01 
5.480340e-01 3.068507e-01 
5.525320e-01 3.068201e-01 
5.570300e-01 3.067894e-01 
5.615280e-01 3.067588e-01 
5.660260e-01 3.067281e-01 
5.705240e-01 3.066975e-01 
5.750220e-01 3.066669e-01 
5.795200e-01 3.066362e-01 
5.840180e-01 3.066056e-01 
5.885160e-01 3.065749e-01 
5.930140e-01 3.065443e-01 
5.975120e-01 3.065137e-01 
6.020100e-01 3.064830e-01 
6.065080e-01 3.064524e-01 
6.110060e-01 3.064217e-01 
6.155040e-01 3.063911e-01 
6.200020e-01 3.063605e-01 
6.245000e-01 3.063298e-01 
6.289980e-01 3.062992e-01 
6.334960e-01 3.062685e-01 
6.379940e-01 3.062379e-01 
6.424920e-01 3.062073e-01 
6.469900e-01 3.061766e-01 
6.514880e-01 3.061460e-01 
6.559860e-01 3.061153e-01 
6.604840e-01 3.060847e-01 
6.649820e-01 3.060541e-01 
6.694800e-01 3.060234e-01 
6.739780e-01 3.059928e-01 
6.784760e-01 3.059621e-01 
6.829740e-01 3.059315e-01 
6.874720e-01 3.059009e-01 
6.919700e-01 3.058702e-01 
6.964680e-01 3.058396e-01 
7.009660e-01 3.058089e-01 
7.054640e-01 3.057783e-01 
7.099620e-01 3.057477e-01 
7.144600e-01 3.057170e-01 
7.189580e-01 3.056864e-01 
7.234560e-01 3.056557e-01 
7.279540e-01 3.056251e-01 
7.324520e-01 3.055945e-01 
7.369500e-01 3.055638e-01 
7.414480e-01 3.055332e-01 
7.459460e-01 3.055025e-01 
7.504440e-01 3.054719e-01 
7.549420e-01 3.054413e-01 
7.594400e-01 3.054106e-01 
7.639380e-01 3.053800e-01 
7.684360e-01 3.053493e-01 
7.729340e-01 3.053187e-01 
7.774320e-01 3.052881e-01 
7.819300e-01 3.052574e-01 
7.864280e-01 3.052268e-01 
7.909260e-01 3.051961e-01 
7.954240e-01 3.051655e-01 
7.999220e-01 3.051349e-01 
8.044200e-01 3.051042e-01 
8.089180e-01 3.050736e-01 
8.134160e-01 3.050429e-01 
8.179140e-01 3.050123e-01 
8.224120e-01 3.049816e-01 
8.269100e-01 3.049510e-01 
8.314080e-01 3.049204e-01 
8.359060e-01 3.048897e-01 
8.404040e-01 3.048591e-01 
8.449020e-01 3.048284e-01 
8.494000e-01 3.047978e-01 
5.255440e-01 3.096775e-01 
5.300420e-01 3.096316e-01 
5.345400e-01 3.095857e-01 
5.390380e-01 3.095398e-01 
5.435360e-01 3.094939e-01 
5.480340e-01 3.094481e-01 
5.525320e-01 3.094022e-01 
5.570300e-01 3.093563e-01 
5.615280e-01 3.093104e-01 
5.660260e-01 3.092645e-01 
5.705240e-01 3.092186e-01 
5.750220e-01 3.091727e-01 
5.795200e-01 3.091268e-01 
5.840180e-01 3.090810e-01 
5.885160e-01 3.090351e-01 
5.930140e-01 3.089892e-01 
5.975120e-01 3.089433e-01 
6.020100e-01 3.088974e-01 
6.065080e-01 3.088515e-01 
6.110060e-01 3.088056e-01 
6.155040e-01 3.087598e-01 
6.200020e-01 3.087139e-01 
6.245000e-01 3.086680e-01 
6.289980e-01 3.086221e-01 
6.334960e-01 3.085762e-01 
6.379940e-01 3.085303e-01 
6.424920e-01 3.084844e-01 
6.469900e-01 3.084385e-01 
6.514880e-01 3.083927e-01 
6.559860e-01 3.083468e-01 
6.604840e-01 3.083009e-01 
6.649820e-01 3.082550e-01 
6.694800e-01 3.082091e-01 
6.739780e-01 3.081632e-01 
6.784760e-01 3.081173e-01 
6.829740e-01 3.080714e-01 
6.874720e-01 3.080256e-01 
6.919700e-01 3.079797e-01 
6.964680e-01 3.079338e-01 
7.009660e-01 3.078879e-01 
7.054640e-01 3.078420e-01 
7.099620e-01 3.077961e-01 
7.144600e-01 3.077502e-01 
7.189580e-01 3.077043e-01 
7.234560e-01 3.076585e-01 
7.279540e-01 3.076126e-01 
7.324520e-01 3.075667e-01 
7.369500e-01 3.075208e-01 
7.414480e-01 3.074749e-01 
7.459460e-01 3.074290e-01 
7.504440e-01 3.073831e-01 
7.549420e-01 3.073373e-01 
7.594400e-01 3.072914e-01 
7.639380e-01 3.072455e-01 
7.684360e-01 3.071996e-01 
7.729340e-01 3.071537e-01 
7.774320e-01 3.071078e-01 
7.819300e-01 3.070619e-01 
7.864280e-01 3.070160e-01 
7.909260e-01 3.069702e-01 
7.954240e-01 3.069243e-01 
7.999220e-01 3.068784e-01 
8.044200e-01 3.068325e-01 
8.089180e-01 3.067866e-01 
8.134160e-01 3.067407e-01 
8.179140e-01 3.066948e-01 
8.224120e-01 3.066489e-01 
8.269100e-01 3.066031e-01 
8.314080e-01 3.065572e-01 
8.359060e-01 3.065113e-01 
8.404040e-01 3.064654e-01 
8.449020e-01 3.064195e-01 
8.494000e-01 3.063736e-01 
5.255440e-01 3.125265e-01 
5.300420e-01 3.124655e-01 
5.345400e-01 3.124045e-01 
5.390380e-01 3.123434e-01 
5.435360e-01 3.122824e-01 
5.480340e-01 3.122214e-01 
5.525320e-01 3.121603e-01 
5.570300e-01 3.120993e-01 
5.615280e-01 3.120383e-01 
5.660260e-01 3.119773e-01 
5.705240e-01 3.119162e-01 
5.750220e-01 3.118552e-01 
5.795200e-01 3.117942e-01 
5.840180e-01 3.117331e-01 
5.885160e-01 3.116721e-01 
5.930140e-01 3.116111e-01 
5.975120e-01 3.115501e-01 
6.020100e-01 3.114890e-01 
6.065080e-01 3.114280e-01 
6.110060e-01 3.113670e-01 
6.155040e-01 3.113060e-01 
6.200020e-01 3.112449e-01 
6.245000e-01 3.111839e-01 
6.289980e-01 3.111229e-01 
6.334960e-01 3.110618e-01 
6.379940e-01 3.110008e-01 
6.424920e-01 3.109398e-01 
6.469900e-01 3.108788e-01 
6.514880e-01 3.108177e-01 
6.559860e-01 3.107567e-01 
6.604840e-01 3.106957e-01 
6.649820e-01 3.106346e-01 
6.694800e-01 3.105736e-01 
6.739780e-01 3.105126e-01 
6.784760e-01 3.104516e-01 
6.829740e-01 3.103905e-01 
6.874720e-01 3.103295e-01 
6.919700e-01 3.102685e-01 
6.964680e-01 3.102075e-01 
7.009660e-01 3.101464e-01 
7.054640e-01 3.100854e-01 
7.099620e-01 3.100244e-01 
7.144600e-01 3.099633e-01 
7.189580e-01 3.099023e-01 
7.234560e-01 3.098413e-01 
7.279540e-01 3.097803e-01 
7.324520e-01 3.097192e-01 
7.369500e-01 3.096582e-01 
7.414480e-01 3.095972e-01 
7.459460e-01 3.095361e-01 
7.504440e-01 3.094751e-01 
7.549420e-01 3.094141e-01 
7.594400e-01 3.093531e-01 
7.639380e-01 3.092920e-01 
7.684360e-01 3.092310e-01 
7.729340e-01 3.091700e-01 
7.774320e-01 3.091090e-01 
7.819300e-01 3.090479e-01 
7.864280e-01 3.089869e-01 
7.909260e-01 3.089259e-01 
7.954240e-01 3.088648e-01 
7.999220e-01 3.088038e-01 
8.044200e-01 3.087428e-01 
8.089180e-01 3.086818e-01 
8.134160e-01 3.086207e-01 
8.179140e-01 3.085597e-01 
8.224120e-01 3.084987e-01 
8.269100e-01 3.084377e-01 
8.314080e-01 3.083766e-01 
8.359060e-01 3.083156e-01 
8.404040e-01 3.082546e-01 
8.449020e-01 3.081935e-01 
8.494000e-01 3.081325e-01 
5.255440e-01 3.156187e-01 
5.300420e-01 3.155427e-01 
5.345400e-01 3.154667e-01 
5.390380e-01 3.153907e-01 
5.435360e-01 3.153147e-01 
5.480340e-01 3.152387e-01 
5.525320e-01 3.151627e-01 
5.570300e-01 3.150867e-01 
5.615280e-01 3.150107e-01 
5.660260e-01 3.149347e-01 
5.705240e-01 3.148588e-01 
5.750220e-01 3.147828e-01 
5.795200e-01 3.147068e-01 
5.840180e-01 3.146308e-01 
5.885160e-01 3.145548e-01 
5.930140e-01 3.144788e-01 
5.975120e-01 3.144028e-01 
6.020100e-01 3.143268e-01 
6.065080e-01 3.142508e-01 
6.110060e-01 3.141748e-01 
6.155040e-01 3.140988e-01 
6.200020e-01 3.140228e-01 
6.245000e-01 3.139468e-01 
6.289980e-01 3.138708e-01 
6.334960e-01 3.137948e-01 
6.379940e-01 3.137188e-01 
6.424920e-01 3.136428e-01 
6.469900e-01 3.135668e-01 
6.514880e-01 3.134909e-01 
6.559860e-01 3.134149e-01 
6.604840e-01 3.133389e-01 
6.649820e-01 3.132629e-01 
6.694800e-01 3.131869e-01 
6.739780e-01 3.131109e-01 
6.784760e-01 3.130349e-01 
6.829740e-01 3.129589e-01 
6.874720e-01 3.128829e-01 
6.919700e-01 3.128069e-01 
6.964680e-01 3.127309e-01 
7.009660e-01 3.126549e-01 
7.054640e-01 3.125789e-01 
7.099620e-01 3.125029e-01 
7.144600e-01 3.124269e-01 
7.189580e-01 3.123509e-01 
7.234560e-01 3.122749e-01 
7.279540e-01 3.121990e-01 
7.324520e-01 3.121230e-01 
7.369500e-01 3.120470e-01 
7.414480e-01 3.119710e-01 
7.459460e-01 3.118950e-01 
7.504440e-01 3.118190e-01 
7.549420e-01 3.117430e-01 
7.594400e-01 3.116670e-01 
7.639380e-01 3.115910e-01 
7.684360e-01 3.115150e-01 
7.729340e-01 3.114390e-01 
7.774320e-01 3.113630e-01 
7.819300e-01 3.112870e-01 
7.864280e-01 3.112110e-01 
7.909260e-01 3.111350e-01 
7.954240e-01 3.110590e-01 
7.999220e-01 3.109830e-01 
8.044200e-01 3.109070e-01 
8.089180e-01 3.108311e-01 
8.134160e-01 3.107551e-01 
8.179140e-01 3.106791e-01 
8.224120e-01 3.106031e-01 
8.269100e-01 3.105271e-01 
8.314080e-01 3.104511e-01 
8.359060e-01 3.103751e-01 
8.404040e-01 3.102991e-01 
8.449020e-01 3.102231e-01 
8.494000e-01 3.101471e-01 
5.255440e-01 3.190302e-01 
5.300420e-01 3.189396e-01 
5.345400e-01 3.188489e-01 
5.390380e-01 3.187582e-01 
5.435360e-01 3.186675e-01 
5.480340e-01 3.185768e-01 
5.525320e-01 3.184861e-01 
5.570300e-01 3.183954e-01 
5.615280e-01 3.183047e-01 
5.660260e-01 3.182140e-01 
5.705240e-01 3.181233e-01 
5.750220e-01 3.180327e-01 
5.795200e-01 3.179420e-01 
5.840180e-01 3.178513e-01 
5.885160e-01 3.177606e-01 
5.930140e-01 3.176699e-01 
5.975120e-01 3.175792e-01 
6.020100e-01 3.174885e-01 
6.065080e-01 3.173978e-01 
6.110060e-01 3.173071e-01 
6.155040e-01 3.172164e-01 
6.200020e-01 3.171258e-01 
6.245000e-01 3.170351e-01 
6.289980e-01 3.169444e-01 
6.334960e-01 3.168537e-01 
6.379940e-01 3.167630e-01 
6.424920e-01 3.166723e-01 
6.469900e-01 3.165816e-01 
6.514880e-01 3.164909e-01 
6.559860e-01 3.164002e-01 
6.604840e-01 3.163096e-01 
6.649820e-01 3.162189e-01 
6.694800e-01 3.161282e-01 
6.739780e-01 3.160375e-01 
6.784760e-01 3.159468e-01 
6.829740e-01 3.158561e-01 
6.874720e-01 3.157654e-01 
6.919700e-01 3.156747e-01 
6.964680e-01 3.155840e-01 
7.009660e-01 3.154933e-01 
7.054640e-01 3.154027e-01 
7.099620e-01 3.153120e-01 
7.144600e-01 3.152213e-01 
7.189580e-01 3.151306e-01 
7.234560e-01 3.150399e-01 
7.279540e-01 3.149492e-01 
7.324520e-01 3.148585e-01 
7.369500e-01 3.147678e-01 
7.414480e-01 3.146771e-01 
7.459460e-01 3.145864e-01 
7.504440e-01 3.144958e-01 
7.549420e-01 3.144051e-01 
7.594400e-01 3.143144e-01 
7.639380e-01 3.142237e-01 
7.684360e-01 3.141330e-01 
7.729340e-01 3.140423e-01 
7.774320e-01 3.139516e-01 
7.819300e-01 3.138609e-01 
7.864280e-01 3.137702e-01 
7.909260e-01 3.136796e-01 
7.954240e-01 3.135889e-01 
7.999220e-01 3.134982e-01 
8.044200e-01 3.134075e-01 
8.089180e-01 3.133168e-01 
8.134160e-01 3.132261e-01 
8.179140e-01 3.131354e-01 
8.224120e-01 3.130447e-01 
8.269100e-01 3.129540e-01 
8.314080e-01 3.128633e-01 
8.359060e-01 3.127727e-01 
8.404040e-01 3.126820e-01 
8.449020e-01 3.125913e-01 
8.494000e-01 3.125006e-01 
5.255440e-01 3.228485e-01 
5.300420e-01 3.227435e-01 
5.345400e-01 3.226385e-01 
5.390380e-01 3.225336e-01 
5.435360e-01 3.224286e-01 
5.480340e-01 3.223236e-01 
5.525320e-01 3.222186e-01 
5.570300e-01 3.221136e-01 
5.615280e-01 3.220087e-01 
5.660260e-01 3.219037e-01 
5.705240e-01 3.217987e-01 
5.750220e-01 3.216937e-01 
5.795200e-01 3.215888e-01 
5.840180e-01 3.214838e-01 
5.885160e-01 3.213788e-01 
5.930140e-01 3.212738e-01 
5.975120e-01 3.211689e-01 
6.020100e-01 3.210639e-01 
6.065080e-01 3.209589e-01 
6.110060e-01 3.208539e-01 
6.155040e-01 3.207489e-01 
6.200020e-01 3.206440e-01 
6.245000e-01 3.205390e-01 
6.289980e-01 3.204340e-01 
6.334960e-01 3.203290e-01 
6.379940e-01 3.202241e-01 
6.424920e-01 3.201191e-01 
6.469900e-01 3.200141e-01 
6.514880e-01 3.199091e-01 
6.559860e-01 3.198042e-01 
6.604840e-01 3.196992e-01 
6.649820e-01 3.195942e-01 
6.694800e-01 3.194892e-01 
6.739780e-01 3.193842e-01 
6.784760e-01 3.192793e-01 
6.829740e-01 3.191743e-01 
6.874720e-01 3.190693e-01 
6.919700e-01 3.189643e-01 
6.964680e-01 3.188594e-01 
7.009660e-01 3.187544e-01 
7.054640e-01 3.186494e-01 
7.099620e-01 3.185444e-01 
7.144600e-01 3.184395e-01 
7.189580e-01 3.183345e-01 
7.234560e-01 3.182295e-01 
7.279540e-01 3.181245e-01 
7.324520e-01 3.180195e-01 
7.369500e-01 3.179146e-01 
7.414480e-01 3.178096e-01 
7.459460e-01 3.177046e-01 
7.504440e-01 3.175996e-01 
7.549420e-01 3.174947e-01 
7.594400e-01 3.173897e-01 
7.639380e-01 3.172847e-01 
7.684360e-01 3.171797e-01 
7.729340e-01 3.170747e-01 
7.774320e-01 3.169698e-01 
7.819300e-01 3.168648e-01 
7.864280e-01 3.167598e-01 
7.909260e-01 3.166548e-01 
7.954240e-01 3.165499e-01 
7.999220e-01 3.164449e-01 
8.044200e-01 3.163399e-01 
8.089180e-01 3.162349e-01 
8.134160e-01 3.161300e-01 
8.179140e-01 3.160250e-01 
8.224120e-01 3.159200e-01 
8.269100e-01 3.158150e-01 
8.314080e-01 3.157100e-01 
8.359060e-01 3.156051e-01 
8.404040e-01 3.155001e-01 
8.449020e-01 3.153951e-01 
8.494000e-01 3.152901e-01 
5.255440e-01 3.271751e-01 
5.300420e-01 3.270564e-01 
5.345400e-01 3.269377e-01 
5.390380e-01 3.268191e-01 
5.435360e-01 3.267004e-01 
5.480340e-01 3.265817e-01 
5.525320e-01 3.264631e-01 
5.570300e-01 3.263444e-01 
5.615280e-01 3.262257e-01 
5.660260e-01 3.261071e-01 
5.705240e-01 3.259884e-01 
5.750220e-01 3.258697e-01 
5.795200e-01 3.257511e-01 
5.840180e-01 3.256324e-01 
5.885160e-01 3.255137e-01 
5.930140e-01 3.253951e-01 
5.975120e-01 3.252764e-01 
6.020100e-01 3.251577e-01 
6.065080e-01 3.250390e-01 
6.110060e-01 3.249204e-01 
6.155040e-01 3.248017e-01 
6.200020e-01 3.246830e-01 
6.245000e-01 3.245644e-01 
6.289980e-01 3.244457e-01 
6.334960e-01 3.243270e-01 
6.379940e-01 3.242084e-01 
6.424920e-01 3.240897e-01 
6.469900e-01 3.239710e-01 
6.514880e-01 3.238524e-01 
6.559860e-01 3.237337e-01 
6.604840e-01 3.236150e-01 
6.649820e-01 3.234964e-01 
6.694800e-01 3.233777e-01 
6.739780e-01 3.232590e-01 
6.784760e-01 3.231403e-01 
6.829740e-01 3.230217e-01 
6.874720e-01 3.229030e-01 
6.919700e-01 3.227843e-01 
6.964680e-01 3.226657e-01 
7.009660e-01 3.225470e-01 
7.054640e-01 3.224283e-01 
7.099620e-01 3.223097e-01 
7.144600e-01 3.221910e-01 
7.189580e-01 3.220723e-01 
7.234560e-01 3.219537e-01 
7.279540e-01 3.218350e-01 
7.324520e-01 3.217163e-01 
7.369500e-01 3.215977e-01 
7.414480e-01 3.214790e-01 
7.459460e-01 3.213603e-01 
7.504440e-01 3.212417e-01 
7.549420e-01 3.211230e-01 
7.594400e-01 3.210043e-01 
7.639380e-01 3.208856e-01 
7.684360e-01 3.207670e-01 
7.729340e-01 3.206483e-01 
7.774320e-01 3.205296e-01 
7.819300e-01 3.204110e-01 
7.864280e-01 3.202923e-01 
7.909260e-01 3.201736e-01 
7.954240e-01 3.200550e-01 
7.999220e-01 3.199363e-01 
8.044200e-01 3.198176e-01 
8.089180e-01 3.196990e-01 
8.134160e-01 3.195803e-01 
8.179140e-01 3.194616e-01 
8.224120e-01 3.193430e-01 
8.269100e-01 3.192243e-01 
8.314080e-01 3.191056e-01 
8.359060e-01 3.189870e-01 
8.404040e-01 3.188683e-01 
8.449020e-01 3.187496e-01 
8.494000e-01 3.186309e-01 
5.255440e-01 3.321297e-01 
5.300420e-01 3.319982e-01 
5.345400e-01 3.318667e-01 
5.390380e-01 3.317352e-01 
5.435360e-01 3.316037e-01 
5.480340e-01 3.314721e-01 
5.525320e-01 3.313406e-01 
5.570300e-01 3.312091e-01 
5.615280e-01 3.310776e-01 
5.660260e-01 3.309461e-01 
5.705240e-01 3.308146e-01 
5.750220e-01 3.306831e-01 
5.795200e-01 3.305516e-01 
5.840180e-01 3.304201e-01 
5.885160e-01 3.302886e-01 
5.930140e-01 3.301570e-01 
5.975120e-01 3.300255e-01 
6.020100e-01 3.298940e-01 
6.065080e-01 3.297625e-01 
6.110060e-01 3.296310e-01 
6.155040e-01 3.294995e-01 
6.200020e-01 3.293680e-01 
6.245000e-01 3.292365e-01 
6.289980e-01 3.291050e-01 
6.334960e-01 3.289735e-01 
6.379940e-01 3.288419e-01 
6.424920e-01 3.287104e-01 
6.469900e-01 3.285789e-01 
6.514880e-01 3.284474e-01 
6.559860e-01 3.283159e-01 
6.604840e-01 3.281844e-01 
6.649820e-01 3.280529e-01 
6.694800e-01 3.279214e-01 
6.739780e-01 3.277899e-01 
6.784760e-01 3.276584e-01 
6.829740e-01 3.275268e-01 
6.874720e-01 3.273953e-01 
6.919700e-01 3.272638e-01 
6.964680e-01 3.271323e-01 
7.009660e-01 3.270008e-01 
7.054640e-01 3.268693e-01 
7.099620e-01 3.267378e-01 
7.144600e-01 3.266063e-01 
7.189580e-01 3.264748e-01 
7.234560e-01 3.263432e-01 
7.279540e-01 3.262117e-01 
7.324520e-01 3.260802e-01 
7.369500e-01 3.259487e-01 
7.414480e-01 3.258172e-01 
7.459460e-01 3.256857e-01 
7.504440e-01 3.255542e-01 
7.549420e-01 3.254227e-01 
7.594400e-01 3.252912e-01 
7.639380e-01 3.251597e-01 
7.684360e-01 3.250281e-01 
7.729340e-01 3.248966e-01 
7.774320e-01 3.247651e-01 
7.819300e-01 3.246336e-01 
7.864280e-01 3.245021e-01 
7.909260e-01 3.243706e-01 
7.954240e-01 3.242391e-01 
7.999220e-01 3.241076e-01 
8.044200e-01 3.239761e-01 
8.089180e-01 3.238446e-01 
8.134160e-01 3.237130e-01 
8.179140e-01 3.235815e-01 
8.224120e-01 3.234500e-01 
8.269100e-01 3.233185e-01 
8.314080e-01 3.231870e-01 
8.359060e-01 3.230555e-01 
8.404040e-01 3.229240e-01 
8.449020e-01 3.227925e-01 
8.494000e-01 3.226610e-01 
5.255440e-01 3.378545e-01 
5.300420e-01 3.377114e-01 
5.345400e-01 3.375682e-01 
5.390380e-01 3.374250e-01 
5.435360e-01 3.372819e-01 
5.480340e-01 3.371387e-01 
5.525320e-01 3.369955e-01 
5.570300e-01 3.368524e-01 
5.615280e-01 3.367092e-01 
5.660260e-01 3.365660e-01 
5.705240e-01 3.364229e-01 
5.750220e-01 3.362797e-01 
5.795200e-01 3.361365e-01 
5.840180e-01 3.359934e-01 
5.885160e-01 3.358502e-01 
5.930140e-01 3.357071e-01 
5.975120e-01 3.355639e-01 
6.020100e-01 3.354207e-01 
6.065080e-01 3.352776e-01 
6.110060e-01 3.351344e-01 
6.155040e-01 3.349912e-01 
6.200020e-01 3.348481e-01 
6.245000e-01 3.347049e-01 
6.289980e-01 3.345617e-01 
6.334960e-01 3.344186e-01 
6.379940e-01 3.342754e-01 
6.424920e-01 3.341322e-01 
6.469900e-01 3.339891e-01 
6.514880e-01 3.338459e-01 
6.559860e-01 3.337027e-01 
6.604840e-01 3.335596e-01 
6.649820e-01 3.334164e-01 
6.694800e-01 3.332732e-01 
6.739780e-01 3.331301e-01 
6.784760e-01 3.329869e-01 
6.829740e-01 3.328437e-01 
6.874720e-01 3.327006e-01 
6.919700e-01 3.325574e-01 
6.964680e-01 3.324142e-01 
7.009660e-01 3.322711e-01 
7.054640e-01 3.321279e-01 
7.099620e-01 3.319847e-01 
7.144600e-01 3.318416e-01 
7.189580e-01 3.316984e-01 
7.234560e-01 3.315552e-01 
7.279540e-01 3.314121e-01 
7.324520e-01 3.312689e-01 
7.369500e-01 3.311257e-01 
7.414480e-01 3.309826e-01 
7.459460e-01 3.308394e-01 
7.504440e-01 3.306962e-01 
7.549420e-01 3.305531e-01 
7.594400e-01 3.304099e-01 
7.639380e-01 3.302667e-01 
7.684360e-01 3.301236e-01 
7.729340e-01 3.299804e-01 
7.774320e-01 3.298372e-01 
7.819300e-01 3.296941e-01 
7.864280e-01 3.295509e-01 
7.909260e-01 3.294078e-01 
7.954240e-01 3.292646e-01 
7.999220e-01 3.291214e-01 
8.044200e-01 3.289783e-01 
8.089180e-01 3.288351e-01 
8.134160e-01 3.286919e-01 
8.179140e-01 3.285488e-01 
8.224120e-01 3.284056e-01 
8.269100e-01 3.282624e-01 
8.314080e-01 3.281193e-01 
8.359060e-01 3.279761e-01 
8.404040e-01 3.278329e-01 
8.449020e-01 3.276898e-01 
8.494000e-01 3.275466e-01 
5.255440e-01 3.445196e-01 
5.300420e-01 3.443664e-01 
5.345400e-01 3.442132e-01 
5.390380e-01 3.440600e-01 
5.435360e-01 3.439068e-01 
5.480340e-01 3.437536e-01 
5.525320e-01 3.436005e-01 
5.570300e-01 3.434473e-01 
5.615280e-01 3.432941e-01 
5.660260e-01 3.431409e-01 
5.705240e-01 3.429877e-01 
5.750220e-01 3.428345e-01 
5.795200e-01 3.426813e-01 
5.840180e-01 3.425281e-01 
5.885160e-01 3.423749e-01 
5.930140e-01 3.422217e-01 
5.975120e-01 3.420685e-01 
6.020100e-01 3.419153e-01 
6.065080e-01 3.417621e-01 
6.110060e-01 3.416089e-01 
6.155040e-01 3.414557e-01 
6.200020e-01 3.413025e-01 
6.245000e-01 3.411493e-01 
6.289980e-01 3.409961e-01 
6.334960e-01 3.408429e-01 
6.379940e-01 3.406897e-01 
6.424920e-01 3.405366e-01 
6.469900e-01 3.403834e-01 
6.514880e-01 3.402302e-01 
6.559860e-01 3.400770e-01 
6.604840e-01 3.399238e-01 
6.649820e-01 3.397706e-01 
6.694800e-01 3.396174e-01 
6.739780e-01 3.394642e-01 
6.784760e-01 3.393110e-01 
6.829740e-01 3.391578e-01 
6.874720e-01 3.390046e-01 
6.919700e-01 3.388514e-01 
6.964680e-01 3.386982e-01 
7.009660e-01 3.385450e-01 
7.054640e-01 3.383918e-01 
7.099620e-01 3.382386e-01 
7.144600e-01 3.380854e-01 
7.189580e-01 3.379322e-01 
7.234560e-01 3.377790e-01 
7.279540e-01 3.376258e-01 
7.324520e-01 3.374727e-01 
7.369500e-01 3.373195e-01 
7.414480e-01 3.371663e-01 
7.459460e-01 3.370131e-01 
7.504440e-01 3.368599e-01 
7.549420e-01 3.367067e-01 
7.594400e-01 3.365535e-01 
7.639380e-01 3.364003e-01 
7.684360e-01 3.362471e-01 
7.729340e-01 3.360939e-01 
7.774320e-01 3.359407e-01 
7.819300e-01 3.357875e-01 
7.864280e-01 3.356343e-01 
7.909260e-01 3.354811e-01 
7.954240e-01 3.353279e-01 
7.999220e-01 3.351747e-01 
8.044200e-01 3.350215e-01 
8.089180e-01 3.348683e-01 
8.134160e-01 3.347151e-01 
8.179140e-01 3.345619e-01 
8.224120e-01 3.344088e-01 
8.269100e-01 3.342556e-01 
8.314080e-01 3.341024e-01 
8.359060e-01 3.339492e-01 
8.404040e-01 3.337960e-01 
8.449020e-01 3.336428e-01 
8.494000e-01 3.334896e-01 
5.255440e-01 3.523293e-01 
5.300420e-01 3.521683e-01 
5.345400e-01 3.520072e-01 
5.390380e-01 3.518462e-01 
5.435360e-01 3.516852e-01 
5.480340e-01 3.515242e-01 
5.525320e-01 3.513631e-01 
5.570300e-01 3.512021e-01 
5.615280e-01 3.510411e-01 
5.660260e-01 3.508801e-01 
5.705240e-01 3.507190e-01 
5.750220e-01 3.505580e-01 
5.795200e-01 3.503970e-01 
5.840180e-01 3.502359e-01 
5.885160e-01 3.500749e-01 
5.930140e-01 3.499139e-01 
5.975120e-01 3.497529e-01 
6.020100e-01 3.495918e-01 
6.065080e-01 3.494308e-01 
6.110060e-01 3.492698e-01 
6.155040e-01 3.491088e-01 
6.200020e-01 3.489477e-01 
6.245000e-01 3.487867e-01 
6.289980e-01 3.486257e-01 
6.334960e-01 3.484646e-01 
6.379940e-01 3.483036e-01 
6.424920e-01 3.481426e-01 
6.469900e-01 3.479816e-01 
6.514880e-01 3.478205e-01 
6.559860e-01 3.476595e-01 
6.604840e-01 3.474985e-01 
6.649820e-01 3.473374e-01 
6.694800e-01 3.471764e-01 
6.739780e-01 3.470154e-01 
6.784760e-01 3.468544e-01 
6.829740e-01 3.466933e-01 
6.874720e-01 3.465323e-01 
6.919700e-01 3.463713e-01 
6.964680e-01 3.462103e-01 
7.009660e-01 3.460492e-01 
7.054640e-01 3.458882e-01 
7.099620e-01 3.457272e-01 
7.144600e-01 3.455661e-01 
7.189580e-01 3.454051e-01 
7.234560e-01 3.452441e-01 
7.279540e-01 3.450831e-01 
7.324520e-01 3.449220e-01 
7.369500e-01 3.447610e-01 
7.414480e-01 3.446000e-01 
7.459460e-01 3.444390e-01 
7.504440e-01 3.442779e-01 
7.549420e-01 3.441169e-01 
7.594400e-01 3.439559e-01 
7.639380e-01 3.437948e-01 
7.684360e-01 3.436338e-01 
7.729340e-01 3.434728e-01 
7.774320e-01 3.433118e-01 
7.819300e-01 3.431507e-01 
7.864280e-01 3.429897e-01 
7.909260e-01 3.428287e-01 
7.954240e-01 3.426676e-01 
7.999220e-01 3.425066e-01 
8.044200e-01 3.423456e-01 
8.089180e-01 3.421846e-01 
8.134160e-01 3.420235e-01 
8.179140e-01 3.418625e-01 
8.224120e-01 3.417015e-01 
8.269100e-01 3.415405e-01 
8.314080e-01 3.413794e-01 
8.359060e-01 3.412184e-01 
8.404040e-01 3.410574e-01 
8.449020e-01 3.408963e-01 
8.494000e-01 3.407353e-01 
5.255440e-01 3.615301e-01 
5.300420e-01 3.613642e-01 
5.345400e-01 3.611982e-01 
5.390380e-01 3.610323e-01 
5.435360e-01 3.608664e-01 
5.480340e-01 3.607004e-01 
5.525320e-01 3.605345e-01 
5.570300e-01 3.603686e-01 
5.615280e-01 3.602026e-01 
5.660260e-01 3.600367e-01 
5.705240e-01 3.598708e-01 
5.750220e-01 3.597048e-01 
5.795200e-01 3.595389e-01 
5.840180e-01 3.593730e-01 
5.885160e-01 3.592070e-01 
5.930140e-01 3.590411e-01 
5.975120e-01 3.588752e-01 
6.020100e-01 3.587092e-01 
6.065080e-01 3.585433e-01 
6.110060e-01 3.583774e-01 
6.155040e-01 3.582115e-01 
6.200020e-01 3.580455e-01 
6.245000e-01 3.578796e-01 
6.289980e-01 3.577137e-01 
6.334960e-01 3.575477e-01 
6.379940e-01 3.573818e-01 
6.424920e-01 3.572159e-01 
6.469900e-01 3.570499e-01 
6.514880e-01 3.568840e-01 
6.559860e-01 3.567181e-01 
6.604840e-01 3.565521e-01 
6.649820e-01 3.563862e-01 
6.694800e-01 3.562203e-01 
6.739780e-01 3.560543e-01 
6.784760e-01 3.558884e-01 
6.829740e-01 3.557225e-01 
6.874720e-01 3.555565e-01 
6.919700e-01 3.553906e-01 
6.964680e-01 3.552247e-01 
7.009660e-01 3.550588e-01 
7.054640e-01 3.548928e-01 
7.099620e-01 3.547269e-01 
7.144600e-01 3.545610e-01 
7.189580e-01 3.543950e-01 
7.234560e-01 3.542291e-01 
7.279540e-01 3.540632e-01 
7.324520e-01 3.538972e-01 
7.369500e-01 3.537313e-01 
7.414480e-01 3.535654e-01 
7.459460e-01 3.533994e-01 
7.504440e-01 3.532335e-01 
7.549420e-01 3.530676e-01 
7.594400e-01 3.529016e-01 
7.639380e-01 3.527357e-01 
7.684360e-01 3.525698e-01 
7.729340e-01 3.524038e-01 
7.774320e-01 3.522379e-01 
7.819300e-01 3.520720e-01 
7.864280e-01 3.519060e-01 
7.909260e-01 3.517401e-01 
7.954240e-01 3.515742e-01 
7.999220e-01 3.514083e-01 
8.044200e-01 3.512423e-01 
8.089180e-01 3.510764e-01 
8.134160e-01 3.509105e-01 
8.179140e-01 3.507445e-01 
8.224120e-01 3.505786e-01 
8.269100e-01 3.504127e-01 
8.314080e-01 3.502467e-01 
8.359060e-01 3.500808e-01 
8.404040e-01 3.499149e-01 
8.449020e-01 3.497489e-01 
8.494000e-01 3.495830e-01 
5.255440e-01 3.724202e-01 
5.300420e-01 3.722532e-01 
5.345400e-01 3.720863e-01 
5.390380e-01 3.719193e-01 
5.435360e-01 3.717523e-01 
5.480340e-01 3.715853e-01 
5.525320e-01 3.714184e-01 
5.570300e-01 3.712514e-01 
5.615280e-01 3.710844e-01 
5.660260e-01 3.709174e-01 
5.705240e-01 3.707505e-01 
5.750220e-01 3.705835e-01 
5.795200e-01 3.704165e-01 
5.840180e-01 3.702495e-01 
5.885160e-01 3.700826e-01 
5.930140e-01 3.699156e-01 
5.975120e-01 3.697486e-01 
6.020100e-01 3.695816e-01 
6.065080e-01 3.694147e-01 
6.110060e-01 3.692477e-01 
6.155040e-01 3.690807e-01 
6.200020e-01 3.689137e-01 
6.245000e-01 3.687467e-01 
6.289980e-01 3.685798e-01 
6.334960e-01 3.684128e-01 
6.379940e-01 3.682458e-01 
6.424920e-01 3.680788e-01 
6.469900e-01 3.679119e-01 
6.514880e-01 3.677449e-01 
6.559860e-01 3.675779e-01 
6.604840e-01 3.674109e-01 
6.649820e-01 3.672440e-01 
6.694800e-01 3.670770e-01 
6.739780e-01 3.669100e-01 
6.784760e-01 3.667430e-01 
6.829740e-01 3.665761e-01 
6.874720e-01 3.664091e-01 
6.919700e-01 3.662421e-01 
6.964680e-01 3.660751e-01 
7.009660e-01 3.659082e-01 
7.054640e-01 3.657412e-01 
7.099620e-01 3.655742e-01 
7.144600e-01 3.654072e-01 
7.189580e-01 3.652403e-01 
7.234560e-01 3.650733e-01 
7.279540e-01 3.649063e-01 
7.324520e-01 3.647393e-01 
7.369500e-01 3.645724e-01 
7.414480e-01 3.644054e-01 
7.459460e-01 3.642384e-01 
7.504440e-01 3.640714e-01 
7.549420e-01 3.639045e-01 
7.594400e-01 3.637375e-01 
7.639380e-01 3.635705e-01 
7.684360e-01 3.634035e-01 
7.729340e-01 3.632366e-01 
7.774320e-01 3.630696e-01 
7.819300e-01 3.629026e-01 
7.864280e-01 3.627356e-01 
7.909260e-01 3.625687e-01 
7.954240e-01 3.624017e-01 
7.999220e-01 3.622347e-01 
8.044200e-01 3.620677e-01 
8.089180e-01 3.619008e-01 
8.134160e-01 3.617338e-01 
8.179140e-01 3.615668e-01 
8.224120e-01 3.613998e-01 
8.269100e-01 3.612329e-01 
8.314080e-01 3.610659e-01 
8.359060e-01 3.608989e-01 
8.404040e-01 3.607319e-01 
8.449020e-01 3.605650e-01 
8.494000e-01 3.603980e-01 
5.255440e-01 3.853612e-01 
5.300420e-01 3.851983e-01 
5.345400e-01 3.850353e-01 
5.390380e-01 3.848723e-01 
5.435360e-01 3.847093e-01 
5.480340e-01 3.845464e-01 
5.525320e-01 3.843834e-01 
5.570300e-01 3.842204e-01 
5.615280e-01 3.840574e-01 
5.660260e-01 3.838944e-01 
5.705240e-01 3.837315e-01 
5.750220e-01 3.835685e-01 
5.795200e-01 3.834055e-01 
5.840180e-01 3.832425e-01 
5.885160e-01 3.830796e-01 
5.930140e-01 3.829166e-01 
5.975120e-01 3.827536e-01 
6.020100e-01 3.825906e-01 
6.065080e-01 3.824276e-01 
6.110060e-01 3.822647e-01 
6.155040e-01 3.821017e-01 
6.200020e-01 3.819387e-01 
6.245000e-01 3.817757e-01 
6.289980e-01 3.816127e-01 
6.334960e-01 3.814498e-01 
6.379940e-01 3.812868e-01 
6.424920e-01 3.811238e-01 
6.469900e-01 3.809608e-01 
6.514880e-01 3.807979e-01 
6.559860e-01 3.806349e-01 
6.604840e-01 3.804719e-01 
6.649820e-01 3.803089e-01 
6.694800e-01 3.801459e-01 
6.739780e-01 3.799830e-01 
6.784760e-01 3.798200e-01 
6.829740e-01 3.796570e-01 
6.874720e-01 3.794940e-01 
6.919700e-01 3.793310e-01 
6.964680e-01 3.791681e-01 
7.009660e-01 3.790051e-01 
7.054640e-01 3.788421e-01 
7.099620e-01 3.786791e-01 
7.144600e-01 3.785162e-01 
7.189580e-01 3.783532e-01 
7.234560e-01 3.781902e-01 
7.279540e-01 3.780272e-01 
7.324520e-01 3.778642e-01 
7.369500e-01 3.777013e-01 
7.414480e-01 3.775383e-01 
7.459460e-01 3.773753e-01 
7.504440e-01 3.772123e-01 
7.549420e-01 3.770494e-01 
7.594400e-01 3.768864e-01 
7.639380e-01 3.767234e-01 
7.684360e-01 3.765604e-01 
7.729340e-01 3.763974e-01 
7.774320e-01 3.762345e-01 
7.819300e-01 3.760715e-01 
7.864280e-01 3.759085e-01 
7.909260e-01 3.757455e-01 
7.954240e-01 3.755825e-01 
7.999220e-01 3.754196e-01 
8.044200e-01 3.752566e-01 
8.089180e-01 3.750936e-01 
8.134160e-01 3.749306e-01 
8.179140e-01 3.747677e-01 
8.224120e-01 3.746047e-01 
8.269100e-01 3.744417e-01 
8.314080e-01 3.742787e-01 
8.359060e-01 3.741157e-01 
8.404040e-01 3.739528e-01 
8.449020e-01 3.737898e-01 
8.494000e-01 3.736268e-01 
5.255440e-01 4.007923e-01 
5.300420e-01 4.006399e-01 
5.345400e-01 4.004874e-01 
5.390380e-01 4.003350e-01 
5.435360e-01 4.001825e-01 
5.480340e-01 4.000301e-01 
5.525320e-01 3.998776e-01 
5.570300e-01 3.997252e-01 
5.615280e-01 3.995727e-01 
5.660260e-01 3.994203e-01 
5.705240e-01 3.992678e-01 
5.750220e-01 3.991153e-01 
5.795200e-01 3.989629e-01 
5.840180e-01 3.988104e-01 
5.885160e-01 3.986580e-01 
5.930140e-01 3.985055e-01 
5.975120e-01 3.983531e-01 
6.020100e-01 3.982006e-01 
6.065080e-01 3.980482e-01 
6.110060e-01 3.978957e-01 
6.155040e-01 3.977433e-01 
6.200020e-01 3.975908e-01 
6.245000e-01 3.974384e-01 
6.289980e-01 3.972859e-01 
6.334960e-01 3.971335e-01 
6.379940e-01 3.969810e-01 
6.424920e-01 3.968286e-01 
6.469900e-01 3.966761e-01 
6.514880e-01 3.965237e-01 
6.559860e-01 3.963712e-01 
6.604840e-01 3.962188e-01 
6.649820e-01 3.960663e-01 
6.694800e-01 3.959138e-01 
6.739780e-01 3.957614e-01 
6.784760e-01 3.956089e-01 
6.829740e-01 3.954565e-01 
6.874720e-01 3.953040e-01 
6.919700e-01 3.951516e-01 
6.964680e-01 3.949991e-01 
7.009660e-01 3.948467e-01 
7.054640e-01 3.946942e-01 
7.099620e-01 3.945418e-01 
7.144600e-01 3.943893e-01 
7.189580e-01 3.942369e-01 
7.234560e-01 3.940844e-01 
7.279540e-01 3.939320e-01 
7.324520e-01 3.937795e-01 
7.369500e-01 3.936271e-01 
7.414480e-01 3.934746e-01 
7.459460e-01 3.933222e-01 
7.504440e-01 3.931697e-01 
7.549420e-01 3.930173e-01 
7.594400e-01 3.928648e-01 
7.639380e-01 3.927123e-01 
7.684360e-01 3.925599e-01 
7.729340e-01 3.924074e-01 
7.774320e-01 3.922550e-01 
7.819300e-01 3.921025e-01 
7.864280e-01 3.919501e-01 
7.909260e-01 3.917976e-01 
7.954240e-01 3.916452e-01 
7.999220e-01 3.914927e-01 
8.044200e-01 3.913403e-01 
8.089180e-01 3.911878e-01 
8.134160e-01 3.910354e-01 
8.179140e-01 3.908829e-01 
8.224120e-01 3.907305e-01 
8.269100e-01 3.905780e-01 
8.314080e-01 3.904256e-01 
8.359060e-01 3.902731e-01 
8.404040e-01 3.901207e-01 
8.449020e-01 3.899682e-01 
8.494000e-01 3.898158e-01 
5.255440e-01 4.192475e-01 
5.300420e-01 4.191139e-01 
5.345400e-01 4.189804e-01 
5.390380e-01 4.188469e-01 
5.435360e-01 4.187133e-01 
5.480340e-01 4.185798e-01 
5.525320e-01 4.184463e-01 
5.570300e-01 4.183128e-01 
5.615280e-01 4.181792e-01 
5.660260e-01 4.180457e-01 
5.705240e-01 4.179122e-01 
5.750220e-01 4.177786e-01 
5.795200e-01 4.176451e-01 
5.840180e-01 4.175116e-01 
5.885160e-01 4.173780e-01 
5.930140e-01 4.172445e-01 
5.975120e-01 4.171110e-01 
6.020100e-01 4.169775e-01 
6.065080e-01 4.168439e-01 
6.110060e-01 4.167104e-01 
6.155040e-01 4.165769e-01 
6.200020e-01 4.164433e-01 
6.245000e-01 4.163098e-01 
6.289980e-01 4.161763e-01 
6.334960e-01 4.160427e-01 
6.379940e-01 4.159092e-01 
6.424920e-01 4.157757e-01 
6.469900e-01 4.156421e-01 
6.514880e-01 4.155086e-01 
6.559860e-01 4.153751e-01 
6.604840e-01 4.152416e-01 
6.649820e-01 4.151080e-01 
6.694800e-01 4.149745e-01 
6.739780e-01 4.148410e-01 
6.784760e-01 4.147074e-01 
6.829740e-01 4.145739e-01 
6.874720e-01 4.144404e-01 
6.919700e-01 4.143068e-01 
6.964680e-01 4.141733e-01 
7.009660e-01 4.140398e-01 
7.054640e-01 4.139063e-01 
7.099620e-01 4.137727e-01 
7.144600e-01 4.136392e-01 
7.189580e-01 4.135057e-01 
7.234560e-01 4.133721e-01 
7.279540e-01 4.132386e-01 
7.324520e-01 4.131051e-01 
7.369500e-01 4.129715e-01 
7.414480e-01 4.128380e-01 
7.459460e-01 4.127045e-01 
7.504440e-01 4.125710e-01 
7.549420e-01 4.124374e-01 
7.594400e-01 4.123039e-01 
7.639380e-01 4.121704e-01 
7.684360e-01 4.120368e-01 
7.729340e-01 4.119033e-01 
7.774320e-01 4.117698e-01 
7.819300e-01 4.116362e-01 
7.864280e-01 4.115027e-01 
7.909260e-01 4.113692e-01 
7.954240e-01 4.112356e-01 
7.999220e-01 4.111021e-01 
8.044200e-01 4.109686e-01 
8.089180e-01 4.108351e-01 
8.134160e-01 4.107015e-01 
8.179140e-01 4.105680e-01 
8.224120e-01 4.104345e-01 
8.269100e-01 4.103009e-01 
8.314080e-01 4.101674e-01 
8.359060e-01 4.100339e-01 
8.404040e-01 4.099003e-01 
8.449020e-01 4.097668e-01 
8.494000e-01 4.096333e-01 
5.255440e-01 4.413768e-01 
5.300420e-01 4.412729e-01 
5.345400e-01 4.411690e-01 
5.390380e-01 4.410651e-01 
5.435360e-01 4.409613e-01 
5.480340e-01 4.408574e-01 
5.525320e-01 4.407535e-01 
5.570300e-01 4.406496e-01 
5.615280e-01 4.405458e-01 
5.660260e-01 4.404419e-01 
5.705240e-01 4.403380e-01 
5.750220e-01 4.402341e-01 
5.795200e-01 4.401303e-01 
5.840180e-01 4.400264e-01 
5.885160e-01 4.399225e-01 
5.930140e-01 4.398186e-01 
5.975120e-01 4.397148e-01 
6.020100e-01 4.396109e-01 
6.065080e-01 4.395070e-01 
6.110060e-01 4.394031e-01 
6.155040e-01 4.392993e-01 
6.200020e-01 4.391954e-01 
6.245000e-01 4.390915e-01 
6.289980e-01 4.389876e-01 
6.334960e-01 4.388838e-01 
6.379940e-01 4.387799e-01 
6.424920e-01 4.386760e-01 
6.469900e-01 4.385721e-01 
6.514880e-01 4.384683e-01 
6.559860e-01 4.383644e-01 
6.604840e-01 4.382605e-01 
6.649820e-01 4.381566e-01 
6.694800e-01 4.380527e-01 
6.739780e-01 4.379489e-01 
6.784760e-01 4.378450e-01 
6.829740e-01 4.377411e-01 
6.874720e-01 4.376372e-01 
6.919700e-01 4.375334e-01 
6.964680e-01 4.374295e-01 
7.009660e-01 4.373256e-01 
7.054640e-01 4.372217e-01 
7.099620e-01 4.371179e-01 
7.144600e-01 4.370140e-01 
7.189580e-01 4.369101e-01 
7.234560e-01 4.368062e-01 
7.279540e-01 4.367024e-01 
7.324520e-01 4.365985e-01 
7.369500e-01 4.364946e-01 
7.414480e-01 4.363907e-01 
7.459460e-01 4.362869e-01 
7.504440e-01 4.361830e-01 
7.549420e-01 4.360791e-01 
7.594400e-01 4.359752e-01 
7.639380e-01 4.358714e-01 
7.684360e-01 4.357675e-01 
7.729340e-01 4.356636e-01 
7.774320e-01 4.355597e-01 
7.819300e-01 4.354559e-01 
7.864280e-01 4.353520e-01 
7.909260e-01 4.352481e-01 
7.954240e-01 4.351442e-01 
7.999220e-01 4.350404e-01 
8.044200e-01 4.349365e-01 
8.089180e-01 4.348326e-01 
8.134160e-01 4.347287e-01 
8.179140e-01 4.346248e-01 
8.224120e-01 4.345210e-01 
8.269100e-01 4.344171e-01 
8.314080e-01 4.343132e-01 
8.359060e-01 4.342093e-01 
8.404040e-01 4.341055e-01 
8.449020e-01 4.340016e-01 
8.494000e-01 4.338977e-01 
5.255440e-01 4.679724e-01 
5.300420e-01 4.679118e-01 
5.345400e-01 4.678512e-01 
5.390380e-01 4.677906e-01 
5.435360e-01 4.677301e-01 
5.480340e-01 4.676695e-01 
5.525320e-01 4.676089e-01 
5.570300e-01 4.675483e-01 
5.615280e-01 4.674878e-01 
5.660260e-01 4.674272e-01 
5.705240e-01 4.673666e-01 
5.750220e-01 4.673060e-01 
5.795200e-01 4.672455e-01 
5.840180e-01 4.671849e-01 
5.885160e-01 4.671243e-01 
5.930140e-01 4.670637e-01 
5.975120e-01 4.670032e-01 
6.020100e-01 4.669426e-01 
6.065080e-01 4.668820e-01 
6.110060e-01 4.668214e-01 
6.155040e-01 4.667609e-01 
6.200020e-01 4.667003e-01 
6.245000e-01 4.666397e-01 
6.289980e-01 4.665791e-01 
6.334960e-01 4.665186e-01 
6.379940e-01 4.664580e-01 
6.424920e-01 4.663974e-01 
6.469900e-01 4.663368e-01 
6.514880e-01 4.662763e-01 
6.559860e-01 4.662157e-01 
6.604840e-01 4.661551e-01 
6.649820e-01 4.660945e-01 
6.694800e-01 4.660340e-01 
6.739780e-01 4.659734e-01 
6.784760e-01 4.659128e-01 
6.829740e-01 4.658522e-01 
6.874720e-01 4.657917e-01 
6.919700e-01 4.657311e-01 
6.964680e-01 4.656705e-01 
7.009660e-01 4.656099e-01 
7.054640e-01 4.655494e-01 
7.099620e-01 4.654888e-01 
7.144600e-01 4.654282e-01 
7.189580e-01 4.653676e-01 
7.234560e-01 4.653071e-01 
7.279540e-01 4.652465e-01 
7.324520e-01 4.651859e-01 
7.369500e-01 4.651253e-01 
7.414480e-01 4.650648e-01 
7.459460e-01 4.650042e-01 
7.504440e-01 4.649436e-01 
7.549420e-01 4.648830e-01 
7.594400e-01 4.648225e-01 
7.639380e-01 4.647619e-01 
7.684360e-01 4.647013e-01 
7.729340e-01 4.646407e-01 
7.774320e-01 4.645802e-01 
7.819300e-01 4.645196e-01 
7.864280e-01 4.644590e-01 
7.909260e-01 4.643984e-01 
7.954240e-01 4.643379e-01 
7.999220e-01 4.642773e-01 
8.044200e-01 4.642167e-01 
8.089180e-01 4.641562e-01 
8.134160e-01 4.640956e-01 
8.179140e-01 4.640350e-01 
8.224120e-01 4.639744e-01 
8.269100e-01 4.639139e-01 
8.314080e-01 4.638533e-01 
8.359060e-01 4.637927e-01 
8.404040e-01 4.637321e-01 
8.449020e-01 4.636716e-01 
8.494000e-01 4.636110e-01 
5.255440e-01 5.000000e-01 
5.300420e-01 5.000000e-01 
5.345400e-01 5.000000e-01 
5.390380e-01 5.000000e-01 
5.435360e-01 5.000000e-01 
5.480340e-01 5.000000e-01 
5.525320e-01 5.000000e-01 
5.570300e-01 5.000000e-01 
5.615280e-01 5.000000e-01 
5.660260e-01 5.000000e-01 
5.705240e-01 5.000000e-01 
5.750220e-01 5.000000e-01 
5.795200e-01 5.000000e-01 
5.840180e-01 5.000000e-01 
5.885160e-01 5.000000e-01 
5.930140e-01 5.000000e-01 
5.975120e-01 5.000000e-01 
6.020100e-01 5.000000e-01 
6.065080e-01 5.000000e-01 
6.110060e-01 5.000000e-01 
6.155040e-01 5.000000e-01 
6.200020e-01 5.000000e-01 
6.245000e-01 5.000000e-01 
6.289980e-01 5.000000e-01 
6.334960e-01 5.000000e-01 
6.379940e-01 5.000000e-01 
6.424920e-01 5.000000e-01 
6.469900e-01 5.000000e-01 
6.514880e-01 5.000000e-01 
6.559860e-01 5.000000e-01 
6.604840e-01 5.000000e-01 
6.649820e-01 5.000000e-01 
6.694800e-01 5.000000e-01 
6.739780e-01 5.000000e-01 
6.784760e-01 5.000000e-01 
6.829740e-01 5.000000e-01 
6.874720e-01 5.000000e-01 
6.919700e-01 5.000000e-01 
6.964680e-01 5.000000e-01 
7.009660e-01 5.000000e-01 
7.054640e-01 5.000000e-01 
7.099620e-01 5.000000e-01 
7.144600e-01 5.000000e-01 
7.189580e-01 5.000000e-01 
7.234560e-01 5.000000e-01 
7.279540e-01 5.000000e-01 
7.324520e-01 5.000000e-01 
7.369500e-01 5.000000e-01 
7.414480e-01 5.000000e-01 
7.459460e-01 5.000000e-01 
7.504440e-01 5.000000e-01 
7.549420e-01 5.000000e-01 
7.594400e-01 5.000000e-01 
7.639380e-01 5.000000e-01 
7.684360e-01 5.000000e-01 
7.729340e-01 5.000000e-01 
7.774320e-01 5.000000e-01 
7.819300e-01 5.000000e-01 
7.864280e-01 5.000000e-01 
7.909260e-01 5.000000e-01 
7.954240e-01 5.000000e-01 
7.999220e-01 5.000000e-01 
8.044200e-01 5.000000e-01 
8.089180e-01 5.000000e-01 
8.134160e-01 5.000000e-01 
8.179140e-01 5.000000e-01 
8.224120e-01 5.000000e-01 
8.269100e-01 5.000000e-01 
8.314080e-01 5.000000e-01 
8.359060e-01 5.000000e-01 
8.404040e-01 5.000000e-01 
8.449020e-01 5.000000e-01 
8.494000e-01 5.000000e-01 
BC
-1
-1
-1
-1
-1
-1
-1
-1
-1
-1
-1
-1
-1
-1
-1
-1
-1
-1
-1
-1
-1
-1
-1
-1
-1
-1
-1
-1
-1
-1
-1
-1
-1
-1
-1
-1
-1
-1
-1
-1
-1
-1
-1
-1
-1
-1
-1
-1
-1
-1
-1
-1
-1
-1
-1
-1
-1
-1
-1
-1
-1
-1
-1
-1
-1
-1
-1
-1
-1
-1
-1
-1
3
3
3
3
3
3
3
3
3
3
3
3
3
3
3
3
3
3
3
3
1
1
1
1
1
1
1
1
1
1
1
1
1
1
1
1
1
1
1
1
1
1
1
1
1
1
1
1
1
1
1
1
1
1
1
1
1
1
1
1
1
1
1
1
1
1
1
1
1
1
1
1
1
1
1
1
1
1
1
1
1
1
1
1
1
1
1
1
1
1
1
1
-1
-1
-1
-1
-1
-1
-1
-1
-1
-1
-1
-1
-1
-1
-1
-1
-1
-1
-1
-1
