npartb: 2 2 
ipartb: 0 0 
ngrid: 82 27 
8.494000e-01 2.276000e-01 
8.514371e-01 2.281458e-01 
8.534743e-01 2.286916e-01 
8.554594e-01 2.292235e-01 
8.574446e-01 2.297554e-01 
8.593791e-01 2.302737e-01 
8.613136e-01 2.307920e-01 
8.631989e-01 2.312971e-01 
8.650842e-01 2.318022e-01 
8.669216e-01 2.322945e-01 
8.687590e-01 2.327868e-01 
8.705498e-01 2.332666e-01 
8.723406e-01 2.337464e-01 
8.740861e-01 2.342141e-01 
8.758316e-01 2.346818e-01 
8.775330e-01 2.351376e-01 
8.792344e-01 2.355935e-01 
8.808930e-01 2.360379e-01 
8.825515e-01 2.364822e-01 
8.841684e-01 2.369154e-01 
8.857852e-01 2.373486e-01 
8.873615e-01 2.377710e-01 
8.889378e-01 2.381933e-01 
8.904747e-01 2.386051e-01 
8.920116e-01 2.390169e-01 
8.935102e-01 2.394184e-01 
8.950087e-01 2.398199e-01 
8.964700e-01 2.402114e-01 
8.979313e-01 2.406029e-01 
8.993563e-01 2.409847e-01 
9.007814e-01 2.413665e-01 
9.021712e-01 2.417389e-01 
9.035610e-01 2.421113e-01 
9.049166e-01 2.424745e-01 
9.062722e-01 2.428377e-01 
9.075945e-01 2.431920e-01 
9.089168e-01 2.435462e-01 
9.102068e-01 2.438919e-01 
9.114968e-01 2.442375e-01 
9.127553e-01 2.445747e-01 
9.140139e-01 2.449119e-01 
9.152419e-01 2.452409e-01 
9.164700e-01 2.455699e-01 
9.176684e-01 2.458910e-01 
9.188668e-01 2.462121e-01 
9.200364e-01 2.465255e-01 
9.212059e-01 2.468388e-01 
9.223476e-01 2.471447e-01 
9.234892e-01 2.474506e-01 
9.246036e-01 2.477492e-01 
9.257181e-01 2.480478e-01 
9.268062e-01 2.483393e-01 
9.278943e-01 2.486308e-01 
9.289568e-01 2.489155e-01 
9.300193e-01 2.492002e-01 
9.310569e-01 2.494782e-01 
9.320946e-01 2.497562e-01 
9.331081e-01 2.500278e-01 
9.341216e-01 2.502993e-01 
9.351118e-01 2.505646e-01 
9.361020e-01 2.508299e-01 
9.370694e-01 2.510891e-01 
9.380369e-01 2.513483e-01 
9.389824e-01 2.516017e-01 
9.399279e-01 2.518550e-01 
9.408520e-01 2.521026e-01 
9.417762e-01 2.523502e-01 
9.426797e-01 2.525923e-01 
9.435832e-01 2.528343e-01 
9.444666e-01 2.530710e-01 
9.453501e-01 2.533077e-01 
9.462141e-01 2.535392e-01 
9.470782e-01 2.537707e-01 
9.479235e-01 2.539972e-01 
9.487687e-01 2.542237e-01 
9.495958e-01 2.544453e-01 
9.504229e-01 2.546669e-01 
9.512324e-01 2.548838e-01 
9.520419e-01 2.551007e-01 
9.528343e-01 2.553130e-01 
9.536268e-01 2.555253e-01 
9.544028e-01 2.557332e-01 
8.494000e-01 2.290868e-01 
8.514361e-01 2.296217e-01 
8.534722e-01 2.301566e-01 
8.554564e-01 2.306778e-01 
8.574406e-01 2.311991e-01 
8.593742e-01 2.317070e-01 
8.613078e-01 2.322150e-01 
8.631922e-01 2.327100e-01 
8.650766e-01 2.332050e-01 
8.669132e-01 2.336874e-01 
8.687498e-01 2.341699e-01 
8.705399e-01 2.346401e-01 
8.723299e-01 2.351103e-01 
8.740747e-01 2.355686e-01 
8.758195e-01 2.360269e-01 
8.775203e-01 2.364737e-01 
8.792210e-01 2.369204e-01 
8.808790e-01 2.373559e-01 
8.825369e-01 2.377914e-01 
8.841532e-01 2.382159e-01 
8.857695e-01 2.386405e-01 
8.873452e-01 2.390543e-01 
8.889210e-01 2.394682e-01 
8.904574e-01 2.398718e-01 
8.919938e-01 2.402753e-01 
8.934919e-01 2.406688e-01 
8.949900e-01 2.410623e-01 
8.964509e-01 2.414460e-01 
8.979117e-01 2.418296e-01 
8.993364e-01 2.422038e-01 
9.007611e-01 2.425780e-01 
9.021505e-01 2.429429e-01 
9.035400e-01 2.433078e-01 
9.048953e-01 2.436638e-01 
9.062506e-01 2.440197e-01 
9.075726e-01 2.443669e-01 
9.088947e-01 2.447141e-01 
9.101844e-01 2.450528e-01 
9.114741e-01 2.453915e-01 
9.127325e-01 2.457220e-01 
9.139908e-01 2.460525e-01 
9.152187e-01 2.463749e-01 
9.164465e-01 2.466973e-01 
9.176447e-01 2.470120e-01 
9.188430e-01 2.473267e-01 
9.200124e-01 2.476338e-01 
9.211818e-01 2.479409e-01 
9.223233e-01 2.482406e-01 
9.234648e-01 2.485404e-01 
9.245792e-01 2.488330e-01 
9.256936e-01 2.491256e-01 
9.267816e-01 2.494113e-01 
9.278696e-01 2.496970e-01 
9.289320e-01 2.499760e-01 
9.299945e-01 2.502550e-01 
9.310321e-01 2.505274e-01 
9.320697e-01 2.507999e-01 
9.330833e-01 2.510660e-01 
9.340968e-01 2.513321e-01 
9.350870e-01 2.515921e-01 
9.360771e-01 2.518521e-01 
9.370446e-01 2.521061e-01 
9.380121e-01 2.523602e-01 
9.389576e-01 2.526084e-01 
9.399032e-01 2.528567e-01 
9.408274e-01 2.530993e-01 
9.417516e-01 2.533420e-01 
9.426552e-01 2.535792e-01 
9.435587e-01 2.538164e-01 
9.444423e-01 2.540484e-01 
9.453258e-01 2.542804e-01 
9.461900e-01 2.545073e-01 
9.470541e-01 2.547341e-01 
9.478995e-01 2.549561e-01 
9.487449e-01 2.551780e-01 
9.495721e-01 2.553952e-01 
9.503993e-01 2.556124e-01 
9.512090e-01 2.558249e-01 
9.520186e-01 2.560374e-01 
9.528112e-01 2.562455e-01 
9.536038e-01 2.564536e-01 
9.543800e-01 2.566574e-01 
8.494000e-01 2.305736e-01 
8.514351e-01 2.310976e-01 
8.534702e-01 2.316216e-01 
8.554534e-01 2.321322e-01 
8.574365e-01 2.326427e-01 
8.593692e-01 2.331403e-01 
8.613019e-01 2.336379e-01 
8.631855e-01 2.341228e-01 
8.650691e-01 2.346077e-01 
8.669049e-01 2.350803e-01 
8.687407e-01 2.355529e-01 
8.705300e-01 2.360136e-01 
8.723193e-01 2.364742e-01 
8.740634e-01 2.369231e-01 
8.758074e-01 2.373721e-01 
8.775075e-01 2.378097e-01 
8.792076e-01 2.382473e-01 
8.808650e-01 2.386739e-01 
8.825223e-01 2.391005e-01 
8.841380e-01 2.395164e-01 
8.857537e-01 2.399323e-01 
8.873290e-01 2.403377e-01 
8.889042e-01 2.407432e-01 
8.904401e-01 2.411385e-01 
8.919760e-01 2.415338e-01 
8.934737e-01 2.419192e-01 
8.949713e-01 2.423047e-01 
8.964318e-01 2.426805e-01 
8.978922e-01 2.430564e-01 
8.993165e-01 2.434229e-01 
9.007408e-01 2.437895e-01 
9.021299e-01 2.441469e-01 
9.035191e-01 2.445044e-01 
9.048740e-01 2.448531e-01 
9.062290e-01 2.452018e-01 
9.075507e-01 2.455419e-01 
9.088725e-01 2.458820e-01 
9.101620e-01 2.462138e-01 
9.114515e-01 2.465456e-01 
9.127096e-01 2.468693e-01 
9.139677e-01 2.471930e-01 
9.151954e-01 2.475089e-01 
9.164230e-01 2.478247e-01 
9.176211e-01 2.481330e-01 
9.188191e-01 2.484412e-01 
9.199884e-01 2.487421e-01 
9.211577e-01 2.490429e-01 
9.222991e-01 2.493365e-01 
9.234405e-01 2.496302e-01 
9.245548e-01 2.499168e-01 
9.256690e-01 2.502035e-01 
9.267570e-01 2.504833e-01 
9.278449e-01 2.507632e-01 
9.289073e-01 2.510365e-01 
9.299697e-01 2.513098e-01 
9.310073e-01 2.515767e-01 
9.320449e-01 2.518436e-01 
9.330584e-01 2.521043e-01 
9.340719e-01 2.523650e-01 
9.350621e-01 2.526196e-01 
9.360523e-01 2.528743e-01 
9.370198e-01 2.531232e-01 
9.379873e-01 2.533720e-01 
9.389329e-01 2.536152e-01 
9.398785e-01 2.538584e-01 
9.408027e-01 2.540961e-01 
9.417270e-01 2.543338e-01 
9.426306e-01 2.545662e-01 
9.435343e-01 2.547986e-01 
9.444179e-01 2.550258e-01 
9.453015e-01 2.552530e-01 
9.461658e-01 2.554753e-01 
9.470301e-01 2.556975e-01 
9.478756e-01 2.559149e-01 
9.487211e-01 2.561323e-01 
9.495484e-01 2.563451e-01 
9.503758e-01 2.565578e-01 
9.511856e-01 2.567660e-01 
9.519953e-01 2.569742e-01 
9.527881e-01 2.571781e-01 
9.535809e-01 2.573819e-01 
9.543572e-01 2.575815e-01 
8.494000e-01 2.320604e-01 
8.514341e-01 2.325735e-01 
8.534681e-01 2.330865e-01 
8.554503e-01 2.335865e-01 
8.574325e-01 2.340864e-01 
8.593643e-01 2.345737e-01 
8.612961e-01 2.350609e-01 
8.631788e-01 2.355357e-01 
8.650616e-01 2.360105e-01 
8.668965e-01 2.364733e-01 
8.687315e-01 2.369360e-01 
8.705201e-01 2.373870e-01 
8.723086e-01 2.378381e-01 
8.740520e-01 2.382777e-01 
8.757954e-01 2.387173e-01 
8.774948e-01 2.391458e-01 
8.791943e-01 2.395743e-01 
8.808510e-01 2.399920e-01 
8.825077e-01 2.404097e-01 
8.841228e-01 2.408169e-01 
8.857379e-01 2.412241e-01 
8.873127e-01 2.416211e-01 
8.888874e-01 2.420181e-01 
8.904228e-01 2.424052e-01 
8.919582e-01 2.427922e-01 
8.934554e-01 2.431697e-01 
8.949526e-01 2.435471e-01 
8.964127e-01 2.439151e-01 
8.978727e-01 2.442831e-01 
8.992966e-01 2.446420e-01 
9.007205e-01 2.450009e-01 
9.021093e-01 2.453510e-01 
9.034981e-01 2.457010e-01 
9.048527e-01 2.460424e-01 
9.062074e-01 2.463838e-01 
9.075289e-01 2.467168e-01 
9.088503e-01 2.470499e-01 
9.101396e-01 2.473747e-01 
9.114288e-01 2.476996e-01 
9.126867e-01 2.480166e-01 
9.139446e-01 2.483336e-01 
9.151721e-01 2.486429e-01 
9.163995e-01 2.489522e-01 
9.175974e-01 2.492540e-01 
9.187953e-01 2.495558e-01 
9.199645e-01 2.498504e-01 
9.211336e-01 2.501449e-01 
9.222749e-01 2.504324e-01 
9.234162e-01 2.507200e-01 
9.245303e-01 2.510006e-01 
9.256445e-01 2.512813e-01 
9.267324e-01 2.515553e-01 
9.278203e-01 2.518294e-01 
9.288826e-01 2.520970e-01 
9.299449e-01 2.523646e-01 
9.309825e-01 2.526259e-01 
9.320200e-01 2.528872e-01 
9.330336e-01 2.531425e-01 
9.340471e-01 2.533978e-01 
9.350372e-01 2.536471e-01 
9.360274e-01 2.538965e-01 
9.369950e-01 2.541402e-01 
9.379625e-01 2.543838e-01 
9.389081e-01 2.546220e-01 
9.398537e-01 2.548601e-01 
9.407781e-01 2.550928e-01 
9.417024e-01 2.553256e-01 
9.426061e-01 2.555531e-01 
9.435098e-01 2.557807e-01 
9.443936e-01 2.560032e-01 
9.452773e-01 2.562257e-01 
9.461417e-01 2.564433e-01 
9.470060e-01 2.566609e-01 
9.478517e-01 2.568738e-01 
9.486973e-01 2.570867e-01 
9.495248e-01 2.572950e-01 
9.503522e-01 2.575033e-01 
9.511622e-01 2.577072e-01 
9.519721e-01 2.579110e-01 
9.527650e-01 2.581106e-01 
9.535579e-01 2.583102e-01 
9.543344e-01 2.585056e-01 
8.494000e-01 2.335472e-01 
8.514330e-01 2.340493e-01 
8.534661e-01 2.345515e-01 
8.554473e-01 2.350408e-01 
8.574285e-01 2.355301e-01 
8.593594e-01 2.360070e-01 
8.612903e-01 2.364838e-01 
8.631722e-01 2.369485e-01 
8.650540e-01 2.374133e-01 
8.668882e-01 2.378662e-01 
8.687224e-01 2.383191e-01 
8.705102e-01 2.387605e-01 
8.722980e-01 2.392019e-01 
8.740406e-01 2.396322e-01 
8.757833e-01 2.400624e-01 
8.774821e-01 2.404818e-01 
8.791809e-01 2.409012e-01 
8.808369e-01 2.413100e-01 
8.824930e-01 2.417189e-01 
8.841076e-01 2.421174e-01 
8.857222e-01 2.425159e-01 
8.872964e-01 2.429045e-01 
8.888706e-01 2.432930e-01 
8.904055e-01 2.436719e-01 
8.919404e-01 2.440507e-01 
8.934372e-01 2.444201e-01 
8.949339e-01 2.447895e-01 
8.963935e-01 2.451497e-01 
8.978532e-01 2.455099e-01 
8.992767e-01 2.458611e-01 
9.007002e-01 2.462124e-01 
9.020887e-01 2.465550e-01 
9.034771e-01 2.468976e-01 
9.048315e-01 2.472317e-01 
9.061858e-01 2.475659e-01 
9.075070e-01 2.478918e-01 
9.088282e-01 2.482177e-01 
9.101172e-01 2.485357e-01 
9.114062e-01 2.488537e-01 
9.126638e-01 2.491639e-01 
9.139215e-01 2.494741e-01 
9.151488e-01 2.497768e-01 
9.163761e-01 2.500796e-01 
9.175738e-01 2.503749e-01 
9.187715e-01 2.506703e-01 
9.199405e-01 2.509586e-01 
9.211095e-01 2.512469e-01 
9.222507e-01 2.515283e-01 
9.233918e-01 2.518097e-01 
9.245059e-01 2.520844e-01 
9.256200e-01 2.523592e-01 
9.267078e-01 2.526274e-01 
9.277956e-01 2.528956e-01 
9.288579e-01 2.531575e-01 
9.299202e-01 2.534194e-01 
9.309577e-01 2.536751e-01 
9.319952e-01 2.539309e-01 
9.330087e-01 2.541807e-01 
9.340222e-01 2.544306e-01 
9.350124e-01 2.546746e-01 
9.360026e-01 2.549187e-01 
9.369702e-01 2.551572e-01 
9.379377e-01 2.553957e-01 
9.388834e-01 2.556287e-01 
9.398290e-01 2.558618e-01 
9.407534e-01 2.560896e-01 
9.416778e-01 2.563174e-01 
9.425816e-01 2.565401e-01 
9.434854e-01 2.567628e-01 
9.443692e-01 2.569806e-01 
9.452530e-01 2.571983e-01 
9.461175e-01 2.574113e-01 
9.469820e-01 2.576243e-01 
9.478277e-01 2.578326e-01 
9.486735e-01 2.580410e-01 
9.495011e-01 2.582449e-01 
9.503287e-01 2.584487e-01 
9.511387e-01 2.586483e-01 
9.519488e-01 2.588478e-01 
9.527419e-01 2.590431e-01 
9.535350e-01 2.592385e-01 
9.543116e-01 2.594298e-01 
8.494000e-01 2.350340e-01 
8.514320e-01 2.355252e-01 
8.534640e-01 2.360165e-01 
8.554443e-01 2.364951e-01 
8.574245e-01 2.369738e-01 
8.593545e-01 2.374403e-01 
8.612845e-01 2.379068e-01 
8.631655e-01 2.383614e-01 
8.650465e-01 2.388160e-01 
8.668798e-01 2.392591e-01 
8.687132e-01 2.397021e-01 
8.705003e-01 2.401340e-01 
8.722873e-01 2.405658e-01 
8.740293e-01 2.409867e-01 
8.757712e-01 2.414076e-01 
8.774693e-01 2.418179e-01 
8.791675e-01 2.422281e-01 
8.808229e-01 2.426281e-01 
8.824784e-01 2.430280e-01 
8.840924e-01 2.434179e-01 
8.857064e-01 2.438078e-01 
8.872801e-01 2.441879e-01 
8.888537e-01 2.445680e-01 
8.903882e-01 2.449386e-01 
8.919226e-01 2.453092e-01 
8.934189e-01 2.456705e-01 
8.949152e-01 2.460319e-01 
8.963744e-01 2.463842e-01 
8.978336e-01 2.467366e-01 
8.992568e-01 2.470802e-01 
9.006799e-01 2.474239e-01 
9.020680e-01 2.477590e-01 
9.034562e-01 2.480941e-01 
9.048102e-01 2.484210e-01 
9.061642e-01 2.487479e-01 
9.074851e-01 2.490668e-01 
9.088060e-01 2.493856e-01 
9.100948e-01 2.496967e-01 
9.113835e-01 2.500077e-01 
9.126410e-01 2.503112e-01 
9.138984e-01 2.506147e-01 
9.151255e-01 2.509108e-01 
9.163526e-01 2.512070e-01 
9.175501e-01 2.514959e-01 
9.187477e-01 2.517849e-01 
9.199165e-01 2.520669e-01 
9.210854e-01 2.523490e-01 
9.222265e-01 2.526242e-01 
9.233675e-01 2.528995e-01 
9.244815e-01 2.531683e-01 
9.255954e-01 2.534370e-01 
9.266832e-01 2.536994e-01 
9.277709e-01 2.539618e-01 
9.288331e-01 2.542180e-01 
9.298954e-01 2.544742e-01 
9.309329e-01 2.547244e-01 
9.319704e-01 2.549746e-01 
9.329839e-01 2.552190e-01 
9.339973e-01 2.554634e-01 
9.349875e-01 2.557022e-01 
9.359777e-01 2.559409e-01 
9.369453e-01 2.561742e-01 
9.379129e-01 2.564075e-01 
9.388586e-01 2.566355e-01 
9.398043e-01 2.568635e-01 
9.407288e-01 2.570863e-01 
9.416532e-01 2.573092e-01 
9.425571e-01 2.575270e-01 
9.434610e-01 2.577449e-01 
9.443449e-01 2.579579e-01 
9.452288e-01 2.581710e-01 
9.460933e-01 2.583793e-01 
9.469579e-01 2.585877e-01 
9.478038e-01 2.587915e-01 
9.486496e-01 2.589953e-01 
9.494774e-01 2.591948e-01 
9.503051e-01 2.593942e-01 
9.511153e-01 2.595894e-01 
9.519255e-01 2.597846e-01 
9.527188e-01 2.599757e-01 
9.535120e-01 2.601668e-01 
9.542888e-01 2.603539e-01 
8.494000e-01 2.365208e-01 
8.514310e-01 2.370011e-01 
8.534619e-01 2.374814e-01 
8.554412e-01 2.379495e-01 
8.574205e-01 2.384175e-01 
8.593496e-01 2.388736e-01 
8.612786e-01 2.393298e-01 
8.631588e-01 2.397743e-01 
8.650389e-01 2.402188e-01 
8.668715e-01 2.406520e-01 
8.687041e-01 2.410852e-01 
8.704903e-01 2.415074e-01 
8.722766e-01 2.419297e-01 
8.740179e-01 2.423412e-01 
8.757591e-01 2.427528e-01 
8.774566e-01 2.431539e-01 
8.791541e-01 2.435551e-01 
8.808089e-01 2.439461e-01 
8.824638e-01 2.443372e-01 
8.840772e-01 2.447184e-01 
8.856907e-01 2.450996e-01 
8.872638e-01 2.454713e-01 
8.888369e-01 2.458429e-01 
8.903709e-01 2.462053e-01 
8.919048e-01 2.465676e-01 
8.934007e-01 2.469210e-01 
8.948965e-01 2.472743e-01 
8.963553e-01 2.476188e-01 
8.978141e-01 2.479634e-01 
8.992369e-01 2.482993e-01 
9.006597e-01 2.486353e-01 
9.020474e-01 2.489630e-01 
9.034352e-01 2.492907e-01 
9.047889e-01 2.496103e-01 
9.061426e-01 2.499299e-01 
9.074633e-01 2.502417e-01 
9.087839e-01 2.505535e-01 
9.100724e-01 2.508576e-01 
9.113609e-01 2.511618e-01 
9.126181e-01 2.514585e-01 
9.138753e-01 2.517553e-01 
9.151022e-01 2.520448e-01 
9.163291e-01 2.523344e-01 
9.175265e-01 2.526169e-01 
9.187238e-01 2.528995e-01 
9.198926e-01 2.531752e-01 
9.210613e-01 2.534510e-01 
9.222022e-01 2.537202e-01 
9.233431e-01 2.539893e-01 
9.244570e-01 2.542521e-01 
9.255709e-01 2.545148e-01 
9.266586e-01 2.547714e-01 
9.277462e-01 2.550279e-01 
9.288084e-01 2.552784e-01 
9.298706e-01 2.555290e-01 
9.309081e-01 2.557736e-01 
9.319455e-01 2.560183e-01 
9.329590e-01 2.562572e-01 
9.339725e-01 2.564962e-01 
9.349627e-01 2.567297e-01 
9.359529e-01 2.569631e-01 
9.369205e-01 2.571912e-01 
9.378882e-01 2.574193e-01 
9.388339e-01 2.576423e-01 
9.397796e-01 2.578652e-01 
9.407041e-01 2.580831e-01 
9.416286e-01 2.583010e-01 
9.425326e-01 2.585140e-01 
9.434365e-01 2.587270e-01 
9.443205e-01 2.589353e-01 
9.452045e-01 2.591436e-01 
9.460692e-01 2.593473e-01 
9.469339e-01 2.595511e-01 
9.477799e-01 2.597504e-01 
9.486258e-01 2.599497e-01 
9.494537e-01 2.601447e-01 
9.502816e-01 2.603397e-01 
9.510919e-01 2.605305e-01 
9.519023e-01 2.607214e-01 
9.526957e-01 2.609082e-01 
9.534891e-01 2.610951e-01 
9.542661e-01 2.612780e-01 
8.494000e-01 2.380076e-01 
8.514299e-01 2.384770e-01 
8.534599e-01 2.389464e-01 
8.554382e-01 2.394038e-01 
8.574165e-01 2.398612e-01 
8.593447e-01 2.403070e-01 
8.612728e-01 2.407527e-01 
8.631521e-01 2.411871e-01 
8.650314e-01 2.416215e-01 
8.668631e-01 2.420449e-01 
8.686949e-01 2.424683e-01 
8.704804e-01 2.428809e-01 
8.722660e-01 2.432935e-01 
8.740065e-01 2.436957e-01 
8.757471e-01 2.440979e-01 
8.774439e-01 2.444900e-01 
8.791407e-01 2.448820e-01 
8.807949e-01 2.452642e-01 
8.824492e-01 2.456463e-01 
8.840620e-01 2.460189e-01 
8.856749e-01 2.463914e-01 
8.872475e-01 2.467546e-01 
8.888201e-01 2.471178e-01 
8.903536e-01 2.474720e-01 
8.918870e-01 2.478261e-01 
8.933824e-01 2.481714e-01 
8.948778e-01 2.485167e-01 
8.963362e-01 2.488534e-01 
8.977946e-01 2.491901e-01 
8.992170e-01 2.495184e-01 
9.006394e-01 2.498468e-01 
9.020268e-01 2.501670e-01 
9.034142e-01 2.504873e-01 
9.047676e-01 2.507996e-01 
9.061210e-01 2.511120e-01 
9.074414e-01 2.514167e-01 
9.087617e-01 2.517214e-01 
9.100500e-01 2.520186e-01 
9.113382e-01 2.523158e-01 
9.125952e-01 2.526058e-01 
9.138522e-01 2.528958e-01 
9.150789e-01 2.531788e-01 
9.163056e-01 2.534618e-01 
9.175028e-01 2.537379e-01 
9.187000e-01 2.540140e-01 
9.198686e-01 2.542835e-01 
9.210372e-01 2.545530e-01 
9.221780e-01 2.548161e-01 
9.233188e-01 2.550791e-01 
9.244326e-01 2.553359e-01 
9.255464e-01 2.555927e-01 
9.266340e-01 2.558434e-01 
9.277216e-01 2.560941e-01 
9.287837e-01 2.563389e-01 
9.298458e-01 2.565838e-01 
9.308833e-01 2.568228e-01 
9.319207e-01 2.570619e-01 
9.329342e-01 2.572955e-01 
9.339476e-01 2.575290e-01 
9.349378e-01 2.577572e-01 
9.359280e-01 2.579853e-01 
9.368957e-01 2.582082e-01 
9.378634e-01 2.584312e-01 
9.388091e-01 2.586490e-01 
9.397549e-01 2.588669e-01 
9.406795e-01 2.590798e-01 
9.416041e-01 2.592928e-01 
9.425081e-01 2.595009e-01 
9.434121e-01 2.597091e-01 
9.442962e-01 2.599127e-01 
9.451802e-01 2.601163e-01 
9.460450e-01 2.603153e-01 
9.469098e-01 2.605144e-01 
9.477559e-01 2.607092e-01 
9.486020e-01 2.609040e-01 
9.494300e-01 2.610946e-01 
9.502580e-01 2.612851e-01 
9.510685e-01 2.614716e-01 
9.518790e-01 2.616582e-01 
9.526725e-01 2.618408e-01 
9.534661e-01 2.620234e-01 
9.542433e-01 2.622022e-01 
8.494000e-01 2.394944e-01 
8.514289e-01 2.399529e-01 
8.534578e-01 2.404114e-01 
8.554352e-01 2.408581e-01 
8.574125e-01 2.413049e-01 
8.593398e-01 2.417403e-01 
8.612670e-01 2.421757e-01 
8.631454e-01 2.426000e-01 
8.650238e-01 2.430243e-01 
8.668548e-01 2.434378e-01 
8.686857e-01 2.438513e-01 
8.704705e-01 2.442544e-01 
8.722553e-01 2.446574e-01 
8.739951e-01 2.450502e-01 
8.757350e-01 2.454431e-01 
8.774311e-01 2.458260e-01 
8.791273e-01 2.462089e-01 
8.807809e-01 2.465822e-01 
8.824346e-01 2.469555e-01 
8.840468e-01 2.473194e-01 
8.856591e-01 2.476833e-01 
8.872312e-01 2.480380e-01 
8.888033e-01 2.483928e-01 
8.903363e-01 2.487387e-01 
8.918692e-01 2.490846e-01 
8.933642e-01 2.494218e-01 
8.948591e-01 2.497591e-01 
8.963171e-01 2.500880e-01 
8.977751e-01 2.504168e-01 
8.991971e-01 2.507376e-01 
9.006191e-01 2.510583e-01 
9.020062e-01 2.513711e-01 
9.033932e-01 2.516839e-01 
9.047463e-01 2.519889e-01 
9.060994e-01 2.522940e-01 
9.074195e-01 2.525916e-01 
9.087396e-01 2.528892e-01 
9.100276e-01 2.531796e-01 
9.113155e-01 2.534699e-01 
9.125723e-01 2.537531e-01 
9.138291e-01 2.540364e-01 
9.150556e-01 2.543128e-01 
9.162821e-01 2.545892e-01 
9.174792e-01 2.548589e-01 
9.186762e-01 2.551286e-01 
9.198447e-01 2.553918e-01 
9.210131e-01 2.556550e-01 
9.221538e-01 2.559120e-01 
9.232945e-01 2.561689e-01 
9.244082e-01 2.564197e-01 
9.255219e-01 2.566705e-01 
9.266094e-01 2.569154e-01 
9.276969e-01 2.571603e-01 
9.287590e-01 2.573994e-01 
9.298210e-01 2.576386e-01 
9.308584e-01 2.578721e-01 
9.318959e-01 2.581056e-01 
9.329093e-01 2.583337e-01 
9.339228e-01 2.585618e-01 
9.349130e-01 2.587847e-01 
9.359032e-01 2.590075e-01 
9.368709e-01 2.592253e-01 
9.378386e-01 2.594430e-01 
9.387844e-01 2.596558e-01 
9.397302e-01 2.598686e-01 
9.406548e-01 2.600766e-01 
9.415795e-01 2.602846e-01 
9.424835e-01 2.604879e-01 
9.433876e-01 2.606912e-01 
9.442718e-01 2.608901e-01 
9.451560e-01 2.610889e-01 
9.460209e-01 2.612834e-01 
9.468858e-01 2.614778e-01 
9.477320e-01 2.616681e-01 
9.485782e-01 2.618583e-01 
9.494063e-01 2.620444e-01 
9.502345e-01 2.622306e-01 
9.510451e-01 2.624128e-01 
9.518557e-01 2.625950e-01 
9.526494e-01 2.627733e-01 
9.534431e-01 2.629517e-01 
9.542205e-01 2.631263e-01 
8.494000e-01 2.409812e-01 
8.514279e-01 2.414288e-01 
8.534558e-01 2.418763e-01 
8.554321e-01 2.423125e-01 
8.574085e-01 2.427486e-01 
8.593348e-01 2.431736e-01 
8.612612e-01 2.435986e-01 
8.631387e-01 2.440128e-01 
8.650163e-01 2.444270e-01 
8.668464e-01 2.448307e-01 
8.686766e-01 2.452344e-01 
8.704606e-01 2.456278e-01 
8.722446e-01 2.460213e-01 
8.739838e-01 2.464048e-01 
8.757229e-01 2.467883e-01 
8.774184e-01 2.471621e-01 
8.791139e-01 2.475359e-01 
8.807669e-01 2.479002e-01 
8.824199e-01 2.482646e-01 
8.840317e-01 2.486199e-01 
8.856434e-01 2.489751e-01 
8.872149e-01 2.493214e-01 
8.887865e-01 2.496677e-01 
8.903190e-01 2.500054e-01 
8.918514e-01 2.503430e-01 
8.933459e-01 2.506723e-01 
8.948404e-01 2.510015e-01 
8.962980e-01 2.513225e-01 
8.977555e-01 2.516436e-01 
8.991772e-01 2.519567e-01 
9.005988e-01 2.522697e-01 
9.019856e-01 2.525751e-01 
9.033723e-01 2.528804e-01 
9.047251e-01 2.531783e-01 
9.060778e-01 2.534761e-01 
9.073976e-01 2.537666e-01 
9.087174e-01 2.540571e-01 
9.100052e-01 2.543405e-01 
9.112929e-01 2.546239e-01 
9.125495e-01 2.549004e-01 
9.138060e-01 2.551770e-01 
9.150323e-01 2.554468e-01 
9.162586e-01 2.557166e-01 
9.174555e-01 2.559798e-01 
9.186524e-01 2.562431e-01 
9.198207e-01 2.565001e-01 
9.209890e-01 2.567571e-01 
9.221296e-01 2.570079e-01 
9.232701e-01 2.572587e-01 
9.243837e-01 2.575035e-01 
9.254973e-01 2.577484e-01 
9.265848e-01 2.579874e-01 
9.276722e-01 2.582265e-01 
9.287342e-01 2.584599e-01 
9.297963e-01 2.586933e-01 
9.308336e-01 2.589213e-01 
9.318710e-01 2.591493e-01 
9.328845e-01 2.593720e-01 
9.338979e-01 2.595946e-01 
9.348881e-01 2.598122e-01 
9.358784e-01 2.600297e-01 
9.368461e-01 2.602423e-01 
9.378138e-01 2.604548e-01 
9.387596e-01 2.606626e-01 
9.397055e-01 2.608703e-01 
9.406302e-01 2.610733e-01 
9.415549e-01 2.612764e-01 
9.424590e-01 2.614749e-01 
9.433632e-01 2.616734e-01 
9.442475e-01 2.618674e-01 
9.451317e-01 2.620615e-01 
9.459967e-01 2.622514e-01 
9.468617e-01 2.624412e-01 
9.477081e-01 2.626269e-01 
9.485544e-01 2.628126e-01 
9.493826e-01 2.629943e-01 
9.502109e-01 2.631761e-01 
9.510217e-01 2.633539e-01 
9.518325e-01 2.635317e-01 
9.526263e-01 2.637058e-01 
9.534202e-01 2.638800e-01 
9.541977e-01 2.640504e-01 
8.494000e-01 2.424680e-01 
8.514268e-01 2.429046e-01 
8.534537e-01 2.433413e-01 
8.554291e-01 2.437668e-01 
8.574045e-01 2.441923e-01 
8.593299e-01 2.446069e-01 
8.612553e-01 2.450216e-01 
8.631320e-01 2.454257e-01 
8.650087e-01 2.458298e-01 
8.668381e-01 2.462236e-01 
8.686674e-01 2.466175e-01 
8.704507e-01 2.470013e-01 
8.722340e-01 2.473852e-01 
8.739724e-01 2.477593e-01 
8.757108e-01 2.481334e-01 
8.774057e-01 2.484981e-01 
8.791005e-01 2.488628e-01 
8.807529e-01 2.492183e-01 
8.824053e-01 2.495738e-01 
8.840165e-01 2.499203e-01 
8.856276e-01 2.502669e-01 
8.871986e-01 2.506048e-01 
8.887697e-01 2.509426e-01 
8.903017e-01 2.512721e-01 
8.918336e-01 2.516015e-01 
8.933277e-01 2.519227e-01 
8.948217e-01 2.522439e-01 
8.962789e-01 2.525571e-01 
8.977360e-01 2.528703e-01 
8.991573e-01 2.531758e-01 
9.005785e-01 2.534812e-01 
9.019649e-01 2.537791e-01 
9.033513e-01 2.540770e-01 
9.047038e-01 2.543676e-01 
9.060563e-01 2.546581e-01 
9.073758e-01 2.549416e-01 
9.086953e-01 2.552250e-01 
9.099828e-01 2.555015e-01 
9.112702e-01 2.557780e-01 
9.125266e-01 2.560478e-01 
9.137829e-01 2.563175e-01 
9.150090e-01 2.565807e-01 
9.162351e-01 2.568440e-01 
9.174319e-01 2.571008e-01 
9.186286e-01 2.573577e-01 
9.197967e-01 2.576084e-01 
9.209649e-01 2.578591e-01 
9.221053e-01 2.581038e-01 
9.232458e-01 2.583485e-01 
9.243593e-01 2.585873e-01 
9.254728e-01 2.588262e-01 
9.265602e-01 2.590594e-01 
9.276475e-01 2.592927e-01 
9.287095e-01 2.595204e-01 
9.297715e-01 2.597481e-01 
9.308088e-01 2.599706e-01 
9.318462e-01 2.601930e-01 
9.328596e-01 2.604102e-01 
9.338730e-01 2.606275e-01 
9.348633e-01 2.608397e-01 
9.358535e-01 2.610519e-01 
9.368212e-01 2.612593e-01 
9.377890e-01 2.614667e-01 
9.387349e-01 2.616693e-01 
9.396808e-01 2.618720e-01 
9.406055e-01 2.620701e-01 
9.415303e-01 2.622682e-01 
9.424345e-01 2.624618e-01 
9.433388e-01 2.626555e-01 
9.442231e-01 2.628448e-01 
9.451075e-01 2.630342e-01 
9.459726e-01 2.632194e-01 
9.468377e-01 2.634046e-01 
9.476841e-01 2.635858e-01 
9.485306e-01 2.637670e-01 
9.493590e-01 2.639442e-01 
9.501874e-01 2.641215e-01 
9.509983e-01 2.642950e-01 
9.518092e-01 2.644685e-01 
9.526032e-01 2.646384e-01 
9.533972e-01 2.648082e-01 
9.541749e-01 2.649746e-01 
8.494000e-01 2.439548e-01 
8.514258e-01 2.443805e-01 
8.534516e-01 2.448063e-01 
8.554261e-01 2.452211e-01 
8.574005e-01 2.456360e-01 
8.593250e-01 2.460403e-01 
8.612495e-01 2.464446e-01 
8.631254e-01 2.468385e-01 
8.650012e-01 2.472325e-01 
8.668297e-01 2.476165e-01 
8.686583e-01 2.480005e-01 
8.704408e-01 2.483748e-01 
8.722233e-01 2.487490e-01 
8.739610e-01 2.491138e-01 
8.756988e-01 2.494786e-01 
8.773929e-01 2.498342e-01 
8.790871e-01 2.501897e-01 
8.807389e-01 2.505363e-01 
8.823907e-01 2.508829e-01 
8.840013e-01 2.512208e-01 
8.856119e-01 2.515587e-01 
8.871823e-01 2.518882e-01 
8.887528e-01 2.522176e-01 
8.902843e-01 2.525388e-01 
8.918158e-01 2.528599e-01 
8.933094e-01 2.531731e-01 
8.948030e-01 2.534863e-01 
8.962598e-01 2.537917e-01 
8.977165e-01 2.540971e-01 
8.991374e-01 2.543949e-01 
9.005583e-01 2.546927e-01 
9.019443e-01 2.549831e-01 
9.033303e-01 2.552736e-01 
9.046825e-01 2.555569e-01 
9.060347e-01 2.558402e-01 
9.073539e-01 2.561165e-01 
9.086731e-01 2.563929e-01 
9.099604e-01 2.566625e-01 
9.112476e-01 2.569320e-01 
9.125037e-01 2.571951e-01 
9.137598e-01 2.574581e-01 
9.149857e-01 2.577147e-01 
9.162117e-01 2.579714e-01 
9.174082e-01 2.582218e-01 
9.186047e-01 2.584722e-01 
9.197728e-01 2.587167e-01 
9.209408e-01 2.589611e-01 
9.220811e-01 2.591997e-01 
9.232214e-01 2.594383e-01 
9.243349e-01 2.596712e-01 
9.254483e-01 2.599041e-01 
9.265356e-01 2.601315e-01 
9.276229e-01 2.603589e-01 
9.286848e-01 2.605809e-01 
9.297467e-01 2.608029e-01 
9.307840e-01 2.610198e-01 
9.318213e-01 2.612366e-01 
9.328348e-01 2.614485e-01 
9.338482e-01 2.616603e-01 
9.348384e-01 2.618672e-01 
9.358287e-01 2.620741e-01 
9.367964e-01 2.622763e-01 
9.377642e-01 2.624785e-01 
9.387101e-01 2.626761e-01 
9.396561e-01 2.628737e-01 
9.405809e-01 2.630668e-01 
9.415057e-01 2.632599e-01 
9.424100e-01 2.634488e-01 
9.433143e-01 2.636376e-01 
9.441988e-01 2.638222e-01 
9.450832e-01 2.640068e-01 
9.459484e-01 2.641874e-01 
9.468136e-01 2.643680e-01 
9.476602e-01 2.645446e-01 
9.485068e-01 2.647213e-01 
9.493353e-01 2.648941e-01 
9.501638e-01 2.650670e-01 
9.509749e-01 2.652361e-01 
9.517859e-01 2.654053e-01 
9.525801e-01 2.655709e-01 
9.533743e-01 2.657365e-01 
9.541521e-01 2.658987e-01 
8.494000e-01 2.454416e-01 
8.514248e-01 2.458564e-01 
8.534496e-01 2.462712e-01 
8.554231e-01 2.466755e-01 
8.573965e-01 2.470797e-01 
8.593201e-01 2.474736e-01 
8.612437e-01 2.478675e-01 
8.631187e-01 2.482514e-01 
8.649937e-01 2.486353e-01 
8.668214e-01 2.490094e-01 
8.686491e-01 2.493836e-01 
8.704309e-01 2.497482e-01 
8.722126e-01 2.501129e-01 
8.739497e-01 2.504683e-01 
8.756867e-01 2.508237e-01 
8.773802e-01 2.511702e-01 
8.790737e-01 2.515167e-01 
8.807249e-01 2.518544e-01 
8.823761e-01 2.521921e-01 
8.839861e-01 2.525213e-01 
8.855961e-01 2.528506e-01 
8.871661e-01 2.531715e-01 
8.887360e-01 2.534925e-01 
8.902670e-01 2.538055e-01 
8.917981e-01 2.541184e-01 
8.932912e-01 2.544236e-01 
8.947843e-01 2.547287e-01 
8.962407e-01 2.550262e-01 
8.976970e-01 2.553238e-01 
8.991175e-01 2.556140e-01 
9.005380e-01 2.559042e-01 
9.019237e-01 2.561872e-01 
9.033094e-01 2.564702e-01 
9.046612e-01 2.567462e-01 
9.060131e-01 2.570222e-01 
9.073320e-01 2.572915e-01 
9.086510e-01 2.575607e-01 
9.099380e-01 2.578234e-01 
9.112249e-01 2.580861e-01 
9.124808e-01 2.583424e-01 
9.137367e-01 2.585986e-01 
9.149625e-01 2.588487e-01 
9.161882e-01 2.590988e-01 
9.173845e-01 2.593428e-01 
9.185809e-01 2.595868e-01 
9.197488e-01 2.598250e-01 
9.209167e-01 2.600631e-01 
9.220569e-01 2.602956e-01 
9.231971e-01 2.605280e-01 
9.243104e-01 2.607550e-01 
9.254237e-01 2.609819e-01 
9.265110e-01 2.612035e-01 
9.275982e-01 2.614250e-01 
9.286601e-01 2.616414e-01 
9.297219e-01 2.618577e-01 
9.307592e-01 2.620690e-01 
9.317965e-01 2.622803e-01 
9.328099e-01 2.624867e-01 
9.338233e-01 2.626931e-01 
9.348136e-01 2.628947e-01 
9.358038e-01 2.630963e-01 
9.367716e-01 2.632933e-01 
9.377394e-01 2.634903e-01 
9.386854e-01 2.636829e-01 
9.396314e-01 2.638754e-01 
9.405562e-01 2.640636e-01 
9.414811e-01 2.642517e-01 
9.423855e-01 2.644357e-01 
9.432899e-01 2.646197e-01 
9.441744e-01 2.647996e-01 
9.450589e-01 2.649795e-01 
9.459243e-01 2.651554e-01 
9.467896e-01 2.653314e-01 
9.476362e-01 2.655035e-01 
9.484829e-01 2.656756e-01 
9.493116e-01 2.658440e-01 
9.501402e-01 2.660124e-01 
9.509515e-01 2.661773e-01 
9.517627e-01 2.663421e-01 
9.525570e-01 2.665035e-01 
9.533513e-01 2.666648e-01 
9.541293e-01 2.668228e-01 
8.494000e-01 2.469284e-01 
8.514238e-01 2.473323e-01 
8.534475e-01 2.477362e-01 
8.554200e-01 2.481298e-01 
8.573925e-01 2.485234e-01 
8.593152e-01 2.489069e-01 
8.612378e-01 2.492905e-01 
8.631120e-01 2.496643e-01 
8.649861e-01 2.500381e-01 
8.668130e-01 2.504024e-01 
8.686400e-01 2.507666e-01 
8.704210e-01 2.511217e-01 
8.722020e-01 2.514768e-01 
8.739383e-01 2.518228e-01 
8.756746e-01 2.521689e-01 
8.773675e-01 2.525062e-01 
8.790603e-01 2.528436e-01 
8.807109e-01 2.531724e-01 
8.823615e-01 2.535013e-01 
8.839709e-01 2.538218e-01 
8.855803e-01 2.541424e-01 
8.871498e-01 2.544549e-01 
8.887192e-01 2.547674e-01 
8.902497e-01 2.550722e-01 
8.917803e-01 2.553769e-01 
8.932729e-01 2.556740e-01 
8.947656e-01 2.559711e-01 
8.962215e-01 2.562608e-01 
8.976774e-01 2.565505e-01 
8.990976e-01 2.568331e-01 
9.005177e-01 2.571156e-01 
9.019031e-01 2.573912e-01 
9.032884e-01 2.576667e-01 
9.046399e-01 2.579355e-01 
9.059915e-01 2.582043e-01 
9.073101e-01 2.584664e-01 
9.086288e-01 2.587286e-01 
9.099155e-01 2.589844e-01 
9.112023e-01 2.592401e-01 
9.124580e-01 2.594897e-01 
9.137136e-01 2.597392e-01 
9.149392e-01 2.599827e-01 
9.161647e-01 2.602262e-01 
9.173609e-01 2.604638e-01 
9.185571e-01 2.607014e-01 
9.197248e-01 2.609333e-01 
9.208926e-01 2.611651e-01 
9.220327e-01 2.613915e-01 
9.231728e-01 2.616178e-01 
9.242860e-01 2.618388e-01 
9.253992e-01 2.620598e-01 
9.264864e-01 2.622755e-01 
9.275735e-01 2.624912e-01 
9.286353e-01 2.627019e-01 
9.296972e-01 2.629125e-01 
9.307344e-01 2.631183e-01 
9.317717e-01 2.633240e-01 
9.327851e-01 2.635249e-01 
9.337985e-01 2.637259e-01 
9.347887e-01 2.639222e-01 
9.357790e-01 2.641185e-01 
9.367468e-01 2.643104e-01 
9.377146e-01 2.645022e-01 
9.386606e-01 2.646896e-01 
9.396067e-01 2.648771e-01 
9.405316e-01 2.650603e-01 
9.414565e-01 2.652435e-01 
9.423610e-01 2.654227e-01 
9.432654e-01 2.656018e-01 
9.441501e-01 2.657770e-01 
9.450347e-01 2.659521e-01 
9.459001e-01 2.661234e-01 
9.467655e-01 2.662948e-01 
9.476123e-01 2.664623e-01 
9.484591e-01 2.666299e-01 
9.492879e-01 2.667939e-01 
9.501167e-01 2.669579e-01 
9.509280e-01 2.671184e-01 
9.517394e-01 2.672789e-01 
9.525339e-01 2.674360e-01 
9.533284e-01 2.675931e-01 
9.541065e-01 2.677470e-01 
8.494000e-01 2.484152e-01 
8.514227e-01 2.488082e-01 
8.534455e-01 2.492012e-01 
8.554170e-01 2.495841e-01 
8.573885e-01 2.499671e-01 
8.593103e-01 2.503402e-01 
8.612320e-01 2.507134e-01 
8.631053e-01 2.510771e-01 
8.649786e-01 2.514408e-01 
8.668047e-01 2.517953e-01 
8.686308e-01 2.521497e-01 
8.704111e-01 2.524952e-01 
8.721913e-01 2.528406e-01 
8.739269e-01 2.531774e-01 
8.756625e-01 2.535141e-01 
8.773547e-01 2.538423e-01 
8.790469e-01 2.541705e-01 
8.806969e-01 2.544905e-01 
8.823468e-01 2.548104e-01 
8.839557e-01 2.551223e-01 
8.855646e-01 2.554342e-01 
8.871335e-01 2.557383e-01 
8.887024e-01 2.560424e-01 
8.902324e-01 2.563389e-01 
8.917625e-01 2.566353e-01 
8.932547e-01 2.569244e-01 
8.947469e-01 2.572135e-01 
8.962024e-01 2.574954e-01 
8.976579e-01 2.577773e-01 
8.990777e-01 2.580522e-01 
9.004974e-01 2.583271e-01 
9.018824e-01 2.585952e-01 
9.032674e-01 2.588633e-01 
9.046187e-01 2.591248e-01 
9.059699e-01 2.593863e-01 
9.072883e-01 2.596414e-01 
9.086067e-01 2.598965e-01 
9.098931e-01 2.601453e-01 
9.111796e-01 2.603942e-01 
9.124351e-01 2.606370e-01 
9.136905e-01 2.608798e-01 
9.149159e-01 2.611167e-01 
9.161412e-01 2.613536e-01 
9.173372e-01 2.615847e-01 
9.185333e-01 2.618159e-01 
9.197009e-01 2.620415e-01 
9.208685e-01 2.622672e-01 
9.220084e-01 2.624874e-01 
9.231484e-01 2.627076e-01 
9.242615e-01 2.629226e-01 
9.253747e-01 2.631376e-01 
9.264618e-01 2.633475e-01 
9.275488e-01 2.635574e-01 
9.286106e-01 2.637624e-01 
9.296724e-01 2.639673e-01 
9.307096e-01 2.641675e-01 
9.317468e-01 2.643677e-01 
9.327602e-01 2.645632e-01 
9.337736e-01 2.647587e-01 
9.347639e-01 2.649497e-01 
9.357541e-01 2.651407e-01 
9.367220e-01 2.653274e-01 
9.376898e-01 2.655140e-01 
9.386359e-01 2.656964e-01 
9.395820e-01 2.658788e-01 
9.405069e-01 2.660571e-01 
9.414319e-01 2.662353e-01 
9.423365e-01 2.664096e-01 
9.432410e-01 2.665839e-01 
9.441257e-01 2.667543e-01 
9.450104e-01 2.669248e-01 
9.458759e-01 2.670915e-01 
9.467415e-01 2.672581e-01 
9.475884e-01 2.674212e-01 
9.484353e-01 2.675843e-01 
9.492642e-01 2.677438e-01 
9.500931e-01 2.679034e-01 
9.509046e-01 2.680595e-01 
9.517161e-01 2.682157e-01 
9.525108e-01 2.683685e-01 
9.533054e-01 2.685214e-01 
9.540837e-01 2.686711e-01 
8.494000e-01 2.499020e-01 
8.514217e-01 2.502841e-01 
8.534434e-01 2.506661e-01 
8.554140e-01 2.510384e-01 
8.573845e-01 2.514108e-01 
8.593054e-01 2.517736e-01 
8.612262e-01 2.521364e-01 
8.630986e-01 2.524900e-01 
8.649710e-01 2.528436e-01 
8.667963e-01 2.531882e-01 
8.686217e-01 2.535328e-01 
8.704012e-01 2.538686e-01 
8.721807e-01 2.542045e-01 
8.739156e-01 2.545319e-01 
8.756505e-01 2.548592e-01 
8.773420e-01 2.551783e-01 
8.790335e-01 2.554974e-01 
8.806829e-01 2.558085e-01 
8.823322e-01 2.561196e-01 
8.839405e-01 2.564228e-01 
8.855488e-01 2.567260e-01 
8.871172e-01 2.570217e-01 
8.886856e-01 2.573173e-01 
8.902151e-01 2.576056e-01 
8.917447e-01 2.578938e-01 
8.932365e-01 2.581749e-01 
8.947282e-01 2.584559e-01 
8.961833e-01 2.587300e-01 
8.976384e-01 2.590040e-01 
8.990578e-01 2.592713e-01 
9.004771e-01 2.595386e-01 
9.018618e-01 2.597992e-01 
9.032465e-01 2.600599e-01 
9.045974e-01 2.603141e-01 
9.059483e-01 2.605684e-01 
9.072664e-01 2.608164e-01 
9.085845e-01 2.610644e-01 
9.098707e-01 2.613063e-01 
9.111570e-01 2.615482e-01 
9.124122e-01 2.617843e-01 
9.136675e-01 2.620203e-01 
9.148926e-01 2.622506e-01 
9.161177e-01 2.624810e-01 
9.173136e-01 2.627057e-01 
9.185095e-01 2.629305e-01 
9.196769e-01 2.631498e-01 
9.208444e-01 2.633692e-01 
9.219842e-01 2.635833e-01 
9.231241e-01 2.637974e-01 
9.242371e-01 2.640064e-01 
9.253501e-01 2.642154e-01 
9.264371e-01 2.644195e-01 
9.275242e-01 2.646236e-01 
9.285859e-01 2.648229e-01 
9.296476e-01 2.650221e-01 
9.306848e-01 2.652167e-01 
9.317220e-01 2.654113e-01 
9.327354e-01 2.656014e-01 
9.337487e-01 2.657915e-01 
9.347390e-01 2.659772e-01 
9.357293e-01 2.661629e-01 
9.366971e-01 2.663444e-01 
9.376650e-01 2.665258e-01 
9.386111e-01 2.667032e-01 
9.395573e-01 2.668805e-01 
9.404823e-01 2.670538e-01 
9.414073e-01 2.672271e-01 
9.423119e-01 2.673966e-01 
9.432166e-01 2.675660e-01 
9.441014e-01 2.677317e-01 
9.449862e-01 2.678974e-01 
9.458518e-01 2.680595e-01 
9.467174e-01 2.682215e-01 
9.475644e-01 2.683801e-01 
9.484115e-01 2.685386e-01 
9.492405e-01 2.686937e-01 
9.500696e-01 2.688488e-01 
9.508812e-01 2.690006e-01 
9.516929e-01 2.691525e-01 
9.524876e-01 2.693011e-01 
9.532824e-01 2.694497e-01 
9.540609e-01 2.695953e-01 
8.494000e-01 2.513888e-01 
8.514207e-01 2.517599e-01 
8.534413e-01 2.521311e-01 
8.554109e-01 2.524928e-01 
8.573805e-01 2.528544e-01 
8.593005e-01 2.532069e-01 
8.612204e-01 2.535594e-01 
8.630919e-01 2.539028e-01 
8.649635e-01 2.542463e-01 
8.667880e-01 2.545811e-01 
8.686125e-01 2.549158e-01 
8.703912e-01 2.552421e-01 
8.721700e-01 2.555684e-01 
8.739042e-01 2.558864e-01 
8.756384e-01 2.562044e-01 
8.773293e-01 2.565144e-01 
8.790201e-01 2.568244e-01 
8.806689e-01 2.571265e-01 
8.823176e-01 2.574287e-01 
8.839253e-01 2.577233e-01 
8.855330e-01 2.580179e-01 
8.871009e-01 2.583051e-01 
8.886687e-01 2.585922e-01 
8.901978e-01 2.588723e-01 
8.917269e-01 2.591523e-01 
8.932182e-01 2.594253e-01 
8.947095e-01 2.596983e-01 
8.961642e-01 2.599645e-01 
8.976189e-01 2.602308e-01 
8.990379e-01 2.604904e-01 
9.004569e-01 2.607500e-01 
9.018412e-01 2.610032e-01 
9.032255e-01 2.612565e-01 
9.045761e-01 2.615034e-01 
9.059267e-01 2.617504e-01 
9.072445e-01 2.619913e-01 
9.085624e-01 2.622322e-01 
9.098483e-01 2.624673e-01 
9.111343e-01 2.627023e-01 
9.123893e-01 2.629316e-01 
9.136444e-01 2.631609e-01 
9.148693e-01 2.633846e-01 
9.160942e-01 2.636084e-01 
9.172899e-01 2.638267e-01 
9.184856e-01 2.640450e-01 
9.196530e-01 2.642581e-01 
9.208203e-01 2.644712e-01 
9.219600e-01 2.646792e-01 
9.230997e-01 2.648872e-01 
9.242127e-01 2.650902e-01 
9.253256e-01 2.652933e-01 
9.264125e-01 2.654915e-01 
9.274995e-01 2.656898e-01 
9.285612e-01 2.658833e-01 
9.296228e-01 2.660769e-01 
9.306600e-01 2.662660e-01 
9.316971e-01 2.664550e-01 
9.327105e-01 2.666397e-01 
9.337239e-01 2.668243e-01 
9.347142e-01 2.670047e-01 
9.357044e-01 2.671851e-01 
9.366723e-01 2.673614e-01 
9.376402e-01 2.675377e-01 
9.385864e-01 2.677099e-01 
9.395325e-01 2.678822e-01 
9.404576e-01 2.680506e-01 
9.413827e-01 2.682189e-01 
9.422874e-01 2.683835e-01 
9.431921e-01 2.685481e-01 
9.440770e-01 2.687091e-01 
9.449619e-01 2.688701e-01 
9.458276e-01 2.690275e-01 
9.466934e-01 2.691849e-01 
9.475405e-01 2.693389e-01 
9.483877e-01 2.694929e-01 
9.492168e-01 2.696436e-01 
9.500460e-01 2.697943e-01 
9.508578e-01 2.699418e-01 
9.516696e-01 2.700893e-01 
9.524645e-01 2.702336e-01 
9.532595e-01 2.703780e-01 
9.540382e-01 2.705194e-01 
8.494000e-01 2.528756e-01 
8.514196e-01 2.532358e-01 
8.534393e-01 2.535961e-01 
8.554079e-01 2.539471e-01 
8.573765e-01 2.542981e-01 
8.592955e-01 2.546402e-01 
8.612145e-01 2.549823e-01 
8.630852e-01 2.553157e-01 
8.649559e-01 2.556491e-01 
8.667796e-01 2.559740e-01 
8.686034e-01 2.562989e-01 
8.703813e-01 2.566156e-01 
8.721593e-01 2.569322e-01 
8.738928e-01 2.572409e-01 
8.756263e-01 2.575496e-01 
8.773165e-01 2.578504e-01 
8.790067e-01 2.581513e-01 
8.806549e-01 2.584446e-01 
8.823030e-01 2.587379e-01 
8.839101e-01 2.590238e-01 
8.855173e-01 2.593097e-01 
8.870846e-01 2.595884e-01 
8.886519e-01 2.598672e-01 
8.901805e-01 2.601390e-01 
8.917091e-01 2.604107e-01 
8.932000e-01 2.606757e-01 
8.946909e-01 2.609407e-01 
8.961451e-01 2.611991e-01 
8.975993e-01 2.614575e-01 
8.990180e-01 2.617095e-01 
9.004366e-01 2.619615e-01 
9.018206e-01 2.622073e-01 
9.032045e-01 2.624530e-01 
9.045548e-01 2.626927e-01 
9.059051e-01 2.629325e-01 
9.072227e-01 2.631663e-01 
9.085402e-01 2.634001e-01 
9.098259e-01 2.636282e-01 
9.111117e-01 2.638563e-01 
9.123665e-01 2.640789e-01 
9.136213e-01 2.643014e-01 
9.148460e-01 2.645186e-01 
9.160707e-01 2.647358e-01 
9.172663e-01 2.649477e-01 
9.184618e-01 2.651596e-01 
9.196290e-01 2.653664e-01 
9.207962e-01 2.655732e-01 
9.219358e-01 2.657751e-01 
9.230754e-01 2.659770e-01 
9.241882e-01 2.661741e-01 
9.253011e-01 2.663711e-01 
9.263879e-01 2.665635e-01 
9.274748e-01 2.667560e-01 
9.285364e-01 2.669438e-01 
9.295980e-01 2.671317e-01 
9.306352e-01 2.673152e-01 
9.316723e-01 2.674987e-01 
9.326857e-01 2.676779e-01 
9.336990e-01 2.678572e-01 
9.346893e-01 2.680322e-01 
9.356796e-01 2.682073e-01 
9.366475e-01 2.683784e-01 
9.376154e-01 2.685495e-01 
9.385616e-01 2.687167e-01 
9.395078e-01 2.688839e-01 
9.404330e-01 2.690473e-01 
9.413582e-01 2.692107e-01 
9.422629e-01 2.693705e-01 
9.431677e-01 2.695303e-01 
9.440527e-01 2.696865e-01 
9.449376e-01 2.698427e-01 
9.458035e-01 2.699955e-01 
9.466693e-01 2.701483e-01 
9.475166e-01 2.702978e-01 
9.483639e-01 2.704472e-01 
9.491932e-01 2.705935e-01 
9.500225e-01 2.707397e-01 
9.508344e-01 2.708829e-01 
9.516463e-01 2.710260e-01 
9.524414e-01 2.711662e-01 
9.532365e-01 2.713063e-01 
9.540154e-01 2.714435e-01 
8.494000e-01 2.543624e-01 
8.514186e-01 2.547117e-01 
8.534372e-01 2.550610e-01 
8.554049e-01 2.554014e-01 
8.573725e-01 2.557418e-01 
8.592906e-01 2.560736e-01 
8.612087e-01 2.564053e-01 
8.630786e-01 2.567286e-01 
8.649484e-01 2.570518e-01 
8.667713e-01 2.573669e-01 
8.685942e-01 2.576820e-01 
8.703714e-01 2.579890e-01 
8.721487e-01 2.582961e-01 
8.738814e-01 2.585954e-01 
8.756142e-01 2.588947e-01 
8.773038e-01 2.591865e-01 
8.789934e-01 2.594782e-01 
8.806409e-01 2.597626e-01 
8.822884e-01 2.600470e-01 
8.838949e-01 2.603243e-01 
8.855015e-01 2.606015e-01 
8.870683e-01 2.608718e-01 
8.886351e-01 2.611421e-01 
8.901632e-01 2.614057e-01 
8.916913e-01 2.616692e-01 
8.931817e-01 2.619261e-01 
8.946722e-01 2.621831e-01 
8.961260e-01 2.624337e-01 
8.975798e-01 2.626843e-01 
8.989981e-01 2.629286e-01 
9.004163e-01 2.631730e-01 
9.017999e-01 2.634113e-01 
9.031836e-01 2.636496e-01 
9.045335e-01 2.638821e-01 
9.058835e-01 2.641145e-01 
9.072008e-01 2.643412e-01 
9.085181e-01 2.645680e-01 
9.098035e-01 2.647892e-01 
9.110890e-01 2.650104e-01 
9.123436e-01 2.652262e-01 
9.135982e-01 2.654420e-01 
9.148227e-01 2.656526e-01 
9.160473e-01 2.658632e-01 
9.172426e-01 2.660687e-01 
9.184380e-01 2.662742e-01 
9.196050e-01 2.664747e-01 
9.207721e-01 2.666753e-01 
9.219116e-01 2.668710e-01 
9.230510e-01 2.670668e-01 
9.241638e-01 2.672579e-01 
9.252766e-01 2.674490e-01 
9.263633e-01 2.676356e-01 
9.274501e-01 2.678221e-01 
9.285117e-01 2.680043e-01 
9.295733e-01 2.681865e-01 
9.306104e-01 2.683644e-01 
9.316475e-01 2.685424e-01 
9.326608e-01 2.687162e-01 
9.336742e-01 2.688900e-01 
9.346645e-01 2.690598e-01 
9.356548e-01 2.692295e-01 
9.366227e-01 2.693954e-01 
9.375906e-01 2.695613e-01 
9.385369e-01 2.697235e-01 
9.394831e-01 2.698856e-01 
9.404083e-01 2.700441e-01 
9.413336e-01 2.702025e-01 
9.422384e-01 2.703574e-01 
9.431432e-01 2.705124e-01 
9.440283e-01 2.706639e-01 
9.449134e-01 2.708154e-01 
9.457793e-01 2.709635e-01 
9.466452e-01 2.711117e-01 
9.474926e-01 2.712566e-01 
9.483400e-01 2.714016e-01 
9.491695e-01 2.715434e-01 
9.499989e-01 2.716852e-01 
9.508110e-01 2.718240e-01 
9.516231e-01 2.719628e-01 
9.524183e-01 2.720987e-01 
9.532136e-01 2.722346e-01 
9.539926e-01 2.723677e-01 
8.494000e-01 2.558492e-01 
8.514176e-01 2.561876e-01 
8.534352e-01 2.565260e-01 
8.554018e-01 2.568558e-01 
8.573685e-01 2.571855e-01 
8.592857e-01 2.575069e-01 
8.612029e-01 2.578282e-01 
8.630719e-01 2.581414e-01 
8.649409e-01 2.584546e-01 
8.667629e-01 2.587598e-01 
8.685850e-01 2.590650e-01 
8.703615e-01 2.593625e-01 
8.721380e-01 2.596600e-01 
8.738701e-01 2.599499e-01 
8.756022e-01 2.602399e-01 
8.772911e-01 2.605225e-01 
8.789800e-01 2.608052e-01 
8.806268e-01 2.610807e-01 
8.822737e-01 2.613562e-01 
8.838797e-01 2.616248e-01 
8.854858e-01 2.618934e-01 
8.870520e-01 2.621552e-01 
8.886183e-01 2.624171e-01 
8.901459e-01 2.626724e-01 
8.916735e-01 2.629277e-01 
8.931635e-01 2.631766e-01 
8.946535e-01 2.634255e-01 
8.961069e-01 2.636683e-01 
8.975603e-01 2.639110e-01 
8.989782e-01 2.641477e-01 
9.003960e-01 2.643844e-01 
9.017793e-01 2.646153e-01 
9.031626e-01 2.648462e-01 
9.045123e-01 2.650714e-01 
9.058619e-01 2.652966e-01 
9.071789e-01 2.655162e-01 
9.084959e-01 2.657359e-01 
9.097811e-01 2.659502e-01 
9.110664e-01 2.661644e-01 
9.123207e-01 2.663735e-01 
9.135751e-01 2.665826e-01 
9.147994e-01 2.667866e-01 
9.160238e-01 2.669906e-01 
9.172190e-01 2.671896e-01 
9.184142e-01 2.673887e-01 
9.195811e-01 2.675830e-01 
9.207480e-01 2.677773e-01 
9.218873e-01 2.679669e-01 
9.230267e-01 2.681566e-01 
9.241394e-01 2.683417e-01 
9.252520e-01 2.685268e-01 
9.263387e-01 2.687076e-01 
9.274255e-01 2.688883e-01 
9.284870e-01 2.690648e-01 
9.295485e-01 2.692413e-01 
9.305856e-01 2.694137e-01 
9.316226e-01 2.695861e-01 
9.326360e-01 2.697544e-01 
9.336493e-01 2.699228e-01 
9.346396e-01 2.700873e-01 
9.356299e-01 2.702517e-01 
9.365979e-01 2.704125e-01 
9.375658e-01 2.705732e-01 
9.385121e-01 2.707302e-01 
9.394584e-01 2.708873e-01 
9.403837e-01 2.710408e-01 
9.413090e-01 2.711943e-01 
9.422139e-01 2.713444e-01 
9.431188e-01 2.714945e-01 
9.440040e-01 2.716412e-01 
9.448891e-01 2.717880e-01 
9.457552e-01 2.719315e-01 
9.466212e-01 2.720751e-01 
9.474687e-01 2.722155e-01 
9.483162e-01 2.723559e-01 
9.491458e-01 2.724933e-01 
9.499754e-01 2.726307e-01 
9.507876e-01 2.727651e-01 
9.515998e-01 2.728996e-01 
9.523952e-01 2.730313e-01 
9.531906e-01 2.731629e-01 
9.539698e-01 2.732918e-01 
8.494000e-01 2.573360e-01 
8.514165e-01 2.576635e-01 
8.534331e-01 2.579910e-01 
8.553988e-01 2.583101e-01 
8.573645e-01 2.586292e-01 
8.592808e-01 2.589402e-01 
8.611971e-01 2.592512e-01 
8.630652e-01 2.595543e-01 
8.649333e-01 2.598573e-01 
8.667546e-01 2.601527e-01 
8.685759e-01 2.604481e-01 
8.703516e-01 2.607360e-01 
8.721273e-01 2.610239e-01 
8.738587e-01 2.613045e-01 
8.755901e-01 2.615851e-01 
8.772783e-01 2.618586e-01 
8.789666e-01 2.621321e-01 
8.806128e-01 2.623987e-01 
8.822591e-01 2.626653e-01 
8.838646e-01 2.629253e-01 
8.854700e-01 2.631852e-01 
8.870357e-01 2.634386e-01 
8.886015e-01 2.636920e-01 
8.901286e-01 2.639390e-01 
8.916557e-01 2.641861e-01 
8.931452e-01 2.644270e-01 
8.946348e-01 2.646679e-01 
8.960878e-01 2.649028e-01 
8.975408e-01 2.651377e-01 
8.989583e-01 2.653668e-01 
9.003757e-01 2.655959e-01 
9.017587e-01 2.658193e-01 
9.031416e-01 2.660428e-01 
9.044910e-01 2.662607e-01 
9.058403e-01 2.664786e-01 
9.071570e-01 2.666912e-01 
9.084737e-01 2.669037e-01 
9.097587e-01 2.671111e-01 
9.110437e-01 2.673185e-01 
9.122978e-01 2.675208e-01 
9.135520e-01 2.677231e-01 
9.147761e-01 2.679206e-01 
9.160003e-01 2.681180e-01 
9.171953e-01 2.683106e-01 
9.183904e-01 2.685033e-01 
9.195571e-01 2.686913e-01 
9.207239e-01 2.688793e-01 
9.218631e-01 2.690628e-01 
9.230024e-01 2.692464e-01 
9.241149e-01 2.694255e-01 
9.252275e-01 2.696047e-01 
9.263141e-01 2.697796e-01 
9.274008e-01 2.699545e-01 
9.284622e-01 2.701253e-01 
9.295237e-01 2.702961e-01 
9.305608e-01 2.704629e-01 
9.315978e-01 2.706297e-01 
9.326111e-01 2.707927e-01 
9.336244e-01 2.709556e-01 
9.346148e-01 2.711148e-01 
9.356051e-01 2.712739e-01 
9.365731e-01 2.714295e-01 
9.375410e-01 2.715850e-01 
9.384874e-01 2.717370e-01 
9.394337e-01 2.718890e-01 
9.403590e-01 2.720376e-01 
9.412844e-01 2.721861e-01 
9.421894e-01 2.723314e-01 
9.430944e-01 2.724766e-01 
9.439796e-01 2.726186e-01 
9.448649e-01 2.727606e-01 
9.457310e-01 2.728995e-01 
9.465971e-01 2.730384e-01 
9.474448e-01 2.731743e-01 
9.482924e-01 2.733102e-01 
9.491221e-01 2.734432e-01 
9.499518e-01 2.735761e-01 
9.507642e-01 2.737063e-01 
9.515765e-01 2.738364e-01 
9.523721e-01 2.739638e-01 
9.531677e-01 2.740912e-01 
9.539470e-01 2.742159e-01 
8.494000e-01 2.588228e-01 
8.514155e-01 2.591394e-01 
8.534310e-01 2.594559e-01 
8.553958e-01 2.597644e-01 
8.573605e-01 2.600729e-01 
8.592759e-01 2.603735e-01 
8.611912e-01 2.606742e-01 
8.630585e-01 2.609671e-01 
8.649258e-01 2.612601e-01 
8.667463e-01 2.615456e-01 
8.685667e-01 2.618312e-01 
8.703417e-01 2.621094e-01 
8.721167e-01 2.623877e-01 
8.738473e-01 2.626590e-01 
8.755780e-01 2.629302e-01 
8.772656e-01 2.631946e-01 
8.789532e-01 2.634590e-01 
8.805988e-01 2.637168e-01 
8.822445e-01 2.639745e-01 
8.838494e-01 2.642258e-01 
8.854542e-01 2.644770e-01 
8.870194e-01 2.647220e-01 
8.885846e-01 2.649669e-01 
8.901113e-01 2.652057e-01 
8.916379e-01 2.654446e-01 
8.931270e-01 2.656774e-01 
8.946161e-01 2.659103e-01 
8.960687e-01 2.661374e-01 
8.975213e-01 2.663645e-01 
8.989384e-01 2.665859e-01 
9.003555e-01 2.668074e-01 
9.017381e-01 2.670234e-01 
9.031206e-01 2.672393e-01 
9.044697e-01 2.674500e-01 
9.058187e-01 2.676606e-01 
9.071352e-01 2.678661e-01 
9.084516e-01 2.680716e-01 
9.097363e-01 2.682721e-01 
9.110210e-01 2.684725e-01 
9.122750e-01 2.686681e-01 
9.135289e-01 2.688637e-01 
9.147528e-01 2.690545e-01 
9.159768e-01 2.692454e-01 
9.171717e-01 2.694316e-01 
9.183665e-01 2.696178e-01 
9.195331e-01 2.697996e-01 
9.206997e-01 2.699813e-01 
9.218389e-01 2.701587e-01 
9.229780e-01 2.703361e-01 
9.240905e-01 2.705093e-01 
9.252030e-01 2.706825e-01 
9.262895e-01 2.708516e-01 
9.273761e-01 2.710207e-01 
9.284375e-01 2.711858e-01 
9.294989e-01 2.713509e-01 
9.305359e-01 2.715122e-01 
9.315730e-01 2.716734e-01 
9.325863e-01 2.718309e-01 
9.335996e-01 2.719884e-01 
9.345899e-01 2.721423e-01 
9.355802e-01 2.722961e-01 
9.365482e-01 2.724465e-01 
9.375162e-01 2.725968e-01 
9.384626e-01 2.727438e-01 
9.394090e-01 2.728907e-01 
9.403344e-01 2.730343e-01 
9.412598e-01 2.731779e-01 
9.421649e-01 2.733183e-01 
9.430699e-01 2.734587e-01 
9.439553e-01 2.735960e-01 
9.448406e-01 2.737333e-01 
9.457068e-01 2.738676e-01 
9.465731e-01 2.740018e-01 
9.474208e-01 2.741332e-01 
9.482686e-01 2.742645e-01 
9.490984e-01 2.743931e-01 
9.499283e-01 2.745216e-01 
9.507408e-01 2.746474e-01 
9.515533e-01 2.747732e-01 
9.523490e-01 2.748963e-01 
9.531447e-01 2.750195e-01 
9.539242e-01 2.751401e-01 
8.494000e-01 2.603096e-01 
8.514145e-01 2.606153e-01 
8.534290e-01 2.609209e-01 
8.553928e-01 2.612188e-01 
8.573565e-01 2.615166e-01 
8.592710e-01 2.618069e-01 
8.611854e-01 2.620971e-01 
8.630518e-01 2.623800e-01 
8.649182e-01 2.626629e-01 
8.667379e-01 2.629385e-01 
8.685576e-01 2.632142e-01 
8.703318e-01 2.634829e-01 
8.721060e-01 2.637516e-01 
8.738360e-01 2.640135e-01 
8.755659e-01 2.642754e-01 
8.772529e-01 2.645307e-01 
8.789398e-01 2.647860e-01 
8.805848e-01 2.650348e-01 
8.822299e-01 2.652836e-01 
8.838342e-01 2.655262e-01 
8.854385e-01 2.657688e-01 
8.870032e-01 2.660053e-01 
8.885678e-01 2.662419e-01 
8.900940e-01 2.664724e-01 
8.916201e-01 2.667030e-01 
8.931087e-01 2.669279e-01 
8.945974e-01 2.671527e-01 
8.960495e-01 2.673720e-01 
8.975017e-01 2.675912e-01 
8.989185e-01 2.678050e-01 
9.003352e-01 2.680188e-01 
9.017174e-01 2.682274e-01 
9.030997e-01 2.684359e-01 
9.044484e-01 2.686393e-01 
9.057971e-01 2.688427e-01 
9.071133e-01 2.690411e-01 
9.084294e-01 2.692395e-01 
9.097139e-01 2.694330e-01 
9.109984e-01 2.696266e-01 
9.122521e-01 2.698154e-01 
9.135058e-01 2.700043e-01 
9.147295e-01 2.701885e-01 
9.159533e-01 2.703728e-01 
9.171480e-01 2.705526e-01 
9.183427e-01 2.707324e-01 
9.195092e-01 2.709079e-01 
9.206756e-01 2.710834e-01 
9.218147e-01 2.712546e-01 
9.229537e-01 2.714259e-01 
9.240661e-01 2.715931e-01 
9.251784e-01 2.717604e-01 
9.262649e-01 2.719236e-01 
9.273514e-01 2.720869e-01 
9.284128e-01 2.722463e-01 
9.294742e-01 2.724057e-01 
9.305111e-01 2.725614e-01 
9.315481e-01 2.727171e-01 
9.325614e-01 2.728692e-01 
9.335747e-01 2.730212e-01 
9.345650e-01 2.731698e-01 
9.355554e-01 2.733183e-01 
9.365234e-01 2.734635e-01 
9.374915e-01 2.736087e-01 
9.384379e-01 2.737505e-01 
9.393843e-01 2.738924e-01 
9.403097e-01 2.740310e-01 
9.412352e-01 2.741697e-01 
9.421403e-01 2.743053e-01 
9.430455e-01 2.744408e-01 
9.439309e-01 2.745734e-01 
9.448163e-01 2.747059e-01 
9.456827e-01 2.748356e-01 
9.465490e-01 2.749652e-01 
9.473969e-01 2.750920e-01 
9.482448e-01 2.752189e-01 
9.490747e-01 2.753430e-01 
9.499047e-01 2.754671e-01 
9.507173e-01 2.755885e-01 
9.515300e-01 2.757100e-01 
9.523259e-01 2.758289e-01 
9.531217e-01 2.759478e-01 
9.539014e-01 2.760642e-01 
8.494000e-01 2.617964e-01 
8.514135e-01 2.620911e-01 
8.534269e-01 2.623859e-01 
8.553897e-01 2.626731e-01 
8.573525e-01 2.629603e-01 
8.592661e-01 2.632402e-01 
8.611796e-01 2.635201e-01 
8.630451e-01 2.637928e-01 
8.649107e-01 2.640656e-01 
8.667296e-01 2.643314e-01 
8.685484e-01 2.645973e-01 
8.703219e-01 2.648564e-01 
8.720953e-01 2.651155e-01 
8.738246e-01 2.653680e-01 
8.755539e-01 2.656206e-01 
8.772401e-01 2.658667e-01 
8.789264e-01 2.661129e-01 
8.805708e-01 2.663528e-01 
8.822152e-01 2.665928e-01 
8.838190e-01 2.668267e-01 
8.854227e-01 2.670607e-01 
8.869869e-01 2.672887e-01 
8.885510e-01 2.675168e-01 
8.900767e-01 2.677391e-01 
8.916023e-01 2.679615e-01 
8.930905e-01 2.681783e-01 
8.945787e-01 2.683951e-01 
8.960304e-01 2.686065e-01 
8.974822e-01 2.688180e-01 
8.988985e-01 2.690241e-01 
9.003149e-01 2.692303e-01 
9.016968e-01 2.694314e-01 
9.030787e-01 2.696325e-01 
9.044271e-01 2.698286e-01 
9.057756e-01 2.700247e-01 
9.070914e-01 2.702161e-01 
9.084073e-01 2.704074e-01 
9.096915e-01 2.705940e-01 
9.109757e-01 2.707806e-01 
9.122292e-01 2.709627e-01 
9.134827e-01 2.711448e-01 
9.147063e-01 2.713225e-01 
9.159298e-01 2.715002e-01 
9.171244e-01 2.716736e-01 
9.183189e-01 2.718469e-01 
9.194852e-01 2.720162e-01 
9.206515e-01 2.721854e-01 
9.217904e-01 2.723505e-01 
9.229293e-01 2.725157e-01 
9.240416e-01 2.726770e-01 
9.251539e-01 2.728382e-01 
9.262403e-01 2.729956e-01 
9.273268e-01 2.731531e-01 
9.283881e-01 2.733068e-01 
9.294494e-01 2.734605e-01 
9.304863e-01 2.736106e-01 
9.315233e-01 2.737608e-01 
9.325366e-01 2.739074e-01 
9.335499e-01 2.740540e-01 
9.345402e-01 2.741973e-01 
9.355305e-01 2.743406e-01 
9.364986e-01 2.744805e-01 
9.374667e-01 2.746205e-01 
9.384131e-01 2.747573e-01 
9.393596e-01 2.748941e-01 
9.402851e-01 2.750278e-01 
9.412106e-01 2.751615e-01 
9.421158e-01 2.752922e-01 
9.430210e-01 2.754229e-01 
9.439066e-01 2.755508e-01 
9.447921e-01 2.756786e-01 
9.456585e-01 2.758036e-01 
9.465250e-01 2.759286e-01 
9.473730e-01 2.760509e-01 
9.482210e-01 2.761732e-01 
9.490511e-01 2.762929e-01 
9.498811e-01 2.764125e-01 
9.506939e-01 2.765296e-01 
9.515067e-01 2.766468e-01 
9.523028e-01 2.767614e-01 
9.530988e-01 2.768761e-01 
9.538786e-01 2.769883e-01 
8.494000e-01 2.632832e-01 
8.514124e-01 2.635670e-01 
8.534249e-01 2.638508e-01 
8.553867e-01 2.641274e-01 
8.573485e-01 2.644040e-01 
8.592611e-01 2.646735e-01 
8.611737e-01 2.649430e-01 
8.630384e-01 2.652057e-01 
8.649031e-01 2.654684e-01 
8.667212e-01 2.657244e-01 
8.685393e-01 2.659803e-01 
8.703120e-01 2.662298e-01 
8.720847e-01 2.664793e-01 
8.738132e-01 2.667225e-01 
8.755418e-01 2.669657e-01 
8.772274e-01 2.672028e-01 
8.789130e-01 2.674398e-01 
8.805568e-01 2.676709e-01 
8.822006e-01 2.679020e-01 
8.838038e-01 2.681272e-01 
8.854070e-01 2.683525e-01 
8.869706e-01 2.685721e-01 
8.885342e-01 2.687917e-01 
8.900593e-01 2.690058e-01 
8.915845e-01 2.692200e-01 
8.930722e-01 2.694287e-01 
8.945600e-01 2.696375e-01 
8.960113e-01 2.698411e-01 
8.974627e-01 2.700447e-01 
8.988786e-01 2.702432e-01 
9.002946e-01 2.704418e-01 
9.016762e-01 2.706354e-01 
9.030577e-01 2.708291e-01 
9.044058e-01 2.710179e-01 
9.057540e-01 2.712068e-01 
9.070695e-01 2.713910e-01 
9.083851e-01 2.715752e-01 
9.096691e-01 2.717550e-01 
9.109531e-01 2.719347e-01 
9.122063e-01 2.721100e-01 
9.134596e-01 2.722854e-01 
9.146830e-01 2.724565e-01 
9.159063e-01 2.726276e-01 
9.171007e-01 2.727945e-01 
9.182951e-01 2.729615e-01 
9.194613e-01 2.731244e-01 
9.206274e-01 2.732874e-01 
9.217662e-01 2.734465e-01 
9.229050e-01 2.736055e-01 
9.240172e-01 2.737608e-01 
9.251294e-01 2.739160e-01 
9.262157e-01 2.740676e-01 
9.273021e-01 2.742192e-01 
9.283633e-01 2.743673e-01 
9.294246e-01 2.745153e-01 
9.304615e-01 2.746599e-01 
9.314984e-01 2.748044e-01 
9.325117e-01 2.749456e-01 
9.335250e-01 2.750868e-01 
9.345153e-01 2.752248e-01 
9.355057e-01 2.753628e-01 
9.364738e-01 2.754975e-01 
9.374419e-01 2.756323e-01 
9.383884e-01 2.757641e-01 
9.393349e-01 2.758958e-01 
9.402605e-01 2.760245e-01 
9.411860e-01 2.761533e-01 
9.420913e-01 2.762792e-01 
9.429966e-01 2.764051e-01 
9.438822e-01 2.765281e-01 
9.447678e-01 2.766512e-01 
9.456344e-01 2.767716e-01 
9.465009e-01 2.768920e-01 
9.473490e-01 2.770098e-01 
9.481971e-01 2.771275e-01 
9.490274e-01 2.772428e-01 
9.498576e-01 2.773580e-01 
9.506705e-01 2.774708e-01 
9.514834e-01 2.775835e-01 
9.522796e-01 2.776940e-01 
9.530758e-01 2.778044e-01 
9.538558e-01 2.779125e-01 
8.494000e-01 2.647700e-01 
8.514114e-01 2.650429e-01 
8.534228e-01 2.653158e-01 
8.553837e-01 2.655817e-01 
8.573445e-01 2.658477e-01 
8.592562e-01 2.661068e-01 
8.611679e-01 2.663660e-01 
8.630318e-01 2.666186e-01 
8.648956e-01 2.668711e-01 
8.667129e-01 2.671173e-01 
8.685301e-01 2.673634e-01 
8.703021e-01 2.676033e-01 
8.720740e-01 2.678432e-01 
8.738019e-01 2.680771e-01 
8.755297e-01 2.683109e-01 
8.772147e-01 2.685388e-01 
8.788996e-01 2.687667e-01 
8.805428e-01 2.689889e-01 
8.821860e-01 2.692111e-01 
8.837886e-01 2.694277e-01 
8.853912e-01 2.696443e-01 
8.869543e-01 2.698555e-01 
8.885174e-01 2.700667e-01 
8.900420e-01 2.702725e-01 
8.915667e-01 2.704784e-01 
8.930540e-01 2.706792e-01 
8.945413e-01 2.708799e-01 
8.959922e-01 2.710757e-01 
8.974432e-01 2.712714e-01 
8.988587e-01 2.714624e-01 
9.002743e-01 2.716533e-01 
9.016556e-01 2.718394e-01 
9.030368e-01 2.720256e-01 
9.043846e-01 2.722072e-01 
9.057324e-01 2.723888e-01 
9.070477e-01 2.725660e-01 
9.083630e-01 2.727431e-01 
9.096467e-01 2.729159e-01 
9.109304e-01 2.730887e-01 
9.121835e-01 2.732573e-01 
9.134365e-01 2.734259e-01 
9.146597e-01 2.735905e-01 
9.158829e-01 2.737550e-01 
9.170771e-01 2.739155e-01 
9.182713e-01 2.740761e-01 
9.194373e-01 2.742327e-01 
9.206033e-01 2.743894e-01 
9.217420e-01 2.745424e-01 
9.228807e-01 2.746953e-01 
9.239928e-01 2.748446e-01 
9.251048e-01 2.749939e-01 
9.261911e-01 2.751397e-01 
9.272774e-01 2.752854e-01 
9.283386e-01 2.754278e-01 
9.293998e-01 2.755701e-01 
9.304367e-01 2.757091e-01 
9.314736e-01 2.758481e-01 
9.324869e-01 2.759839e-01 
9.335001e-01 2.761197e-01 
9.344905e-01 2.762523e-01 
9.354808e-01 2.763850e-01 
9.364490e-01 2.765146e-01 
9.374171e-01 2.766442e-01 
9.383636e-01 2.767708e-01 
9.393102e-01 2.768975e-01 
9.402358e-01 2.770213e-01 
9.411614e-01 2.771451e-01 
9.420668e-01 2.772661e-01 
9.429721e-01 2.773872e-01 
9.438579e-01 2.775055e-01 
9.447436e-01 2.776239e-01 
9.456102e-01 2.777396e-01 
9.464769e-01 2.778554e-01 
9.473251e-01 2.779686e-01 
9.481733e-01 2.780818e-01 
9.490037e-01 2.781926e-01 
9.498340e-01 2.783034e-01 
9.506471e-01 2.784119e-01 
9.514602e-01 2.785203e-01 
9.522565e-01 2.786265e-01 
9.530529e-01 2.787327e-01 
9.538330e-01 2.788366e-01 
8.494000e-01 2.662568e-01 
8.514104e-01 2.665188e-01 
8.534207e-01 2.667808e-01 
8.553806e-01 2.670361e-01 
8.573405e-01 2.672914e-01 
8.592513e-01 2.675402e-01 
8.611621e-01 2.677890e-01 
8.630251e-01 2.680314e-01 
8.648880e-01 2.682739e-01 
8.667045e-01 2.685102e-01 
8.685210e-01 2.687465e-01 
8.702922e-01 2.689768e-01 
8.720633e-01 2.692071e-01 
8.737905e-01 2.694316e-01 
8.755176e-01 2.696561e-01 
8.772019e-01 2.698749e-01 
8.788862e-01 2.700937e-01 
8.805288e-01 2.703070e-01 
8.821714e-01 2.705203e-01 
8.837734e-01 2.707282e-01 
8.853754e-01 2.709361e-01 
8.869380e-01 2.711389e-01 
8.885006e-01 2.713416e-01 
8.900247e-01 2.715392e-01 
8.915489e-01 2.717369e-01 
8.930357e-01 2.719296e-01 
8.945226e-01 2.721223e-01 
8.959731e-01 2.723103e-01 
8.974236e-01 2.724982e-01 
8.988388e-01 2.726815e-01 
9.002541e-01 2.728647e-01 
9.016349e-01 2.730435e-01 
9.030158e-01 2.732222e-01 
9.043633e-01 2.733965e-01 
9.057108e-01 2.735709e-01 
9.070258e-01 2.737409e-01 
9.083408e-01 2.739110e-01 
9.096243e-01 2.740769e-01 
9.109078e-01 2.742428e-01 
9.121606e-01 2.744047e-01 
9.134134e-01 2.745665e-01 
9.146364e-01 2.747244e-01 
9.158594e-01 2.748824e-01 
9.170534e-01 2.750365e-01 
9.182474e-01 2.751906e-01 
9.194133e-01 2.753410e-01 
9.205792e-01 2.754914e-01 
9.217178e-01 2.756383e-01 
9.228563e-01 2.757851e-01 
9.239683e-01 2.759284e-01 
9.250803e-01 2.760717e-01 
9.261665e-01 2.762117e-01 
9.272527e-01 2.763516e-01 
9.283139e-01 2.764882e-01 
9.293751e-01 2.766249e-01 
9.304119e-01 2.767583e-01 
9.314488e-01 2.768918e-01 
9.324620e-01 2.770221e-01 
9.334753e-01 2.771525e-01 
9.344656e-01 2.772798e-01 
9.354560e-01 2.774072e-01 
9.364241e-01 2.775316e-01 
9.373923e-01 2.776560e-01 
9.383389e-01 2.777776e-01 
9.392855e-01 2.778992e-01 
9.402112e-01 2.780180e-01 
9.411368e-01 2.781369e-01 
9.420423e-01 2.782531e-01 
9.429477e-01 2.783693e-01 
9.438335e-01 2.784829e-01 
9.447193e-01 2.785965e-01 
9.455861e-01 2.787076e-01 
9.464528e-01 2.788188e-01 
9.473012e-01 2.789275e-01 
9.481495e-01 2.790362e-01 
9.489800e-01 2.791425e-01 
9.498105e-01 2.792489e-01 
9.506237e-01 2.793530e-01 
9.514369e-01 2.794571e-01 
9.522334e-01 2.795590e-01 
9.530299e-01 2.796609e-01 
9.538102e-01 2.797607e-01 
BC
4
4
4
4
4
4
4
4
4
4
4
4
4
4
4
4
4
4
4
4
4
4
4
4
4
4
4
4
4
4
4
4
4
4
4
4
4
4
4
4
4
4
4
4
4
4
4
4
4
4
4
4
4
4
4
4
4
4
4
4
4
4
4
4
4
4
4
4
4
4
4
4
4
4
4
4
4
4
4
4
4
-1
-1
-1
-1
-1
-1
-1
-1
-1
-1
-1
-1
-1
-1
-1
-1
-1
-1
-1
-1
-1
-1
-1
-1
-1
-1
-1
-1
-1
-1
-1
-1
-1
-1
-1
-1
-1
-1
-1
-1
-1
-1
-1
-1
-1
-1
-1
-1
-1
-1
-1
-1
-1
-1
-1
-1
-1
-1
-1
-1
-1
-1
-1
-1
-1
-1
-1
-1
-1
-1
-1
-1
-1
-1
-1
-1
-1
-1
-1
-1
-1
-1
-1
-1
-1
-1
-1
-1
-1
-1
-1
-1
-1
-1
-1
-1
-1
-1
-1
-1
-1
-1
-1
-1
-1
-1
-1
-1
-1
-1
-1
-1
-1
-1
-1
-1
-1
-1
-1
-1
-1
-1
-1
-1
-1
-1
-1
-1
-1
-1
-1
-1
-1
