npart: 8 3 
ipart: 3 2 
ngrid: 51 46 
1.154902e+00 7.396407e-01 
1.162393e+00 7.396633e-01 
1.169882e+00 7.396846e-01 
1.177370e+00 7.397045e-01 
1.184857e+00 7.397232e-01 
1.192342e+00 7.397407e-01 
1.199827e+00 7.397571e-01 
1.207310e+00 7.397722e-01 
1.214793e+00 7.397863e-01 
1.222274e+00 7.397994e-01 
1.229754e+00 7.398117e-01 
1.237234e+00 7.398232e-01 
1.244713e+00 7.398340e-01 
1.252191e+00 7.398441e-01 
1.259669e+00 7.398536e-01 
1.267146e+00 7.398624e-01 
1.274623e+00 7.398707e-01 
1.282099e+00 7.398786e-01 
1.289574e+00 7.398859e-01 
1.297050e+00 7.398929e-01 
1.304524e+00 7.398994e-01 
1.311999e+00 7.399055e-01 
1.319473e+00 7.399112e-01 
1.326946e+00 7.399165e-01 
1.334419e+00 7.399214e-01 
1.341892e+00 7.399260e-01 
1.349364e+00 7.399304e-01 
1.356837e+00 7.399344e-01 
1.364309e+00 7.399383e-01 
1.371780e+00 7.399419e-01 
1.379252e+00 7.399454e-01 
1.386723e+00 7.399486e-01 
1.394194e+00 7.399516e-01 
1.401665e+00 7.399546e-01 
1.409136e+00 7.399573e-01 
1.416607e+00 7.399600e-01 
1.424078e+00 7.399625e-01 
1.431548e+00 7.399649e-01 
1.439018e+00 7.399672e-01 
1.446489e+00 7.399694e-01 
1.453959e+00 7.399714e-01 
1.461429e+00 7.399734e-01 
1.468899e+00 7.399752e-01 
1.476368e+00 7.399770e-01 
1.483838e+00 7.399788e-01 
1.491308e+00 7.399804e-01 
1.498778e+00 7.399821e-01 
1.506247e+00 7.399836e-01 
1.513717e+00 7.399851e-01 
1.521186e+00 7.399866e-01 
1.528656e+00 7.399880e-01 
1.154908e+00 7.454037e-01 
1.162399e+00 7.454260e-01 
1.169887e+00 7.454469e-01 
1.177375e+00 7.454665e-01 
1.184861e+00 7.454848e-01 
1.192346e+00 7.455021e-01 
1.199831e+00 7.455181e-01 
1.207314e+00 7.455330e-01 
1.214796e+00 7.455469e-01 
1.222277e+00 7.455598e-01 
1.229757e+00 7.455719e-01 
1.237236e+00 7.455832e-01 
1.244715e+00 7.455938e-01 
1.252193e+00 7.456038e-01 
1.259671e+00 7.456132e-01 
1.267148e+00 7.456219e-01 
1.274624e+00 7.456301e-01 
1.282100e+00 7.456379e-01 
1.289575e+00 7.456452e-01 
1.297050e+00 7.456520e-01 
1.304525e+00 7.456585e-01 
1.311999e+00 7.456646e-01 
1.319473e+00 7.456702e-01 
1.326946e+00 7.456755e-01 
1.334419e+00 7.456804e-01 
1.341892e+00 7.456850e-01 
1.349364e+00 7.456893e-01 
1.356837e+00 7.456933e-01 
1.364308e+00 7.456972e-01 
1.371780e+00 7.457008e-01 
1.379252e+00 7.457043e-01 
1.386723e+00 7.457075e-01 
1.394194e+00 7.457106e-01 
1.401665e+00 7.457135e-01 
1.409136e+00 7.457163e-01 
1.416607e+00 7.457190e-01 
1.424077e+00 7.457216e-01 
1.431548e+00 7.457240e-01 
1.439018e+00 7.457263e-01 
1.446488e+00 7.457285e-01 
1.453958e+00 7.457306e-01 
1.461428e+00 7.457326e-01 
1.468898e+00 7.457345e-01 
1.476368e+00 7.457364e-01 
1.483838e+00 7.457381e-01 
1.491307e+00 7.457398e-01 
1.498777e+00 7.457415e-01 
1.506246e+00 7.457431e-01 
1.513716e+00 7.457447e-01 
1.521185e+00 7.457462e-01 
1.528655e+00 7.457476e-01 
1.154915e+00 7.511665e-01 
1.162404e+00 7.511883e-01 
1.169893e+00 7.512088e-01 
1.177380e+00 7.512280e-01 
1.184866e+00 7.512461e-01 
1.192351e+00 7.512630e-01 
1.199834e+00 7.512788e-01 
1.207317e+00 7.512934e-01 
1.214799e+00 7.513070e-01 
1.222279e+00 7.513198e-01 
1.229759e+00 7.513317e-01 
1.237239e+00 7.513428e-01 
1.244717e+00 7.513533e-01 
1.252195e+00 7.513631e-01 
1.259672e+00 7.513724e-01 
1.267149e+00 7.513810e-01 
1.274625e+00 7.513891e-01 
1.282101e+00 7.513968e-01 
1.289576e+00 7.514040e-01 
1.297051e+00 7.514108e-01 
1.304526e+00 7.514172e-01 
1.312000e+00 7.514232e-01 
1.319473e+00 7.514288e-01 
1.326947e+00 7.514340e-01 
1.334420e+00 7.514389e-01 
1.341892e+00 7.514435e-01 
1.349364e+00 7.514478e-01 
1.356837e+00 7.514518e-01 
1.364308e+00 7.514557e-01 
1.371780e+00 7.514593e-01 
1.379251e+00 7.514628e-01 
1.386723e+00 7.514660e-01 
1.394194e+00 7.514691e-01 
1.401665e+00 7.514721e-01 
1.409135e+00 7.514749e-01 
1.416606e+00 7.514776e-01 
1.424077e+00 7.514802e-01 
1.431547e+00 7.514827e-01 
1.439017e+00 7.514850e-01 
1.446487e+00 7.514872e-01 
1.453958e+00 7.514894e-01 
1.461428e+00 7.514914e-01 
1.468897e+00 7.514934e-01 
1.476367e+00 7.514953e-01 
1.483837e+00 7.514971e-01 
1.491307e+00 7.514989e-01 
1.498776e+00 7.515006e-01 
1.506246e+00 7.515022e-01 
1.513715e+00 7.515038e-01 
1.521185e+00 7.515054e-01 
1.528654e+00 7.515069e-01 
1.154921e+00 7.569289e-01 
1.162410e+00 7.569503e-01 
1.169898e+00 7.569704e-01 
1.177385e+00 7.569892e-01 
1.184870e+00 7.570069e-01 
1.192355e+00 7.570235e-01 
1.199838e+00 7.570391e-01 
1.207321e+00 7.570534e-01 
1.214802e+00 7.570668e-01 
1.222282e+00 7.570793e-01 
1.229762e+00 7.570910e-01 
1.237241e+00 7.571020e-01 
1.244719e+00 7.571123e-01 
1.252197e+00 7.571220e-01 
1.259674e+00 7.571311e-01 
1.267151e+00 7.571396e-01 
1.274627e+00 7.571477e-01 
1.282102e+00 7.571552e-01 
1.289577e+00 7.571624e-01 
1.297052e+00 7.571691e-01 
1.304526e+00 7.571754e-01 
1.312000e+00 7.571814e-01 
1.319474e+00 7.571870e-01 
1.326947e+00 7.571922e-01 
1.334420e+00 7.571970e-01 
1.341892e+00 7.572016e-01 
1.349365e+00 7.572059e-01 
1.356837e+00 7.572099e-01 
1.364308e+00 7.572137e-01 
1.371780e+00 7.572174e-01 
1.379251e+00 7.572209e-01 
1.386723e+00 7.572241e-01 
1.394194e+00 7.572272e-01 
1.401664e+00 7.572302e-01 
1.409135e+00 7.572331e-01 
1.416606e+00 7.572358e-01 
1.424076e+00 7.572384e-01 
1.431547e+00 7.572409e-01 
1.439017e+00 7.572433e-01 
1.446487e+00 7.572456e-01 
1.453957e+00 7.572477e-01 
1.461427e+00 7.572498e-01 
1.468897e+00 7.572518e-01 
1.476367e+00 7.572537e-01 
1.483836e+00 7.572556e-01 
1.491306e+00 7.572574e-01 
1.498776e+00 7.572592e-01 
1.506245e+00 7.572609e-01 
1.513715e+00 7.572626e-01 
1.521184e+00 7.572642e-01 
1.528653e+00 7.572657e-01 
1.154928e+00 7.626908e-01 
1.162417e+00 7.627118e-01 
1.169904e+00 7.627315e-01 
1.177390e+00 7.627500e-01 
1.184875e+00 7.627673e-01 
1.192359e+00 7.627836e-01 
1.199842e+00 7.627988e-01 
1.207324e+00 7.628129e-01 
1.214805e+00 7.628261e-01 
1.222285e+00 7.628384e-01 
1.229765e+00 7.628499e-01 
1.237244e+00 7.628607e-01 
1.244722e+00 7.628709e-01 
1.252199e+00 7.628804e-01 
1.259676e+00 7.628894e-01 
1.267152e+00 7.628978e-01 
1.274628e+00 7.629057e-01 
1.282104e+00 7.629132e-01 
1.289579e+00 7.629202e-01 
1.297053e+00 7.629269e-01 
1.304527e+00 7.629331e-01 
1.312001e+00 7.629391e-01 
1.319475e+00 7.629446e-01 
1.326948e+00 7.629498e-01 
1.334420e+00 7.629546e-01 
1.341893e+00 7.629591e-01 
1.349365e+00 7.629634e-01 
1.356837e+00 7.629675e-01 
1.364309e+00 7.629713e-01 
1.371780e+00 7.629749e-01 
1.379251e+00 7.629784e-01 
1.386722e+00 7.629817e-01 
1.394193e+00 7.629848e-01 
1.401664e+00 7.629878e-01 
1.409135e+00 7.629907e-01 
1.416605e+00 7.629935e-01 
1.424076e+00 7.629961e-01 
1.431546e+00 7.629986e-01 
1.439016e+00 7.630011e-01 
1.446487e+00 7.630034e-01 
1.453957e+00 7.630056e-01 
1.461426e+00 7.630077e-01 
1.468896e+00 7.630098e-01 
1.476366e+00 7.630117e-01 
1.483836e+00 7.630137e-01 
1.491305e+00 7.630155e-01 
1.498775e+00 7.630173e-01 
1.506244e+00 7.630191e-01 
1.513714e+00 7.630208e-01 
1.521183e+00 7.630225e-01 
1.528653e+00 7.630241e-01 
1.154935e+00 7.684523e-01 
1.162423e+00 7.684728e-01 
1.169910e+00 7.684921e-01 
1.177396e+00 7.685102e-01 
1.184880e+00 7.685272e-01 
1.192364e+00 7.685432e-01 
1.199846e+00 7.685581e-01 
1.207328e+00 7.685720e-01 
1.214809e+00 7.685849e-01 
1.222289e+00 7.685969e-01 
1.229768e+00 7.686083e-01 
1.237246e+00 7.686189e-01 
1.244724e+00 7.686289e-01 
1.252201e+00 7.686383e-01 
1.259678e+00 7.686471e-01 
1.267154e+00 7.686554e-01 
1.274630e+00 7.686632e-01 
1.282105e+00 7.686706e-01 
1.289580e+00 7.686776e-01 
1.297054e+00 7.686841e-01 
1.304528e+00 7.686904e-01 
1.312002e+00 7.686962e-01 
1.319475e+00 7.687017e-01 
1.326948e+00 7.687068e-01 
1.334421e+00 7.687116e-01 
1.341893e+00 7.687162e-01 
1.349365e+00 7.687204e-01 
1.356837e+00 7.687245e-01 
1.364309e+00 7.687283e-01 
1.371780e+00 7.687320e-01 
1.379251e+00 7.687355e-01 
1.386722e+00 7.687388e-01 
1.394193e+00 7.687419e-01 
1.401664e+00 7.687449e-01 
1.409135e+00 7.687478e-01 
1.416605e+00 7.687506e-01 
1.424076e+00 7.687533e-01 
1.431546e+00 7.687559e-01 
1.439016e+00 7.687583e-01 
1.446486e+00 7.687607e-01 
1.453956e+00 7.687629e-01 
1.461426e+00 7.687651e-01 
1.468896e+00 7.687672e-01 
1.476366e+00 7.687692e-01 
1.483835e+00 7.687712e-01 
1.491305e+00 7.687731e-01 
1.498774e+00 7.687750e-01 
1.506244e+00 7.687768e-01 
1.513713e+00 7.687786e-01 
1.521183e+00 7.687803e-01 
1.528652e+00 7.687820e-01 
1.154942e+00 7.742132e-01 
1.162429e+00 7.742333e-01 
1.169916e+00 7.742522e-01 
1.177401e+00 7.742699e-01 
1.184885e+00 7.742866e-01 
1.192368e+00 7.743022e-01 
1.199851e+00 7.743168e-01 
1.207332e+00 7.743304e-01 
1.214812e+00 7.743431e-01 
1.222292e+00 7.743549e-01 
1.229771e+00 7.743660e-01 
1.237249e+00 7.743765e-01 
1.244727e+00 7.743863e-01 
1.252204e+00 7.743955e-01 
1.259680e+00 7.744043e-01 
1.267156e+00 7.744124e-01 
1.274631e+00 7.744201e-01 
1.282107e+00 7.744274e-01 
1.289581e+00 7.744343e-01 
1.297055e+00 7.744408e-01 
1.304529e+00 7.744470e-01 
1.312003e+00 7.744528e-01 
1.319476e+00 7.744582e-01 
1.326949e+00 7.744633e-01 
1.334421e+00 7.744681e-01 
1.341894e+00 7.744726e-01 
1.349366e+00 7.744769e-01 
1.356837e+00 7.744809e-01 
1.364309e+00 7.744847e-01 
1.371780e+00 7.744884e-01 
1.379251e+00 7.744919e-01 
1.386722e+00 7.744952e-01 
1.394193e+00 7.744984e-01 
1.401664e+00 7.745014e-01 
1.409135e+00 7.745044e-01 
1.416605e+00 7.745072e-01 
1.424075e+00 7.745099e-01 
1.431546e+00 7.745125e-01 
1.439016e+00 7.745150e-01 
1.446486e+00 7.745174e-01 
1.453956e+00 7.745197e-01 
1.461426e+00 7.745219e-01 
1.468895e+00 7.745241e-01 
1.476365e+00 7.745261e-01 
1.483835e+00 7.745282e-01 
1.491304e+00 7.745301e-01 
1.498774e+00 7.745321e-01 
1.506243e+00 7.745339e-01 
1.513713e+00 7.745358e-01 
1.521182e+00 7.745376e-01 
1.528652e+00 7.745393e-01 
1.154949e+00 7.799736e-01 
1.162436e+00 7.799932e-01 
1.169922e+00 7.800117e-01 
1.177407e+00 7.800290e-01 
1.184890e+00 7.800453e-01 
1.192373e+00 7.800606e-01 
1.199855e+00 7.800749e-01 
1.207336e+00 7.800882e-01 
1.214816e+00 7.801006e-01 
1.222295e+00 7.801123e-01 
1.229774e+00 7.801232e-01 
1.237252e+00 7.801334e-01 
1.244729e+00 7.801431e-01 
1.252206e+00 7.801522e-01 
1.259682e+00 7.801608e-01 
1.267158e+00 7.801688e-01 
1.274633e+00 7.801764e-01 
1.282108e+00 7.801836e-01 
1.289583e+00 7.801904e-01 
1.297057e+00 7.801968e-01 
1.304530e+00 7.802029e-01 
1.312004e+00 7.802087e-01 
1.319477e+00 7.802141e-01 
1.326950e+00 7.802192e-01 
1.334422e+00 7.802239e-01 
1.341894e+00 7.802284e-01 
1.349366e+00 7.802327e-01 
1.356838e+00 7.802367e-01 
1.364309e+00 7.802405e-01 
1.371780e+00 7.802442e-01 
1.379252e+00 7.802477e-01 
1.386723e+00 7.802511e-01 
1.394193e+00 7.802542e-01 
1.401664e+00 7.802573e-01 
1.409135e+00 7.802603e-01 
1.416605e+00 7.802631e-01 
1.424075e+00 7.802659e-01 
1.431545e+00 7.802685e-01 
1.439016e+00 7.802711e-01 
1.446486e+00 7.802735e-01 
1.453955e+00 7.802758e-01 
1.461425e+00 7.802781e-01 
1.468895e+00 7.802803e-01 
1.476365e+00 7.802824e-01 
1.483834e+00 7.802845e-01 
1.491304e+00 7.802866e-01 
1.498773e+00 7.802885e-01 
1.506243e+00 7.802905e-01 
1.513712e+00 7.802924e-01 
1.521182e+00 7.802942e-01 
1.528651e+00 7.802960e-01 
1.154956e+00 7.857333e-01 
1.162443e+00 7.857524e-01 
1.169928e+00 7.857704e-01 
1.177412e+00 7.857874e-01 
1.184896e+00 7.858033e-01 
1.192378e+00 7.858183e-01 
1.199860e+00 7.858323e-01 
1.207340e+00 7.858453e-01 
1.214820e+00 7.858575e-01 
1.222299e+00 7.858689e-01 
1.229777e+00 7.858796e-01 
1.237255e+00 7.858897e-01 
1.244732e+00 7.858992e-01 
1.252208e+00 7.859081e-01 
1.259684e+00 7.859166e-01 
1.267160e+00 7.859245e-01 
1.274635e+00 7.859320e-01 
1.282110e+00 7.859390e-01 
1.289584e+00 7.859458e-01 
1.297058e+00 7.859521e-01 
1.304532e+00 7.859582e-01 
1.312005e+00 7.859639e-01 
1.319478e+00 7.859693e-01 
1.326950e+00 7.859743e-01 
1.334423e+00 7.859790e-01 
1.341895e+00 7.859835e-01 
1.349367e+00 7.859877e-01 
1.356838e+00 7.859918e-01 
1.364309e+00 7.859956e-01 
1.371781e+00 7.859993e-01 
1.379252e+00 7.860028e-01 
1.386723e+00 7.860062e-01 
1.394193e+00 7.860094e-01 
1.401664e+00 7.860125e-01 
1.409134e+00 7.860155e-01 
1.416605e+00 7.860184e-01 
1.424075e+00 7.860211e-01 
1.431545e+00 7.860238e-01 
1.439015e+00 7.860264e-01 
1.446485e+00 7.860289e-01 
1.453955e+00 7.860313e-01 
1.461425e+00 7.860336e-01 
1.468895e+00 7.860359e-01 
1.476364e+00 7.860381e-01 
1.483834e+00 7.860402e-01 
1.491304e+00 7.860423e-01 
1.498773e+00 7.860444e-01 
1.506242e+00 7.860463e-01 
1.513712e+00 7.860483e-01 
1.521181e+00 7.860502e-01 
1.528651e+00 7.860521e-01 
1.154964e+00 7.914922e-01 
1.162450e+00 7.915108e-01 
1.169935e+00 7.915284e-01 
1.177418e+00 7.915450e-01 
1.184901e+00 7.915605e-01 
1.192383e+00 7.915752e-01 
1.199864e+00 7.915889e-01 
1.207344e+00 7.916016e-01 
1.214824e+00 7.916135e-01 
1.222302e+00 7.916247e-01 
1.229780e+00 7.916352e-01 
1.237258e+00 7.916451e-01 
1.244735e+00 7.916544e-01 
1.252211e+00 7.916632e-01 
1.259687e+00 7.916715e-01 
1.267162e+00 7.916793e-01 
1.274637e+00 7.916867e-01 
1.282111e+00 7.916937e-01 
1.289586e+00 7.917003e-01 
1.297059e+00 7.917066e-01 
1.304533e+00 7.917126e-01 
1.312006e+00 7.917183e-01 
1.319479e+00 7.917236e-01 
1.326951e+00 7.917286e-01 
1.334423e+00 7.917333e-01 
1.341895e+00 7.917378e-01 
1.349367e+00 7.917420e-01 
1.356839e+00 7.917460e-01 
1.364310e+00 7.917499e-01 
1.371781e+00 7.917536e-01 
1.379252e+00 7.917571e-01 
1.386723e+00 7.917605e-01 
1.394193e+00 7.917637e-01 
1.401664e+00 7.917669e-01 
1.409134e+00 7.917699e-01 
1.416605e+00 7.917728e-01 
1.424075e+00 7.917756e-01 
1.431545e+00 7.917784e-01 
1.439015e+00 7.917810e-01 
1.446485e+00 7.917835e-01 
1.453955e+00 7.917860e-01 
1.461425e+00 7.917884e-01 
1.468894e+00 7.917907e-01 
1.476364e+00 7.917929e-01 
1.483834e+00 7.917951e-01 
1.491303e+00 7.917973e-01 
1.498773e+00 7.917994e-01 
1.506242e+00 7.918015e-01 
1.513711e+00 7.918035e-01 
1.521181e+00 7.918055e-01 
1.528650e+00 7.918074e-01 
1.154972e+00 7.972501e-01 
1.162457e+00 7.972683e-01 
1.169941e+00 7.972855e-01 
1.177424e+00 7.973016e-01 
1.184907e+00 7.973168e-01 
1.192388e+00 7.973311e-01 
1.199869e+00 7.973445e-01 
1.207349e+00 7.973570e-01 
1.214828e+00 7.973686e-01 
1.222306e+00 7.973796e-01 
1.229784e+00 7.973899e-01 
1.237261e+00 7.973996e-01 
1.244738e+00 7.974087e-01 
1.252214e+00 7.974174e-01 
1.259689e+00 7.974255e-01 
1.267164e+00 7.974332e-01 
1.274639e+00 7.974405e-01 
1.282113e+00 7.974474e-01 
1.289587e+00 7.974540e-01 
1.297061e+00 7.974602e-01 
1.304534e+00 7.974661e-01 
1.312007e+00 7.974717e-01 
1.319480e+00 7.974770e-01 
1.326952e+00 7.974820e-01 
1.334424e+00 7.974867e-01 
1.341896e+00 7.974911e-01 
1.349368e+00 7.974953e-01 
1.356839e+00 7.974994e-01 
1.364310e+00 7.975033e-01 
1.371781e+00 7.975070e-01 
1.379252e+00 7.975105e-01 
1.386723e+00 7.975139e-01 
1.394194e+00 7.975172e-01 
1.401664e+00 7.975204e-01 
1.409135e+00 7.975234e-01 
1.416605e+00 7.975264e-01 
1.424075e+00 7.975292e-01 
1.431545e+00 7.975320e-01 
1.439015e+00 7.975347e-01 
1.446485e+00 7.975373e-01 
1.453955e+00 7.975398e-01 
1.461425e+00 7.975422e-01 
1.468894e+00 7.975446e-01 
1.476364e+00 7.975469e-01 
1.483833e+00 7.975492e-01 
1.491303e+00 7.975514e-01 
1.498772e+00 7.975536e-01 
1.506242e+00 7.975557e-01 
1.513711e+00 7.975578e-01 
1.521180e+00 7.975599e-01 
1.528650e+00 7.975619e-01 
1.154979e+00 8.030071e-01 
1.162464e+00 8.030248e-01 
1.169948e+00 8.030415e-01 
1.177431e+00 8.030572e-01 
1.184913e+00 8.030721e-01 
1.192394e+00 8.030860e-01 
1.199874e+00 8.030991e-01 
1.207353e+00 8.031113e-01 
1.214832e+00 8.031227e-01 
1.222310e+00 8.031334e-01 
1.229787e+00 8.031435e-01 
1.237264e+00 8.031530e-01 
1.244740e+00 8.031620e-01 
1.252216e+00 8.031705e-01 
1.259692e+00 8.031785e-01 
1.267166e+00 8.031861e-01 
1.274641e+00 8.031932e-01 
1.282115e+00 8.032001e-01 
1.289589e+00 8.032065e-01 
1.297062e+00 8.032127e-01 
1.304535e+00 8.032185e-01 
1.312008e+00 8.032241e-01 
1.319481e+00 8.032294e-01 
1.326953e+00 8.032343e-01 
1.334425e+00 8.032390e-01 
1.341897e+00 8.032434e-01 
1.349368e+00 8.032477e-01 
1.356840e+00 8.032517e-01 
1.364311e+00 8.032556e-01 
1.371782e+00 8.032593e-01 
1.379253e+00 8.032629e-01 
1.386723e+00 8.032663e-01 
1.394194e+00 8.032696e-01 
1.401664e+00 8.032728e-01 
1.409135e+00 8.032759e-01 
1.416605e+00 8.032789e-01 
1.424075e+00 8.032818e-01 
1.431545e+00 8.032847e-01 
1.439015e+00 8.032874e-01 
1.446485e+00 8.032901e-01 
1.453955e+00 8.032926e-01 
1.461424e+00 8.032951e-01 
1.468894e+00 8.032976e-01 
1.476364e+00 8.032999e-01 
1.483833e+00 8.033023e-01 
1.491303e+00 8.033046e-01 
1.498772e+00 8.033068e-01 
1.506241e+00 8.033090e-01 
1.513711e+00 8.033112e-01 
1.521180e+00 8.033133e-01 
1.528649e+00 8.033154e-01 
1.154987e+00 8.087628e-01 
1.162471e+00 8.087800e-01 
1.169955e+00 8.087963e-01 
1.177437e+00 8.088116e-01 
1.184918e+00 8.088261e-01 
1.192399e+00 8.088397e-01 
1.199879e+00 8.088525e-01 
1.207358e+00 8.088644e-01 
1.214836e+00 8.088755e-01 
1.222314e+00 8.088860e-01 
1.229791e+00 8.088959e-01 
1.237267e+00 8.089052e-01 
1.244743e+00 8.089140e-01 
1.252219e+00 8.089224e-01 
1.259694e+00 8.089303e-01 
1.267169e+00 8.089377e-01 
1.274643e+00 8.089448e-01 
1.282117e+00 8.089515e-01 
1.289591e+00 8.089579e-01 
1.297064e+00 8.089640e-01 
1.304537e+00 8.089698e-01 
1.312010e+00 8.089753e-01 
1.319482e+00 8.089806e-01 
1.326954e+00 8.089855e-01 
1.334426e+00 8.089901e-01 
1.341898e+00 8.089946e-01 
1.349369e+00 8.089988e-01 
1.356840e+00 8.090029e-01 
1.364311e+00 8.090068e-01 
1.371782e+00 8.090105e-01 
1.379253e+00 8.090141e-01 
1.386724e+00 8.090176e-01 
1.394194e+00 8.090209e-01 
1.401665e+00 8.090242e-01 
1.409135e+00 8.090273e-01 
1.416605e+00 8.090304e-01 
1.424075e+00 8.090333e-01 
1.431545e+00 8.090362e-01 
1.439015e+00 8.090390e-01 
1.446485e+00 8.090417e-01 
1.453955e+00 8.090443e-01 
1.461424e+00 8.090469e-01 
1.468894e+00 8.090494e-01 
1.476363e+00 8.090519e-01 
1.483833e+00 8.090543e-01 
1.491302e+00 8.090567e-01 
1.498772e+00 8.090590e-01 
1.506241e+00 8.090613e-01 
1.513710e+00 8.090635e-01 
1.521180e+00 8.090657e-01 
1.528649e+00 8.090679e-01 
1.154995e+00 8.145172e-01 
1.162479e+00 8.145339e-01 
1.169962e+00 8.145498e-01 
1.177443e+00 8.145647e-01 
1.184924e+00 8.145787e-01 
1.192405e+00 8.145920e-01 
1.199884e+00 8.146044e-01 
1.207363e+00 8.146161e-01 
1.214841e+00 8.146270e-01 
1.222318e+00 8.146372e-01 
1.229795e+00 8.146469e-01 
1.237271e+00 8.146560e-01 
1.244747e+00 8.146647e-01 
1.252222e+00 8.146729e-01 
1.259697e+00 8.146807e-01 
1.267171e+00 8.146880e-01 
1.274645e+00 8.146950e-01 
1.282119e+00 8.147016e-01 
1.289592e+00 8.147080e-01 
1.297066e+00 8.147140e-01 
1.304538e+00 8.147197e-01 
1.312011e+00 8.147252e-01 
1.319483e+00 8.147304e-01 
1.326955e+00 8.147353e-01 
1.334427e+00 8.147400e-01 
1.341898e+00 8.147444e-01 
1.349370e+00 8.147487e-01 
1.356841e+00 8.147527e-01 
1.364312e+00 8.147566e-01 
1.371783e+00 8.147604e-01 
1.379253e+00 8.147641e-01 
1.386724e+00 8.147676e-01 
1.394194e+00 8.147709e-01 
1.401665e+00 8.147742e-01 
1.409135e+00 8.147774e-01 
1.416605e+00 8.147805e-01 
1.424075e+00 8.147836e-01 
1.431545e+00 8.147865e-01 
1.439015e+00 8.147894e-01 
1.446485e+00 8.147921e-01 
1.453954e+00 8.147948e-01 
1.461424e+00 8.147975e-01 
1.468894e+00 8.148001e-01 
1.476363e+00 8.148026e-01 
1.483833e+00 8.148051e-01 
1.491302e+00 8.148075e-01 
1.498771e+00 8.148099e-01 
1.506241e+00 8.148123e-01 
1.513710e+00 8.148146e-01 
1.521179e+00 8.148169e-01 
1.528649e+00 8.148192e-01 
1.155003e+00 8.202699e-01 
1.162486e+00 8.202862e-01 
1.169969e+00 8.203016e-01 
1.177450e+00 8.203161e-01 
1.184930e+00 8.203298e-01 
1.192410e+00 8.203427e-01 
1.199889e+00 8.203549e-01 
1.207367e+00 8.203662e-01 
1.214845e+00 8.203769e-01 
1.222322e+00 8.203869e-01 
1.229798e+00 8.203964e-01 
1.237274e+00 8.204053e-01 
1.244750e+00 8.204138e-01 
1.252225e+00 8.204219e-01 
1.259699e+00 8.204295e-01 
1.267174e+00 8.204368e-01 
1.274648e+00 8.204436e-01 
1.282121e+00 8.204502e-01 
1.289594e+00 8.204565e-01 
1.297067e+00 8.204624e-01 
1.304540e+00 8.204681e-01 
1.312012e+00 8.204736e-01 
1.319485e+00 8.204788e-01 
1.326956e+00 8.204836e-01 
1.334428e+00 8.204883e-01 
1.341899e+00 8.204927e-01 
1.349371e+00 8.204970e-01 
1.356842e+00 8.205011e-01 
1.364313e+00 8.205050e-01 
1.371783e+00 8.205088e-01 
1.379254e+00 8.205125e-01 
1.386724e+00 8.205161e-01 
1.394195e+00 8.205195e-01 
1.401665e+00 8.205228e-01 
1.409135e+00 8.205261e-01 
1.416605e+00 8.205293e-01 
1.424075e+00 8.205323e-01 
1.431545e+00 8.205354e-01 
1.439015e+00 8.205383e-01 
1.446485e+00 8.205411e-01 
1.453954e+00 8.205439e-01 
1.461424e+00 8.205466e-01 
1.468894e+00 8.205493e-01 
1.476363e+00 8.205519e-01 
1.483833e+00 8.205545e-01 
1.491302e+00 8.205570e-01 
1.498771e+00 8.205595e-01 
1.506241e+00 8.205620e-01 
1.513710e+00 8.205644e-01 
1.521179e+00 8.205668e-01 
1.528648e+00 8.205692e-01 
1.155012e+00 8.260208e-01 
1.162494e+00 8.260366e-01 
1.169976e+00 8.260516e-01 
1.177456e+00 8.260657e-01 
1.184936e+00 8.260790e-01 
1.192416e+00 8.260916e-01 
1.199894e+00 8.261034e-01 
1.207372e+00 8.261145e-01 
1.214849e+00 8.261249e-01 
1.222326e+00 8.261347e-01 
1.229802e+00 8.261440e-01 
1.237278e+00 8.261528e-01 
1.244753e+00 8.261611e-01 
1.252228e+00 8.261691e-01 
1.259702e+00 8.261766e-01 
1.267176e+00 8.261837e-01 
1.274650e+00 8.261905e-01 
1.282123e+00 8.261970e-01 
1.289596e+00 8.262032e-01 
1.297069e+00 8.262091e-01 
1.304542e+00 8.262148e-01 
1.312014e+00 8.262202e-01 
1.319486e+00 8.262253e-01 
1.326958e+00 8.262302e-01 
1.334429e+00 8.262349e-01 
1.341900e+00 8.262393e-01 
1.349371e+00 8.262436e-01 
1.356842e+00 8.262477e-01 
1.364313e+00 8.262517e-01 
1.371784e+00 8.262556e-01 
1.379254e+00 8.262593e-01 
1.386725e+00 8.262629e-01 
1.394195e+00 8.262664e-01 
1.401665e+00 8.262698e-01 
1.409135e+00 8.262731e-01 
1.416605e+00 8.262763e-01 
1.424075e+00 8.262795e-01 
1.431545e+00 8.262826e-01 
1.439015e+00 8.262856e-01 
1.446485e+00 8.262885e-01 
1.453954e+00 8.262914e-01 
1.461424e+00 8.262942e-01 
1.468893e+00 8.262969e-01 
1.476363e+00 8.262996e-01 
1.483832e+00 8.263023e-01 
1.491302e+00 8.263049e-01 
1.498771e+00 8.263075e-01 
1.506240e+00 8.263101e-01 
1.513710e+00 8.263126e-01 
1.521179e+00 8.263151e-01 
1.528648e+00 8.263176e-01 
1.155020e+00 8.317696e-01 
1.162502e+00 8.317850e-01 
1.169983e+00 8.317995e-01 
1.177463e+00 8.318132e-01 
1.184943e+00 8.318262e-01 
1.192421e+00 8.318384e-01 
1.199900e+00 8.318499e-01 
1.207377e+00 8.318607e-01 
1.214854e+00 8.318709e-01 
1.222330e+00 8.318805e-01 
1.229806e+00 8.318896e-01 
1.237281e+00 8.318982e-01 
1.244756e+00 8.319064e-01 
1.252231e+00 8.319142e-01 
1.259705e+00 8.319216e-01 
1.267179e+00 8.319287e-01 
1.274652e+00 8.319354e-01 
1.282125e+00 8.319418e-01 
1.289598e+00 8.319479e-01 
1.297071e+00 8.319538e-01 
1.304543e+00 8.319594e-01 
1.312015e+00 8.319648e-01 
1.319487e+00 8.319700e-01 
1.326959e+00 8.319749e-01 
1.334430e+00 8.319795e-01 
1.341901e+00 8.319840e-01 
1.349372e+00 8.319883e-01 
1.356843e+00 8.319925e-01 
1.364314e+00 8.319965e-01 
1.371785e+00 8.320004e-01 
1.379255e+00 8.320042e-01 
1.386725e+00 8.320078e-01 
1.394196e+00 8.320114e-01 
1.401666e+00 8.320148e-01 
1.409136e+00 8.320182e-01 
1.416606e+00 8.320215e-01 
1.424076e+00 8.320248e-01 
1.431545e+00 8.320279e-01 
1.439015e+00 8.320310e-01 
1.446485e+00 8.320340e-01 
1.453954e+00 8.320370e-01 
1.461424e+00 8.320399e-01 
1.468893e+00 8.320428e-01 
1.476363e+00 8.320456e-01 
1.483832e+00 8.320483e-01 
1.491302e+00 8.320511e-01 
1.498771e+00 8.320538e-01 
1.506240e+00 8.320564e-01 
1.513709e+00 8.320591e-01 
1.521179e+00 8.320617e-01 
1.528648e+00 8.320643e-01 
1.155028e+00 8.375160e-01 
1.162510e+00 8.375309e-01 
1.169990e+00 8.375450e-01 
1.177470e+00 8.375582e-01 
1.184949e+00 8.375709e-01 
1.192427e+00 8.375828e-01 
1.199905e+00 8.375940e-01 
1.207382e+00 8.376046e-01 
1.214859e+00 8.376145e-01 
1.222334e+00 8.376239e-01 
1.229810e+00 8.376328e-01 
1.237285e+00 8.376413e-01 
1.244760e+00 8.376493e-01 
1.252234e+00 8.376570e-01 
1.259708e+00 8.376643e-01 
1.267181e+00 8.376713e-01 
1.274655e+00 8.376779e-01 
1.282128e+00 8.376842e-01 
1.289600e+00 8.376903e-01 
1.297073e+00 8.376962e-01 
1.304545e+00 8.377018e-01 
1.312017e+00 8.377072e-01 
1.319489e+00 8.377123e-01 
1.326960e+00 8.377172e-01 
1.334431e+00 8.377219e-01 
1.341902e+00 8.377264e-01 
1.349373e+00 8.377308e-01 
1.356844e+00 8.377350e-01 
1.364315e+00 8.377390e-01 
1.371785e+00 8.377430e-01 
1.379256e+00 8.377468e-01 
1.386726e+00 8.377506e-01 
1.394196e+00 8.377542e-01 
1.401666e+00 8.377577e-01 
1.409136e+00 8.377612e-01 
1.416606e+00 8.377646e-01 
1.424076e+00 8.377679e-01 
1.431546e+00 8.377712e-01 
1.439015e+00 8.377744e-01 
1.446485e+00 8.377775e-01 
1.453954e+00 8.377805e-01 
1.461424e+00 8.377835e-01 
1.468893e+00 8.377865e-01 
1.476363e+00 8.377894e-01 
1.483832e+00 8.377923e-01 
1.491302e+00 8.377952e-01 
1.498771e+00 8.377980e-01 
1.506240e+00 8.378008e-01 
1.513709e+00 8.378035e-01 
1.521178e+00 8.378063e-01 
1.528648e+00 8.378090e-01 
1.155037e+00 8.432595e-01 
1.162517e+00 8.432739e-01 
1.169997e+00 8.432876e-01 
1.177477e+00 8.433005e-01 
1.184955e+00 8.433128e-01 
1.192433e+00 8.433244e-01 
1.199910e+00 8.433354e-01 
1.207387e+00 8.433456e-01 
1.214863e+00 8.433554e-01 
1.222339e+00 8.433646e-01 
1.229814e+00 8.433733e-01 
1.237289e+00 8.433816e-01 
1.244763e+00 8.433895e-01 
1.252237e+00 8.433971e-01 
1.259711e+00 8.434043e-01 
1.267184e+00 8.434112e-01 
1.274657e+00 8.434178e-01 
1.282130e+00 8.434241e-01 
1.289602e+00 8.434301e-01 
1.297075e+00 8.434359e-01 
1.304547e+00 8.434415e-01 
1.312018e+00 8.434469e-01 
1.319490e+00 8.434521e-01 
1.326961e+00 8.434570e-01 
1.334432e+00 8.434617e-01 
1.341903e+00 8.434663e-01 
1.349374e+00 8.434707e-01 
1.356845e+00 8.434749e-01 
1.364315e+00 8.434791e-01 
1.371786e+00 8.434831e-01 
1.379256e+00 8.434870e-01 
1.386726e+00 8.434908e-01 
1.394196e+00 8.434945e-01 
1.401666e+00 8.434982e-01 
1.409136e+00 8.435017e-01 
1.416606e+00 8.435052e-01 
1.424076e+00 8.435086e-01 
1.431546e+00 8.435120e-01 
1.439015e+00 8.435153e-01 
1.446485e+00 8.435185e-01 
1.453955e+00 8.435217e-01 
1.461424e+00 8.435248e-01 
1.468893e+00 8.435279e-01 
1.476363e+00 8.435309e-01 
1.483832e+00 8.435339e-01 
1.491301e+00 8.435369e-01 
1.498771e+00 8.435399e-01 
1.506240e+00 8.435428e-01 
1.513709e+00 8.435457e-01 
1.521178e+00 8.435485e-01 
1.528647e+00 8.435514e-01 
1.155045e+00 8.489998e-01 
1.162525e+00 8.490137e-01 
1.170005e+00 8.490270e-01 
1.177483e+00 8.490396e-01 
1.184961e+00 8.490515e-01 
1.192439e+00 8.490628e-01 
1.199916e+00 8.490735e-01 
1.207392e+00 8.490835e-01 
1.214868e+00 8.490930e-01 
1.222343e+00 8.491021e-01 
1.229818e+00 8.491107e-01 
1.237292e+00 8.491188e-01 
1.244766e+00 8.491266e-01 
1.252240e+00 8.491341e-01 
1.259714e+00 8.491412e-01 
1.267187e+00 8.491480e-01 
1.274659e+00 8.491546e-01 
1.282132e+00 8.491608e-01 
1.289604e+00 8.491669e-01 
1.297076e+00 8.491727e-01 
1.304548e+00 8.491783e-01 
1.312020e+00 8.491837e-01 
1.319491e+00 8.491888e-01 
1.326963e+00 8.491938e-01 
1.334434e+00 8.491986e-01 
1.341904e+00 8.492032e-01 
1.349375e+00 8.492076e-01 
1.356846e+00 8.492120e-01 
1.364316e+00 8.492162e-01 
1.371787e+00 8.492203e-01 
1.379257e+00 8.492243e-01 
1.386727e+00 8.492282e-01 
1.394197e+00 8.492320e-01 
1.401667e+00 8.492357e-01 
1.409137e+00 8.492394e-01 
1.416607e+00 8.492430e-01 
1.424076e+00 8.492465e-01 
1.431546e+00 8.492500e-01 
1.439016e+00 8.492534e-01 
1.446485e+00 8.492568e-01 
1.453955e+00 8.492601e-01 
1.461424e+00 8.492634e-01 
1.468893e+00 8.492666e-01 
1.476363e+00 8.492698e-01 
1.483832e+00 8.492729e-01 
1.491301e+00 8.492760e-01 
1.498771e+00 8.492791e-01 
1.506240e+00 8.492822e-01 
1.513709e+00 8.492852e-01 
1.521178e+00 8.492882e-01 
1.528647e+00 8.492912e-01 
1.155054e+00 8.547365e-01 
1.162533e+00 8.547500e-01 
1.170012e+00 8.547629e-01 
1.177490e+00 8.547751e-01 
1.184968e+00 8.547867e-01 
1.192445e+00 8.547977e-01 
1.199921e+00 8.548082e-01 
1.207397e+00 8.548180e-01 
1.214872e+00 8.548273e-01 
1.222347e+00 8.548362e-01 
1.229822e+00 8.548446e-01 
1.237296e+00 8.548527e-01 
1.244770e+00 8.548604e-01 
1.252243e+00 8.548677e-01 
1.259717e+00 8.548748e-01 
1.267189e+00 8.548816e-01 
1.274662e+00 8.548881e-01 
1.282134e+00 8.548943e-01 
1.289606e+00 8.549003e-01 
1.297078e+00 8.549061e-01 
1.304550e+00 8.549118e-01 
1.312022e+00 8.549172e-01 
1.319493e+00 8.549224e-01 
1.326964e+00 8.549274e-01 
1.334435e+00 8.549322e-01 
1.341906e+00 8.549369e-01 
1.349376e+00 8.549415e-01 
1.356847e+00 8.549459e-01 
1.364317e+00 8.549502e-01 
1.371787e+00 8.549544e-01 
1.379257e+00 8.549585e-01 
1.386727e+00 8.549625e-01 
1.394197e+00 8.549664e-01 
1.401667e+00 8.549703e-01 
1.409137e+00 8.549741e-01 
1.416607e+00 8.549778e-01 
1.424077e+00 8.549815e-01 
1.431546e+00 8.549851e-01 
1.439016e+00 8.549886e-01 
1.446485e+00 8.549921e-01 
1.453955e+00 8.549956e-01 
1.461424e+00 8.549990e-01 
1.468893e+00 8.550023e-01 
1.476363e+00 8.550057e-01 
1.483832e+00 8.550090e-01 
1.491301e+00 8.550122e-01 
1.498771e+00 8.550155e-01 
1.506240e+00 8.550187e-01 
1.513709e+00 8.550219e-01 
1.521178e+00 8.550251e-01 
1.528647e+00 8.550282e-01 
1.155062e+00 8.604692e-01 
1.162541e+00 8.604824e-01 
1.170019e+00 8.604949e-01 
1.177497e+00 8.605067e-01 
1.184974e+00 8.605180e-01 
1.192451e+00 8.605288e-01 
1.199927e+00 8.605390e-01 
1.207402e+00 8.605486e-01 
1.214877e+00 8.605577e-01 
1.222352e+00 8.605665e-01 
1.229826e+00 8.605748e-01 
1.237300e+00 8.605827e-01 
1.244773e+00 8.605903e-01 
1.252247e+00 8.605976e-01 
1.259719e+00 8.606047e-01 
1.267192e+00 8.606114e-01 
1.274664e+00 8.606179e-01 
1.282137e+00 8.606241e-01 
1.289609e+00 8.606302e-01 
1.297080e+00 8.606360e-01 
1.304552e+00 8.606416e-01 
1.312023e+00 8.606471e-01 
1.319494e+00 8.606524e-01 
1.326965e+00 8.606575e-01 
1.334436e+00 8.606624e-01 
1.341907e+00 8.606671e-01 
1.349377e+00 8.606718e-01 
1.356848e+00 8.606763e-01 
1.364318e+00 8.606807e-01 
1.371788e+00 8.606850e-01 
1.379258e+00 8.606892e-01 
1.386728e+00 8.606934e-01 
1.394198e+00 8.606974e-01 
1.401668e+00 8.607014e-01 
1.409138e+00 8.607054e-01 
1.416607e+00 8.607092e-01 
1.424077e+00 8.607130e-01 
1.431546e+00 8.607168e-01 
1.439016e+00 8.607205e-01 
1.446485e+00 8.607242e-01 
1.453955e+00 8.607278e-01 
1.461424e+00 8.607313e-01 
1.468894e+00 8.607349e-01 
1.476363e+00 8.607384e-01 
1.483832e+00 8.607418e-01 
1.491301e+00 8.607453e-01 
1.498771e+00 8.607487e-01 
1.506240e+00 8.607521e-01 
1.513709e+00 8.607555e-01 
1.521178e+00 8.607588e-01 
1.528647e+00 8.607622e-01 
1.155071e+00 8.661976e-01 
1.162549e+00 8.662104e-01 
1.170027e+00 8.662225e-01 
1.177504e+00 8.662341e-01 
1.184980e+00 8.662451e-01 
1.192457e+00 8.662556e-01 
1.199932e+00 8.662656e-01 
1.207407e+00 8.662750e-01 
1.214882e+00 8.662840e-01 
1.222356e+00 8.662926e-01 
1.229830e+00 8.663008e-01 
1.237304e+00 8.663087e-01 
1.244777e+00 8.663162e-01 
1.252250e+00 8.663235e-01 
1.259722e+00 8.663305e-01 
1.267195e+00 8.663372e-01 
1.274667e+00 8.663437e-01 
1.282139e+00 8.663500e-01 
1.289611e+00 8.663560e-01 
1.297082e+00 8.663619e-01 
1.304554e+00 8.663676e-01 
1.312025e+00 8.663731e-01 
1.319496e+00 8.663785e-01 
1.326967e+00 8.663836e-01 
1.334437e+00 8.663887e-01 
1.341908e+00 8.663935e-01 
1.349378e+00 8.663983e-01 
1.356848e+00 8.664029e-01 
1.364319e+00 8.664075e-01 
1.371789e+00 8.664119e-01 
1.379259e+00 8.664163e-01 
1.386729e+00 8.664206e-01 
1.394199e+00 8.664248e-01 
1.401668e+00 8.664289e-01 
1.409138e+00 8.664330e-01 
1.416608e+00 8.664370e-01 
1.424077e+00 8.664410e-01 
1.431547e+00 8.664449e-01 
1.439016e+00 8.664488e-01 
1.446486e+00 8.664527e-01 
1.453955e+00 8.664564e-01 
1.461424e+00 8.664602e-01 
1.468894e+00 8.664639e-01 
1.476363e+00 8.664676e-01 
1.483832e+00 8.664713e-01 
1.491301e+00 8.664749e-01 
1.498770e+00 8.664785e-01 
1.506240e+00 8.664821e-01 
1.513709e+00 8.664857e-01 
1.521178e+00 8.664892e-01 
1.528647e+00 8.664928e-01 
1.155079e+00 8.719211e-01 
1.162557e+00 8.719335e-01 
1.170034e+00 8.719453e-01 
1.177511e+00 8.719566e-01 
1.184987e+00 8.719674e-01 
1.192462e+00 8.719776e-01 
1.199938e+00 8.719874e-01 
1.207412e+00 8.719967e-01 
1.214887e+00 8.720056e-01 
1.222360e+00 8.720141e-01 
1.229834e+00 8.720222e-01 
1.237307e+00 8.720300e-01 
1.244780e+00 8.720375e-01 
1.252253e+00 8.720448e-01 
1.259725e+00 8.720517e-01 
1.267198e+00 8.720585e-01 
1.274669e+00 8.720650e-01 
1.282141e+00 8.720713e-01 
1.289613e+00 8.720774e-01 
1.297084e+00 8.720833e-01 
1.304555e+00 8.720891e-01 
1.312026e+00 8.720947e-01 
1.319497e+00 8.721002e-01 
1.326968e+00 8.721055e-01 
1.334439e+00 8.721106e-01 
1.341909e+00 8.721156e-01 
1.349379e+00 8.721205e-01 
1.356849e+00 8.721252e-01 
1.364320e+00 8.721299e-01 
1.371790e+00 8.721345e-01 
1.379259e+00 8.721391e-01 
1.386729e+00 8.721435e-01 
1.394199e+00 8.721479e-01 
1.401669e+00 8.721522e-01 
1.409138e+00 8.721565e-01 
1.416608e+00 8.721607e-01 
1.424078e+00 8.721649e-01 
1.431547e+00 8.721690e-01 
1.439016e+00 8.721731e-01 
1.446486e+00 8.721771e-01 
1.453955e+00 8.721811e-01 
1.461424e+00 8.721851e-01 
1.468894e+00 8.721890e-01 
1.476363e+00 8.721929e-01 
1.483832e+00 8.721968e-01 
1.491301e+00 8.722006e-01 
1.498770e+00 8.722044e-01 
1.506240e+00 8.722082e-01 
1.513709e+00 8.722120e-01 
1.521178e+00 8.722158e-01 
1.528647e+00 8.722196e-01 
1.155087e+00 8.776395e-01 
1.162565e+00 8.776515e-01 
1.170041e+00 8.776630e-01 
1.177517e+00 8.776741e-01 
1.184993e+00 8.776846e-01 
1.192468e+00 8.776947e-01 
1.199943e+00 8.777043e-01 
1.207417e+00 8.777135e-01 
1.214891e+00 8.777222e-01 
1.222365e+00 8.777306e-01 
1.229838e+00 8.777387e-01 
1.237311e+00 8.777465e-01 
1.244784e+00 8.777540e-01 
1.252256e+00 8.777612e-01 
1.259728e+00 8.777682e-01 
1.267200e+00 8.777750e-01 
1.274672e+00 8.777815e-01 
1.282144e+00 8.777879e-01 
1.289615e+00 8.777941e-01 
1.297086e+00 8.778001e-01 
1.304557e+00 8.778060e-01 
1.312028e+00 8.778117e-01 
1.319499e+00 8.778173e-01 
1.326969e+00 8.778227e-01 
1.334440e+00 8.778280e-01 
1.341910e+00 8.778331e-01 
1.349380e+00 8.778382e-01 
1.356850e+00 8.778431e-01 
1.364320e+00 8.778480e-01 
1.371790e+00 8.778528e-01 
1.379260e+00 8.778575e-01 
1.386730e+00 8.778622e-01 
1.394200e+00 8.778667e-01 
1.401669e+00 8.778712e-01 
1.409139e+00 8.778757e-01 
1.416608e+00 8.778801e-01 
1.424078e+00 8.778845e-01 
1.431547e+00 8.778889e-01 
1.439017e+00 8.778932e-01 
1.446486e+00 8.778974e-01 
1.453955e+00 8.779016e-01 
1.461425e+00 8.779058e-01 
1.468894e+00 8.779100e-01 
1.476363e+00 8.779141e-01 
1.483832e+00 8.779182e-01 
1.491301e+00 8.779223e-01 
1.498770e+00 8.779263e-01 
1.506240e+00 8.779304e-01 
1.513709e+00 8.779344e-01 
1.521178e+00 8.779384e-01 
1.528647e+00 8.779424e-01 
1.155096e+00 8.833521e-01 
1.162572e+00 8.833639e-01 
1.170048e+00 8.833752e-01 
1.177524e+00 8.833859e-01 
1.184999e+00 8.833963e-01 
1.192474e+00 8.834062e-01 
1.199948e+00 8.834157e-01 
1.207422e+00 8.834248e-01 
1.214896e+00 8.834335e-01 
1.222369e+00 8.834418e-01 
1.229842e+00 8.834499e-01 
1.237315e+00 8.834576e-01 
1.244787e+00 8.834651e-01 
1.252259e+00 8.834724e-01 
1.259731e+00 8.834795e-01 
1.267203e+00 8.834863e-01 
1.274674e+00 8.834929e-01 
1.282146e+00 8.834994e-01 
1.289617e+00 8.835057e-01 
1.297088e+00 8.835118e-01 
1.304559e+00 8.835178e-01 
1.312030e+00 8.835237e-01 
1.319500e+00 8.835294e-01 
1.326971e+00 8.835350e-01 
1.334441e+00 8.835404e-01 
1.341911e+00 8.835458e-01 
1.349381e+00 8.835510e-01 
1.356851e+00 8.835561e-01 
1.364321e+00 8.835612e-01 
1.371791e+00 8.835662e-01 
1.379261e+00 8.835711e-01 
1.386731e+00 8.835760e-01 
1.394200e+00 8.835808e-01 
1.401670e+00 8.835855e-01 
1.409139e+00 8.835902e-01 
1.416609e+00 8.835949e-01 
1.424078e+00 8.835995e-01 
1.431548e+00 8.836041e-01 
1.439017e+00 8.836086e-01 
1.446486e+00 8.836131e-01 
1.453956e+00 8.836176e-01 
1.461425e+00 8.836220e-01 
1.468894e+00 8.836264e-01 
1.476363e+00 8.836308e-01 
1.483832e+00 8.836352e-01 
1.491301e+00 8.836395e-01 
1.498770e+00 8.836438e-01 
1.506240e+00 8.836482e-01 
1.513709e+00 8.836525e-01 
1.521178e+00 8.836567e-01 
1.528647e+00 8.836610e-01 
1.155104e+00 8.890588e-01 
1.162580e+00 8.890703e-01 
1.170055e+00 8.890814e-01 
1.177530e+00 8.890920e-01 
1.185005e+00 8.891022e-01 
1.192479e+00 8.891120e-01 
1.199953e+00 8.891214e-01 
1.207427e+00 8.891304e-01 
1.214900e+00 8.891390e-01 
1.222373e+00 8.891474e-01 
1.229846e+00 8.891554e-01 
1.237318e+00 8.891632e-01 
1.244790e+00 8.891708e-01 
1.252262e+00 8.891781e-01 
1.259734e+00 8.891852e-01 
1.267206e+00 8.891921e-01 
1.274677e+00 8.891989e-01 
1.282148e+00 8.892055e-01 
1.289619e+00 8.892119e-01 
1.297090e+00 8.892182e-01 
1.304561e+00 8.892244e-01 
1.312031e+00 8.892304e-01 
1.319502e+00 8.892363e-01 
1.326972e+00 8.892421e-01 
1.334442e+00 8.892477e-01 
1.341912e+00 8.892532e-01 
1.349382e+00 8.892587e-01 
1.356852e+00 8.892640e-01 
1.364322e+00 8.892693e-01 
1.371792e+00 8.892746e-01 
1.379262e+00 8.892797e-01 
1.386731e+00 8.892848e-01 
1.394201e+00 8.892899e-01 
1.401670e+00 8.892949e-01 
1.409140e+00 8.892998e-01 
1.416609e+00 8.893047e-01 
1.424079e+00 8.893096e-01 
1.431548e+00 8.893145e-01 
1.439017e+00 8.893193e-01 
1.446486e+00 8.893241e-01 
1.453956e+00 8.893288e-01 
1.461425e+00 8.893335e-01 
1.468894e+00 8.893382e-01 
1.476363e+00 8.893429e-01 
1.483832e+00 8.893475e-01 
1.491301e+00 8.893522e-01 
1.498770e+00 8.893568e-01 
1.506240e+00 8.893614e-01 
1.513709e+00 8.893660e-01 
1.521178e+00 8.893705e-01 
1.528647e+00 8.893751e-01 
1.155112e+00 8.947591e-01 
1.162587e+00 8.947704e-01 
1.170062e+00 8.947812e-01 
1.177537e+00 8.947917e-01 
1.185011e+00 8.948018e-01 
1.192485e+00 8.948115e-01 
1.199959e+00 8.948208e-01 
1.207432e+00 8.948298e-01 
1.214905e+00 8.948384e-01 
1.222377e+00 8.948467e-01 
1.229850e+00 8.948548e-01 
1.237322e+00 8.948627e-01 
1.244794e+00 8.948703e-01 
1.252265e+00 8.948778e-01 
1.259737e+00 8.948850e-01 
1.267208e+00 8.948921e-01 
1.274679e+00 8.948989e-01 
1.282150e+00 8.949057e-01 
1.289621e+00 8.949123e-01 
1.297092e+00 8.949188e-01 
1.304562e+00 8.949251e-01 
1.312033e+00 8.949313e-01 
1.319503e+00 8.949374e-01 
1.326973e+00 8.949434e-01 
1.334443e+00 8.949493e-01 
1.341913e+00 8.949551e-01 
1.349383e+00 8.949608e-01 
1.356853e+00 8.949664e-01 
1.364323e+00 8.949719e-01 
1.371793e+00 8.949774e-01 
1.379262e+00 8.949828e-01 
1.386732e+00 8.949882e-01 
1.394201e+00 8.949935e-01 
1.401671e+00 8.949988e-01 
1.409140e+00 8.950041e-01 
1.416610e+00 8.950093e-01 
1.424079e+00 8.950144e-01 
1.431548e+00 8.950196e-01 
1.439017e+00 8.950247e-01 
1.446487e+00 8.950298e-01 
1.453956e+00 8.950348e-01 
1.461425e+00 8.950398e-01 
1.468894e+00 8.950448e-01 
1.476363e+00 8.950498e-01 
1.483832e+00 8.950548e-01 
1.491301e+00 8.950597e-01 
1.498771e+00 8.950647e-01 
1.506240e+00 8.950696e-01 
1.513709e+00 8.950745e-01 
1.521178e+00 8.950794e-01 
1.528647e+00 8.950843e-01 
1.155119e+00 9.004530e-01 
1.162594e+00 9.004641e-01 
1.170069e+00 9.004748e-01 
1.177543e+00 9.004852e-01 
1.185017e+00 9.004952e-01 
1.192490e+00 9.005048e-01 
1.199964e+00 9.005141e-01 
1.207436e+00 9.005231e-01 
1.214909e+00 9.005318e-01 
1.222381e+00 9.005402e-01 
1.229853e+00 9.005483e-01 
1.237325e+00 9.005563e-01 
1.244797e+00 9.005640e-01 
1.252268e+00 9.005716e-01 
1.259740e+00 9.005790e-01 
1.267211e+00 9.005862e-01 
1.274682e+00 9.005933e-01 
1.282152e+00 9.006002e-01 
1.289623e+00 9.006070e-01 
1.297094e+00 9.006137e-01 
1.304564e+00 9.006202e-01 
1.312034e+00 9.006267e-01 
1.319505e+00 9.006330e-01 
1.326975e+00 9.006393e-01 
1.334445e+00 9.006454e-01 
1.341915e+00 9.006514e-01 
1.349384e+00 9.006574e-01 
1.356854e+00 9.006633e-01 
1.364324e+00 9.006691e-01 
1.371793e+00 9.006749e-01 
1.379263e+00 9.006806e-01 
1.386732e+00 9.006863e-01 
1.394202e+00 9.006919e-01 
1.401671e+00 9.006975e-01 
1.409141e+00 9.007031e-01 
1.416610e+00 9.007086e-01 
1.424079e+00 9.007141e-01 
1.431549e+00 9.007196e-01 
1.439018e+00 9.007250e-01 
1.446487e+00 9.007304e-01 
1.453956e+00 9.007358e-01 
1.461425e+00 9.007412e-01 
1.468894e+00 9.007465e-01 
1.476363e+00 9.007518e-01 
1.483832e+00 9.007571e-01 
1.491302e+00 9.007624e-01 
1.498771e+00 9.007677e-01 
1.506240e+00 9.007730e-01 
1.513709e+00 9.007783e-01 
1.521178e+00 9.007835e-01 
1.528647e+00 9.007887e-01 
1.155127e+00 9.061404e-01 
1.162601e+00 9.061514e-01 
1.170075e+00 9.061620e-01 
1.177549e+00 9.061723e-01 
1.185022e+00 9.061822e-01 
1.192496e+00 9.061919e-01 
1.199968e+00 9.062012e-01 
1.207441e+00 9.062102e-01 
1.214913e+00 9.062190e-01 
1.222385e+00 9.062274e-01 
1.229857e+00 9.062357e-01 
1.237328e+00 9.062438e-01 
1.244800e+00 9.062517e-01 
1.252271e+00 9.062594e-01 
1.259742e+00 9.062670e-01 
1.267213e+00 9.062744e-01 
1.274684e+00 9.062817e-01 
1.282154e+00 9.062888e-01 
1.289625e+00 9.062958e-01 
1.297095e+00 9.063028e-01 
1.304566e+00 9.063096e-01 
1.312036e+00 9.063163e-01 
1.319506e+00 9.063229e-01 
1.326976e+00 9.063294e-01 
1.334446e+00 9.063359e-01 
1.341916e+00 9.063422e-01 
1.349385e+00 9.063485e-01 
1.356855e+00 9.063547e-01 
1.364325e+00 9.063608e-01 
1.371794e+00 9.063669e-01 
1.379264e+00 9.063730e-01 
1.386733e+00 9.063790e-01 
1.394202e+00 9.063850e-01 
1.401672e+00 9.063909e-01 
1.409141e+00 9.063968e-01 
1.416610e+00 9.064027e-01 
1.424080e+00 9.064085e-01 
1.431549e+00 9.064144e-01 
1.439018e+00 9.064202e-01 
1.446487e+00 9.064259e-01 
1.453956e+00 9.064317e-01 
1.461425e+00 9.064374e-01 
1.468894e+00 9.064431e-01 
1.476364e+00 9.064488e-01 
1.483833e+00 9.064545e-01 
1.491302e+00 9.064601e-01 
1.498771e+00 9.064658e-01 
1.506240e+00 9.064714e-01 
1.513709e+00 9.064771e-01 
1.521178e+00 9.064827e-01 
1.528647e+00 9.064883e-01 
1.155134e+00 9.118216e-01 
1.162608e+00 9.118325e-01 
1.170082e+00 9.118431e-01 
1.177555e+00 9.118533e-01 
1.185028e+00 9.118632e-01 
1.192501e+00 9.118729e-01 
1.199973e+00 9.118823e-01 
1.207445e+00 9.118914e-01 
1.214917e+00 9.119002e-01 
1.222389e+00 9.119089e-01 
1.229860e+00 9.119173e-01 
1.237332e+00 9.119255e-01 
1.244803e+00 9.119336e-01 
1.252274e+00 9.119415e-01 
1.259745e+00 9.119493e-01 
1.267215e+00 9.119569e-01 
1.274686e+00 9.119645e-01 
1.282156e+00 9.119719e-01 
1.289627e+00 9.119792e-01 
1.297097e+00 9.119864e-01 
1.304567e+00 9.119935e-01 
1.312037e+00 9.120005e-01 
1.319507e+00 9.120074e-01 
1.326977e+00 9.120142e-01 
1.334447e+00 9.120210e-01 
1.341917e+00 9.120276e-01 
1.349386e+00 9.120342e-01 
1.356856e+00 9.120408e-01 
1.364325e+00 9.120473e-01 
1.371795e+00 9.120537e-01 
1.379264e+00 9.120602e-01 
1.386734e+00 9.120665e-01 
1.394203e+00 9.120729e-01 
1.401672e+00 9.120792e-01 
1.409141e+00 9.120855e-01 
1.416611e+00 9.120917e-01 
1.424080e+00 9.120979e-01 
1.431549e+00 9.121041e-01 
1.439018e+00 9.121103e-01 
1.446487e+00 9.121165e-01 
1.453956e+00 9.121226e-01 
1.461426e+00 9.121287e-01 
1.468895e+00 9.121348e-01 
1.476364e+00 9.121409e-01 
1.483833e+00 9.121470e-01 
1.491302e+00 9.121531e-01 
1.498771e+00 9.121591e-01 
1.506240e+00 9.121652e-01 
1.513709e+00 9.121712e-01 
1.521178e+00 9.121773e-01 
1.528646e+00 9.121833e-01 
1.155141e+00 9.174966e-01 
1.162615e+00 9.175074e-01 
1.170088e+00 9.175179e-01 
1.177561e+00 9.175282e-01 
1.185033e+00 9.175382e-01 
1.192506e+00 9.175479e-01 
1.199978e+00 9.175574e-01 
1.207450e+00 9.175666e-01 
1.214921e+00 9.175756e-01 
1.222393e+00 9.175844e-01 
1.229864e+00 9.175930e-01 
1.237335e+00 9.176014e-01 
1.244806e+00 9.176097e-01 
1.252277e+00 9.176179e-01 
1.259747e+00 9.176259e-01 
1.267218e+00 9.176338e-01 
1.274688e+00 9.176416e-01 
1.282158e+00 9.176493e-01 
1.289629e+00 9.176569e-01 
1.297099e+00 9.176644e-01 
1.304569e+00 9.176718e-01 
1.312039e+00 9.176792e-01 
1.319509e+00 9.176864e-01 
1.326978e+00 9.176936e-01 
1.334448e+00 9.177007e-01 
1.341918e+00 9.177077e-01 
1.349387e+00 9.177147e-01 
1.356857e+00 9.177216e-01 
1.364326e+00 9.177285e-01 
1.371795e+00 9.177353e-01 
1.379265e+00 9.177421e-01 
1.386734e+00 9.177489e-01 
1.394203e+00 9.177556e-01 
1.401673e+00 9.177623e-01 
1.409142e+00 9.177690e-01 
1.416611e+00 9.177757e-01 
1.424080e+00 9.177823e-01 
1.431549e+00 9.177889e-01 
1.439019e+00 9.177955e-01 
1.446488e+00 9.178021e-01 
1.453957e+00 9.178087e-01 
1.461426e+00 9.178152e-01 
1.468895e+00 9.178217e-01 
1.476364e+00 9.178283e-01 
1.483833e+00 9.178348e-01 
1.491302e+00 9.178413e-01 
1.498771e+00 9.178478e-01 
1.506240e+00 9.178542e-01 
1.513709e+00 9.178607e-01 
1.521178e+00 9.178672e-01 
1.528646e+00 9.178737e-01 
1.155148e+00 9.231663e-01 
1.162621e+00 9.231771e-01 
1.170094e+00 9.231877e-01 
1.177566e+00 9.231980e-01 
1.185038e+00 9.232081e-01 
1.192510e+00 9.232179e-01 
1.199982e+00 9.232275e-01 
1.207454e+00 9.232369e-01 
1.214925e+00 9.232461e-01 
1.222396e+00 9.232550e-01 
1.229867e+00 9.232639e-01 
1.237338e+00 9.232726e-01 
1.244809e+00 9.232811e-01 
1.252279e+00 9.232895e-01 
1.259750e+00 9.232978e-01 
1.267220e+00 9.233060e-01 
1.274690e+00 9.233141e-01 
1.282160e+00 9.233221e-01 
1.289630e+00 9.233300e-01 
1.297100e+00 9.233379e-01 
1.304570e+00 9.233457e-01 
1.312040e+00 9.233534e-01 
1.319510e+00 9.233610e-01 
1.326979e+00 9.233685e-01 
1.334449e+00 9.233760e-01 
1.341919e+00 9.233834e-01 
1.349388e+00 9.233908e-01 
1.356857e+00 9.233981e-01 
1.364327e+00 9.234054e-01 
1.371796e+00 9.234126e-01 
1.379265e+00 9.234199e-01 
1.386735e+00 9.234270e-01 
1.394204e+00 9.234342e-01 
1.401673e+00 9.234413e-01 
1.409142e+00 9.234485e-01 
1.416611e+00 9.234555e-01 
1.424081e+00 9.234626e-01 
1.431550e+00 9.234697e-01 
1.439019e+00 9.234767e-01 
1.446488e+00 9.234837e-01 
1.453957e+00 9.234907e-01 
1.461426e+00 9.234977e-01 
1.468895e+00 9.235047e-01 
1.476364e+00 9.235117e-01 
1.483833e+00 9.235186e-01 
1.491302e+00 9.235256e-01 
1.498771e+00 9.235326e-01 
1.506240e+00 9.235395e-01 
1.513709e+00 9.235464e-01 
1.521178e+00 9.235534e-01 
1.528646e+00 9.235603e-01 
1.155155e+00 9.288316e-01 
1.162627e+00 9.288425e-01 
1.170099e+00 9.288531e-01 
1.177571e+00 9.288635e-01 
1.185043e+00 9.288737e-01 
1.192515e+00 9.288837e-01 
1.199986e+00 9.288935e-01 
1.207458e+00 9.289030e-01 
1.214929e+00 9.289124e-01 
1.222399e+00 9.289216e-01 
1.229870e+00 9.289307e-01 
1.237341e+00 9.289396e-01 
1.244811e+00 9.289485e-01 
1.252282e+00 9.289572e-01 
1.259752e+00 9.289658e-01 
1.267222e+00 9.289743e-01 
1.274692e+00 9.289828e-01 
1.282162e+00 9.289911e-01 
1.289632e+00 9.289994e-01 
1.297102e+00 9.290076e-01 
1.304572e+00 9.290157e-01 
1.312041e+00 9.290238e-01 
1.319511e+00 9.290318e-01 
1.326981e+00 9.290398e-01 
1.334450e+00 9.290477e-01 
1.341920e+00 9.290555e-01 
1.349389e+00 9.290633e-01 
1.356858e+00 9.290710e-01 
1.364328e+00 9.290787e-01 
1.371797e+00 9.290864e-01 
1.379266e+00 9.290941e-01 
1.386735e+00 9.291017e-01 
1.394204e+00 9.291093e-01 
1.401674e+00 9.291169e-01 
1.409143e+00 9.291245e-01 
1.416612e+00 9.291320e-01 
1.424081e+00 9.291396e-01 
1.431550e+00 9.291471e-01 
1.439019e+00 9.291546e-01 
1.446488e+00 9.291621e-01 
1.453957e+00 9.291695e-01 
1.461426e+00 9.291770e-01 
1.468895e+00 9.291845e-01 
1.476364e+00 9.291919e-01 
1.483833e+00 9.291993e-01 
1.491302e+00 9.292068e-01 
1.498771e+00 9.292142e-01 
1.506240e+00 9.292216e-01 
1.513709e+00 9.292290e-01 
1.521178e+00 9.292365e-01 
1.528646e+00 9.292439e-01 
1.155161e+00 9.344946e-01 
1.162633e+00 9.345055e-01 
1.170105e+00 9.345162e-01 
1.177577e+00 9.345267e-01 
1.185048e+00 9.345371e-01 
1.192519e+00 9.345472e-01 
1.199990e+00 9.345572e-01 
1.207461e+00 9.345670e-01 
1.214932e+00 9.345766e-01 
1.222403e+00 9.345861e-01 
1.229873e+00 9.345955e-01 
1.237344e+00 9.346047e-01 
1.244814e+00 9.346138e-01 
1.252284e+00 9.346229e-01 
1.259754e+00 9.346318e-01 
1.267224e+00 9.346407e-01 
1.274694e+00 9.346495e-01 
1.282164e+00 9.346582e-01 
1.289634e+00 9.346668e-01 
1.297103e+00 9.346754e-01 
1.304573e+00 9.346840e-01 
1.312043e+00 9.346925e-01 
1.319512e+00 9.347009e-01 
1.326982e+00 9.347093e-01 
1.334451e+00 9.347176e-01 
1.341920e+00 9.347258e-01 
1.349390e+00 9.347341e-01 
1.356859e+00 9.347422e-01 
1.364328e+00 9.347504e-01 
1.371797e+00 9.347585e-01 
1.379267e+00 9.347667e-01 
1.386736e+00 9.347748e-01 
1.394205e+00 9.347828e-01 
1.401674e+00 9.347909e-01 
1.409143e+00 9.347989e-01 
1.416612e+00 9.348069e-01 
1.424081e+00 9.348150e-01 
1.431550e+00 9.348230e-01 
1.439019e+00 9.348309e-01 
1.446488e+00 9.348389e-01 
1.453957e+00 9.348469e-01 
1.461426e+00 9.348548e-01 
1.468895e+00 9.348628e-01 
1.476364e+00 9.348707e-01 
1.483833e+00 9.348786e-01 
1.491302e+00 9.348865e-01 
1.498771e+00 9.348945e-01 
1.506240e+00 9.349024e-01 
1.513709e+00 9.349103e-01 
1.521178e+00 9.349182e-01 
1.528646e+00 9.349261e-01 
1.155167e+00 9.401573e-01 
1.162639e+00 9.401684e-01 
1.170110e+00 9.401792e-01 
1.177581e+00 9.401898e-01 
1.185053e+00 9.402004e-01 
1.192523e+00 9.402107e-01 
1.199994e+00 9.402209e-01 
1.207465e+00 9.402309e-01 
1.214935e+00 9.402408e-01 
1.222406e+00 9.402506e-01 
1.229876e+00 9.402602e-01 
1.237346e+00 9.402698e-01 
1.244816e+00 9.402792e-01 
1.252286e+00 9.402886e-01 
1.259756e+00 9.402979e-01 
1.267226e+00 9.403071e-01 
1.274696e+00 9.403163e-01 
1.282166e+00 9.403254e-01 
1.289635e+00 9.403344e-01 
1.297105e+00 9.403434e-01 
1.304574e+00 9.403524e-01 
1.312044e+00 9.403613e-01 
1.319513e+00 9.403701e-01 
1.326983e+00 9.403789e-01 
1.334452e+00 9.403877e-01 
1.341921e+00 9.403964e-01 
1.349390e+00 9.404051e-01 
1.356860e+00 9.404137e-01 
1.364329e+00 9.404223e-01 
1.371798e+00 9.404309e-01 
1.379267e+00 9.404395e-01 
1.386736e+00 9.404481e-01 
1.394205e+00 9.404566e-01 
1.401674e+00 9.404652e-01 
1.409143e+00 9.404737e-01 
1.416612e+00 9.404822e-01 
1.424082e+00 9.404907e-01 
1.431551e+00 9.404992e-01 
1.439019e+00 9.405076e-01 
1.446488e+00 9.405161e-01 
1.453957e+00 9.405246e-01 
1.461426e+00 9.405330e-01 
1.468895e+00 9.405414e-01 
1.476364e+00 9.405499e-01 
1.483833e+00 9.405583e-01 
1.491302e+00 9.405667e-01 
1.498771e+00 9.405752e-01 
1.506240e+00 9.405836e-01 
1.513709e+00 9.405920e-01 
1.521178e+00 9.406004e-01 
1.528646e+00 9.406088e-01 
1.155173e+00 9.458239e-01 
1.162644e+00 9.458350e-01 
1.170115e+00 9.458459e-01 
1.177586e+00 9.458567e-01 
1.185057e+00 9.458674e-01 
1.192527e+00 9.458780e-01 
1.199998e+00 9.458884e-01 
1.207468e+00 9.458986e-01 
1.214939e+00 9.459088e-01 
1.222409e+00 9.459188e-01 
1.229879e+00 9.459288e-01 
1.237349e+00 9.459386e-01 
1.244819e+00 9.459484e-01 
1.252289e+00 9.459581e-01 
1.259758e+00 9.459678e-01 
1.267228e+00 9.459774e-01 
1.274698e+00 9.459869e-01 
1.282167e+00 9.459964e-01 
1.289637e+00 9.460058e-01 
1.297106e+00 9.460152e-01 
1.304576e+00 9.460246e-01 
1.312045e+00 9.460339e-01 
1.319514e+00 9.460431e-01 
1.326984e+00 9.460524e-01 
1.334453e+00 9.460615e-01 
1.341922e+00 9.460707e-01 
1.349391e+00 9.460798e-01 
1.356860e+00 9.460889e-01 
1.364329e+00 9.460980e-01 
1.371799e+00 9.461070e-01 
1.379268e+00 9.461161e-01 
1.386737e+00 9.461251e-01 
1.394206e+00 9.461341e-01 
1.401675e+00 9.461431e-01 
1.409144e+00 9.461521e-01 
1.416613e+00 9.461611e-01 
1.424082e+00 9.461701e-01 
1.431551e+00 9.461790e-01 
1.439020e+00 9.461880e-01 
1.446489e+00 9.461969e-01 
1.453958e+00 9.462059e-01 
1.461427e+00 9.462148e-01 
1.468895e+00 9.462237e-01 
1.476364e+00 9.462327e-01 
1.483833e+00 9.462416e-01 
1.491302e+00 9.462505e-01 
1.498771e+00 9.462594e-01 
1.506240e+00 9.462683e-01 
1.513709e+00 9.462773e-01 
1.521178e+00 9.462862e-01 
1.528646e+00 9.462951e-01 
1.155178e+00 9.514994e-01 
1.162649e+00 9.515106e-01 
1.170120e+00 9.515217e-01 
1.177591e+00 9.515327e-01 
1.185061e+00 9.515435e-01 
1.192531e+00 9.515542e-01 
1.200002e+00 9.515648e-01 
1.207472e+00 9.515753e-01 
1.214942e+00 9.515857e-01 
1.222412e+00 9.515960e-01 
1.229881e+00 9.516062e-01 
1.237351e+00 9.516164e-01 
1.244821e+00 9.516265e-01 
1.252291e+00 9.516365e-01 
1.259760e+00 9.516465e-01 
1.267230e+00 9.516564e-01 
1.274699e+00 9.516663e-01 
1.282169e+00 9.516761e-01 
1.289638e+00 9.516859e-01 
1.297107e+00 9.516956e-01 
1.304577e+00 9.517054e-01 
1.312046e+00 9.517151e-01 
1.319515e+00 9.517247e-01 
1.326984e+00 9.517343e-01 
1.334454e+00 9.517439e-01 
1.341923e+00 9.517535e-01 
1.349392e+00 9.517630e-01 
1.356861e+00 9.517725e-01 
1.364330e+00 9.517820e-01 
1.371799e+00 9.517915e-01 
1.379268e+00 9.518010e-01 
1.386737e+00 9.518105e-01 
1.394206e+00 9.518199e-01 
1.401675e+00 9.518294e-01 
1.409144e+00 9.518388e-01 
1.416613e+00 9.518482e-01 
1.424082e+00 9.518576e-01 
1.431551e+00 9.518671e-01 
1.439020e+00 9.518765e-01 
1.446489e+00 9.518859e-01 
1.453958e+00 9.518953e-01 
1.461427e+00 9.519046e-01 
1.468896e+00 9.519140e-01 
1.476364e+00 9.519234e-01 
1.483833e+00 9.519328e-01 
1.491302e+00 9.519422e-01 
1.498771e+00 9.519515e-01 
1.506240e+00 9.519609e-01 
1.513709e+00 9.519703e-01 
1.521178e+00 9.519797e-01 
1.528646e+00 9.519891e-01 
1.155184e+00 9.571937e-01 
1.162654e+00 9.572049e-01 
1.170125e+00 9.572160e-01 
1.177595e+00 9.572270e-01 
1.185065e+00 9.572380e-01 
1.192535e+00 9.572488e-01 
1.200005e+00 9.572596e-01 
1.207475e+00 9.572703e-01 
1.214945e+00 9.572808e-01 
1.222414e+00 9.572913e-01 
1.229884e+00 9.573018e-01 
1.237354e+00 9.573122e-01 
1.244823e+00 9.573225e-01 
1.252293e+00 9.573328e-01 
1.259762e+00 9.573430e-01 
1.267231e+00 9.573532e-01 
1.274701e+00 9.573634e-01 
1.282170e+00 9.573735e-01 
1.289639e+00 9.573836e-01 
1.297109e+00 9.573937e-01 
1.304578e+00 9.574037e-01 
1.312047e+00 9.574137e-01 
1.319516e+00 9.574237e-01 
1.326985e+00 9.574337e-01 
1.334454e+00 9.574436e-01 
1.341924e+00 9.574535e-01 
1.349393e+00 9.574634e-01 
1.356862e+00 9.574733e-01 
1.364331e+00 9.574831e-01 
1.371800e+00 9.574930e-01 
1.379269e+00 9.575028e-01 
1.386738e+00 9.575126e-01 
1.394207e+00 9.575225e-01 
1.401675e+00 9.575323e-01 
1.409144e+00 9.575421e-01 
1.416613e+00 9.575519e-01 
1.424082e+00 9.575617e-01 
1.431551e+00 9.575715e-01 
1.439020e+00 9.575813e-01 
1.446489e+00 9.575911e-01 
1.453958e+00 9.576008e-01 
1.461427e+00 9.576106e-01 
1.468896e+00 9.576204e-01 
1.476365e+00 9.576302e-01 
1.483833e+00 9.576399e-01 
1.491302e+00 9.576497e-01 
1.498771e+00 9.576595e-01 
1.506240e+00 9.576692e-01 
1.513709e+00 9.576790e-01 
1.521178e+00 9.576888e-01 
1.528646e+00 9.576986e-01 
1.155189e+00 9.629194e-01 
1.162659e+00 9.629306e-01 
1.170129e+00 9.629417e-01 
1.177599e+00 9.629527e-01 
1.185069e+00 9.629637e-01 
1.192539e+00 9.629745e-01 
1.200008e+00 9.629854e-01 
1.207478e+00 9.629961e-01 
1.214947e+00 9.630068e-01 
1.222417e+00 9.630174e-01 
1.229886e+00 9.630279e-01 
1.237356e+00 9.630385e-01 
1.244825e+00 9.630489e-01 
1.252295e+00 9.630594e-01 
1.259764e+00 9.630698e-01 
1.267233e+00 9.630801e-01 
1.274702e+00 9.630905e-01 
1.282171e+00 9.631008e-01 
1.289641e+00 9.631111e-01 
1.297110e+00 9.631214e-01 
1.304579e+00 9.631316e-01 
1.312048e+00 9.631419e-01 
1.319517e+00 9.631521e-01 
1.326986e+00 9.631623e-01 
1.334455e+00 9.631724e-01 
1.341924e+00 9.631826e-01 
1.349393e+00 9.631927e-01 
1.356862e+00 9.632028e-01 
1.364331e+00 9.632130e-01 
1.371800e+00 9.632231e-01 
1.379269e+00 9.632332e-01 
1.386738e+00 9.632433e-01 
1.394207e+00 9.632533e-01 
1.401676e+00 9.632634e-01 
1.409145e+00 9.632735e-01 
1.416614e+00 9.632836e-01 
1.424083e+00 9.632936e-01 
1.431551e+00 9.633037e-01 
1.439020e+00 9.633138e-01 
1.446489e+00 9.633238e-01 
1.453958e+00 9.633339e-01 
1.461427e+00 9.633439e-01 
1.468896e+00 9.633540e-01 
1.476365e+00 9.633640e-01 
1.483833e+00 9.633741e-01 
1.491302e+00 9.633841e-01 
1.498771e+00 9.633942e-01 
1.506240e+00 9.634042e-01 
1.513709e+00 9.634143e-01 
1.521178e+00 9.634243e-01 
1.528646e+00 9.634344e-01 
1.155194e+00 9.686960e-01 
1.162663e+00 9.687070e-01 
1.170133e+00 9.687179e-01 
1.177603e+00 9.687288e-01 
1.185072e+00 9.687396e-01 
1.192542e+00 9.687503e-01 
1.200011e+00 9.687610e-01 
1.207481e+00 9.687717e-01 
1.214950e+00 9.687823e-01 
1.222419e+00 9.687929e-01 
1.229889e+00 9.688034e-01 
1.237358e+00 9.688139e-01 
1.244827e+00 9.688243e-01 
1.252296e+00 9.688347e-01 
1.259765e+00 9.688452e-01 
1.267235e+00 9.688555e-01 
1.274704e+00 9.688659e-01 
1.282173e+00 9.688762e-01 
1.289642e+00 9.688866e-01 
1.297111e+00 9.688969e-01 
1.304580e+00 9.689072e-01 
1.312049e+00 9.689174e-01 
1.319518e+00 9.689277e-01 
1.326987e+00 9.689379e-01 
1.334456e+00 9.689482e-01 
1.341925e+00 9.689584e-01 
1.349394e+00 9.689686e-01 
1.356863e+00 9.689788e-01 
1.364332e+00 9.689890e-01 
1.371801e+00 9.689992e-01 
1.379269e+00 9.690093e-01 
1.386738e+00 9.690195e-01 
1.394207e+00 9.690297e-01 
1.401676e+00 9.690398e-01 
1.409145e+00 9.690500e-01 
1.416614e+00 9.690602e-01 
1.424083e+00 9.690703e-01 
1.431552e+00 9.690805e-01 
1.439020e+00 9.690906e-01 
1.446489e+00 9.691008e-01 
1.453958e+00 9.691109e-01 
1.461427e+00 9.691211e-01 
1.468896e+00 9.691312e-01 
1.476365e+00 9.691414e-01 
1.483834e+00 9.691515e-01 
1.491302e+00 9.691617e-01 
1.498771e+00 9.691718e-01 
1.506240e+00 9.691819e-01 
1.513709e+00 9.691921e-01 
1.521178e+00 9.692022e-01 
1.528646e+00 9.692124e-01 
1.155198e+00 9.745524e-01 
1.162667e+00 9.745630e-01 
1.170137e+00 9.745735e-01 
1.177606e+00 9.745839e-01 
1.185075e+00 9.745943e-01 
1.192545e+00 9.746047e-01 
1.200014e+00 9.746150e-01 
1.207483e+00 9.746253e-01 
1.214952e+00 9.746356e-01 
1.222421e+00 9.746458e-01 
1.229891e+00 9.746560e-01 
1.237360e+00 9.746662e-01 
1.244829e+00 9.746764e-01 
1.252298e+00 9.746865e-01 
1.259767e+00 9.746967e-01 
1.267236e+00 9.747068e-01 
1.274705e+00 9.747169e-01 
1.282174e+00 9.747269e-01 
1.289643e+00 9.747370e-01 
1.297112e+00 9.747471e-01 
1.304581e+00 9.747571e-01 
1.312050e+00 9.747671e-01 
1.319519e+00 9.747772e-01 
1.326988e+00 9.747872e-01 
1.334457e+00 9.747972e-01 
1.341925e+00 9.748072e-01 
1.349394e+00 9.748172e-01 
1.356863e+00 9.748271e-01 
1.364332e+00 9.748371e-01 
1.371801e+00 9.748471e-01 
1.379270e+00 9.748570e-01 
1.386739e+00 9.748670e-01 
1.394208e+00 9.748769e-01 
1.401676e+00 9.748869e-01 
1.409145e+00 9.748969e-01 
1.416614e+00 9.749068e-01 
1.424083e+00 9.749168e-01 
1.431552e+00 9.749267e-01 
1.439021e+00 9.749366e-01 
1.446489e+00 9.749466e-01 
1.453958e+00 9.749565e-01 
1.461427e+00 9.749665e-01 
1.468896e+00 9.749764e-01 
1.476365e+00 9.749863e-01 
1.483834e+00 9.749963e-01 
1.491302e+00 9.750062e-01 
1.498771e+00 9.750162e-01 
1.506240e+00 9.750261e-01 
1.513709e+00 9.750360e-01 
1.521178e+00 9.750460e-01 
1.528646e+00 9.750559e-01 
1.155201e+00 9.805228e-01 
1.162671e+00 9.805324e-01 
1.170140e+00 9.805421e-01 
1.177609e+00 9.805517e-01 
1.185078e+00 9.805612e-01 
1.192547e+00 9.805708e-01 
1.200016e+00 9.805803e-01 
1.207485e+00 9.805898e-01 
1.214954e+00 9.805993e-01 
1.222423e+00 9.806087e-01 
1.229892e+00 9.806181e-01 
1.237361e+00 9.806276e-01 
1.244830e+00 9.806370e-01 
1.252299e+00 9.806464e-01 
1.259768e+00 9.806558e-01 
1.267237e+00 9.806651e-01 
1.274706e+00 9.806745e-01 
1.282175e+00 9.806839e-01 
1.289644e+00 9.806932e-01 
1.297113e+00 9.807025e-01 
1.304582e+00 9.807119e-01 
1.312050e+00 9.807212e-01 
1.319519e+00 9.807305e-01 
1.326988e+00 9.807398e-01 
1.334457e+00 9.807491e-01 
1.341926e+00 9.807584e-01 
1.349395e+00 9.807677e-01 
1.356864e+00 9.807770e-01 
1.364332e+00 9.807863e-01 
1.371801e+00 9.807955e-01 
1.379270e+00 9.808048e-01 
1.386739e+00 9.808141e-01 
1.394208e+00 9.808234e-01 
1.401677e+00 9.808326e-01 
1.409145e+00 9.808419e-01 
1.416614e+00 9.808511e-01 
1.424083e+00 9.808604e-01 
1.431552e+00 9.808697e-01 
1.439021e+00 9.808789e-01 
1.446490e+00 9.808882e-01 
1.453958e+00 9.808974e-01 
1.461427e+00 9.809067e-01 
1.468896e+00 9.809159e-01 
1.476365e+00 9.809252e-01 
1.483834e+00 9.809344e-01 
1.491302e+00 9.809437e-01 
1.498771e+00 9.809529e-01 
1.506240e+00 9.809622e-01 
1.513709e+00 9.809714e-01 
1.521178e+00 9.809807e-01 
1.528646e+00 9.809899e-01 
1.155204e+00 9.866734e-01 
1.162673e+00 9.866814e-01 
1.170142e+00 9.866894e-01 
1.177611e+00 9.866974e-01 
1.185080e+00 9.867053e-01 
1.192549e+00 9.867133e-01 
1.200018e+00 9.867212e-01 
1.207487e+00 9.867292e-01 
1.214956e+00 9.867371e-01 
1.222425e+00 9.867450e-01 
1.229894e+00 9.867529e-01 
1.237362e+00 9.867608e-01 
1.244831e+00 9.867687e-01 
1.252300e+00 9.867766e-01 
1.259769e+00 9.867844e-01 
1.267238e+00 9.867923e-01 
1.274707e+00 9.868001e-01 
1.282176e+00 9.868080e-01 
1.289644e+00 9.868158e-01 
1.297113e+00 9.868237e-01 
1.304582e+00 9.868315e-01 
1.312051e+00 9.868393e-01 
1.319520e+00 9.868472e-01 
1.326989e+00 9.868550e-01 
1.334457e+00 9.868628e-01 
1.341926e+00 9.868706e-01 
1.349395e+00 9.868784e-01 
1.356864e+00 9.868862e-01 
1.364333e+00 9.868940e-01 
1.371802e+00 9.869018e-01 
1.379270e+00 9.869096e-01 
1.386739e+00 9.869174e-01 
1.394208e+00 9.869252e-01 
1.401677e+00 9.869330e-01 
1.409146e+00 9.869408e-01 
1.416614e+00 9.869486e-01 
1.424083e+00 9.869564e-01 
1.431552e+00 9.869641e-01 
1.439021e+00 9.869719e-01 
1.446490e+00 9.869797e-01 
1.453958e+00 9.869875e-01 
1.461427e+00 9.869953e-01 
1.468896e+00 9.870030e-01 
1.476365e+00 9.870108e-01 
1.483834e+00 9.870186e-01 
1.491302e+00 9.870263e-01 
1.498771e+00 9.870341e-01 
1.506240e+00 9.870419e-01 
1.513709e+00 9.870496e-01 
1.521178e+00 9.870574e-01 
1.528647e+00 9.870651e-01 
1.155206e+00 9.931235e-01 
1.162675e+00 9.931285e-01 
1.170144e+00 9.931336e-01 
1.177613e+00 9.931387e-01 
1.185081e+00 9.931438e-01 
1.192550e+00 9.931488e-01 
1.200019e+00 9.931539e-01 
1.207488e+00 9.931589e-01 
1.214957e+00 9.931640e-01 
1.222426e+00 9.931690e-01 
1.229894e+00 9.931741e-01 
1.237363e+00 9.931791e-01 
1.244832e+00 9.931842e-01 
1.252301e+00 9.931892e-01 
1.259770e+00 9.931942e-01 
1.267238e+00 9.931992e-01 
1.274707e+00 9.932042e-01 
1.282176e+00 9.932093e-01 
1.289645e+00 9.932143e-01 
1.297114e+00 9.932193e-01 
1.304582e+00 9.932243e-01 
1.312051e+00 9.932293e-01 
1.319520e+00 9.932343e-01 
1.326989e+00 9.932393e-01 
1.334458e+00 9.932443e-01 
1.341926e+00 9.932493e-01 
1.349395e+00 9.932543e-01 
1.356864e+00 9.932592e-01 
1.364333e+00 9.932642e-01 
1.371802e+00 9.932692e-01 
1.379270e+00 9.932742e-01 
1.386739e+00 9.932792e-01 
1.394208e+00 9.932841e-01 
1.401677e+00 9.932891e-01 
1.409146e+00 9.932941e-01 
1.416615e+00 9.932990e-01 
1.424083e+00 9.933040e-01 
1.431552e+00 9.933090e-01 
1.439021e+00 9.933139e-01 
1.446490e+00 9.933189e-01 
1.453959e+00 9.933238e-01 
1.461427e+00 9.933288e-01 
1.468896e+00 9.933337e-01 
1.476365e+00 9.933387e-01 
1.483834e+00 9.933436e-01 
1.491303e+00 9.933486e-01 
1.498771e+00 9.933535e-01 
1.506240e+00 9.933585e-01 
1.513709e+00 9.933634e-01 
1.521178e+00 9.933683e-01 
1.528647e+00 9.933733e-01 
1.155207e+00 1.000000e+00 
1.162675e+00 1.000000e+00 
1.170144e+00 1.000000e+00 
1.177613e+00 1.000000e+00 
1.185082e+00 1.000000e+00 
1.192551e+00 1.000000e+00 
1.200019e+00 1.000000e+00 
1.207488e+00 1.000000e+00 
1.214957e+00 1.000000e+00 
1.222426e+00 1.000000e+00 
1.229895e+00 1.000000e+00 
1.237363e+00 1.000000e+00 
1.244832e+00 1.000000e+00 
1.252301e+00 1.000000e+00 
1.259770e+00 1.000000e+00 
1.267239e+00 1.000000e+00 
1.274707e+00 1.000000e+00 
1.282176e+00 1.000000e+00 
1.289645e+00 1.000000e+00 
1.297114e+00 1.000000e+00 
1.304583e+00 1.000000e+00 
1.312051e+00 1.000000e+00 
1.319520e+00 1.000000e+00 
1.326989e+00 1.000000e+00 
1.334458e+00 1.000000e+00 
1.341927e+00 1.000000e+00 
1.349395e+00 1.000000e+00 
1.356864e+00 1.000000e+00 
1.364333e+00 1.000000e+00 
1.371802e+00 1.000000e+00 
1.379271e+00 1.000000e+00 
1.386739e+00 1.000000e+00 
1.394208e+00 1.000000e+00 
1.401677e+00 1.000000e+00 
1.409146e+00 1.000000e+00 
1.416615e+00 1.000000e+00 
1.424083e+00 1.000000e+00 
1.431552e+00 1.000000e+00 
1.439021e+00 1.000000e+00 
1.446490e+00 1.000000e+00 
1.453959e+00 1.000000e+00 
1.461427e+00 1.000000e+00 
1.468896e+00 1.000000e+00 
1.476365e+00 1.000000e+00 
1.483834e+00 1.000000e+00 
1.491303e+00 1.000000e+00 
1.498771e+00 1.000000e+00 
1.506240e+00 1.000000e+00 
1.513709e+00 1.000000e+00 
1.521178e+00 1.000000e+00 
1.528647e+00 1.000000e+00 
BC
-1
-1
-1
-1
-1
-1
-1
-1
-1
-1
-1
-1
-1
-1
-1
-1
-1
-1
-1
-1
-1
-1
-1
-1
-1
-1
-1
-1
-1
-1
-1
-1
-1
-1
-1
-1
-1
-1
-1
-1
-1
-1
-1
-1
-1
-1
-1
-1
-1
-1
-1
-1
-1
-1
-1
-1
-1
-1
-1
-1
-1
-1
-1
-1
-1
-1
-1
-1
-1
-1
-1
-1
-1
-1
-1
-1
-1
-1
-1
-1
-1
-1
-1
-1
-1
-1
-1
-1
-1
-1
-1
-1
-1
-1
-1
4
4
4
4
4
4
4
4
4
4
4
4
4
4
4
4
4
4
4
4
4
4
4
4
4
4
4
4
4
4
4
4
4
4
4
4
4
4
4
4
4
4
4
4
4
4
4
4
4
4
-1
-1
-1
-1
-1
-1
-1
-1
-1
-1
-1
-1
-1
-1
-1
-1
-1
-1
-1
-1
-1
-1
-1
-1
-1
-1
-1
-1
-1
-1
-1
-1
-1
-1
-1
-1
-1
-1
-1
-1
-1
-1
-1
-1
-1
