npart: 8 3 
ipart: 0 1 
ngrid: 51 48 
0.000000e+00 3.381295e-01 
1.090492e-02 3.380881e-01 
2.130816e-02 3.379379e-01 
3.139450e-02 3.377187e-01 
4.130816e-02 3.374616e-01 
5.109871e-02 3.371785e-01 
6.082506e-02 3.368777e-01 
7.051185e-02 3.365691e-01 
8.017512e-02 3.362576e-01 
8.981723e-02 3.359534e-01 
9.944394e-02 3.356589e-01 
1.090564e-01 3.353796e-01 
1.186539e-01 3.351189e-01 
1.282345e-01 3.348827e-01 
1.377947e-01 3.346746e-01 
1.473314e-01 3.344993e-01 
1.568404e-01 3.343609e-01 
1.663188e-01 3.342643e-01 
1.757623e-01 3.342126e-01 
1.851673e-01 3.342095e-01 
1.945297e-01 3.342583e-01 
2.038452e-01 3.343628e-01 
2.131097e-01 3.345262e-01 
2.223183e-01 3.347520e-01 
2.314664e-01 3.350432e-01 
2.405491e-01 3.354029e-01 
2.495613e-01 3.358342e-01 
2.584984e-01 3.363397e-01 
2.673558e-01 3.369217e-01 
2.761301e-01 3.375822e-01 
2.848153e-01 3.383233e-01 
2.934091e-01 3.391462e-01 
3.019076e-01 3.400525e-01 
3.103104e-01 3.410429e-01 
3.186084e-01 3.421189e-01 
3.253223e-01 3.430678e-01 
3.319645e-01 3.440809e-01 
3.385369e-01 3.451570e-01 
3.450404e-01 3.462952e-01 
3.514771e-01 3.474945e-01 
3.578499e-01 3.487542e-01 
3.641625e-01 3.500734e-01 
3.704186e-01 3.514515e-01 
3.766219e-01 3.528877e-01 
3.827762e-01 3.543814e-01 
3.888851e-01 3.559320e-01 
3.949524e-01 3.575389e-01 
4.009817e-01 3.592014e-01 
4.069768e-01 3.609192e-01 
4.129413e-01 3.626917e-01 
4.188789e-01 3.645189e-01 
0.000000e+00 3.453237e-01 
1.088006e-02 3.452834e-01 
2.125539e-02 3.451359e-01 
3.131197e-02 3.449206e-01 
4.119492e-02 3.446681e-01 
5.095413e-02 3.443902e-01 
6.064878e-02 3.440951e-01 
7.030375e-02 3.437923e-01 
7.993521e-02 3.434869e-01 
8.954576e-02 3.431889e-01 
9.914115e-02 3.429007e-01 
1.087226e-01 3.426275e-01 
1.182893e-01 3.423729e-01 
1.278395e-01 3.421426e-01 
1.373698e-01 3.419401e-01 
1.468771e-01 3.417700e-01 
1.563572e-01 3.416365e-01 
1.658075e-01 3.415444e-01 
1.752237e-01 3.414966e-01 
1.846021e-01 3.414969e-01 
1.939388e-01 3.415485e-01 
2.032295e-01 3.416551e-01 
2.124704e-01 3.418199e-01 
2.216566e-01 3.420461e-01 
2.307835e-01 3.423369e-01 
2.398465e-01 3.426952e-01 
2.488405e-01 3.431239e-01 
2.577611e-01 3.436256e-01 
2.666038e-01 3.442026e-01 
2.753652e-01 3.448567e-01 
2.840396e-01 3.455898e-01 
2.926245e-01 3.464031e-01 
3.011164e-01 3.472981e-01 
3.095148e-01 3.482753e-01 
3.178109e-01 3.493366e-01 
3.245248e-01 3.502722e-01 
3.311688e-01 3.512707e-01 
3.377446e-01 3.523312e-01 
3.442530e-01 3.534527e-01 
3.506962e-01 3.546343e-01 
3.570772e-01 3.558752e-01 
3.633994e-01 3.571745e-01 
3.696666e-01 3.585314e-01 
3.758824e-01 3.599454e-01 
3.820505e-01 3.614159e-01 
3.881744e-01 3.629420e-01 
3.942580e-01 3.645233e-01 
4.003049e-01 3.661592e-01 
4.063186e-01 3.678492e-01 
4.123028e-01 3.695928e-01 
4.182612e-01 3.713899e-01 
0.000000e+00 3.525180e-01 
1.085556e-02 3.524787e-01 
2.120381e-02 3.523339e-01 
3.123167e-02 3.521224e-01 
4.108510e-02 3.518743e-01 
5.081425e-02 3.516013e-01 
6.047847e-02 3.513115e-01 
7.010290e-02 3.510143e-01 
7.970380e-02 3.507145e-01 
8.928406e-02 3.504223e-01 
9.884931e-02 3.501399e-01 
1.084009e-01 3.498724e-01 
1.179379e-01 3.496233e-01 
1.274590e-01 3.493984e-01 
1.369605e-01 3.492009e-01 
1.464395e-01 3.490355e-01 
1.558919e-01 3.489063e-01 
1.653151e-01 3.488180e-01 
1.747050e-01 3.487736e-01 
1.840579e-01 3.487767e-01 
1.933700e-01 3.488304e-01 
2.026372e-01 3.489384e-01 
2.118554e-01 3.491038e-01 
2.210203e-01 3.493298e-01 
2.301270e-01 3.496193e-01 
2.391714e-01 3.499754e-01 
2.481482e-01 3.504009e-01 
2.570533e-01 3.508981e-01 
2.658822e-01 3.514693e-01 
2.746316e-01 3.521162e-01 
2.832959e-01 3.528406e-01 
2.918729e-01 3.536437e-01 
3.003588e-01 3.545268e-01 
3.087535e-01 3.554905e-01 
3.170481e-01 3.565362e-01 
3.237624e-01 3.574578e-01 
3.304084e-01 3.584415e-01 
3.369878e-01 3.594861e-01 
3.435014e-01 3.605909e-01 
3.499514e-01 3.617546e-01 
3.563406e-01 3.629766e-01 
3.626724e-01 3.642559e-01 
3.689507e-01 3.655919e-01 
3.751788e-01 3.669838e-01 
3.813606e-01 3.684312e-01 
3.874995e-01 3.699332e-01 
3.935991e-01 3.714893e-01 
3.996632e-01 3.730990e-01 
4.056953e-01 3.747616e-01 
4.116989e-01 3.764769e-01 
4.176776e-01 3.782446e-01 
0.000000e+00 3.597122e-01 
1.083135e-02 3.596742e-01 
2.115321e-02 3.595320e-01 
3.115338e-02 3.593241e-01 
4.097840e-02 3.590802e-01 
5.067869e-02 3.588120e-01 
6.031374e-02 3.585271e-01 
6.990886e-02 3.582350e-01 
7.948045e-02 3.579406e-01 
8.903160e-02 3.576537e-01 
9.856791e-02 3.573767e-01 
1.080908e-01 3.571145e-01 
1.175994e-01 3.568705e-01 
1.270924e-01 3.566504e-01 
1.365662e-01 3.564574e-01 
1.460179e-01 3.562962e-01 
1.554436e-01 3.561707e-01 
1.648410e-01 3.560857e-01 
1.742056e-01 3.560441e-01 
1.835341e-01 3.560493e-01 
1.928226e-01 3.561045e-01 
2.020672e-01 3.562133e-01 
2.112639e-01 3.563787e-01 
2.204083e-01 3.566038e-01 
2.294960e-01 3.568915e-01 
2.385227e-01 3.572448e-01 
2.474833e-01 3.576663e-01 
2.563738e-01 3.581584e-01 
2.651898e-01 3.587231e-01 
2.739281e-01 3.593623e-01 
2.825832e-01 3.600775e-01 
2.911529e-01 3.608700e-01 
2.996337e-01 3.617408e-01 
3.080252e-01 3.626905e-01 
3.163190e-01 3.637208e-01 
3.230342e-01 3.646286e-01 
3.296827e-01 3.655974e-01 
3.362661e-01 3.666262e-01 
3.427852e-01 3.677141e-01 
3.492422e-01 3.688600e-01 
3.556398e-01 3.700632e-01 
3.619814e-01 3.713226e-01 
3.682708e-01 3.726377e-01 
3.745113e-01 3.740078e-01 
3.807067e-01 3.754323e-01 
3.868604e-01 3.769105e-01 
3.929761e-01 3.784418e-01 
3.990573e-01 3.800256e-01 
4.051074e-01 3.816614e-01 
4.111301e-01 3.833488e-01 
4.171290e-01 3.850876e-01 
0.000000e+00 3.669065e-01 
1.080743e-02 3.668698e-01 
2.110360e-02 3.667302e-01 
3.107698e-02 3.665259e-01 
4.087465e-02 3.662860e-01 
5.054722e-02 3.660221e-01 
6.015425e-02 3.657420e-01 
6.972127e-02 3.654548e-01 
7.926472e-02 3.651654e-01 
8.878792e-02 3.648835e-01 
9.829642e-02 3.646114e-01 
1.077917e-01 3.643541e-01 
1.172729e-01 3.641147e-01 
1.267389e-01 3.638990e-01 
1.361861e-01 3.637102e-01 
1.456117e-01 3.635527e-01 
1.550118e-01 3.634305e-01 
1.643843e-01 3.633483e-01 
1.737247e-01 3.633089e-01 
1.830298e-01 3.633158e-01 
1.922958e-01 3.633720e-01 
2.015188e-01 3.634810e-01 
2.106950e-01 3.636459e-01 
2.198200e-01 3.638695e-01 
2.288896e-01 3.641549e-01 
2.378995e-01 3.645047e-01 
2.468449e-01 3.649217e-01 
2.557217e-01 3.654081e-01 
2.645257e-01 3.659660e-01 
2.732537e-01 3.665969e-01 
2.819004e-01 3.673025e-01 
2.904636e-01 3.680839e-01 
2.989399e-01 3.689422e-01 
3.073290e-01 3.698779e-01 
3.156225e-01 3.708924e-01 
3.223391e-01 3.717861e-01 
3.289905e-01 3.727401e-01 
3.355782e-01 3.737530e-01 
3.421032e-01 3.748241e-01 
3.485673e-01 3.759522e-01 
3.549735e-01 3.771366e-01 
3.613250e-01 3.783763e-01 
3.676255e-01 3.796708e-01 
3.738785e-01 3.810193e-01 
3.800876e-01 3.824212e-01 
3.862560e-01 3.838759e-01 
3.923875e-01 3.853827e-01 
3.984856e-01 3.869411e-01 
4.045537e-01 3.885505e-01 
4.105953e-01 3.902104e-01 
4.166139e-01 3.919209e-01 
0.000000e+00 3.741007e-01 
1.078376e-02 3.740655e-01 
2.105486e-02 3.739285e-01 
3.100234e-02 3.737275e-01 
4.077366e-02 3.734915e-01 
5.041959e-02 3.732319e-01 
5.999976e-02 3.729562e-01 
6.953980e-02 3.726736e-01 
7.905626e-02 3.723889e-01 
8.855262e-02 3.721117e-01 
9.803443e-02 3.718443e-01 
1.075032e-01 3.715914e-01 
1.169581e-01 3.713563e-01 
1.263982e-01 3.711447e-01 
1.358198e-01 3.709595e-01 
1.452203e-01 3.708053e-01 
1.545959e-01 3.706860e-01 
1.639445e-01 3.706062e-01 
1.732618e-01 3.705686e-01 
1.825445e-01 3.705767e-01 
1.917890e-01 3.706334e-01 
2.009914e-01 3.707422e-01 
2.101480e-01 3.709060e-01 
2.192546e-01 3.711278e-01 
2.283070e-01 3.714103e-01 
2.373011e-01 3.717562e-01 
2.462321e-01 3.721683e-01 
2.550961e-01 3.726485e-01 
2.638889e-01 3.731991e-01 
2.726075e-01 3.738213e-01 
2.812465e-01 3.745170e-01 
2.898040e-01 3.752871e-01 
2.982764e-01 3.761326e-01 
3.066637e-01 3.770539e-01 
3.149576e-01 3.780528e-01 
3.216760e-01 3.789327e-01 
3.283307e-01 3.798718e-01 
3.349232e-01 3.808689e-01 
3.414542e-01 3.819232e-01 
3.479258e-01 3.830337e-01 
3.543407e-01 3.841995e-01 
3.607023e-01 3.854196e-01 
3.670141e-01 3.866936e-01 
3.732796e-01 3.880208e-01 
3.795022e-01 3.894004e-01 
3.856854e-01 3.908319e-01 
3.918327e-01 3.923145e-01 
3.979476e-01 3.938478e-01 
4.040334e-01 3.954312e-01 
4.100937e-01 3.970643e-01 
4.161319e-01 3.987468e-01 
0.000000e+00 3.812950e-01 
1.076035e-02 3.812612e-01 
2.100702e-02 3.811268e-01 
3.092943e-02 3.809292e-01 
4.067536e-02 3.806968e-01 
5.029567e-02 3.804412e-01 
5.985002e-02 3.801697e-01 
6.936418e-02 3.798915e-01 
7.885473e-02 3.796113e-01 
8.832534e-02 3.793385e-01 
9.778151e-02 3.790754e-01 
1.072248e-01 3.788267e-01 
1.166546e-01 3.785957e-01 
1.260698e-01 3.783877e-01 
1.354668e-01 3.782059e-01 
1.448433e-01 3.780548e-01 
1.541954e-01 3.779379e-01 
1.635211e-01 3.778601e-01 
1.728162e-01 3.778240e-01 
1.820776e-01 3.778328e-01 
1.913015e-01 3.778897e-01 
2.004842e-01 3.779979e-01 
2.096223e-01 3.781602e-01 
2.187114e-01 3.783797e-01 
2.277475e-01 3.786589e-01 
2.367267e-01 3.790006e-01 
2.456443e-01 3.794073e-01 
2.544963e-01 3.798811e-01 
2.632787e-01 3.804239e-01 
2.719886e-01 3.810372e-01 
2.806207e-01 3.817227e-01 
2.891731e-01 3.824811e-01 
2.976423e-01 3.833136e-01 
3.060283e-01 3.842205e-01 
3.143230e-01 3.852033e-01 
3.210436e-01 3.860689e-01 
3.277018e-01 3.869930e-01 
3.342992e-01 3.879742e-01 
3.408365e-01 3.890117e-01 
3.473158e-01 3.901045e-01 
3.537396e-01 3.912518e-01 
3.601113e-01 3.924526e-01 
3.664345e-01 3.937063e-01 
3.727124e-01 3.950123e-01 
3.789487e-01 3.963699e-01 
3.851466e-01 3.977785e-01 
3.913095e-01 3.992374e-01 
3.974410e-01 4.007460e-01 
4.035444e-01 4.023039e-01 
4.096231e-01 4.039104e-01 
4.156806e-01 4.055656e-01 
0.000000e+00 3.884892e-01 
1.073716e-02 3.884571e-01 
2.095995e-02 3.883251e-01 
3.085811e-02 3.881307e-01 
4.057955e-02 3.879018e-01 
5.017523e-02 3.876501e-01 
5.970481e-02 3.873827e-01 
6.919413e-02 3.871086e-01 
7.865984e-02 3.868326e-01 
8.810574e-02 3.865640e-01 
9.753734e-02 3.863050e-01 
1.069563e-01 3.860602e-01 
1.163618e-01 3.858329e-01 
1.257531e-01 3.856283e-01 
1.351267e-01 3.854496e-01 
1.444800e-01 3.853011e-01 
1.538096e-01 3.851864e-01 
1.631135e-01 3.851103e-01 
1.723874e-01 3.850752e-01 
1.816284e-01 3.850845e-01 
1.908327e-01 3.851411e-01 
1.999968e-01 3.852484e-01 
2.091171e-01 3.854089e-01 
2.181897e-01 3.856257e-01 
2.272105e-01 3.859014e-01 
2.361756e-01 3.862384e-01 
2.450805e-01 3.866394e-01 
2.539214e-01 3.871064e-01 
2.626942e-01 3.876413e-01 
2.713961e-01 3.882454e-01 
2.800220e-01 3.889204e-01 
2.885699e-01 3.896670e-01 
2.970366e-01 3.904864e-01 
3.054219e-01 3.913786e-01 
3.137179e-01 3.923455e-01 
3.204411e-01 3.931970e-01 
3.271032e-01 3.941061e-01 
3.337059e-01 3.950714e-01 
3.402497e-01 3.960923e-01 
3.467368e-01 3.971676e-01 
3.531697e-01 3.982965e-01 
3.595518e-01 3.994781e-01 
3.658864e-01 4.007118e-01 
3.721769e-01 4.019969e-01 
3.784267e-01 4.033328e-01 
3.846392e-01 4.047188e-01 
3.908178e-01 4.061543e-01 
3.969658e-01 4.076386e-01 
4.030866e-01 4.091713e-01 
4.091835e-01 4.107518e-01 
4.152600e-01 4.123801e-01 
0.000000e+00 3.956835e-01 
1.071419e-02 3.956530e-01 
2.091368e-02 3.955235e-01 
3.078832e-02 3.953321e-01 
4.048614e-02 3.951067e-01 
5.005814e-02 3.948587e-01 
5.956393e-02 3.945951e-01 
6.902943e-02 3.943250e-01 
7.847131e-02 3.940529e-01 
8.789353e-02 3.937883e-01 
9.730155e-02 3.935331e-01 
1.066971e-01 3.932920e-01 
1.160794e-01 3.930681e-01 
1.254478e-01 3.928667e-01 
1.347989e-01 3.926908e-01 
1.441302e-01 3.925446e-01 
1.534382e-01 3.924319e-01 
1.627211e-01 3.923571e-01 
1.719749e-01 3.923228e-01 
1.811963e-01 3.923323e-01 
1.903820e-01 3.923884e-01 
1.995283e-01 3.924943e-01 
2.086319e-01 3.926527e-01 
2.176888e-01 3.928665e-01 
2.266950e-01 3.931383e-01 
2.356470e-01 3.934704e-01 
2.445401e-01 3.938654e-01 
2.533706e-01 3.943254e-01 
2.621345e-01 3.948521e-01 
2.708292e-01 3.954468e-01 
2.794496e-01 3.961112e-01 
2.879937e-01 3.968459e-01 
2.964583e-01 3.976521e-01 
3.048435e-01 3.985296e-01 
3.131412e-01 3.994805e-01 
3.198673e-01 4.003180e-01 
3.265337e-01 4.012121e-01 
3.331419e-01 4.021618e-01 
3.396926e-01 4.031661e-01 
3.461878e-01 4.042241e-01 
3.526300e-01 4.053348e-01 
3.590224e-01 4.064974e-01 
3.653685e-01 4.077113e-01 
3.716716e-01 4.089758e-01 
3.779351e-01 4.102902e-01 
3.841622e-01 4.116539e-01 
3.903562e-01 4.130663e-01 
3.965207e-01 4.145267e-01 
4.026587e-01 4.160345e-01 
4.087736e-01 4.175895e-01 
4.148689e-01 4.191913e-01 
0.000000e+00 4.028777e-01 
1.069141e-02 4.028489e-01 
2.086809e-02 4.027219e-01 
3.071996e-02 4.025335e-01 
4.039500e-02 4.023114e-01 
4.994423e-02 4.020668e-01 
5.942720e-02 4.018070e-01 
6.886986e-02 4.015406e-01 
7.828891e-02 4.012724e-01 
8.768842e-02 4.010115e-01 
9.707384e-02 4.007599e-01 
1.064469e-01 4.005222e-01 
1.158070e-01 4.003015e-01 
1.251536e-01 4.001030e-01 
1.344830e-01 3.999296e-01 
1.437932e-01 3.997855e-01 
1.530806e-01 3.996744e-01 
1.623436e-01 3.996007e-01 
1.715780e-01 3.995670e-01 
1.807809e-01 3.995763e-01 
1.899488e-01 3.996316e-01 
1.990783e-01 3.997359e-01 
2.081660e-01 3.998920e-01 
2.172080e-01 4.001026e-01 
2.262006e-01 4.003701e-01 
2.351401e-01 4.006971e-01 
2.440221e-01 4.010860e-01 
2.528430e-01 4.015386e-01 
2.615988e-01 4.020570e-01 
2.702869e-01 4.026422e-01 
2.789023e-01 4.032958e-01 
2.874432e-01 4.040186e-01 
2.959065e-01 4.048115e-01 
3.042920e-01 4.056745e-01 
3.125921e-01 4.066096e-01 
3.193216e-01 4.074333e-01 
3.259926e-01 4.083127e-01 
3.326066e-01 4.092468e-01 
3.391644e-01 4.102347e-01 
3.456678e-01 4.112756e-01 
3.521195e-01 4.123684e-01 
3.585225e-01 4.135122e-01 
3.648802e-01 4.147065e-01 
3.711960e-01 4.159506e-01 
3.774731e-01 4.172439e-01 
3.837147e-01 4.185856e-01 
3.899242e-01 4.199751e-01 
3.961049e-01 4.214119e-01 
4.022600e-01 4.228954e-01 
4.083928e-01 4.244251e-01 
4.145066e-01 4.260009e-01 
0.000000e+00 4.100719e-01 
1.066883e-02 4.100449e-01 
2.082323e-02 4.099203e-01 
3.065302e-02 4.097348e-01 
4.030608e-02 4.095159e-01 
4.983342e-02 4.092747e-01 
5.929446e-02 4.090184e-01 
6.871521e-02 4.087556e-01 
7.811237e-02 4.084910e-01 
8.749013e-02 4.082336e-01 
9.685390e-02 4.079855e-01 
1.062055e-01 4.077511e-01 
1.155443e-01 4.075333e-01 
1.248699e-01 4.073375e-01 
1.341787e-01 4.071664e-01 
1.434686e-01 4.070242e-01 
1.527363e-01 4.069145e-01 
1.619803e-01 4.068417e-01 
1.711963e-01 4.068082e-01 
1.803815e-01 4.068172e-01 
1.895325e-01 4.068714e-01 
1.986460e-01 4.069740e-01 
2.077187e-01 4.071274e-01 
2.167468e-01 4.073345e-01 
2.257264e-01 4.075977e-01 
2.346543e-01 4.079193e-01 
2.435260e-01 4.083018e-01 
2.523379e-01 4.087470e-01 
2.610863e-01 4.092569e-01 
2.697685e-01 4.098324e-01 
2.783796e-01 4.104753e-01 
2.869179e-01 4.111860e-01 
2.953802e-01 4.119657e-01 
3.037667e-01 4.128142e-01 
3.120695e-01 4.137335e-01 
3.188026e-01 4.145432e-01 
3.254785e-01 4.154080e-01 
3.320986e-01 4.163266e-01 
3.386637e-01 4.172984e-01 
3.451756e-01 4.183222e-01 
3.516368e-01 4.193972e-01 
3.580504e-01 4.205225e-01 
3.644199e-01 4.216975e-01 
3.707483e-01 4.229214e-01 
3.770390e-01 4.241938e-01 
3.832951e-01 4.255138e-01 
3.895200e-01 4.268809e-01 
3.957169e-01 4.282944e-01 
4.018889e-01 4.297538e-01 
4.080393e-01 4.312587e-01 
4.141714e-01 4.328089e-01 
0.000000e+00 4.172662e-01 
1.064641e-02 4.172409e-01 
2.077899e-02 4.171187e-01 
3.058738e-02 4.169361e-01 
4.021924e-02 4.167201e-01 
4.972553e-02 4.164822e-01 
5.916555e-02 4.162293e-01 
6.856530e-02 4.159700e-01 
7.794150e-02 4.157089e-01 
8.729840e-02 4.154548e-01 
9.664145e-02 4.152099e-01 
1.059725e-01 4.149785e-01 
1.152910e-01 4.147636e-01 
1.245964e-01 4.145702e-01 
1.338855e-01 4.144012e-01 
1.431561e-01 4.142607e-01 
1.524051e-01 4.141523e-01 
1.616308e-01 4.140801e-01 
1.708293e-01 4.140467e-01 
1.799977e-01 4.140551e-01 
1.891327e-01 4.141081e-01 
1.982310e-01 4.142086e-01 
2.072894e-01 4.143593e-01 
2.163043e-01 4.145627e-01 
2.252718e-01 4.148213e-01 
2.341889e-01 4.151374e-01 
2.430509e-01 4.155134e-01 
2.518546e-01 4.159511e-01 
2.605961e-01 4.164523e-01 
2.692730e-01 4.170181e-01 
2.778805e-01 4.176501e-01 
2.864167e-01 4.183488e-01 
2.948787e-01 4.191153e-01 
3.032665e-01 4.199494e-01 
3.115725e-01 4.208531e-01 
3.183095e-01 4.216491e-01 
3.249906e-01 4.224994e-01 
3.316171e-01 4.234028e-01 
3.381897e-01 4.243586e-01 
3.447102e-01 4.253656e-01 
3.511811e-01 4.264230e-01 
3.576056e-01 4.275300e-01 
3.639868e-01 4.286858e-01 
3.703279e-01 4.298899e-01 
3.766322e-01 4.311416e-01 
3.829028e-01 4.324402e-01 
3.891429e-01 4.337851e-01 
3.953558e-01 4.351757e-01 
4.015446e-01 4.366115e-01 
4.077125e-01 4.380919e-01 
4.138626e-01 4.396169e-01 
0.000000e+00 4.244604e-01 
1.062416e-02 4.244369e-01 
2.073539e-02 4.243170e-01 
3.052301e-02 4.241372e-01 
4.013440e-02 4.239243e-01 
4.962046e-02 4.236895e-01 
5.904030e-02 4.234398e-01 
6.841993e-02 4.231839e-01 
7.777605e-02 4.229260e-01 
8.711300e-02 4.226752e-01 
9.643621e-02 4.224334e-01 
1.057476e-01 4.222049e-01 
1.150466e-01 4.219925e-01 
1.243328e-01 4.218015e-01 
1.336030e-01 4.216344e-01 
1.428553e-01 4.214955e-01 
1.520862e-01 4.213880e-01 
1.612946e-01 4.213163e-01 
1.704765e-01 4.212828e-01 
1.796289e-01 4.212905e-01 
1.887486e-01 4.213420e-01 
1.978327e-01 4.214404e-01 
2.068776e-01 4.215881e-01 
2.158800e-01 4.217877e-01 
2.248362e-01 4.220417e-01 
2.337430e-01 4.223521e-01 
2.425962e-01 4.227214e-01 
2.513922e-01 4.231514e-01 
2.601276e-01 4.236440e-01 
2.687998e-01 4.242000e-01 
2.774040e-01 4.248211e-01 
2.859387e-01 4.255078e-01 
2.944008e-01 4.262611e-01 
3.027905e-01 4.270809e-01 
3.111001e-01 4.279691e-01 
3.178414e-01 4.287515e-01 
3.245278e-01 4.295876e-01 
3.311609e-01 4.304758e-01 
3.377412e-01 4.314157e-01 
3.442705e-01 4.324061e-01 
3.507513e-01 4.334462e-01 
3.571866e-01 4.345349e-01 
3.635796e-01 4.356719e-01 
3.699334e-01 4.368564e-01 
3.762513e-01 4.380878e-01 
3.825363e-01 4.393652e-01 
3.887916e-01 4.406883e-01 
3.950205e-01 4.420563e-01 
4.012258e-01 4.434687e-01 
4.074109e-01 4.449251e-01 
4.135789e-01 4.464253e-01 
0.000000e+00 4.316547e-01 
1.060204e-02 4.316330e-01 
2.069234e-02 4.315154e-01 
3.045982e-02 4.313383e-01 
4.005145e-02 4.311282e-01 
4.951806e-02 4.308965e-01 
5.891856e-02 4.306500e-01 
6.827892e-02 4.303972e-01 
7.761582e-02 4.301426e-01 
8.693368e-02 4.298948e-01 
9.623791e-02 4.296559e-01 
1.055304e-01 4.294301e-01 
1.148108e-01 4.292203e-01 
1.240788e-01 4.290314e-01 
1.333310e-01 4.288661e-01 
1.425656e-01 4.287285e-01 
1.517795e-01 4.286219e-01 
1.609714e-01 4.285506e-01 
1.701374e-01 4.285168e-01 
1.792746e-01 4.285236e-01 
1.883799e-01 4.285736e-01 
1.974504e-01 4.286696e-01 
2.064826e-01 4.288142e-01 
2.154733e-01 4.290099e-01 
2.244189e-01 4.292591e-01 
2.333162e-01 4.295638e-01 
2.421610e-01 4.299264e-01 
2.509501e-01 4.303487e-01 
2.596799e-01 4.308325e-01 
2.683479e-01 4.313786e-01 
2.769495e-01 4.319889e-01 
2.854832e-01 4.326636e-01 
2.939458e-01 4.334038e-01 
3.023377e-01 4.342093e-01 
3.106513e-01 4.350822e-01 
3.173971e-01 4.358513e-01 
3.240893e-01 4.366731e-01 
3.307291e-01 4.375464e-01 
3.373173e-01 4.384706e-01 
3.438555e-01 4.394445e-01 
3.503462e-01 4.404674e-01 
3.567924e-01 4.415382e-01 
3.631972e-01 4.426565e-01 
3.695638e-01 4.438216e-01 
3.758953e-01 4.450329e-01 
3.821946e-01 4.462896e-01 
3.884650e-01 4.475911e-01 
3.947096e-01 4.489369e-01 
4.009314e-01 4.503263e-01 
4.071335e-01 4.517590e-01 
4.133191e-01 4.532348e-01 
0.000000e+00 4.388489e-01 
1.058008e-02 4.388291e-01 
2.064989e-02 4.387138e-01 
3.039780e-02 4.385393e-01 
3.997036e-02 4.383320e-01 
4.941826e-02 4.381033e-01 
5.880020e-02 4.378598e-01 
6.814209e-02 4.376101e-01 
7.746059e-02 4.373586e-01 
8.676018e-02 4.371138e-01 
9.604626e-02 4.368777e-01 
1.053208e-01 4.366545e-01 
1.145834e-01 4.364470e-01 
1.238338e-01 4.362602e-01 
1.330689e-01 4.360966e-01 
1.422867e-01 4.359602e-01 
1.514843e-01 4.358544e-01 
1.606605e-01 4.357833e-01 
1.698114e-01 4.357491e-01 
1.789343e-01 4.357549e-01 
1.880260e-01 4.358032e-01 
1.970836e-01 4.358968e-01 
2.061039e-01 4.360383e-01 
2.150836e-01 4.362300e-01 
2.240191e-01 4.364742e-01 
2.329076e-01 4.367731e-01 
2.417448e-01 4.371289e-01 
2.505276e-01 4.375435e-01 
2.592522e-01 4.380185e-01 
2.679166e-01 4.385548e-01 
2.765161e-01 4.391542e-01 
2.850491e-01 4.398169e-01 
2.935128e-01 4.405440e-01 
3.019072e-01 4.413353e-01 
3.102251e-01 4.421928e-01 
3.169757e-01 4.429484e-01 
3.236737e-01 4.437561e-01 
3.303205e-01 4.446145e-01 
3.369166e-01 4.455230e-01 
3.434638e-01 4.464806e-01 
3.499645e-01 4.474865e-01 
3.564216e-01 4.485396e-01 
3.628383e-01 4.496395e-01 
3.692176e-01 4.507854e-01 
3.755625e-01 4.519769e-01 
3.818761e-01 4.532131e-01 
3.881615e-01 4.544934e-01 
3.944218e-01 4.558173e-01 
4.006599e-01 4.571841e-01 
4.068788e-01 4.585935e-01 
4.130817e-01 4.600454e-01 
0.000000e+00 4.460432e-01 
1.055824e-02 4.460252e-01 
2.060792e-02 4.459121e-01 
3.033685e-02 4.457402e-01 
3.989100e-02 4.455357e-01 
4.932092e-02 4.453098e-01 
5.868505e-02 4.450693e-01 
6.800926e-02 4.448226e-01 
7.731016e-02 4.445740e-01 
8.659229e-02 4.443321e-01 
9.586103e-02 4.440987e-01 
1.051184e-01 4.438781e-01 
1.143640e-01 4.436728e-01 
1.235977e-01 4.434879e-01 
1.328164e-01 4.433259e-01 
1.420183e-01 4.431907e-01 
1.512004e-01 4.430855e-01 
1.603617e-01 4.430145e-01 
1.694983e-01 4.429799e-01 
1.786075e-01 4.429845e-01 
1.876862e-01 4.430310e-01 
1.967317e-01 4.431222e-01 
2.057408e-01 4.432604e-01 
2.147101e-01 4.434480e-01 
2.236364e-01 4.436873e-01 
2.325166e-01 4.439803e-01 
2.413468e-01 4.443293e-01 
2.501237e-01 4.447361e-01 
2.588439e-01 4.452023e-01 
2.675052e-01 4.457289e-01 
2.761030e-01 4.463173e-01 
2.846358e-01 4.469682e-01 
2.931008e-01 4.476822e-01 
3.014981e-01 4.484594e-01 
3.098205e-01 4.493016e-01 
3.165761e-01 4.500439e-01 
3.232801e-01 4.508375e-01 
3.299340e-01 4.516812e-01 
3.365382e-01 4.525742e-01 
3.430945e-01 4.535157e-01 
3.496053e-01 4.545047e-01 
3.560734e-01 4.555403e-01 
3.625019e-01 4.566220e-01 
3.688938e-01 4.577491e-01 
3.752522e-01 4.589210e-01 
3.815800e-01 4.601369e-01 
3.878803e-01 4.613964e-01 
3.941561e-01 4.626987e-01 
4.004103e-01 4.640433e-01 
4.066458e-01 4.654298e-01 
4.128659e-01 4.668581e-01 
0.000000e+00 4.532374e-01 
1.053651e-02 4.532213e-01 
2.056648e-02 4.531105e-01 
3.027694e-02 4.529411e-01 
3.981331e-02 4.527393e-01 
4.922593e-02 4.525161e-01 
5.857299e-02 4.522785e-01 
6.788026e-02 4.520347e-01 
7.716434e-02 4.517890e-01 
8.642977e-02 4.515499e-01 
9.568195e-02 4.513191e-01 
1.049229e-01 4.511009e-01 
1.141523e-01 4.508978e-01 
1.233701e-01 4.507147e-01 
1.325732e-01 4.505542e-01 
1.417599e-01 4.504200e-01 
1.509272e-01 4.503154e-01 
1.600743e-01 4.502444e-01 
1.691973e-01 4.502092e-01 
1.782936e-01 4.502127e-01 
1.873601e-01 4.502574e-01 
1.963942e-01 4.503459e-01 
2.053926e-01 4.504808e-01 
2.143523e-01 4.506643e-01 
2.232699e-01 4.508986e-01 
2.321425e-01 4.511857e-01 
2.409662e-01 4.515279e-01 
2.497378e-01 4.519269e-01 
2.584540e-01 4.523844e-01 
2.671126e-01 4.529012e-01 
2.757092e-01 4.534788e-01 
2.842422e-01 4.541178e-01 
2.927089e-01 4.548189e-01 
3.011094e-01 4.555820e-01 
3.094367e-01 4.564091e-01 
3.161974e-01 4.571382e-01 
3.229076e-01 4.579178e-01 
3.295687e-01 4.587469e-01 
3.361811e-01 4.596246e-01 
3.427466e-01 4.605501e-01 
3.492674e-01 4.615225e-01 
3.557465e-01 4.625407e-01 
3.621868e-01 4.636045e-01 
3.685914e-01 4.647129e-01 
3.749632e-01 4.658655e-01 
3.813051e-01 4.670616e-01 
3.876201e-01 4.683004e-01 
3.939112e-01 4.695815e-01 
4.001814e-01 4.709042e-01 
4.064334e-01 4.722681e-01 
4.126704e-01 4.736733e-01 
0.000000e+00 4.604317e-01 
1.051488e-02 4.604174e-01 
2.052546e-02 4.603088e-01 
3.021800e-02 4.601419e-01 
3.973718e-02 4.599427e-01 
4.913318e-02 4.597222e-01 
5.846387e-02 4.594875e-01 
6.775495e-02 4.592465e-01 
7.702293e-02 4.590036e-01 
8.627242e-02 4.587671e-01 
9.550878e-02 4.585389e-01 
1.047341e-01 4.583230e-01 
1.139481e-01 4.581220e-01 
1.231507e-01 4.579406e-01 
1.323389e-01 4.577815e-01 
1.415111e-01 4.576483e-01 
1.506644e-01 4.575442e-01 
1.597981e-01 4.574731e-01 
1.689082e-01 4.574373e-01 
1.779922e-01 4.574396e-01 
1.870472e-01 4.574823e-01 
1.960704e-01 4.575682e-01 
2.050589e-01 4.576997e-01 
2.140095e-01 4.578790e-01 
2.229190e-01 4.581083e-01 
2.317846e-01 4.583895e-01 
2.406023e-01 4.587249e-01 
2.493691e-01 4.591162e-01 
2.580818e-01 4.595650e-01 
2.667382e-01 4.600720e-01 
2.753339e-01 4.606389e-01 
2.838675e-01 4.612661e-01 
2.923362e-01 4.619544e-01 
3.007403e-01 4.627035e-01 
3.090726e-01 4.635157e-01 
3.158386e-01 4.642318e-01 
3.225552e-01 4.649978e-01 
3.292235e-01 4.658123e-01 
3.358442e-01 4.666750e-01 
3.424190e-01 4.675846e-01 
3.489499e-01 4.685406e-01 
3.554400e-01 4.695417e-01 
3.618921e-01 4.705877e-01 
3.683093e-01 4.716778e-01 
3.746944e-01 4.728114e-01 
3.810503e-01 4.739877e-01 
3.873799e-01 4.752063e-01 
3.936863e-01 4.764664e-01 
3.999722e-01 4.777675e-01 
4.062405e-01 4.791093e-01 
4.124942e-01 4.804916e-01 
0.000000e+00 4.676259e-01 
1.049336e-02 4.676135e-01 
2.048493e-02 4.675071e-01 
3.016002e-02 4.673426e-01 
3.966260e-02 4.671460e-01 
4.904260e-02 4.669282e-01 
5.835758e-02 4.666962e-01 
6.763314e-02 4.664580e-01 
7.688574e-02 4.662178e-01 
8.611999e-02 4.659840e-01 
9.534126e-02 4.657582e-01 
1.045516e-01 4.655445e-01 
1.137509e-01 4.653455e-01 
1.229390e-01 4.651659e-01 
1.321131e-01 4.650080e-01 
1.412715e-01 4.648757e-01 
1.504115e-01 4.647720e-01 
1.595324e-01 4.647009e-01 
1.686303e-01 4.646644e-01 
1.777027e-01 4.646653e-01 
1.867468e-01 4.647061e-01 
1.957599e-01 4.647894e-01 
2.047390e-01 4.649174e-01 
2.136811e-01 4.650925e-01 
2.225830e-01 4.653168e-01 
2.314421e-01 4.655921e-01 
2.402543e-01 4.659208e-01 
2.490169e-01 4.663043e-01 
2.577265e-01 4.667443e-01 
2.663810e-01 4.672417e-01 
2.749763e-01 4.677979e-01 
2.835108e-01 4.684134e-01 
2.919818e-01 4.690890e-01 
3.003897e-01 4.698244e-01 
3.087273e-01 4.706218e-01 
3.154988e-01 4.713250e-01 
3.222218e-01 4.720773e-01 
3.288976e-01 4.728776e-01 
3.355266e-01 4.737252e-01 
3.421106e-01 4.746193e-01 
3.486517e-01 4.755590e-01 
3.551527e-01 4.765432e-01 
3.616167e-01 4.775717e-01 
3.680463e-01 4.786436e-01 
3.744447e-01 4.797584e-01 
3.808145e-01 4.809153e-01 
3.871587e-01 4.821139e-01 
3.934801e-01 4.833534e-01 
3.997816e-01 4.846333e-01 
4.060659e-01 4.859531e-01 
4.123361e-01 4.873129e-01 
0.000000e+00 4.748201e-01 
1.047191e-02 4.748096e-01 
2.044477e-02 4.747053e-01 
3.010290e-02 4.745433e-01 
3.958943e-02 4.743491e-01 
4.895405e-02 4.741340e-01 
5.825398e-02 4.739046e-01 
6.751469e-02 4.736691e-01 
7.675258e-02 4.734317e-01 
8.597228e-02 4.732004e-01 
9.517915e-02 4.729770e-01 
1.043753e-01 4.727655e-01 
1.135605e-01 4.725685e-01 
1.227349e-01 4.723904e-01 
1.318954e-01 4.722338e-01 
1.410408e-01 4.721024e-01 
1.501682e-01 4.719990e-01 
1.592769e-01 4.719277e-01 
1.683632e-01 4.718905e-01 
1.774247e-01 4.718901e-01 
1.864584e-01 4.719289e-01 
1.954619e-01 4.720095e-01 
2.044322e-01 4.721341e-01 
2.133664e-01 4.723050e-01 
2.222613e-01 4.725243e-01 
2.311143e-01 4.727937e-01 
2.399216e-01 4.731155e-01 
2.486803e-01 4.734913e-01 
2.573872e-01 4.739228e-01 
2.660404e-01 4.744105e-01 
2.746355e-01 4.749562e-01 
2.831712e-01 4.755601e-01 
2.916449e-01 4.762231e-01 
3.000568e-01 4.769449e-01 
3.083999e-01 4.777277e-01 
3.151770e-01 4.784182e-01 
3.219065e-01 4.791571e-01 
3.285898e-01 4.799432e-01 
3.352272e-01 4.807761e-01 
3.418205e-01 4.816548e-01 
3.483718e-01 4.825784e-01 
3.548838e-01 4.835460e-01 
3.613595e-01 4.845571e-01 
3.678016e-01 4.856111e-01 
3.742131e-01 4.867074e-01 
3.805967e-01 4.878452e-01 
3.869552e-01 4.890239e-01 
3.932916e-01 4.902431e-01 
3.996085e-01 4.915020e-01 
4.059087e-01 4.928003e-01 
4.121951e-01 4.941379e-01 
0.000000e+00 4.820144e-01 
1.045055e-02 4.820057e-01 
2.040500e-02 4.819036e-01 
3.004662e-02 4.817439e-01 
3.951762e-02 4.815522e-01 
4.886744e-02 4.813396e-01 
5.815293e-02 4.811129e-01 
6.739944e-02 4.808801e-01 
7.662326e-02 4.806452e-01 
8.582908e-02 4.804164e-01 
9.502219e-02 4.801954e-01 
1.042048e-01 4.799860e-01 
1.133766e-01 4.797909e-01 
1.225378e-01 4.796144e-01 
1.316856e-01 4.794590e-01 
1.408185e-01 4.793283e-01 
1.499339e-01 4.792254e-01 
1.590310e-01 4.791538e-01 
1.681064e-01 4.791158e-01 
1.771575e-01 4.791141e-01 
1.861815e-01 4.791508e-01 
1.951760e-01 4.792287e-01 
2.041381e-01 4.793499e-01 
2.130648e-01 4.795165e-01 
2.219532e-01 4.797308e-01 
2.308006e-01 4.799943e-01 
2.396034e-01 4.803094e-01 
2.483587e-01 4.806776e-01 
2.570634e-01 4.811005e-01 
2.657154e-01 4.815787e-01 
2.743108e-01 4.821139e-01 
2.828480e-01 4.827063e-01 
2.913246e-01 4.833570e-01 
2.997407e-01 4.840654e-01 
3.080895e-01 4.848337e-01 
3.148723e-01 4.855116e-01 
3.216085e-01 4.862372e-01 
3.282992e-01 4.870094e-01 
3.349451e-01 4.878278e-01 
3.415477e-01 4.886912e-01 
3.481092e-01 4.895989e-01 
3.546321e-01 4.905500e-01 
3.611195e-01 4.915440e-01 
3.675740e-01 4.925803e-01 
3.739986e-01 4.936583e-01 
3.803958e-01 4.947772e-01 
3.867687e-01 4.959365e-01 
3.931198e-01 4.971355e-01 
3.994520e-01 4.983738e-01 
4.057679e-01 4.996508e-01 
4.120703e-01 5.009666e-01 
0.000000e+00 4.892086e-01 
1.042923e-02 4.892017e-01 
2.036556e-02 4.891018e-01 
2.999109e-02 4.889444e-01 
3.944707e-02 4.887552e-01 
4.878266e-02 4.885451e-01 
5.805431e-02 4.883210e-01 
6.728721e-02 4.880907e-01 
7.649761e-02 4.878585e-01 
8.569015e-02 4.876321e-01 
9.487016e-02 4.874134e-01 
1.040398e-01 4.872061e-01 
1.131989e-01 4.870128e-01 
1.223476e-01 4.868378e-01 
1.314832e-01 4.866836e-01 
1.406042e-01 4.865537e-01 
1.497082e-01 4.864510e-01 
1.587944e-01 4.863792e-01 
1.678594e-01 4.863405e-01 
1.769007e-01 4.863373e-01 
1.859155e-01 4.863720e-01 
1.949015e-01 4.864471e-01 
2.038559e-01 4.865649e-01 
2.127757e-01 4.867274e-01 
2.216580e-01 4.869366e-01 
2.305004e-01 4.871943e-01 
2.392990e-01 4.875027e-01 
2.480513e-01 4.878632e-01 
2.567541e-01 4.882776e-01 
2.654054e-01 4.887464e-01 
2.740013e-01 4.892712e-01 
2.825403e-01 4.898523e-01 
2.910200e-01 4.904907e-01 
2.994405e-01 4.911858e-01 
3.077952e-01 4.919399e-01 
3.145838e-01 4.926054e-01 
3.213267e-01 4.933180e-01 
3.280251e-01 4.940764e-01 
3.346795e-01 4.948803e-01 
3.412914e-01 4.957287e-01 
3.478630e-01 4.966208e-01 
3.543969e-01 4.975556e-01 
3.608959e-01 4.985327e-01 
3.673627e-01 4.995515e-01 
3.738003e-01 5.006114e-01 
3.802111e-01 5.017117e-01 
3.865980e-01 5.028517e-01 
3.929638e-01 5.040309e-01 
3.993110e-01 5.052487e-01 
4.056424e-01 5.065048e-01 
4.119607e-01 5.077990e-01 
0.000000e+00 4.964029e-01 
1.040797e-02 4.963978e-01 
2.032647e-02 4.962999e-01 
2.993632e-02 4.961449e-01 
3.937776e-02 4.959581e-01 
4.869963e-02 4.957505e-01 
5.795799e-02 4.955289e-01 
6.717787e-02 4.953012e-01 
7.637542e-02 4.950715e-01 
8.555530e-02 4.948475e-01 
9.472278e-02 4.946311e-01 
1.038801e-01 4.944258e-01 
1.130270e-01 4.942343e-01 
1.221638e-01 4.940609e-01 
1.312878e-01 4.939078e-01 
1.403976e-01 4.937786e-01 
1.494908e-01 4.936762e-01 
1.585666e-01 4.936042e-01 
1.676217e-01 4.935646e-01 
1.766537e-01 4.935600e-01 
1.856599e-01 4.935927e-01 
1.946379e-01 4.936651e-01 
2.035850e-01 4.937794e-01 
2.124984e-01 4.939377e-01 
2.213751e-01 4.941419e-01 
2.302128e-01 4.943938e-01 
2.390078e-01 4.946956e-01 
2.477574e-01 4.950486e-01 
2.564586e-01 4.954545e-01 
2.651096e-01 4.959139e-01 
2.737062e-01 4.964285e-01 
2.822473e-01 4.969984e-01 
2.907304e-01 4.976245e-01 
2.991555e-01 4.983065e-01 
3.075162e-01 4.990465e-01 
3.143108e-01 4.996997e-01 
3.210605e-01 5.003992e-01 
3.277665e-01 5.011441e-01 
3.344294e-01 5.019337e-01 
3.410506e-01 5.027672e-01 
3.476323e-01 5.036438e-01 
3.541771e-01 5.045625e-01 
3.606877e-01 5.055230e-01 
3.671668e-01 5.065245e-01 
3.736172e-01 5.075666e-01 
3.800415e-01 5.086484e-01 
3.864424e-01 5.097694e-01 
3.928226e-01 5.109290e-01 
3.991848e-01 5.121267e-01 
4.055315e-01 5.133621e-01 
4.118654e-01 5.146350e-01 
0.000000e+00 5.035971e-01 
1.038675e-02 5.035938e-01 
2.028765e-02 5.034980e-01 
2.988221e-02 5.033453e-01 
3.930956e-02 5.031609e-01 
4.861823e-02 5.029557e-01 
5.786384e-02 5.027367e-01 
6.707126e-02 5.025115e-01 
7.625653e-02 5.022843e-01 
8.542431e-02 5.020627e-01 
9.457985e-02 5.018484e-01 
1.037254e-01 5.016452e-01 
1.128607e-01 5.014555e-01 
1.219862e-01 5.012835e-01 
1.310992e-01 5.011315e-01 
1.401983e-01 5.010030e-01 
1.492811e-01 5.009009e-01 
1.583472e-01 5.008286e-01 
1.673929e-01 5.007882e-01 
1.764161e-01 5.007822e-01 
1.854142e-01 5.008128e-01 
1.943847e-01 5.008825e-01 
2.033250e-01 5.009934e-01 
2.122324e-01 5.011475e-01 
2.211040e-01 5.013468e-01 
2.299374e-01 5.015929e-01 
2.387291e-01 5.018880e-01 
2.474764e-01 5.022336e-01 
2.561763e-01 5.026311e-01 
2.648272e-01 5.030813e-01 
2.734249e-01 5.035856e-01 
2.819683e-01 5.041444e-01 
2.904549e-01 5.047585e-01 
2.988849e-01 5.054275e-01 
3.072517e-01 5.061536e-01 
3.140522e-01 5.067946e-01 
3.208088e-01 5.074813e-01 
3.275225e-01 5.082127e-01 
3.341939e-01 5.089883e-01 
3.408245e-01 5.098070e-01 
3.474163e-01 5.106683e-01 
3.539719e-01 5.115712e-01 
3.604940e-01 5.125151e-01 
3.669853e-01 5.134996e-01 
3.734485e-01 5.145240e-01 
3.798861e-01 5.155876e-01 
3.863009e-01 5.166898e-01 
3.926954e-01 5.178301e-01 
3.990723e-01 5.190079e-01 
4.054341e-01 5.202228e-01 
4.117835e-01 5.214748e-01 
0.000000e+00 5.107914e-01 
1.036556e-02 5.107898e-01 
2.024912e-02 5.106961e-01 
2.982873e-02 5.105456e-01 
3.924243e-02 5.103635e-01 
4.853837e-02 5.101608e-01 
5.777174e-02 5.099442e-01 
6.696723e-02 5.097216e-01 
7.614076e-02 5.094968e-01 
8.529698e-02 5.092776e-01 
9.444114e-02 5.090655e-01 
1.035754e-01 5.088643e-01 
1.126998e-01 5.086763e-01 
1.218145e-01 5.085057e-01 
1.309169e-01 5.083549e-01 
1.400059e-01 5.082271e-01 
1.490790e-01 5.081252e-01 
1.581357e-01 5.080526e-01 
1.671726e-01 5.080113e-01 
1.761875e-01 5.080039e-01 
1.851779e-01 5.080325e-01 
1.941414e-01 5.080995e-01 
2.030753e-01 5.082070e-01 
2.119771e-01 5.083569e-01 
2.208439e-01 5.085513e-01 
2.296734e-01 5.087917e-01 
2.384621e-01 5.090802e-01 
2.472075e-01 5.094184e-01 
2.559066e-01 5.098077e-01 
2.645576e-01 5.102486e-01 
2.731567e-01 5.107429e-01 
2.817025e-01 5.112907e-01 
2.901928e-01 5.118929e-01 
2.986278e-01 5.125490e-01 
3.070008e-01 5.132613e-01 
3.138075e-01 5.138903e-01 
3.205709e-01 5.145644e-01 
3.272924e-01 5.152825e-01 
3.339723e-01 5.160441e-01 
3.406122e-01 5.168484e-01 
3.472141e-01 5.176945e-01 
3.537805e-01 5.185817e-01 
3.603140e-01 5.195093e-01 
3.668174e-01 5.204769e-01 
3.732933e-01 5.214839e-01 
3.797441e-01 5.225295e-01 
3.861726e-01 5.236131e-01 
3.925813e-01 5.247343e-01 
3.989728e-01 5.258924e-01 
4.053495e-01 5.270871e-01 
4.117142e-01 5.283184e-01 
0.000000e+00 5.179856e-01 
1.034439e-02 5.179858e-01 
2.021080e-02 5.178941e-01 
2.977582e-02 5.177459e-01 
3.917627e-02 5.175661e-01 
4.845996e-02 5.173658e-01 
5.768158e-02 5.171517e-01 
6.686564e-02 5.169314e-01 
7.602794e-02 5.167092e-01 
8.517313e-02 5.164922e-01 
9.430642e-02 5.162823e-01 
1.034300e-01 5.160830e-01 
1.125439e-01 5.158968e-01 
1.216483e-01 5.157276e-01 
1.307408e-01 5.155779e-01 
1.398201e-01 5.154507e-01 
1.488839e-01 5.153490e-01 
1.579318e-01 5.152761e-01 
1.669603e-01 5.152341e-01 
1.759674e-01 5.152253e-01 
1.849505e-01 5.152518e-01 
1.939074e-01 5.153161e-01 
2.028354e-01 5.154202e-01 
2.117320e-01 5.155660e-01 
2.205944e-01 5.157555e-01 
2.294204e-01 5.159902e-01 
2.382065e-01 5.162723e-01 
2.469502e-01 5.166031e-01 
2.556486e-01 5.169841e-01 
2.643001e-01 5.174161e-01 
2.729007e-01 5.179004e-01 
2.814493e-01 5.184373e-01 
2.899435e-01 5.190277e-01 
2.983835e-01 5.196712e-01 
3.067629e-01 5.203699e-01 
3.135757e-01 5.209871e-01 
3.203461e-01 5.216487e-01 
3.270753e-01 5.223536e-01 
3.337638e-01 5.231015e-01 
3.404130e-01 5.238914e-01 
3.470249e-01 5.247226e-01 
3.536020e-01 5.255942e-01 
3.601469e-01 5.265058e-01 
3.666623e-01 5.274567e-01 
3.731507e-01 5.284464e-01 
3.796146e-01 5.294741e-01 
3.860567e-01 5.305394e-01 
3.924794e-01 5.316417e-01 
3.988853e-01 5.327804e-01 
4.052769e-01 5.339551e-01 
4.116566e-01 5.351659e-01 
0.000000e+00 5.251799e-01 
1.032323e-02 5.251818e-01 
2.017272e-02 5.250921e-01 
2.972348e-02 5.249461e-01 
3.911108e-02 5.247686e-01 
4.838294e-02 5.245706e-01 
5.759326e-02 5.243590e-01 
6.676636e-02 5.241412e-01 
7.591792e-02 5.239213e-01 
8.505257e-02 5.237067e-01 
9.417549e-02 5.234989e-01 
1.032889e-01 5.233015e-01 
1.123927e-01 5.231170e-01 
1.214874e-01 5.229493e-01 
1.305704e-01 5.228006e-01 
1.396405e-01 5.226741e-01 
1.486955e-01 5.225727e-01 
1.577350e-01 5.224995e-01 
1.667556e-01 5.224566e-01 
1.757554e-01 5.224464e-01 
1.847316e-01 5.224709e-01 
1.936823e-01 5.225325e-01 
2.026048e-01 5.226333e-01 
2.114966e-01 5.227750e-01 
2.203549e-01 5.229597e-01 
2.291777e-01 5.231887e-01 
2.379615e-01 5.234643e-01 
2.467038e-01 5.237879e-01 
2.554019e-01 5.241608e-01 
2.640540e-01 5.245838e-01 
2.726564e-01 5.250582e-01 
2.812079e-01 5.255844e-01 
2.897061e-01 5.261632e-01 
2.981513e-01 5.267941e-01 
3.065372e-01 5.274794e-01 
3.133561e-01 5.280849e-01 
3.201335e-01 5.287341e-01 
3.268705e-01 5.294261e-01 
3.335675e-01 5.301604e-01 
3.402260e-01 5.309361e-01 
3.468479e-01 5.317525e-01 
3.534357e-01 5.326087e-01 
3.599920e-01 5.335044e-01 
3.665193e-01 5.344387e-01 
3.730202e-01 5.354114e-01 
3.794970e-01 5.364215e-01 
3.859526e-01 5.374687e-01 
3.923892e-01 5.385522e-01 
3.988094e-01 5.396717e-01 
4.052155e-01 5.408267e-01 
4.116101e-01 5.420173e-01 
0.000000e+00 5.323741e-01 
1.030207e-02 5.323777e-01 
2.013482e-02 5.322900e-01 
2.967163e-02 5.321462e-01 
3.904675e-02 5.319710e-01 
4.830719e-02 5.317754e-01 
5.750666e-02 5.315661e-01 
6.666925e-02 5.313508e-01 
7.581054e-02 5.311333e-01 
8.493512e-02 5.309209e-01 
9.404814e-02 5.307153e-01 
1.031518e-01 5.305198e-01 
1.122461e-01 5.303370e-01 
1.213315e-01 5.301707e-01 
1.304054e-01 5.300230e-01 
1.394668e-01 5.298973e-01 
1.485135e-01 5.297960e-01 
1.575450e-01 5.297225e-01 
1.665582e-01 5.296788e-01 
1.755509e-01 5.296672e-01 
1.845207e-01 5.296898e-01 
1.934656e-01 5.297488e-01 
2.023829e-01 5.298461e-01 
2.112702e-01 5.299839e-01 
2.201249e-01 5.301637e-01 
2.289448e-01 5.303872e-01 
2.377265e-01 5.306565e-01 
2.464678e-01 5.309728e-01 
2.551657e-01 5.313377e-01 
2.638187e-01 5.317518e-01 
2.724231e-01 5.322165e-01 
2.809776e-01 5.327321e-01 
2.894801e-01 5.332994e-01 
2.979306e-01 5.339179e-01 
3.063230e-01 5.345900e-01 
3.131482e-01 5.351839e-01 
3.199326e-01 5.358210e-01 
3.266773e-01 5.365001e-01 
3.333829e-01 5.372210e-01 
3.400506e-01 5.379826e-01 
3.466825e-01 5.387845e-01 
3.532809e-01 5.396255e-01 
3.598484e-01 5.405053e-01 
3.663875e-01 5.414234e-01 
3.729008e-01 5.423791e-01 
3.793906e-01 5.433718e-01 
3.858594e-01 5.444009e-01 
3.923098e-01 5.454660e-01 
3.987440e-01 5.465664e-01 
4.051646e-01 5.477019e-01 
4.115740e-01 5.488725e-01 
0.000000e+00 5.395683e-01 
1.028090e-02 5.395736e-01 
2.009710e-02 5.394879e-01 
2.962025e-02 5.393463e-01 
3.898324e-02 5.391734e-01 
4.823266e-02 5.389800e-01 
5.742169e-02 5.387732e-01 
6.657421e-02 5.385602e-01 
7.570566e-02 5.383452e-01 
8.482060e-02 5.381350e-01 
9.392417e-02 5.379314e-01 
1.030186e-01 5.377380e-01 
1.121038e-01 5.375568e-01 
1.211803e-01 5.373919e-01 
1.302456e-01 5.372453e-01 
1.392988e-01 5.371202e-01 
1.483375e-01 5.370192e-01 
1.573615e-01 5.369454e-01 
1.663676e-01 5.369009e-01 
1.753537e-01 5.368879e-01 
1.843175e-01 5.369085e-01 
1.932568e-01 5.369649e-01 
2.021693e-01 5.370590e-01 
2.110525e-01 5.371927e-01 
2.199038e-01 5.373678e-01 
2.287211e-01 5.375858e-01 
2.375011e-01 5.378487e-01 
2.462415e-01 5.381579e-01 
2.549396e-01 5.385149e-01 
2.635937e-01 5.389202e-01 
2.722002e-01 5.393753e-01 
2.807580e-01 5.398804e-01 
2.892647e-01 5.404363e-01 
2.977207e-01 5.410427e-01 
3.061197e-01 5.417016e-01 
3.129511e-01 5.422841e-01 
3.197426e-01 5.429092e-01 
3.264951e-01 5.435757e-01 
3.332092e-01 5.442832e-01 
3.398862e-01 5.450310e-01 
3.465280e-01 5.458184e-01 
3.531370e-01 5.466443e-01 
3.597157e-01 5.475085e-01 
3.662665e-01 5.484104e-01 
3.727921e-01 5.493494e-01 
3.792946e-01 5.503248e-01 
3.857766e-01 5.513362e-01 
3.922406e-01 5.523829e-01 
3.986888e-01 5.534645e-01 
4.051236e-01 5.545806e-01 
4.115475e-01 5.557314e-01 
0.000000e+00 5.467626e-01 
1.025972e-02 5.467695e-01 
2.005954e-02 5.466857e-01 
2.956931e-02 5.465463e-01 
3.892049e-02 5.463756e-01 
4.815926e-02 5.461846e-01 
5.733825e-02 5.459801e-01 
6.648110e-02 5.457695e-01 
7.560313e-02 5.455568e-01 
8.470887e-02 5.453489e-01 
9.380340e-02 5.451475e-01 
1.028889e-01 5.449559e-01 
1.119655e-01 5.447764e-01 
1.210336e-01 5.446129e-01 
1.300907e-01 5.444673e-01 
1.391360e-01 5.443429e-01 
1.481672e-01 5.442421e-01 
1.571840e-01 5.441681e-01 
1.661834e-01 5.441228e-01 
1.751633e-01 5.441085e-01 
1.841214e-01 5.441272e-01 
1.930556e-01 5.441809e-01 
2.019636e-01 5.442718e-01 
2.108430e-01 5.444015e-01 
2.196911e-01 5.445720e-01 
2.285061e-01 5.447845e-01 
2.372847e-01 5.450412e-01 
2.460245e-01 5.453434e-01 
2.547229e-01 5.456925e-01 
2.633783e-01 5.460891e-01 
2.719872e-01 5.465346e-01 
2.805483e-01 5.470294e-01 
2.890595e-01 5.475741e-01 
2.975210e-01 5.481683e-01 
3.059266e-01 5.488144e-01 
3.127644e-01 5.493857e-01 
3.195629e-01 5.499988e-01 
3.263232e-01 5.506527e-01 
3.330458e-01 5.513472e-01 
3.397321e-01 5.520812e-01 
3.463838e-01 5.528542e-01 
3.530033e-01 5.536652e-01 
3.595931e-01 5.545140e-01 
3.661556e-01 5.553998e-01 
3.726933e-01 5.563222e-01 
3.792085e-01 5.572805e-01 
3.857036e-01 5.582743e-01 
3.921810e-01 5.593028e-01 
3.986430e-01 5.603658e-01 
4.050920e-01 5.614628e-01 
4.115303e-01 5.625939e-01 
0.000000e+00 5.539568e-01 
1.023857e-02 5.539653e-01 
2.002218e-02 5.538834e-01 
2.951881e-02 5.537462e-01 
3.885851e-02 5.535778e-01 
4.808698e-02 5.533890e-01 
5.725628e-02 5.531869e-01 
6.638985e-02 5.529787e-01 
7.550284e-02 5.527684e-01 
8.459975e-02 5.525627e-01 
9.368565e-02 5.523634e-01 
1.027627e-01 5.521737e-01 
1.118310e-01 5.519959e-01 
1.208910e-01 5.518338e-01 
1.299404e-01 5.516893e-01 
1.389781e-01 5.515655e-01 
1.480022e-01 5.514650e-01 
1.570123e-01 5.513908e-01 
1.660053e-01 5.513447e-01 
1.749793e-01 5.513291e-01 
1.839320e-01 5.513458e-01 
1.928615e-01 5.513970e-01 
2.017653e-01 5.514847e-01 
2.106411e-01 5.516105e-01 
2.194865e-01 5.517763e-01 
2.282994e-01 5.519835e-01 
2.370767e-01 5.522340e-01 
2.458162e-01 5.525293e-01 
2.545151e-01 5.528706e-01 
2.631720e-01 5.532586e-01 
2.717833e-01 5.536947e-01 
2.803480e-01 5.541792e-01 
2.888638e-01 5.547128e-01 
2.973309e-01 5.552951e-01 
3.057433e-01 5.559283e-01 
3.125874e-01 5.564884e-01 
3.193930e-01 5.570897e-01 
3.261612e-01 5.577313e-01 
3.328923e-01 5.584127e-01 
3.395878e-01 5.591331e-01 
3.462493e-01 5.598919e-01 
3.528793e-01 5.606882e-01 
3.594802e-01 5.615216e-01 
3.660543e-01 5.623915e-01 
3.726041e-01 5.632976e-01 
3.791318e-01 5.642389e-01 
3.856398e-01 5.652151e-01 
3.921306e-01 5.662257e-01 
3.986063e-01 5.672702e-01 
4.050692e-01 5.683483e-01 
4.115217e-01 5.694599e-01 
0.000000e+00 5.611511e-01 
1.021744e-02 5.611611e-01 
1.998498e-02 5.610811e-01 
2.946874e-02 5.609461e-01 
3.879723e-02 5.607799e-01 
4.801572e-02 5.605934e-01 
5.717569e-02 5.603937e-01 
6.630033e-02 5.601878e-01 
7.540465e-02 5.599799e-01 
8.449312e-02 5.597764e-01 
9.357075e-02 5.595791e-01 
1.026397e-01 5.593914e-01 
1.117001e-01 5.592153e-01 
1.207525e-01 5.590545e-01 
1.297944e-01 5.589111e-01 
1.388250e-01 5.587881e-01 
1.478423e-01 5.586878e-01 
1.568460e-01 5.586133e-01 
1.658330e-01 5.585665e-01 
1.748015e-01 5.585496e-01 
1.837491e-01 5.585645e-01 
1.926741e-01 5.586132e-01 
2.015740e-01 5.586977e-01 
2.104466e-01 5.588197e-01 
2.192894e-01 5.589809e-01 
2.281005e-01 5.591828e-01 
2.368768e-01 5.594272e-01 
2.456161e-01 5.597155e-01 
2.543158e-01 5.600492e-01 
2.629743e-01 5.604287e-01 
2.715883e-01 5.608555e-01 
2.801566e-01 5.613298e-01 
2.886770e-01 5.618524e-01 
2.971498e-01 5.624229e-01 
3.055691e-01 5.630434e-01 
3.124196e-01 5.635925e-01 
3.192323e-01 5.641822e-01 
3.260083e-01 5.648114e-01 
3.327480e-01 5.654799e-01 
3.394526e-01 5.661868e-01 
3.461240e-01 5.669315e-01 
3.527644e-01 5.677132e-01 
3.593762e-01 5.685314e-01 
3.659618e-01 5.693856e-01 
3.725236e-01 5.702753e-01 
3.790637e-01 5.711999e-01 
3.855846e-01 5.721588e-01 
3.920886e-01 5.731516e-01 
3.985778e-01 5.741778e-01 
4.050545e-01 5.752370e-01 
4.115211e-01 5.763294e-01 
0.000000e+00 5.683453e-01 
1.019634e-02 5.683569e-01 
1.994798e-02 5.682788e-01 
2.941906e-02 5.681459e-01 
3.873663e-02 5.679819e-01 
4.794544e-02 5.677978e-01 
5.709640e-02 5.676004e-01 
6.621245e-02 5.673969e-01 
7.530845e-02 5.671912e-01 
8.438883e-02 5.669900e-01 
9.345855e-02 5.667948e-01 
1.025198e-01 5.666089e-01 
1.115727e-01 5.664345e-01 
1.206177e-01 5.662752e-01 
1.296525e-01 5.661329e-01 
1.386764e-01 5.660105e-01 
1.476872e-01 5.659105e-01 
1.566847e-01 5.658359e-01 
1.656661e-01 5.657884e-01 
1.746293e-01 5.657702e-01 
1.835722e-01 5.657832e-01 
1.924930e-01 5.658294e-01 
2.013893e-01 5.659108e-01 
2.102589e-01 5.660290e-01 
2.190994e-01 5.661858e-01 
2.279090e-01 5.663823e-01 
2.366845e-01 5.666208e-01 
2.454238e-01 5.669023e-01 
2.541244e-01 5.672284e-01 
2.627847e-01 5.675995e-01 
2.714015e-01 5.680171e-01 
2.799735e-01 5.684813e-01 
2.884987e-01 5.689931e-01 
2.969773e-01 5.695518e-01 
3.054034e-01 5.701598e-01 
3.122603e-01 5.706980e-01 
3.190802e-01 5.712760e-01 
3.258640e-01 5.718931e-01 
3.326122e-01 5.725488e-01 
3.393260e-01 5.732423e-01 
3.460071e-01 5.739731e-01 
3.526579e-01 5.747403e-01 
3.592807e-01 5.755434e-01 
3.658777e-01 5.763820e-01 
3.724514e-01 5.772556e-01 
3.790039e-01 5.781635e-01 
3.855375e-01 5.791053e-01 
3.920545e-01 5.800804e-01 
3.985571e-01 5.810884e-01 
4.050475e-01 5.821290e-01 
4.115279e-01 5.832023e-01 
0.000000e+00 5.755396e-01 
1.017527e-02 5.755527e-01 
1.991112e-02 5.754765e-01 
2.936976e-02 5.753457e-01 
3.867664e-02 5.751839e-01 
4.787607e-02 5.750020e-01 
5.701834e-02 5.748069e-01 
6.612612e-02 5.746058e-01 
7.521413e-02 5.744025e-01 
8.428675e-02 5.742035e-01 
9.334890e-02 5.740104e-01 
1.024028e-01 5.738264e-01 
1.114484e-01 5.736537e-01 
1.204864e-01 5.734957e-01 
1.295145e-01 5.733545e-01 
1.385319e-01 5.732329e-01 
1.475366e-01 5.731332e-01 
1.565284e-01 5.730584e-01 
1.655043e-01 5.730102e-01 
1.744626e-01 5.729908e-01 
1.834011e-01 5.730020e-01 
1.923179e-01 5.730458e-01 
2.012109e-01 5.731241e-01 
2.100777e-01 5.732386e-01 
2.189162e-01 5.733909e-01 
2.277244e-01 5.735823e-01 
2.364993e-01 5.738148e-01 
2.452388e-01 5.740896e-01 
2.539405e-01 5.744082e-01 
2.626028e-01 5.747710e-01 
2.712224e-01 5.751794e-01 
2.797983e-01 5.756337e-01 
2.883283e-01 5.761347e-01 
2.968127e-01 5.766819e-01 
3.052457e-01 5.772775e-01 
3.121091e-01 5.778048e-01 
3.189361e-01 5.783714e-01 
3.257278e-01 5.789764e-01 
3.324844e-01 5.796195e-01 
3.392073e-01 5.802998e-01 
3.458982e-01 5.810167e-01 
3.525593e-01 5.817695e-01 
3.591929e-01 5.825577e-01 
3.658013e-01 5.833808e-01 
3.723868e-01 5.842384e-01 
3.789515e-01 5.851298e-01 
3.854977e-01 5.860545e-01 
3.920277e-01 5.870121e-01 
3.985435e-01 5.880021e-01 
4.050474e-01 5.890243e-01 
4.115416e-01 5.900786e-01 
0.000000e+00 5.827338e-01 
1.015422e-02 5.827485e-01 
1.987442e-02 5.826742e-01 
2.932081e-02 5.825455e-01 
3.861727e-02 5.823858e-01 
4.780758e-02 5.822062e-01 
5.694144e-02 5.820134e-01 
6.604126e-02 5.818146e-01 
7.512159e-02 5.816137e-01 
8.418676e-02 5.814169e-01 
9.324165e-02 5.812259e-01 
1.022884e-01 5.810438e-01 
1.113272e-01 5.808728e-01 
1.203586e-01 5.807163e-01 
1.293802e-01 5.805762e-01 
1.383915e-01 5.804553e-01 
1.473903e-01 5.803559e-01 
1.563766e-01 5.802810e-01 
1.653474e-01 5.802321e-01 
1.743011e-01 5.802115e-01 
1.832353e-01 5.802210e-01 
1.921485e-01 5.802624e-01 
2.010383e-01 5.803377e-01 
2.099027e-01 5.804485e-01 
2.187393e-01 5.805964e-01 
2.275463e-01 5.807827e-01 
2.363208e-01 5.810093e-01 
2.450607e-01 5.812775e-01 
2.537636e-01 5.815887e-01 
2.624280e-01 5.819433e-01 
2.710506e-01 5.823427e-01 
2.796304e-01 5.827872e-01 
2.881654e-01 5.832775e-01 
2.966557e-01 5.838133e-01 
3.050956e-01 5.843965e-01 
3.119655e-01 5.849132e-01 
3.187996e-01 5.854684e-01 
3.255991e-01 5.860615e-01 
3.323641e-01 5.866919e-01 
3.390962e-01 5.873591e-01 
3.457968e-01 5.880624e-01 
3.524681e-01 5.888009e-01 
3.591126e-01 5.895743e-01 
3.657322e-01 5.903820e-01 
3.723294e-01 5.912238e-01 
3.789062e-01 5.920988e-01 
3.854650e-01 5.930066e-01 
3.920078e-01 5.939468e-01 
3.985368e-01 5.949189e-01 
4.050540e-01 5.959227e-01 
4.115619e-01 5.969582e-01 
0.000000e+00 5.899281e-01 
1.013315e-02 5.899441e-01 
1.983782e-02 5.898717e-01 
2.927216e-02 5.897451e-01 
3.855842e-02 5.895876e-01 
4.773988e-02 5.894102e-01 
5.686562e-02 5.892198e-01 
6.595777e-02 5.890234e-01 
7.503071e-02 5.888248e-01 
8.408874e-02 5.886302e-01 
9.313669e-02 5.884413e-01 
1.021767e-01 5.882612e-01 
1.112089e-01 5.880919e-01 
1.202339e-01 5.879368e-01 
1.292494e-01 5.877978e-01 
1.382548e-01 5.876777e-01 
1.472481e-01 5.875787e-01 
1.562292e-01 5.875036e-01 
1.651952e-01 5.874541e-01 
1.741444e-01 5.874323e-01 
1.830747e-01 5.874401e-01 
1.919845e-01 5.874792e-01 
2.008714e-01 5.875515e-01 
2.097335e-01 5.876587e-01 
2.185684e-01 5.878023e-01 
2.273745e-01 5.879835e-01 
2.361487e-01 5.882044e-01 
2.448892e-01 5.884660e-01 
2.535934e-01 5.887699e-01 
2.622600e-01 5.891163e-01 
2.708857e-01 5.895068e-01 
2.794695e-01 5.899416e-01 
2.880095e-01 5.904214e-01 
2.965057e-01 5.909458e-01 
3.049526e-01 5.915169e-01 
3.118289e-01 5.920229e-01 
3.186701e-01 5.925670e-01 
3.254774e-01 5.931481e-01 
3.322509e-01 5.937662e-01 
3.389920e-01 5.944203e-01 
3.457022e-01 5.951100e-01 
3.523838e-01 5.958343e-01 
3.590390e-01 5.965931e-01 
3.656698e-01 5.973856e-01 
3.722787e-01 5.982116e-01 
3.788675e-01 5.990703e-01 
3.854387e-01 5.999614e-01 
3.919942e-01 6.008843e-01 
3.985362e-01 6.018387e-01 
4.050667e-01 6.028243e-01 
4.115880e-01 6.038411e-01 
0.000000e+00 5.971223e-01 
1.011208e-02 5.971396e-01 
1.980132e-02 5.970690e-01 
2.922379e-02 5.969444e-01 
3.850008e-02 5.967892e-01 
4.767294e-02 5.966141e-01 
5.679082e-02 5.964260e-01 
6.587558e-02 5.962320e-01 
7.494142e-02 5.960357e-01 
8.399259e-02 5.958434e-01 
9.303387e-02 5.956566e-01 
1.020674e-01 5.954784e-01 
1.110933e-01 5.953109e-01 
1.201122e-01 5.951573e-01 
1.291219e-01 5.950194e-01 
1.381216e-01 5.949001e-01 
1.471097e-01 5.948014e-01 
1.560858e-01 5.947262e-01 
1.650472e-01 5.946762e-01 
1.739923e-01 5.946533e-01 
1.829189e-01 5.946593e-01 
1.918254e-01 5.946962e-01 
2.007097e-01 5.947656e-01 
2.095697e-01 5.948691e-01 
2.184031e-01 5.950085e-01 
2.272084e-01 5.951848e-01 
2.359826e-01 5.953999e-01 
2.447237e-01 5.956551e-01 
2.534294e-01 5.959517e-01 
2.620983e-01 5.962901e-01 
2.707272e-01 5.966718e-01 
2.793152e-01 5.970969e-01 
2.878601e-01 5.975663e-01 
2.963623e-01 5.980795e-01 
3.048162e-01 5.986386e-01 
3.116989e-01 5.991341e-01 
3.185473e-01 5.996670e-01 
3.253623e-01 6.002364e-01 
3.321442e-01 6.008421e-01 
3.388943e-01 6.014833e-01 
3.456142e-01 6.021595e-01 
3.523059e-01 6.028698e-01 
3.589717e-01 6.036140e-01 
3.656137e-01 6.043914e-01 
3.722341e-01 6.052017e-01 
3.788349e-01 6.060443e-01 
3.854184e-01 6.069187e-01 
3.919865e-01 6.078245e-01 
3.985414e-01 6.087613e-01 
4.050851e-01 6.097288e-01 
4.116197e-01 6.107271e-01 
0.000000e+00 6.043165e-01 
1.009097e-02 6.043350e-01 
1.976489e-02 6.042661e-01 
2.917566e-02 6.041437e-01 
3.844218e-02 6.039906e-01 
4.760669e-02 6.038178e-01 
5.671697e-02 6.036321e-01 
6.579460e-02 6.034404e-01 
7.485361e-02 6.032466e-01 
8.389819e-02 6.030565e-01 
9.293308e-02 6.028718e-01 
1.019604e-01 6.026956e-01 
1.109803e-01 6.025298e-01 
1.199933e-01 6.023776e-01 
1.289974e-01 6.022410e-01 
1.379919e-01 6.021224e-01 
1.469749e-01 6.020242e-01 
1.559463e-01 6.019489e-01 
1.649034e-01 6.018983e-01 
1.738445e-01 6.018743e-01 
1.827677e-01 6.018787e-01 
1.916712e-01 6.019133e-01 
2.005530e-01 6.019798e-01 
2.094111e-01 6.020799e-01 
2.182432e-01 6.022150e-01 
2.270479e-01 6.023864e-01 
2.358221e-01 6.025959e-01 
2.445641e-01 6.028446e-01 
2.532713e-01 6.031341e-01 
2.619426e-01 6.034645e-01 
2.705748e-01 6.038375e-01 
2.791669e-01 6.042531e-01 
2.877169e-01 6.047121e-01 
2.962251e-01 6.052142e-01 
3.046859e-01 6.057614e-01 
3.115751e-01 6.062465e-01 
3.184306e-01 6.067683e-01 
3.252534e-01 6.073261e-01 
3.320437e-01 6.079196e-01 
3.388028e-01 6.085480e-01 
3.455322e-01 6.092108e-01 
3.522341e-01 6.099072e-01 
3.589105e-01 6.106368e-01 
3.655635e-01 6.113993e-01 
3.721954e-01 6.121941e-01 
3.788080e-01 6.130206e-01 
3.854037e-01 6.138785e-01 
3.919843e-01 6.147673e-01 
3.985520e-01 6.156866e-01 
4.051087e-01 6.166361e-01 
4.116566e-01 6.176159e-01 
0.000000e+00 6.115108e-01 
1.006985e-02 6.115303e-01 
1.972854e-02 6.114631e-01 
2.912777e-02 6.113427e-01 
3.838474e-02 6.111918e-01 
4.754111e-02 6.110213e-01 
5.664403e-02 6.108380e-01 
6.571477e-02 6.106488e-01 
7.476720e-02 6.104573e-01 
8.380545e-02 6.102695e-01 
9.283421e-02 6.100870e-01 
1.018556e-01 6.099127e-01 
1.108697e-01 6.097487e-01 
1.198771e-01 6.095980e-01 
1.288759e-01 6.094625e-01 
1.378652e-01 6.093448e-01 
1.468435e-01 6.092469e-01 
1.558104e-01 6.091716e-01 
1.647634e-01 6.091205e-01 
1.737008e-01 6.090955e-01 
1.826207e-01 6.090982e-01 
1.915214e-01 6.091306e-01 
2.004009e-01 6.091943e-01 
2.092572e-01 6.092909e-01 
2.180883e-01 6.094219e-01 
2.268924e-01 6.095884e-01 
2.356669e-01 6.097923e-01 
2.444098e-01 6.100348e-01 
2.531187e-01 6.103171e-01 
2.617925e-01 6.106397e-01 
2.704281e-01 6.110040e-01 
2.790244e-01 6.114102e-01 
2.875795e-01 6.118590e-01 
2.960937e-01 6.123500e-01 
3.045616e-01 6.128854e-01 
3.114572e-01 6.133601e-01 
3.183198e-01 6.138711e-01 
3.251503e-01 6.144173e-01 
3.319490e-01 6.149986e-01 
3.387170e-01 6.156143e-01 
3.454560e-01 6.162638e-01 
3.521679e-01 6.169463e-01 
3.588548e-01 6.176616e-01 
3.655188e-01 6.184092e-01 
3.721621e-01 6.191886e-01 
3.787865e-01 6.199992e-01 
3.853943e-01 6.208406e-01 
3.919874e-01 6.217125e-01 
3.985677e-01 6.226144e-01 
4.051374e-01 6.235460e-01 
4.116983e-01 6.245075e-01 
0.000000e+00 6.187050e-01 
1.004870e-02 6.187255e-01 
1.969223e-02 6.186599e-01 
2.908008e-02 6.185416e-01 
3.832767e-02 6.183929e-01 
4.747613e-02 6.182247e-01 
5.657191e-02 6.180438e-01 
6.563601e-02 6.178569e-01 
7.468210e-02 6.176679e-01 
8.371426e-02 6.174823e-01 
9.273713e-02 6.173020e-01 
1.017528e-01 6.171297e-01 
1.107614e-01 6.169675e-01 
1.197635e-01 6.168183e-01 
1.287571e-01 6.166840e-01 
1.377416e-01 6.165671e-01 
1.467153e-01 6.164697e-01 
1.556779e-01 6.163944e-01 
1.646270e-01 6.163428e-01 
1.735610e-01 6.163167e-01 
1.824777e-01 6.163179e-01 
1.913758e-01 6.163481e-01 
2.002532e-01 6.164091e-01 
2.091080e-01 6.165022e-01 
2.179380e-01 6.166291e-01 
2.267418e-01 6.167908e-01 
2.355166e-01 6.169892e-01 
2.442605e-01 6.172254e-01 
2.529713e-01 6.175007e-01 
2.616477e-01 6.178155e-01 
2.702866e-01 6.181712e-01 
2.788872e-01 6.185680e-01 
2.874475e-01 6.190067e-01 
2.959677e-01 6.194868e-01 
3.044426e-01 6.200105e-01 
3.113447e-01 6.204750e-01 
3.182144e-01 6.209751e-01 
3.250526e-01 6.215098e-01 
3.318596e-01 6.220791e-01 
3.386366e-01 6.226821e-01 
3.453850e-01 6.233185e-01 
3.521069e-01 6.239872e-01 
3.588043e-01 6.246883e-01 
3.654792e-01 6.254210e-01 
3.721338e-01 6.261851e-01 
3.787700e-01 6.269798e-01 
3.853897e-01 6.278050e-01 
3.919951e-01 6.286600e-01 
3.985881e-01 6.295446e-01 
4.051705e-01 6.304585e-01 
4.117445e-01 6.314017e-01 
0.000000e+00 6.258993e-01 
1.002752e-02 6.259207e-01 
1.965598e-02 6.258567e-01 
2.903257e-02 6.257404e-01 
3.827097e-02 6.255939e-01 
4.741170e-02 6.254280e-01 
5.650057e-02 6.252495e-01 
6.555825e-02 6.250650e-01 
7.459823e-02 6.248784e-01 
8.362453e-02 6.246951e-01 
9.264173e-02 6.245170e-01 
1.016519e-01 6.243467e-01 
1.106552e-01 6.241862e-01 
1.196522e-01 6.240385e-01 
1.286409e-01 6.239055e-01 
1.376208e-01 6.237894e-01 
1.465901e-01 6.236925e-01 
1.555487e-01 6.236172e-01 
1.644941e-01 6.235651e-01 
1.734247e-01 6.235380e-01 
1.823385e-01 6.235377e-01 
1.912342e-01 6.235658e-01 
2.001096e-01 6.236240e-01 
2.089630e-01 6.237138e-01 
2.177922e-01 6.238366e-01 
2.265958e-01 6.239936e-01 
2.353710e-01 6.241866e-01 
2.441161e-01 6.244165e-01 
2.528287e-01 6.246849e-01 
2.615078e-01 6.249920e-01 
2.701502e-01 6.253392e-01 
2.787551e-01 6.257268e-01 
2.873206e-01 6.261554e-01 
2.958469e-01 6.266247e-01 
3.043287e-01 6.271367e-01 
3.112373e-01 6.275911e-01 
3.181141e-01 6.280803e-01 
3.249600e-01 6.286037e-01 
3.317753e-01 6.291610e-01 
3.385611e-01 6.297515e-01 
3.453190e-01 6.303747e-01 
3.520508e-01 6.310299e-01 
3.587586e-01 6.317167e-01 
3.654444e-01 6.324347e-01 
3.721102e-01 6.331835e-01 
3.787580e-01 6.339626e-01 
3.853897e-01 6.347715e-01 
3.920073e-01 6.356098e-01 
3.986128e-01 6.364772e-01 
4.052079e-01 6.373734e-01 
4.117947e-01 6.382985e-01 
0.000000e+00 6.330935e-01 
1.000630e-02 6.331157e-01 
1.961974e-02 6.330533e-01 
2.898521e-02 6.329390e-01 
3.821457e-02 6.327947e-01 
4.734779e-02 6.326311e-01 
5.642994e-02 6.324550e-01 
6.548141e-02 6.322730e-01 
7.451550e-02 6.320888e-01 
8.353616e-02 6.319078e-01 
9.254791e-02 6.317318e-01 
1.015528e-01 6.315636e-01 
1.105510e-01 6.314049e-01 
1.195431e-01 6.312588e-01 
1.285271e-01 6.311269e-01 
1.375026e-01 6.310118e-01 
1.464677e-01 6.309154e-01 
1.554225e-01 6.308401e-01 
1.643643e-01 6.307875e-01 
1.732918e-01 6.307595e-01 
1.822029e-01 6.307577e-01 
1.910963e-01 6.307837e-01 
1.999700e-01 6.308392e-01 
2.088220e-01 6.309257e-01 
2.176505e-01 6.310445e-01 
2.264540e-01 6.311968e-01 
2.352298e-01 6.313843e-01 
2.439761e-01 6.316082e-01 
2.526907e-01 6.318697e-01 
2.613725e-01 6.321691e-01 
2.700184e-01 6.325080e-01 
2.786277e-01 6.328863e-01 
2.871984e-01 6.333050e-01 
2.957307e-01 6.337635e-01 
3.042196e-01 6.342640e-01 
3.111346e-01 6.347083e-01 
3.180184e-01 6.351869e-01 
3.248720e-01 6.356990e-01 
3.316955e-01 6.362444e-01 
3.384902e-01 6.368224e-01 
3.452575e-01 6.374326e-01 
3.519992e-01 6.380742e-01 
3.587173e-01 6.387469e-01 
3.654139e-01 6.394503e-01 
3.720909e-01 6.401839e-01 
3.787502e-01 6.409473e-01 
3.853938e-01 6.417401e-01 
3.920236e-01 6.425617e-01 
3.986414e-01 6.434120e-01 
4.052491e-01 6.442906e-01 
4.118488e-01 6.451977e-01 
0.000000e+00 6.402878e-01 
9.985035e-03 6.403107e-01 
1.958353e-02 6.402497e-01 
2.893800e-02 6.401374e-01 
3.815849e-02 6.399953e-01 
4.728435e-02 6.398340e-01 
5.635998e-02 6.396604e-01 
6.540544e-02 6.394808e-01 
7.443383e-02 6.392991e-01 
8.344905e-02 6.391205e-01 
9.245557e-02 6.389467e-01 
1.014554e-01 6.387804e-01 
1.104487e-01 6.386236e-01 
1.194361e-01 6.384790e-01 
1.284157e-01 6.383485e-01 
1.373868e-01 6.382342e-01 
1.463480e-01 6.381383e-01 
1.552991e-01 6.380631e-01 
1.642376e-01 6.380101e-01 
1.731621e-01 6.379812e-01 
1.820706e-01 6.379779e-01 
1.909619e-01 6.380019e-01 
1.998339e-01 6.380548e-01 
2.086848e-01 6.381379e-01 
2.175127e-01 6.382528e-01 
2.263162e-01 6.384005e-01 
2.350927e-01 6.385827e-01 
2.438403e-01 6.388005e-01 
2.525569e-01 6.390551e-01 
2.612415e-01 6.393470e-01 
2.698910e-01 6.396775e-01 
2.785046e-01 6.400468e-01 
2.870806e-01 6.404556e-01 
2.956190e-01 6.409035e-01 
3.041149e-01 6.413925e-01 
3.110363e-01 6.418268e-01 
3.179272e-01 6.422948e-01 
3.247884e-01 6.427956e-01 
3.316202e-01 6.433292e-01 
3.384236e-01 6.438949e-01 
3.452002e-01 6.444921e-01 
3.519517e-01 6.451202e-01 
3.586802e-01 6.457789e-01 
3.653875e-01 6.464677e-01 
3.720757e-01 6.471863e-01 
3.787464e-01 6.479341e-01 
3.854018e-01 6.487108e-01 
3.920436e-01 6.495159e-01 
3.986738e-01 6.503492e-01 
4.052940e-01 6.512103e-01 
4.119063e-01 6.520993e-01 
0.000000e+00 6.474820e-01 
9.963726e-03 6.475055e-01 
1.954731e-02 6.474461e-01 
2.889091e-02 6.473358e-01 
3.810266e-02 6.471958e-01 
4.722134e-02 6.470369e-01 
5.629062e-02 6.468657e-01 
6.533026e-02 6.466886e-01 
7.435315e-02 6.465093e-01 
8.336313e-02 6.463330e-01 
9.236460e-02 6.461615e-01 
1.013595e-01 6.459973e-01 
1.103482e-01 6.458423e-01 
1.193310e-01 6.456993e-01 
1.283063e-01 6.455700e-01 
1.372734e-01 6.454567e-01 
1.462308e-01 6.453613e-01 
1.551784e-01 6.452862e-01 
1.641137e-01 6.452329e-01 
1.730354e-01 6.452030e-01 
1.819415e-01 6.451983e-01 
1.908307e-01 6.452203e-01 
1.997012e-01 6.452706e-01 
2.085511e-01 6.453505e-01 
2.173786e-01 6.454615e-01 
2.261822e-01 6.456046e-01 
2.349594e-01 6.457815e-01 
2.437084e-01 6.459933e-01 
2.524271e-01 6.462412e-01 
2.611145e-01 6.465256e-01 
2.697677e-01 6.468479e-01 
2.783857e-01 6.472081e-01 
2.869669e-01 6.476071e-01 
2.955114e-01 6.480444e-01 
3.040143e-01 6.485221e-01 
3.109421e-01 6.489465e-01 
3.178400e-01 6.494039e-01 
3.247088e-01 6.498936e-01 
3.315488e-01 6.504155e-01 
3.383610e-01 6.509688e-01 
3.451469e-01 6.515532e-01 
3.519082e-01 6.521679e-01 
3.586469e-01 6.528126e-01 
3.653649e-01 6.534870e-01 
3.720641e-01 6.541906e-01 
3.787463e-01 6.549229e-01 
3.854133e-01 6.556836e-01 
3.920672e-01 6.564722e-01 
3.987095e-01 6.572885e-01 
4.053422e-01 6.581321e-01 
4.119671e-01 6.590033e-01 
0.000000e+00 6.546763e-01 
9.942367e-03 6.547003e-01 
1.951110e-02 6.546423e-01 
2.884390e-02 6.545340e-01 
3.804706e-02 6.543962e-01 
4.715872e-02 6.542396e-01 
5.622183e-02 6.540709e-01 
6.525582e-02 6.538963e-01 
7.427339e-02 6.537194e-01 
8.327831e-02 6.535455e-01 
9.227492e-02 6.533762e-01 
1.012652e-01 6.532141e-01 
1.102493e-01 6.530610e-01 
1.192278e-01 6.529196e-01 
1.281989e-01 6.527916e-01 
1.371622e-01 6.526792e-01 
1.461159e-01 6.525844e-01 
1.550601e-01 6.525094e-01 
1.639924e-01 6.524558e-01 
1.729114e-01 6.524251e-01 
1.818153e-01 6.524190e-01 
1.907026e-01 6.524390e-01 
1.995717e-01 6.524867e-01 
2.084207e-01 6.525634e-01 
2.172478e-01 6.526706e-01 
2.260516e-01 6.528092e-01 
2.348296e-01 6.529809e-01 
2.435801e-01 6.531867e-01 
2.523010e-01 6.534279e-01 
2.609913e-01 6.537049e-01 
2.696481e-01 6.540189e-01 
2.782706e-01 6.543702e-01 
2.868571e-01 6.547595e-01 
2.954076e-01 6.551863e-01 
3.039175e-01 6.556528e-01 
3.108517e-01 6.560673e-01 
3.177566e-01 6.565142e-01 
3.246330e-01 6.569929e-01 
3.314811e-01 6.575031e-01 
3.383021e-01 6.580442e-01 
3.450972e-01 6.586158e-01 
3.518683e-01 6.592171e-01 
3.586172e-01 6.598480e-01 
3.653458e-01 6.605079e-01 
3.720560e-01 6.611966e-01 
3.787495e-01 6.619135e-01 
3.854282e-01 6.626582e-01 
3.920939e-01 6.634305e-01 
3.987484e-01 6.642298e-01 
4.053935e-01 6.650561e-01 
4.120309e-01 6.659095e-01 
0.000000e+00 6.618705e-01 
9.920952e-03 6.618950e-01 
1.947485e-02 6.618384e-01 
2.879697e-02 6.617320e-01 
3.799166e-02 6.615964e-01 
4.709645e-02 6.614422e-01 
5.615355e-02 6.612759e-01 
6.518206e-02 6.611038e-01 
7.419449e-02 6.609295e-01 
8.319451e-02 6.607580e-01 
9.218643e-02 6.605909e-01 
1.011722e-01 6.604309e-01 
1.101519e-01 6.602797e-01 
1.191263e-01 6.601399e-01 
1.280934e-01 6.600132e-01 
1.370529e-01 6.599019e-01 
1.460032e-01 6.598076e-01 
1.549442e-01 6.597328e-01 
1.638736e-01 6.596788e-01 
1.727901e-01 6.596473e-01 
1.816917e-01 6.596398e-01 
1.905774e-01 6.596579e-01 
1.994451e-01 6.597031e-01 
2.082934e-01 6.597767e-01 
2.171202e-01 6.598800e-01 
2.259243e-01 6.600141e-01 
2.347032e-01 6.601806e-01 
2.434552e-01 6.603806e-01 
2.521784e-01 6.606152e-01 
2.608716e-01 6.608848e-01 
2.695321e-01 6.611907e-01 
2.781591e-01 6.615331e-01 
2.867508e-01 6.619127e-01 
2.953075e-01 6.623292e-01 
3.038243e-01 6.627844e-01 
3.107649e-01 6.631892e-01 
3.176767e-01 6.636257e-01 
3.245607e-01 6.640933e-01 
3.314170e-01 6.645919e-01 
3.382466e-01 6.651209e-01 
3.450510e-01 6.656798e-01 
3.518317e-01 6.662678e-01 
3.585908e-01 6.668849e-01 
3.653300e-01 6.675305e-01 
3.720511e-01 6.682043e-01 
3.787558e-01 6.689058e-01 
3.854461e-01 6.696347e-01 
3.921237e-01 6.703906e-01 
3.987903e-01 6.711731e-01 
4.054476e-01 6.719821e-01 
4.120974e-01 6.728177e-01 
0.000000e+00 6.690647e-01 
9.899480e-03 6.690895e-01 
1.943859e-02 6.690343e-01 
2.875011e-02 6.689298e-01 
3.793645e-02 6.687965e-01 
4.703450e-02 6.686447e-01 
5.608574e-02 6.684809e-01 
6.510893e-02 6.683113e-01 
7.411637e-02 6.681395e-01 
8.311167e-02 6.679704e-01 
9.209905e-02 6.678056e-01 
1.010804e-01 6.676477e-01 
1.100560e-01 6.674984e-01 
1.190263e-01 6.673602e-01 
1.279897e-01 6.672349e-01 
1.369456e-01 6.671246e-01 
1.458925e-01 6.670310e-01 
1.548304e-01 6.669563e-01 
1.637571e-01 6.669020e-01 
1.726711e-01 6.668697e-01 
1.815707e-01 6.668609e-01 
1.904548e-01 6.668771e-01 
1.993213e-01 6.669198e-01 
2.081689e-01 6.669903e-01 
2.169955e-01 6.670899e-01 
2.258000e-01 6.672195e-01 
2.345798e-01 6.673809e-01 
2.433335e-01 6.675750e-01 
2.520589e-01 6.678030e-01 
2.607551e-01 6.680653e-01 
2.694194e-01 6.683632e-01 
2.780508e-01 6.686968e-01 
2.866478e-01 6.690668e-01 
2.952106e-01 6.694729e-01 
3.037344e-01 6.699171e-01 
3.106813e-01 6.703121e-01 
3.176002e-01 6.707383e-01 
3.244917e-01 6.711950e-01 
3.313561e-01 6.716821e-01 
3.381944e-01 6.721989e-01 
3.450079e-01 6.727451e-01 
3.517983e-01 6.733200e-01 
3.585675e-01 6.739233e-01 
3.653172e-01 6.745546e-01 
3.720492e-01 6.752136e-01 
3.787651e-01 6.758998e-01 
3.854669e-01 6.766129e-01 
3.921563e-01 6.773525e-01 
3.988349e-01 6.781183e-01 
4.055044e-01 6.789100e-01 
4.121666e-01 6.797279e-01 
0.000000e+00 6.762590e-01 
9.877942e-03 6.762839e-01 
1.940228e-02 6.762300e-01 
2.870328e-02 6.761276e-01 
3.788137e-02 6.759965e-01 
4.697283e-02 6.758470e-01 
5.601836e-02 6.756858e-01 
6.503637e-02 6.755187e-01 
7.403897e-02 6.753495e-01 
8.302969e-02 6.751828e-01 
9.201270e-02 6.750203e-01 
1.009898e-01 6.748645e-01 
1.099614e-01 6.747171e-01 
1.189278e-01 6.745806e-01 
1.278875e-01 6.744567e-01 
1.368399e-01 6.743473e-01 
1.457837e-01 6.742544e-01 
1.547187e-01 6.741799e-01 
1.636427e-01 6.741253e-01 
1.725544e-01 6.740923e-01 
1.814521e-01 6.740822e-01 
1.903346e-01 6.740965e-01 
1.992001e-01 6.741368e-01 
2.080470e-01 6.742041e-01 
2.168735e-01 6.743000e-01 
2.256784e-01 6.744253e-01 
2.344594e-01 6.745816e-01 
2.432147e-01 6.747699e-01 
2.519425e-01 6.749914e-01 
2.606417e-01 6.752465e-01 
2.693097e-01 6.755363e-01 
2.779456e-01 6.758611e-01 
2.865480e-01 6.762216e-01 
2.951168e-01 6.766175e-01 
3.036476e-01 6.770507e-01 
3.106009e-01 6.774360e-01 
3.175267e-01 6.778519e-01 
3.244257e-01 6.782978e-01 
3.312982e-01 6.787734e-01 
3.381451e-01 6.792782e-01 
3.449678e-01 6.798118e-01 
3.517678e-01 6.803735e-01 
3.585471e-01 6.809631e-01 
3.653072e-01 6.815802e-01 
3.720500e-01 6.822245e-01 
3.787772e-01 6.828954e-01 
3.854904e-01 6.835928e-01 
3.921915e-01 6.843161e-01 
3.988820e-01 6.850651e-01 
4.055636e-01 6.858397e-01 
4.122381e-01 6.866399e-01 
BC
-1
-1
-1
-1
-1
-1
-1
-1
-1
-1
-1
-1
-1
-1
-1
-1
-1
-1
-1
-1
-1
-1
-1
-1
-1
-1
-1
-1
-1
-1
-1
-1
-1
-1
-1
-1
-1
-1
-1
-1
-1
-1
-1
-1
-1
-1
-1
-1
-1
-1
-1
-1
-1
-1
-1
-1
-1
-1
-1
-1
-1
-1
-1
-1
-1
-1
-1
-1
-1
-1
-1
-1
-1
-1
-1
-1
-1
-1
-1
-1
-1
-1
-1
-1
-1
-1
-1
-1
-1
-1
-1
-1
-1
-1
-1
-1
-1
-1
-1
-1
-1
-1
-1
-1
-1
-1
-1
-1
-1
-1
-1
-1
-1
-1
-1
-1
-1
-1
-1
-1
-1
-1
-1
-1
-1
-1
-1
-1
-1
-1
-1
-1
-1
-1
-1
-1
-1
-1
-1
-1
-1
-1
-1
-1
-1
-1
-1
1
1
1
1
1
1
1
1
1
1
1
1
1
1
1
1
1
1
1
1
1
1
1
1
1
1
1
1
1
1
1
1
1
1
1
1
1
1
1
1
1
1
1
1
1
1
1
