298
   2.9920000e-01   1.0350545e+00
   3.2780000e-01   1.0400489e+00
   3.5740000e-01   1.0453084e+00
   3.8810000e-01   1.0508416e+00
   4.1970000e-01   1.0566294e+00
   4.5210000e-01   1.0626297e+00
   4.8550000e-01   1.0689042e+00
   5.1970000e-01   1.0754249e+00
   5.5460000e-01   1.0821682e+00
   5.9030000e-01   1.0891430e+00
   6.2680000e-01   1.0963565e+00
   6.6390000e-01   1.1037644e+00
   7.0160000e-01   1.1113865e+00
   7.4000000e-01   1.1192362e+00
   7.7900000e-01   1.1272835e+00
   8.1860000e-01   1.1355312e+00
   8.5870000e-01   1.1439677e+00
   8.9930000e-01   1.1525862e+00
   9.4040000e-01   1.1613912e+00
   9.8200000e-01   1.1703698e+00
   1.0241000e+00   1.1795282e+00
   1.0666000e+00   1.1888505e+00
   1.1095000e+00   1.1983286e+00
   1.1528000e+00   1.2079653e+00
   1.1965000e+00   1.2177491e+00
   1.2406000e+00   1.2276979e+00
   1.2851000e+00   1.2378006e+00
   1.3299000e+00   1.2480264e+00
   1.3750000e+00   1.2583780e+00
   1.4204000e+00   1.2688589e+00
   1.4662000e+00   1.2794776e+00
   1.5122000e+00   1.2901945e+00
   1.5585000e+00   1.3010357e+00
   1.6051000e+00   1.3119907e+00
   1.6520000e+00   1.3230737e+00
   1.6991000e+00   1.3342358e+00
   1.7464000e+00   1.3454942e+00
   1.7940000e+00   1.3568623e+00
   1.8418000e+00   1.3683162e+00
   1.8899000e+00   1.3798651e+00
   1.9381000e+00   1.3914824e+00
   1.9866000e+00   1.4032018e+00
   2.0352000e+00   1.4149788e+00
   2.0841000e+00   1.4268436e+00
   2.1331000e+00   1.4387550e+00
   2.1823000e+00   1.4507513e+00
   2.2317000e+00   1.4628219e+00
   2.2813000e+00   1.4749490e+00
   2.3310000e+00   1.4871151e+00
   2.3809000e+00   1.4993553e+00
   2.4310000e+00   1.5116592e+00
   2.4812000e+00   1.5240021e+00
   2.5315000e+00   1.5363732e+00
   2.5821000e+00   1.5488183e+00
   2.6327000e+00   1.5612848e+00
   2.6836000e+00   1.5738252e+00
   2.7345000e+00   1.5863586e+00
   2.7856000e+00   1.5989483e+00
   2.8368000e+00   1.6115698e+00
   2.8882000e+00   1.6242300e+00
   2.9397000e+00   1.6369255e+00
   2.9913000e+00   1.6496385e+00
   3.0431000e+00   1.6623973e+00
   3.0950000e+00   1.6751738e+00
   3.1470000e+00   1.6879572e+00
   3.1992000e+00   1.7007827e+00
   3.2514000e+00   1.7135942e+00
   3.3038000e+00   1.7264372e+00
   3.3564000e+00   1.7393081e+00
   3.4090000e+00   1.7521649e+00
   3.4618000e+00   1.7650533e+00
   3.5147000e+00   1.7779487e+00
   3.5677000e+00   1.7908544e+00
   3.6208000e+00   1.8037673e+00
   3.6741000e+00   1.8166974e+00
   3.7275000e+00   1.8296239e+00
   3.7810000e+00   1.8425432e+00
   3.8346000e+00   1.8554731e+00
   3.8884000e+00   1.8684200e+00
   3.9423000e+00   1.8813456e+00
   3.9963000e+00   1.8942641e+00
   4.0504000e+00   1.9071791e+00
   4.1047000e+00   1.9201109e+00
   4.1591000e+00   1.9330216e+00
   4.2136000e+00   1.9459111e+00
   4.2682000e+00   1.9587969e+00
   4.3230000e+00   1.9716853e+00
   4.3779000e+00   1.9845526e+00
   4.4330000e+00   1.9974188e+00
   4.4882000e+00   2.0102639e+00
   4.5435000e+00   2.0231023e+00
   4.5990000e+00   2.0359253e+00
   4.6546000e+00   2.0487097e+00
   4.7103000e+00   2.0614732e+00
   4.7662000e+00   2.0742353e+00
   4.8222000e+00   2.0869764e+00
   4.8784000e+00   2.0997020e+00
   4.9347000e+00   2.1123892e+00
   4.9912000e+00   2.1250749e+00
   5.0479000e+00   2.1377416e+00
   5.1047000e+00   2.1503669e+00
   5.1616000e+00   2.1629540e+00
   5.2187000e+00   2.1755077e+00
   5.2760000e+00   2.1880421e+00
   5.3335000e+00   2.2005540e+00
   5.3911000e+00   2.2130106e+00
   5.4489000e+00   2.2254478e+00
   5.5069000e+00   2.2378624e+00
   5.5650000e+00   2.2502187e+00
   5.6234000e+00   2.2625705e+00
   5.6819000e+00   2.2748644e+00
   5.7406000e+00   2.2871212e+00
   5.7995000e+00   2.2993382e+00
   5.8586000e+00   2.3115151e+00
   5.9178000e+00   2.3236341e+00
   5.9774000e+00   2.3357481e+00
   6.0371000e+00   2.3477875e+00
   6.0969000e+00   2.3597666e+00
   6.1571000e+00   2.3717256e+00
   6.2174000e+00   2.3836217e+00
   6.2780000e+00   2.3954773e+00
   6.3387000e+00   2.4072530e+00
   6.3998000e+00   2.4190074e+00
   6.4610000e+00   2.4306826e+00
   6.5225000e+00   2.4423110e+00
   6.5842000e+00   2.4538794e+00
   6.6461000e+00   2.4653708e+00
   6.7083000e+00   2.4768181e+00
   6.7708000e+00   2.4882012e+00
   6.8335000e+00   2.4995216e+00
   6.8964000e+00   2.5107628e+00
   6.9597000e+00   2.5219575e+00
   7.0232000e+00   2.5330704e+00
   7.0869000e+00   2.5441156e+00
   7.1510000e+00   2.5550970e+00
   7.2153000e+00   2.5659968e+00
   7.2799000e+00   2.5768152e+00
   7.3448000e+00   2.5875641e+00
   7.4100000e+00   2.5982316e+00
   7.4754000e+00   2.6088155e+00
   7.5414000e+00   2.6193424e+00
   7.6072000e+00   2.6297271e+00
   7.6737000e+00   2.6400861e+00
   7.7401000e+00   2.6503034e+00
   7.8071000e+00   2.6604807e+00
   7.8741000e+00   2.6705471e+00
   7.9414000e+00   2.6805315e+00
   8.0093000e+00   2.6904790e+00
   8.0770000e+00   2.7002853e+00
   8.1453000e+00   2.7100555e+00
   8.2138000e+00   2.7197252e+00
   8.2823000e+00   2.7293074e+00
   8.3513000e+00   2.7388192e+00
   8.4207000e+00   2.7482586e+00
   8.4900000e+00   2.7576002e+00
   8.5596000e+00   2.7668453e+00
   8.6299000e+00   2.7760596e+00
   8.7001000e+00   2.7851575e+00
   8.7704000e+00   2.7941488e+00
   8.8409000e+00   2.8030669e+00
   8.9125000e+00   2.8119846e+00
   8.9835000e+00   2.8207253e+00
   9.0548000e+00   2.8294015e+00
   9.1264000e+00   2.8380206e+00
   9.1990000e+00   2.8466187e+00
   9.2710000e+00   2.8550308e+00
   9.3433000e+00   2.8633763e+00
   9.4159000e+00   2.8716833e+00
   9.4892000e+00   2.8799180e+00
   9.5626000e+00   2.8880442e+00
   9.6359000e+00   2.8960467e+00
   9.7094000e+00   2.9040004e+00
   9.7832000e+00   2.9118868e+00
   9.8579000e+00   2.9197184e+00
   9.9323000e+00   2.9274058e+00
   1.0006800e+01   2.9350289e+00
   1.0081500e+01   2.9425823e+00
   1.0156500e+01   2.9500702e+00
   1.0232400e+01   2.9574993e+00
   1.0308100e+01   2.9647820e+00
   1.0383700e+01   2.9720003e+00
   1.0459600e+01   2.9791554e+00
   1.0535800e+01   2.9862302e+00
   1.0612600e+01   2.9932328e+00
   1.0689800e+01   3.0001431e+00
   1.0766600e+01   3.0069636e+00
   1.0843700e+01   3.0137219e+00
   1.0921000e+01   3.0203907e+00
   1.0998500e+01   3.0269714e+00
   1.1076800e+01   3.0334947e+00
   1.1155300e+01   3.0399292e+00
   1.1233500e+01   3.0462707e+00
   1.1311900e+01   3.0525243e+00
   1.1390600e+01   3.0586980e+00
   1.1469500e+01   3.0647980e+00
   1.1548900e+01   3.0708300e+00
   1.1629000e+01   3.0767965e+00
   1.1708500e+01   3.0826652e+00
   1.1788300e+01   3.0884536e+00
   1.1868300e+01   3.0941685e+00
   1.1948500e+01   3.0997971e+00
   1.2028900e+01   3.1053391e+00
   1.2110400e+01   3.1108368e+00
   1.2191600e+01   3.1162613e+00
   1.2272600e+01   3.1215584e+00
   1.2353900e+01   3.1267899e+00
   1.2435400e+01   3.1319349e+00
   1.2517100e+01   3.1370079e+00
   1.2599000e+01   3.1420087e+00
   1.2681900e+01   3.1469737e+00
   1.2764700e+01   3.1518338e+00
   1.2847200e+01   3.1565925e+00
   1.2929900e+01   3.1612800e+00
   1.3012900e+01   3.1659010e+00
   1.3096000e+01   3.1704454e+00
   1.3179400e+01   3.1749090e+00
   1.3263100e+01   3.1793403e+00
   1.3348000e+01   3.1837060e+00
   1.3431900e+01   3.1879389e+00
   1.3516100e+01   3.1920906e+00
   1.3600400e+01   3.1961668e+00
   1.3685000e+01   3.2001619e+00
   1.3769700e+01   3.2040818e+00
   1.3854700e+01   3.2079501e+00
   1.3940000e+01   3.2118014e+00
   1.4026500e+01   3.2155621e+00
   1.4112000e+01   3.2192002e+00
   1.4197700e+01   3.2227530e+00
   1.4283600e+01   3.2262495e+00
   1.4369700e+01   3.2296748e+00
   1.4456000e+01   3.2330154e+00
   1.4542400e+01   3.2362829e+00
   1.4629100e+01   3.2395466e+00
   1.4716900e+01   3.2427258e+00
   1.4804300e+01   3.2457964e+00
   1.4891500e+01   3.2487824e+00
   1.4978800e+01   3.2516948e+00
   1.5066400e+01   3.2545401e+00
   1.5154100e+01   3.2573257e+00
   1.5242000e+01   3.2600411e+00
   1.5330100e+01   3.2627333e+00
   1.5418300e+01   3.2653826e+00
   1.5507800e+01   3.2679335e+00
   1.5596800e+01   3.2703779e+00
   1.5685500e+01   3.2727529e+00
   1.5774400e+01   3.2750577e+00
   1.5863500e+01   3.2772922e+00
   1.5952800e+01   3.2794705e+00
   1.6042200e+01   3.2815761e+00
   1.6131800e+01   3.2836720e+00
   1.6221500e+01   3.2857256e+00
   1.6312000e+01   3.2876923e+00
   1.6402900e+01   3.2895621e+00
   1.6493100e+01   3.2913575e+00
   1.6583400e+01   3.2930811e+00
   1.6674000e+01   3.2947503e+00
   1.6764600e+01   3.2963603e+00
   1.6855400e+01   3.2979000e+00
