npartb: 4 2 
ipartb: 1 1 
ngrid: 102 25 
1.056721e+00 2.850495e-01 
1.057412e+00 2.850425e-01 
1.058108e+00 2.850354e-01 
1.058807e+00 2.850283e-01 
1.059511e+00 2.850212e-01 
1.060219e+00 2.850140e-01 
1.060931e+00 2.850068e-01 
1.061648e+00 2.849995e-01 
1.062368e+00 2.849922e-01 
1.063094e+00 2.849849e-01 
1.063823e+00 2.849775e-01 
1.064557e+00 2.849700e-01 
1.065296e+00 2.849625e-01 
1.066039e+00 2.849550e-01 
1.066787e+00 2.849474e-01 
1.067539e+00 2.849398e-01 
1.068296e+00 2.849321e-01 
1.069058e+00 2.849244e-01 
1.069825e+00 2.849166e-01 
1.070597e+00 2.849088e-01 
1.071373e+00 2.849009e-01 
1.072155e+00 2.848930e-01 
1.072942e+00 2.848850e-01 
1.073734e+00 2.848769e-01 
1.074531e+00 2.848689e-01 
1.075333e+00 2.848607e-01 
1.076141e+00 2.848525e-01 
1.076953e+00 2.848443e-01 
1.077772e+00 2.848360e-01 
1.078595e+00 2.848276e-01 
1.079425e+00 2.848192e-01 
1.080259e+00 2.848108e-01 
1.081100e+00 2.848022e-01 
1.081946e+00 2.847937e-01 
1.082798e+00 2.847850e-01 
1.083656e+00 2.847763e-01 
1.084519e+00 2.847676e-01 
1.085389e+00 2.847587e-01 
1.086264e+00 2.847499e-01 
1.087146e+00 2.847409e-01 
1.088033e+00 2.847319e-01 
1.088927e+00 2.847228e-01 
1.089827e+00 2.847137e-01 
1.090733e+00 2.847045e-01 
1.091646e+00 2.846953e-01 
1.092565e+00 2.846859e-01 
1.093491e+00 2.846766e-01 
1.094423e+00 2.846671e-01 
1.095362e+00 2.846576e-01 
1.096307e+00 2.846480e-01 
1.097260e+00 2.846383e-01 
1.098219e+00 2.846286e-01 
1.099185e+00 2.846188e-01 
1.100158e+00 2.846089e-01 
1.101138e+00 2.845990e-01 
1.102125e+00 2.845890e-01 
1.103119e+00 2.845789e-01 
1.104120e+00 2.845687e-01 
1.105129e+00 2.845585e-01 
1.106145e+00 2.845482e-01 
1.107169e+00 2.845378e-01 
1.108200e+00 2.845274e-01 
1.109238e+00 2.845168e-01 
1.110285e+00 2.845062e-01 
1.111339e+00 2.844955e-01 
1.112400e+00 2.844848e-01 
1.113470e+00 2.844739e-01 
1.114548e+00 2.844630e-01 
1.115634e+00 2.844520e-01 
1.116727e+00 2.844409e-01 
1.117830e+00 2.844297e-01 
1.118940e+00 2.844184e-01 
1.120058e+00 2.844071e-01 
1.121186e+00 2.843956e-01 
1.122321e+00 2.843841e-01 
1.123465e+00 2.843725e-01 
1.124618e+00 2.843608e-01 
1.125780e+00 2.843490e-01 
1.126950e+00 2.843372e-01 
1.128129e+00 2.843252e-01 
1.129317e+00 2.843132e-01 
1.130515e+00 2.843010e-01 
1.131721e+00 2.842888e-01 
1.132937e+00 2.842764e-01 
1.134162e+00 2.842640e-01 
1.135396e+00 2.842515e-01 
1.136640e+00 2.842389e-01 
1.137894e+00 2.842262e-01 
1.139157e+00 2.842134e-01 
1.140430e+00 2.842004e-01 
1.141713e+00 2.841874e-01 
1.143005e+00 2.841743e-01 
1.144308e+00 2.841611e-01 
1.145621e+00 2.841478e-01 
1.146944e+00 2.841344e-01 
1.148278e+00 2.841208e-01 
1.149621e+00 2.841072e-01 
1.150976e+00 2.840935e-01 
1.152341e+00 2.840796e-01 
1.153716e+00 2.840657e-01 
1.155103e+00 2.840516e-01 
1.156500e+00 2.840374e-01 
1.056721e+00 2.857533e-01 
1.057412e+00 2.857466e-01 
1.058108e+00 2.857398e-01 
1.058808e+00 2.857330e-01 
1.059511e+00 2.857262e-01 
1.060219e+00 2.857193e-01 
1.060931e+00 2.857124e-01 
1.061648e+00 2.857054e-01 
1.062369e+00 2.856984e-01 
1.063094e+00 2.856913e-01 
1.063823e+00 2.856842e-01 
1.064557e+00 2.856771e-01 
1.065296e+00 2.856699e-01 
1.066039e+00 2.856627e-01 
1.066787e+00 2.856554e-01 
1.067539e+00 2.856481e-01 
1.068296e+00 2.856408e-01 
1.069058e+00 2.856334e-01 
1.069825e+00 2.856259e-01 
1.070597e+00 2.856184e-01 
1.071374e+00 2.856108e-01 
1.072155e+00 2.856033e-01 
1.072942e+00 2.855956e-01 
1.073734e+00 2.855879e-01 
1.074531e+00 2.855802e-01 
1.075333e+00 2.855724e-01 
1.076141e+00 2.855645e-01 
1.076954e+00 2.855566e-01 
1.077772e+00 2.855487e-01 
1.078596e+00 2.855407e-01 
1.079425e+00 2.855326e-01 
1.080260e+00 2.855245e-01 
1.081100e+00 2.855163e-01 
1.081946e+00 2.855081e-01 
1.082798e+00 2.854998e-01 
1.083656e+00 2.854915e-01 
1.084519e+00 2.854831e-01 
1.085389e+00 2.854746e-01 
1.086264e+00 2.854661e-01 
1.087146e+00 2.854575e-01 
1.088034e+00 2.854489e-01 
1.088927e+00 2.854402e-01 
1.089827e+00 2.854315e-01 
1.090734e+00 2.854227e-01 
1.091646e+00 2.854138e-01 
1.092566e+00 2.854049e-01 
1.093491e+00 2.853959e-01 
1.094423e+00 2.853868e-01 
1.095362e+00 2.853777e-01 
1.096308e+00 2.853685e-01 
1.097260e+00 2.853592e-01 
1.098219e+00 2.853499e-01 
1.099185e+00 2.853405e-01 
1.100158e+00 2.853311e-01 
1.101138e+00 2.853215e-01 
1.102125e+00 2.853119e-01 
1.103119e+00 2.853023e-01 
1.104121e+00 2.852925e-01 
1.105129e+00 2.852827e-01 
1.106145e+00 2.852729e-01 
1.107169e+00 2.852629e-01 
1.108200e+00 2.852529e-01 
1.109239e+00 2.852428e-01 
1.110285e+00 2.852326e-01 
1.111339e+00 2.852224e-01 
1.112401e+00 2.852121e-01 
1.113471e+00 2.852017e-01 
1.114548e+00 2.851912e-01 
1.115634e+00 2.851806e-01 
1.116728e+00 2.851700e-01 
1.117830e+00 2.851593e-01 
1.118940e+00 2.851485e-01 
1.120059e+00 2.851376e-01 
1.121186e+00 2.851267e-01 
1.122321e+00 2.851156e-01 
1.123466e+00 2.851045e-01 
1.124618e+00 2.850933e-01 
1.125780e+00 2.850820e-01 
1.126950e+00 2.850706e-01 
1.128130e+00 2.850592e-01 
1.129318e+00 2.850476e-01 
1.130515e+00 2.850360e-01 
1.131722e+00 2.850242e-01 
1.132937e+00 2.850124e-01 
1.134162e+00 2.850005e-01 
1.135397e+00 2.849885e-01 
1.136641e+00 2.849764e-01 
1.137894e+00 2.849642e-01 
1.139157e+00 2.849520e-01 
1.140430e+00 2.849396e-01 
1.141713e+00 2.849271e-01 
1.143006e+00 2.849146e-01 
1.144309e+00 2.849019e-01 
1.145622e+00 2.848891e-01 
1.146945e+00 2.848763e-01 
1.148278e+00 2.848633e-01 
1.149622e+00 2.848502e-01 
1.150976e+00 2.848371e-01 
1.152341e+00 2.848238e-01 
1.153717e+00 2.848104e-01 
1.155103e+00 2.847970e-01 
1.156500e+00 2.847834e-01 
1.056721e+00 2.864570e-01 
1.057413e+00 2.864506e-01 
1.058108e+00 2.864442e-01 
1.058808e+00 2.864376e-01 
1.059512e+00 2.864311e-01 
1.060220e+00 2.864245e-01 
1.060932e+00 2.864179e-01 
1.061648e+00 2.864112e-01 
1.062369e+00 2.864045e-01 
1.063094e+00 2.863978e-01 
1.063824e+00 2.863910e-01 
1.064558e+00 2.863842e-01 
1.065296e+00 2.863773e-01 
1.066039e+00 2.863704e-01 
1.066787e+00 2.863635e-01 
1.067540e+00 2.863565e-01 
1.068297e+00 2.863494e-01 
1.069059e+00 2.863423e-01 
1.069826e+00 2.863352e-01 
1.070597e+00 2.863280e-01 
1.071374e+00 2.863208e-01 
1.072156e+00 2.863135e-01 
1.072942e+00 2.863062e-01 
1.073734e+00 2.862989e-01 
1.074531e+00 2.862915e-01 
1.075334e+00 2.862840e-01 
1.076141e+00 2.862765e-01 
1.076954e+00 2.862689e-01 
1.077772e+00 2.862613e-01 
1.078596e+00 2.862537e-01 
1.079425e+00 2.862460e-01 
1.080260e+00 2.862382e-01 
1.081101e+00 2.862304e-01 
1.081947e+00 2.862225e-01 
1.082799e+00 2.862146e-01 
1.083656e+00 2.862066e-01 
1.084520e+00 2.861986e-01 
1.085389e+00 2.861905e-01 
1.086265e+00 2.861824e-01 
1.087146e+00 2.861742e-01 
1.088034e+00 2.861659e-01 
1.088928e+00 2.861576e-01 
1.089828e+00 2.861492e-01 
1.090734e+00 2.861408e-01 
1.091647e+00 2.861323e-01 
1.092566e+00 2.861238e-01 
1.093492e+00 2.861152e-01 
1.094424e+00 2.861065e-01 
1.095363e+00 2.860978e-01 
1.096308e+00 2.860890e-01 
1.097260e+00 2.860801e-01 
1.098219e+00 2.860712e-01 
1.099185e+00 2.860622e-01 
1.100158e+00 2.860532e-01 
1.101138e+00 2.860441e-01 
1.102125e+00 2.860349e-01 
1.103119e+00 2.860257e-01 
1.104121e+00 2.860163e-01 
1.105130e+00 2.860070e-01 
1.106146e+00 2.859975e-01 
1.107169e+00 2.859880e-01 
1.108200e+00 2.859784e-01 
1.109239e+00 2.859688e-01 
1.110285e+00 2.859590e-01 
1.111339e+00 2.859492e-01 
1.112401e+00 2.859394e-01 
1.113471e+00 2.859294e-01 
1.114549e+00 2.859194e-01 
1.115634e+00 2.859093e-01 
1.116728e+00 2.858991e-01 
1.117830e+00 2.858889e-01 
1.118941e+00 2.858786e-01 
1.120059e+00 2.858682e-01 
1.121186e+00 2.858577e-01 
1.122322e+00 2.858471e-01 
1.123466e+00 2.858365e-01 
1.124619e+00 2.858258e-01 
1.125780e+00 2.858150e-01 
1.126951e+00 2.858041e-01 
1.128130e+00 2.857931e-01 
1.129318e+00 2.857821e-01 
1.130516e+00 2.857709e-01 
1.131722e+00 2.857597e-01 
1.132938e+00 2.857484e-01 
1.134163e+00 2.857370e-01 
1.135397e+00 2.857255e-01 
1.136641e+00 2.857140e-01 
1.137895e+00 2.857023e-01 
1.139158e+00 2.856906e-01 
1.140431e+00 2.856787e-01 
1.141714e+00 2.856668e-01 
1.143006e+00 2.856548e-01 
1.144309e+00 2.856427e-01 
1.145622e+00 2.856305e-01 
1.146945e+00 2.856182e-01 
1.148279e+00 2.856058e-01 
1.149622e+00 2.855933e-01 
1.150977e+00 2.855807e-01 
1.152342e+00 2.855680e-01 
1.153717e+00 2.855552e-01 
1.155103e+00 2.855423e-01 
1.156501e+00 2.855293e-01 
1.056721e+00 2.871608e-01 
1.057413e+00 2.871547e-01 
1.058108e+00 2.871485e-01 
1.058808e+00 2.871423e-01 
1.059512e+00 2.871361e-01 
1.060220e+00 2.871298e-01 
1.060932e+00 2.871235e-01 
1.061648e+00 2.871171e-01 
1.062369e+00 2.871107e-01 
1.063094e+00 2.871043e-01 
1.063824e+00 2.870978e-01 
1.064558e+00 2.870913e-01 
1.065296e+00 2.870847e-01 
1.066040e+00 2.870781e-01 
1.066787e+00 2.870715e-01 
1.067540e+00 2.870648e-01 
1.068297e+00 2.870581e-01 
1.069059e+00 2.870513e-01 
1.069826e+00 2.870445e-01 
1.070598e+00 2.870377e-01 
1.071374e+00 2.870308e-01 
1.072156e+00 2.870238e-01 
1.072943e+00 2.870169e-01 
1.073735e+00 2.870098e-01 
1.074532e+00 2.870028e-01 
1.075334e+00 2.869956e-01 
1.076141e+00 2.869885e-01 
1.076954e+00 2.869813e-01 
1.077773e+00 2.869740e-01 
1.078596e+00 2.869667e-01 
1.079426e+00 2.869593e-01 
1.080260e+00 2.869519e-01 
1.081101e+00 2.869445e-01 
1.081947e+00 2.869369e-01 
1.082799e+00 2.869294e-01 
1.083657e+00 2.869218e-01 
1.084520e+00 2.869141e-01 
1.085390e+00 2.869064e-01 
1.086265e+00 2.868986e-01 
1.087147e+00 2.868908e-01 
1.088034e+00 2.868829e-01 
1.088928e+00 2.868750e-01 
1.089828e+00 2.868670e-01 
1.090734e+00 2.868590e-01 
1.091647e+00 2.868509e-01 
1.092566e+00 2.868427e-01 
1.093492e+00 2.868345e-01 
1.094424e+00 2.868262e-01 
1.095363e+00 2.868179e-01 
1.096308e+00 2.868095e-01 
1.097261e+00 2.868010e-01 
1.098220e+00 2.867925e-01 
1.099186e+00 2.867839e-01 
1.100159e+00 2.867753e-01 
1.101139e+00 2.867666e-01 
1.102126e+00 2.867579e-01 
1.103120e+00 2.867490e-01 
1.104121e+00 2.867401e-01 
1.105130e+00 2.867312e-01 
1.106146e+00 2.867222e-01 
1.107170e+00 2.867131e-01 
1.108201e+00 2.867039e-01 
1.109239e+00 2.866947e-01 
1.110286e+00 2.866854e-01 
1.111340e+00 2.866761e-01 
1.112402e+00 2.866667e-01 
1.113471e+00 2.866572e-01 
1.114549e+00 2.866476e-01 
1.115635e+00 2.866380e-01 
1.116729e+00 2.866283e-01 
1.117831e+00 2.866185e-01 
1.118941e+00 2.866086e-01 
1.120060e+00 2.865987e-01 
1.121187e+00 2.865887e-01 
1.122322e+00 2.865786e-01 
1.123466e+00 2.865685e-01 
1.124619e+00 2.865582e-01 
1.125781e+00 2.865479e-01 
1.126951e+00 2.865375e-01 
1.128130e+00 2.865271e-01 
1.129319e+00 2.865165e-01 
1.130516e+00 2.865059e-01 
1.131722e+00 2.864952e-01 
1.132938e+00 2.864844e-01 
1.134163e+00 2.864735e-01 
1.135398e+00 2.864626e-01 
1.136642e+00 2.864515e-01 
1.137895e+00 2.864404e-01 
1.139158e+00 2.864292e-01 
1.140431e+00 2.864179e-01 
1.141714e+00 2.864065e-01 
1.143007e+00 2.863950e-01 
1.144310e+00 2.863835e-01 
1.145622e+00 2.863718e-01 
1.146946e+00 2.863601e-01 
1.148279e+00 2.863482e-01 
1.149623e+00 2.863363e-01 
1.150977e+00 2.863243e-01 
1.152342e+00 2.863122e-01 
1.153718e+00 2.863000e-01 
1.155104e+00 2.862877e-01 
1.156501e+00 2.862753e-01 
1.056722e+00 2.878646e-01 
1.057413e+00 2.878587e-01 
1.058109e+00 2.878529e-01 
1.058808e+00 2.878470e-01 
1.059512e+00 2.878410e-01 
1.060220e+00 2.878350e-01 
1.060932e+00 2.878290e-01 
1.061649e+00 2.878229e-01 
1.062369e+00 2.878169e-01 
1.063095e+00 2.878107e-01 
1.063824e+00 2.878046e-01 
1.064558e+00 2.877984e-01 
1.065297e+00 2.877921e-01 
1.066040e+00 2.877858e-01 
1.066788e+00 2.877795e-01 
1.067540e+00 2.877731e-01 
1.068297e+00 2.877667e-01 
1.069059e+00 2.877603e-01 
1.069826e+00 2.877538e-01 
1.070598e+00 2.877473e-01 
1.071375e+00 2.877407e-01 
1.072156e+00 2.877341e-01 
1.072943e+00 2.877275e-01 
1.073735e+00 2.877208e-01 
1.074532e+00 2.877141e-01 
1.075334e+00 2.877073e-01 
1.076142e+00 2.877004e-01 
1.076955e+00 2.876936e-01 
1.077773e+00 2.876867e-01 
1.078597e+00 2.876797e-01 
1.079426e+00 2.876727e-01 
1.080261e+00 2.876656e-01 
1.081101e+00 2.876585e-01 
1.081947e+00 2.876514e-01 
1.082799e+00 2.876442e-01 
1.083657e+00 2.876369e-01 
1.084520e+00 2.876296e-01 
1.085390e+00 2.876223e-01 
1.086265e+00 2.876149e-01 
1.087147e+00 2.876074e-01 
1.088035e+00 2.875999e-01 
1.088928e+00 2.875924e-01 
1.089828e+00 2.875848e-01 
1.090735e+00 2.875771e-01 
1.091647e+00 2.875694e-01 
1.092567e+00 2.875616e-01 
1.093492e+00 2.875538e-01 
1.094424e+00 2.875459e-01 
1.095363e+00 2.875380e-01 
1.096309e+00 2.875300e-01 
1.097261e+00 2.875219e-01 
1.098220e+00 2.875138e-01 
1.099186e+00 2.875057e-01 
1.100159e+00 2.874974e-01 
1.101139e+00 2.874892e-01 
1.102126e+00 2.874808e-01 
1.103120e+00 2.874724e-01 
1.104122e+00 2.874639e-01 
1.105130e+00 2.874554e-01 
1.106146e+00 2.874468e-01 
1.107170e+00 2.874382e-01 
1.108201e+00 2.874295e-01 
1.109240e+00 2.874207e-01 
1.110286e+00 2.874118e-01 
1.111340e+00 2.874029e-01 
1.112402e+00 2.873940e-01 
1.113472e+00 2.873849e-01 
1.114549e+00 2.873758e-01 
1.115635e+00 2.873666e-01 
1.116729e+00 2.873574e-01 
1.117831e+00 2.873481e-01 
1.118941e+00 2.873387e-01 
1.120060e+00 2.873292e-01 
1.121187e+00 2.873197e-01 
1.122323e+00 2.873101e-01 
1.123467e+00 2.873004e-01 
1.124620e+00 2.872907e-01 
1.125781e+00 2.872809e-01 
1.126952e+00 2.872710e-01 
1.128131e+00 2.872610e-01 
1.129319e+00 2.872510e-01 
1.130516e+00 2.872408e-01 
1.131723e+00 2.872306e-01 
1.132939e+00 2.872204e-01 
1.134164e+00 2.872100e-01 
1.135398e+00 2.871996e-01 
1.136642e+00 2.871891e-01 
1.137896e+00 2.871785e-01 
1.139159e+00 2.871678e-01 
1.140432e+00 2.871570e-01 
1.141714e+00 2.871462e-01 
1.143007e+00 2.871353e-01 
1.144310e+00 2.871243e-01 
1.145623e+00 2.871132e-01 
1.146946e+00 2.871020e-01 
1.148279e+00 2.870907e-01 
1.149623e+00 2.870793e-01 
1.150978e+00 2.870679e-01 
1.152342e+00 2.870564e-01 
1.153718e+00 2.870447e-01 
1.155104e+00 2.870330e-01 
1.156502e+00 2.870212e-01 
1.056722e+00 2.885684e-01 
1.057413e+00 2.885628e-01 
1.058109e+00 2.885572e-01 
1.058809e+00 2.885516e-01 
1.059512e+00 2.885460e-01 
1.060220e+00 2.885403e-01 
1.060932e+00 2.885346e-01 
1.061649e+00 2.885288e-01 
1.062370e+00 2.885230e-01 
1.063095e+00 2.885172e-01 
1.063824e+00 2.885113e-01 
1.064558e+00 2.885054e-01 
1.065297e+00 2.884995e-01 
1.066040e+00 2.884935e-01 
1.066788e+00 2.884875e-01 
1.067540e+00 2.884815e-01 
1.068298e+00 2.884754e-01 
1.069060e+00 2.884693e-01 
1.069826e+00 2.884631e-01 
1.070598e+00 2.884569e-01 
1.071375e+00 2.884507e-01 
1.072157e+00 2.884444e-01 
1.072943e+00 2.884381e-01 
1.073735e+00 2.884317e-01 
1.074532e+00 2.884253e-01 
1.075334e+00 2.884189e-01 
1.076142e+00 2.884124e-01 
1.076955e+00 2.884059e-01 
1.077773e+00 2.883993e-01 
1.078597e+00 2.883927e-01 
1.079426e+00 2.883861e-01 
1.080261e+00 2.883793e-01 
1.081101e+00 2.883726e-01 
1.081948e+00 2.883658e-01 
1.082799e+00 2.883590e-01 
1.083657e+00 2.883521e-01 
1.084521e+00 2.883451e-01 
1.085390e+00 2.883382e-01 
1.086266e+00 2.883311e-01 
1.087147e+00 2.883241e-01 
1.088035e+00 2.883169e-01 
1.088929e+00 2.883098e-01 
1.089829e+00 2.883025e-01 
1.090735e+00 2.882952e-01 
1.091648e+00 2.882879e-01 
1.092567e+00 2.882805e-01 
1.093493e+00 2.882731e-01 
1.094425e+00 2.882656e-01 
1.095364e+00 2.882581e-01 
1.096309e+00 2.882505e-01 
1.097261e+00 2.882428e-01 
1.098220e+00 2.882351e-01 
1.099186e+00 2.882274e-01 
1.100159e+00 2.882196e-01 
1.101139e+00 2.882117e-01 
1.102126e+00 2.882038e-01 
1.103121e+00 2.881958e-01 
1.104122e+00 2.881878e-01 
1.105131e+00 2.881797e-01 
1.106147e+00 2.881715e-01 
1.107170e+00 2.881633e-01 
1.108201e+00 2.881550e-01 
1.109240e+00 2.881467e-01 
1.110286e+00 2.881383e-01 
1.111341e+00 2.881298e-01 
1.112402e+00 2.881213e-01 
1.113472e+00 2.881127e-01 
1.114550e+00 2.881040e-01 
1.115636e+00 2.880953e-01 
1.116729e+00 2.880865e-01 
1.117831e+00 2.880777e-01 
1.118942e+00 2.880688e-01 
1.120060e+00 2.880598e-01 
1.121187e+00 2.880507e-01 
1.122323e+00 2.880416e-01 
1.123467e+00 2.880324e-01 
1.124620e+00 2.880232e-01 
1.125782e+00 2.880138e-01 
1.126952e+00 2.880044e-01 
1.128131e+00 2.879950e-01 
1.129319e+00 2.879854e-01 
1.130517e+00 2.879758e-01 
1.131723e+00 2.879661e-01 
1.132939e+00 2.879564e-01 
1.134164e+00 2.879465e-01 
1.135398e+00 2.879366e-01 
1.136642e+00 2.879266e-01 
1.137896e+00 2.879166e-01 
1.139159e+00 2.879064e-01 
1.140432e+00 2.878962e-01 
1.141715e+00 2.878859e-01 
1.143008e+00 2.878755e-01 
1.144310e+00 2.878650e-01 
1.145623e+00 2.878545e-01 
1.146946e+00 2.878439e-01 
1.148280e+00 2.878332e-01 
1.149624e+00 2.878224e-01 
1.150978e+00 2.878115e-01 
1.152343e+00 2.878005e-01 
1.153718e+00 2.877895e-01 
1.155105e+00 2.877784e-01 
1.156502e+00 2.877671e-01 
1.056722e+00 2.892721e-01 
1.057414e+00 2.892669e-01 
1.058109e+00 2.892616e-01 
1.058809e+00 2.892563e-01 
1.059513e+00 2.892509e-01 
1.060220e+00 2.892455e-01 
1.060933e+00 2.892401e-01 
1.061649e+00 2.892347e-01 
1.062370e+00 2.892292e-01 
1.063095e+00 2.892237e-01 
1.063825e+00 2.892181e-01 
1.064559e+00 2.892125e-01 
1.065297e+00 2.892069e-01 
1.066040e+00 2.892012e-01 
1.066788e+00 2.891956e-01 
1.067541e+00 2.891898e-01 
1.068298e+00 2.891841e-01 
1.069060e+00 2.891783e-01 
1.069827e+00 2.891724e-01 
1.070598e+00 2.891666e-01 
1.071375e+00 2.891607e-01 
1.072157e+00 2.891547e-01 
1.072944e+00 2.891487e-01 
1.073735e+00 2.891427e-01 
1.074532e+00 2.891366e-01 
1.075335e+00 2.891305e-01 
1.076142e+00 2.891244e-01 
1.076955e+00 2.891182e-01 
1.077773e+00 2.891120e-01 
1.078597e+00 2.891057e-01 
1.079426e+00 2.890994e-01 
1.080261e+00 2.890931e-01 
1.081102e+00 2.890867e-01 
1.081948e+00 2.890802e-01 
1.082800e+00 2.890738e-01 
1.083657e+00 2.890672e-01 
1.084521e+00 2.890607e-01 
1.085391e+00 2.890540e-01 
1.086266e+00 2.890474e-01 
1.087148e+00 2.890407e-01 
1.088035e+00 2.890339e-01 
1.088929e+00 2.890271e-01 
1.089829e+00 2.890203e-01 
1.090735e+00 2.890134e-01 
1.091648e+00 2.890064e-01 
1.092567e+00 2.889995e-01 
1.093493e+00 2.889924e-01 
1.094425e+00 2.889853e-01 
1.095364e+00 2.889782e-01 
1.096309e+00 2.889710e-01 
1.097262e+00 2.889637e-01 
1.098221e+00 2.889564e-01 
1.099187e+00 2.889491e-01 
1.100160e+00 2.889417e-01 
1.101140e+00 2.889342e-01 
1.102127e+00 2.889267e-01 
1.103121e+00 2.889192e-01 
1.104122e+00 2.889116e-01 
1.105131e+00 2.889039e-01 
1.106147e+00 2.888962e-01 
1.107171e+00 2.888884e-01 
1.108202e+00 2.888805e-01 
1.109240e+00 2.888726e-01 
1.110287e+00 2.888647e-01 
1.111341e+00 2.888566e-01 
1.112403e+00 2.888486e-01 
1.113473e+00 2.888404e-01 
1.114550e+00 2.888322e-01 
1.115636e+00 2.888240e-01 
1.116730e+00 2.888156e-01 
1.117832e+00 2.888073e-01 
1.118942e+00 2.887988e-01 
1.120061e+00 2.887903e-01 
1.121188e+00 2.887817e-01 
1.122323e+00 2.887731e-01 
1.123468e+00 2.887644e-01 
1.124620e+00 2.887556e-01 
1.125782e+00 2.887468e-01 
1.126952e+00 2.887379e-01 
1.128132e+00 2.887289e-01 
1.129320e+00 2.887199e-01 
1.130517e+00 2.887108e-01 
1.131724e+00 2.887016e-01 
1.132939e+00 2.886923e-01 
1.134164e+00 2.886830e-01 
1.135399e+00 2.886736e-01 
1.136643e+00 2.886642e-01 
1.137896e+00 2.886546e-01 
1.139160e+00 2.886450e-01 
1.140433e+00 2.886353e-01 
1.141715e+00 2.886256e-01 
1.143008e+00 2.886157e-01 
1.144311e+00 2.886058e-01 
1.145624e+00 2.885958e-01 
1.146947e+00 2.885858e-01 
1.148280e+00 2.885756e-01 
1.149624e+00 2.885654e-01 
1.150978e+00 2.885551e-01 
1.152343e+00 2.885447e-01 
1.153719e+00 2.885343e-01 
1.155105e+00 2.885237e-01 
1.156503e+00 2.885131e-01 
1.056722e+00 2.899759e-01 
1.057414e+00 2.899709e-01 
1.058109e+00 2.899659e-01 
1.058809e+00 2.899609e-01 
1.059513e+00 2.899559e-01 
1.060221e+00 2.899508e-01 
1.060933e+00 2.899457e-01 
1.061649e+00 2.899405e-01 
1.062370e+00 2.899353e-01 
1.063095e+00 2.899301e-01 
1.063825e+00 2.899249e-01 
1.064559e+00 2.899196e-01 
1.065297e+00 2.899143e-01 
1.066041e+00 2.899090e-01 
1.066788e+00 2.899036e-01 
1.067541e+00 2.898982e-01 
1.068298e+00 2.898927e-01 
1.069060e+00 2.898873e-01 
1.069827e+00 2.898818e-01 
1.070599e+00 2.898762e-01 
1.071375e+00 2.898706e-01 
1.072157e+00 2.898650e-01 
1.072944e+00 2.898594e-01 
1.073736e+00 2.898537e-01 
1.074533e+00 2.898479e-01 
1.075335e+00 2.898422e-01 
1.076143e+00 2.898364e-01 
1.076955e+00 2.898305e-01 
1.077774e+00 2.898247e-01 
1.078597e+00 2.898187e-01 
1.079427e+00 2.898128e-01 
1.080262e+00 2.898068e-01 
1.081102e+00 2.898007e-01 
1.081948e+00 2.897947e-01 
1.082800e+00 2.897885e-01 
1.083658e+00 2.897824e-01 
1.084521e+00 2.897762e-01 
1.085391e+00 2.897699e-01 
1.086266e+00 2.897636e-01 
1.087148e+00 2.897573e-01 
1.088036e+00 2.897509e-01 
1.088929e+00 2.897445e-01 
1.089829e+00 2.897380e-01 
1.090736e+00 2.897315e-01 
1.091648e+00 2.897250e-01 
1.092568e+00 2.897184e-01 
1.093493e+00 2.897117e-01 
1.094425e+00 2.897050e-01 
1.095364e+00 2.896983e-01 
1.096310e+00 2.896915e-01 
1.097262e+00 2.896846e-01 
1.098221e+00 2.896778e-01 
1.099187e+00 2.896708e-01 
1.100160e+00 2.896638e-01 
1.101140e+00 2.896568e-01 
1.102127e+00 2.896497e-01 
1.103121e+00 2.896426e-01 
1.104123e+00 2.896354e-01 
1.105131e+00 2.896281e-01 
1.106148e+00 2.896208e-01 
1.107171e+00 2.896135e-01 
1.108202e+00 2.896060e-01 
1.109241e+00 2.895986e-01 
1.110287e+00 2.895911e-01 
1.111341e+00 2.895835e-01 
1.112403e+00 2.895759e-01 
1.113473e+00 2.895682e-01 
1.114551e+00 2.895604e-01 
1.115636e+00 2.895526e-01 
1.116730e+00 2.895448e-01 
1.117832e+00 2.895369e-01 
1.118943e+00 2.895289e-01 
1.120061e+00 2.895208e-01 
1.121188e+00 2.895127e-01 
1.122324e+00 2.895046e-01 
1.123468e+00 2.894964e-01 
1.124621e+00 2.894881e-01 
1.125782e+00 2.894797e-01 
1.126953e+00 2.894713e-01 
1.128132e+00 2.894629e-01 
1.129320e+00 2.894543e-01 
1.130518e+00 2.894457e-01 
1.131724e+00 2.894371e-01 
1.132940e+00 2.894283e-01 
1.134165e+00 2.894195e-01 
1.135399e+00 2.894106e-01 
1.136643e+00 2.894017e-01 
1.137897e+00 2.893927e-01 
1.139160e+00 2.893836e-01 
1.140433e+00 2.893745e-01 
1.141716e+00 2.893653e-01 
1.143009e+00 2.893560e-01 
1.144311e+00 2.893466e-01 
1.145624e+00 2.893372e-01 
1.146947e+00 2.893277e-01 
1.148281e+00 2.893181e-01 
1.149625e+00 2.893084e-01 
1.150979e+00 2.892987e-01 
1.152344e+00 2.892889e-01 
1.153719e+00 2.892790e-01 
1.155106e+00 2.892691e-01 
1.156503e+00 2.892590e-01 
1.056722e+00 2.906797e-01 
1.057414e+00 2.906750e-01 
1.058110e+00 2.906703e-01 
1.058809e+00 2.906656e-01 
1.059513e+00 2.906608e-01 
1.060221e+00 2.906560e-01 
1.060933e+00 2.906512e-01 
1.061650e+00 2.906464e-01 
1.062370e+00 2.906415e-01 
1.063096e+00 2.906366e-01 
1.063825e+00 2.906316e-01 
1.064559e+00 2.906267e-01 
1.065298e+00 2.906217e-01 
1.066041e+00 2.906167e-01 
1.066789e+00 2.906116e-01 
1.067541e+00 2.906065e-01 
1.068298e+00 2.906014e-01 
1.069060e+00 2.905962e-01 
1.069827e+00 2.905911e-01 
1.070599e+00 2.905858e-01 
1.071376e+00 2.905806e-01 
1.072157e+00 2.905753e-01 
1.072944e+00 2.905700e-01 
1.073736e+00 2.905646e-01 
1.074533e+00 2.905592e-01 
1.075335e+00 2.905538e-01 
1.076143e+00 2.905484e-01 
1.076956e+00 2.905429e-01 
1.077774e+00 2.905373e-01 
1.078598e+00 2.905318e-01 
1.079427e+00 2.905261e-01 
1.080262e+00 2.905205e-01 
1.081102e+00 2.905148e-01 
1.081948e+00 2.905091e-01 
1.082800e+00 2.905033e-01 
1.083658e+00 2.904975e-01 
1.084522e+00 2.904917e-01 
1.085391e+00 2.904858e-01 
1.086267e+00 2.904799e-01 
1.087148e+00 2.904739e-01 
1.088036e+00 2.904679e-01 
1.088930e+00 2.904619e-01 
1.089830e+00 2.904558e-01 
1.090736e+00 2.904497e-01 
1.091649e+00 2.904435e-01 
1.092568e+00 2.904373e-01 
1.093494e+00 2.904310e-01 
1.094426e+00 2.904247e-01 
1.095365e+00 2.904184e-01 
1.096310e+00 2.904120e-01 
1.097262e+00 2.904056e-01 
1.098221e+00 2.903991e-01 
1.099187e+00 2.903925e-01 
1.100160e+00 2.903860e-01 
1.101140e+00 2.903793e-01 
1.102127e+00 2.903727e-01 
1.103122e+00 2.903659e-01 
1.104123e+00 2.903592e-01 
1.105132e+00 2.903523e-01 
1.106148e+00 2.903455e-01 
1.107171e+00 2.903385e-01 
1.108203e+00 2.903316e-01 
1.109241e+00 2.903246e-01 
1.110288e+00 2.903175e-01 
1.111342e+00 2.903103e-01 
1.112404e+00 2.903032e-01 
1.113473e+00 2.902959e-01 
1.114551e+00 2.902886e-01 
1.115637e+00 2.902813e-01 
1.116731e+00 2.902739e-01 
1.117833e+00 2.902665e-01 
1.118943e+00 2.902589e-01 
1.120062e+00 2.902514e-01 
1.121189e+00 2.902438e-01 
1.122324e+00 2.902361e-01 
1.123468e+00 2.902283e-01 
1.124621e+00 2.902206e-01 
1.125783e+00 2.902127e-01 
1.126953e+00 2.902048e-01 
1.128132e+00 2.901968e-01 
1.129321e+00 2.901888e-01 
1.130518e+00 2.901807e-01 
1.131725e+00 2.901725e-01 
1.132940e+00 2.901643e-01 
1.134165e+00 2.901560e-01 
1.135400e+00 2.901477e-01 
1.136644e+00 2.901393e-01 
1.137897e+00 2.901308e-01 
1.139160e+00 2.901222e-01 
1.140433e+00 2.901136e-01 
1.141716e+00 2.901050e-01 
1.143009e+00 2.900962e-01 
1.144312e+00 2.900874e-01 
1.145625e+00 2.900785e-01 
1.146948e+00 2.900696e-01 
1.148281e+00 2.900606e-01 
1.149625e+00 2.900515e-01 
1.150979e+00 2.900423e-01 
1.152344e+00 2.900331e-01 
1.153720e+00 2.900238e-01 
1.155106e+00 2.900144e-01 
1.156503e+00 2.900050e-01 
1.056723e+00 2.913834e-01 
1.057414e+00 2.913791e-01 
1.058110e+00 2.913746e-01 
1.058809e+00 2.913702e-01 
1.059513e+00 2.913658e-01 
1.060221e+00 2.913613e-01 
1.060933e+00 2.913568e-01 
1.061650e+00 2.913522e-01 
1.062371e+00 2.913476e-01 
1.063096e+00 2.913430e-01 
1.063825e+00 2.913384e-01 
1.064559e+00 2.913338e-01 
1.065298e+00 2.913291e-01 
1.066041e+00 2.913244e-01 
1.066789e+00 2.913196e-01 
1.067541e+00 2.913149e-01 
1.068299e+00 2.913101e-01 
1.069061e+00 2.913052e-01 
1.069827e+00 2.913004e-01 
1.070599e+00 2.912955e-01 
1.071376e+00 2.912906e-01 
1.072158e+00 2.912856e-01 
1.072944e+00 2.912806e-01 
1.073736e+00 2.912756e-01 
1.074533e+00 2.912705e-01 
1.075336e+00 2.912655e-01 
1.076143e+00 2.912603e-01 
1.076956e+00 2.912552e-01 
1.077774e+00 2.912500e-01 
1.078598e+00 2.912448e-01 
1.079427e+00 2.912395e-01 
1.080262e+00 2.912342e-01 
1.081103e+00 2.912289e-01 
1.081949e+00 2.912235e-01 
1.082801e+00 2.912181e-01 
1.083658e+00 2.912127e-01 
1.084522e+00 2.912072e-01 
1.085391e+00 2.912017e-01 
1.086267e+00 2.911962e-01 
1.087149e+00 2.911906e-01 
1.088036e+00 2.911849e-01 
1.088930e+00 2.911793e-01 
1.089830e+00 2.911736e-01 
1.090736e+00 2.911678e-01 
1.091649e+00 2.911620e-01 
1.092568e+00 2.911562e-01 
1.093494e+00 2.911503e-01 
1.094426e+00 2.911444e-01 
1.095365e+00 2.911385e-01 
1.096310e+00 2.911325e-01 
1.097263e+00 2.911265e-01 
1.098222e+00 2.911204e-01 
1.099188e+00 2.911142e-01 
1.100161e+00 2.911081e-01 
1.101141e+00 2.911019e-01 
1.102128e+00 2.910956e-01 
1.103122e+00 2.910893e-01 
1.104123e+00 2.910830e-01 
1.105132e+00 2.910766e-01 
1.106148e+00 2.910701e-01 
1.107172e+00 2.910636e-01 
1.108203e+00 2.910571e-01 
1.109242e+00 2.910505e-01 
1.110288e+00 2.910439e-01 
1.111342e+00 2.910372e-01 
1.112404e+00 2.910305e-01 
1.113474e+00 2.910237e-01 
1.114551e+00 2.910169e-01 
1.115637e+00 2.910100e-01 
1.116731e+00 2.910030e-01 
1.117833e+00 2.909961e-01 
1.118943e+00 2.909890e-01 
1.120062e+00 2.909819e-01 
1.121189e+00 2.909748e-01 
1.122325e+00 2.909676e-01 
1.123469e+00 2.909603e-01 
1.124622e+00 2.909530e-01 
1.125783e+00 2.909457e-01 
1.126954e+00 2.909382e-01 
1.128133e+00 2.909308e-01 
1.129321e+00 2.909232e-01 
1.130518e+00 2.909156e-01 
1.131725e+00 2.909080e-01 
1.132941e+00 2.909003e-01 
1.134166e+00 2.908925e-01 
1.135400e+00 2.908847e-01 
1.136644e+00 2.908768e-01 
1.137898e+00 2.908689e-01 
1.139161e+00 2.908608e-01 
1.140434e+00 2.908528e-01 
1.141717e+00 2.908446e-01 
1.143009e+00 2.908365e-01 
1.144312e+00 2.908282e-01 
1.145625e+00 2.908199e-01 
1.146948e+00 2.908115e-01 
1.148282e+00 2.908030e-01 
1.149625e+00 2.907945e-01 
1.150980e+00 2.907859e-01 
1.152345e+00 2.907773e-01 
1.153720e+00 2.907685e-01 
1.155107e+00 2.907598e-01 
1.156504e+00 2.907509e-01 
1.056723e+00 2.920872e-01 
1.057414e+00 2.920831e-01 
1.058110e+00 2.920790e-01 
1.058810e+00 2.920749e-01 
1.059513e+00 2.920707e-01 
1.060221e+00 2.920665e-01 
1.060934e+00 2.920623e-01 
1.061650e+00 2.920581e-01 
1.062371e+00 2.920538e-01 
1.063096e+00 2.920495e-01 
1.063826e+00 2.920452e-01 
1.064560e+00 2.920408e-01 
1.065298e+00 2.920365e-01 
1.066041e+00 2.920321e-01 
1.066789e+00 2.920277e-01 
1.067542e+00 2.920232e-01 
1.068299e+00 2.920187e-01 
1.069061e+00 2.920142e-01 
1.069828e+00 2.920097e-01 
1.070599e+00 2.920051e-01 
1.071376e+00 2.920005e-01 
1.072158e+00 2.919959e-01 
1.072945e+00 2.919912e-01 
1.073737e+00 2.919866e-01 
1.074534e+00 2.919818e-01 
1.075336e+00 2.919771e-01 
1.076143e+00 2.919723e-01 
1.076956e+00 2.919675e-01 
1.077775e+00 2.919627e-01 
1.078598e+00 2.919578e-01 
1.079428e+00 2.919529e-01 
1.080262e+00 2.919479e-01 
1.081103e+00 2.919430e-01 
1.081949e+00 2.919380e-01 
1.082801e+00 2.919329e-01 
1.083659e+00 2.919278e-01 
1.084522e+00 2.919227e-01 
1.085392e+00 2.919176e-01 
1.086267e+00 2.919124e-01 
1.087149e+00 2.919072e-01 
1.088036e+00 2.919019e-01 
1.088930e+00 2.918967e-01 
1.089830e+00 2.918913e-01 
1.090737e+00 2.918860e-01 
1.091649e+00 2.918806e-01 
1.092569e+00 2.918751e-01 
1.093494e+00 2.918697e-01 
1.094426e+00 2.918641e-01 
1.095365e+00 2.918586e-01 
1.096311e+00 2.918530e-01 
1.097263e+00 2.918474e-01 
1.098222e+00 2.918417e-01 
1.099188e+00 2.918360e-01 
1.100161e+00 2.918302e-01 
1.101141e+00 2.918244e-01 
1.102128e+00 2.918186e-01 
1.103122e+00 2.918127e-01 
1.104124e+00 2.918068e-01 
1.105133e+00 2.918008e-01 
1.106149e+00 2.917948e-01 
1.107172e+00 2.917887e-01 
1.108203e+00 2.917826e-01 
1.109242e+00 2.917765e-01 
1.110288e+00 2.917703e-01 
1.111342e+00 2.917641e-01 
1.112404e+00 2.917578e-01 
1.113474e+00 2.917514e-01 
1.114552e+00 2.917451e-01 
1.115638e+00 2.917386e-01 
1.116731e+00 2.917322e-01 
1.117833e+00 2.917256e-01 
1.118944e+00 2.917191e-01 
1.120062e+00 2.917125e-01 
1.121189e+00 2.917058e-01 
1.122325e+00 2.916991e-01 
1.123469e+00 2.916923e-01 
1.124622e+00 2.916855e-01 
1.125784e+00 2.916786e-01 
1.126954e+00 2.916717e-01 
1.128133e+00 2.916647e-01 
1.129322e+00 2.916577e-01 
1.130519e+00 2.916506e-01 
1.131725e+00 2.916435e-01 
1.132941e+00 2.916363e-01 
1.134166e+00 2.916290e-01 
1.135401e+00 2.916217e-01 
1.136645e+00 2.916143e-01 
1.137898e+00 2.916069e-01 
1.139161e+00 2.915995e-01 
1.140434e+00 2.915919e-01 
1.141717e+00 2.915843e-01 
1.143010e+00 2.915767e-01 
1.144313e+00 2.915690e-01 
1.145626e+00 2.915612e-01 
1.146949e+00 2.915534e-01 
1.148282e+00 2.915455e-01 
1.149626e+00 2.915375e-01 
1.150980e+00 2.915295e-01 
1.152345e+00 2.915215e-01 
1.153721e+00 2.915133e-01 
1.155107e+00 2.915051e-01 
1.156504e+00 2.914968e-01 
1.056723e+00 2.927910e-01 
1.057415e+00 2.927872e-01 
1.058110e+00 2.927834e-01 
1.058810e+00 2.927795e-01 
1.059514e+00 2.927757e-01 
1.060222e+00 2.927718e-01 
1.060934e+00 2.927679e-01 
1.061650e+00 2.927639e-01 
1.062371e+00 2.927600e-01 
1.063096e+00 2.927560e-01 
1.063826e+00 2.927520e-01 
1.064560e+00 2.927479e-01 
1.065298e+00 2.927439e-01 
1.066042e+00 2.927398e-01 
1.066789e+00 2.927357e-01 
1.067542e+00 2.927315e-01 
1.068299e+00 2.927274e-01 
1.069061e+00 2.927232e-01 
1.069828e+00 2.927190e-01 
1.070600e+00 2.927147e-01 
1.071376e+00 2.927105e-01 
1.072158e+00 2.927062e-01 
1.072945e+00 2.927019e-01 
1.073737e+00 2.926975e-01 
1.074534e+00 2.926931e-01 
1.075336e+00 2.926887e-01 
1.076144e+00 2.926843e-01 
1.076957e+00 2.926798e-01 
1.077775e+00 2.926753e-01 
1.078599e+00 2.926708e-01 
1.079428e+00 2.926662e-01 
1.080263e+00 2.926617e-01 
1.081103e+00 2.926570e-01 
1.081949e+00 2.926524e-01 
1.082801e+00 2.926477e-01 
1.083659e+00 2.926430e-01 
1.084523e+00 2.926383e-01 
1.085392e+00 2.926335e-01 
1.086268e+00 2.926287e-01 
1.087149e+00 2.926238e-01 
1.088037e+00 2.926190e-01 
1.088931e+00 2.926140e-01 
1.089831e+00 2.926091e-01 
1.090737e+00 2.926041e-01 
1.091650e+00 2.925991e-01 
1.092569e+00 2.925941e-01 
1.093495e+00 2.925890e-01 
1.094427e+00 2.925838e-01 
1.095366e+00 2.925787e-01 
1.096311e+00 2.925735e-01 
1.097263e+00 2.925683e-01 
1.098223e+00 2.925630e-01 
1.099189e+00 2.925577e-01 
1.100161e+00 2.925523e-01 
1.101141e+00 2.925470e-01 
1.102128e+00 2.925415e-01 
1.103123e+00 2.925361e-01 
1.104124e+00 2.925306e-01 
1.105133e+00 2.925250e-01 
1.106149e+00 2.925194e-01 
1.107173e+00 2.925138e-01 
1.108204e+00 2.925082e-01 
1.109242e+00 2.925024e-01 
1.110289e+00 2.924967e-01 
1.111343e+00 2.924909e-01 
1.112405e+00 2.924851e-01 
1.113474e+00 2.924792e-01 
1.114552e+00 2.924733e-01 
1.115638e+00 2.924673e-01 
1.116732e+00 2.924613e-01 
1.117834e+00 2.924552e-01 
1.118944e+00 2.924491e-01 
1.120063e+00 2.924430e-01 
1.121190e+00 2.924368e-01 
1.122325e+00 2.924306e-01 
1.123470e+00 2.924243e-01 
1.124622e+00 2.924179e-01 
1.125784e+00 2.924116e-01 
1.126954e+00 2.924051e-01 
1.128134e+00 2.923987e-01 
1.129322e+00 2.923921e-01 
1.130519e+00 2.923856e-01 
1.131726e+00 2.923789e-01 
1.132941e+00 2.923722e-01 
1.134167e+00 2.923655e-01 
1.135401e+00 2.923587e-01 
1.136645e+00 2.923519e-01 
1.137899e+00 2.923450e-01 
1.139162e+00 2.923381e-01 
1.140435e+00 2.923311e-01 
1.141718e+00 2.923240e-01 
1.143010e+00 2.923169e-01 
1.144313e+00 2.923098e-01 
1.145626e+00 2.923026e-01 
1.146949e+00 2.922953e-01 
1.148283e+00 2.922880e-01 
1.149626e+00 2.922806e-01 
1.150981e+00 2.922731e-01 
1.152346e+00 2.922656e-01 
1.153721e+00 2.922581e-01 
1.155108e+00 2.922505e-01 
1.156505e+00 2.922428e-01 
1.056723e+00 2.934948e-01 
1.057415e+00 2.934912e-01 
1.058111e+00 2.934877e-01 
1.058810e+00 2.934842e-01 
1.059514e+00 2.934806e-01 
1.060222e+00 2.934770e-01 
1.060934e+00 2.934734e-01 
1.061651e+00 2.934698e-01 
1.062371e+00 2.934661e-01 
1.063097e+00 2.934624e-01 
1.063826e+00 2.934587e-01 
1.064560e+00 2.934550e-01 
1.065299e+00 2.934513e-01 
1.066042e+00 2.934475e-01 
1.066790e+00 2.934437e-01 
1.067542e+00 2.934399e-01 
1.068299e+00 2.934360e-01 
1.069061e+00 2.934322e-01 
1.069828e+00 2.934283e-01 
1.070600e+00 2.934244e-01 
1.071377e+00 2.934204e-01 
1.072158e+00 2.934165e-01 
1.072945e+00 2.934125e-01 
1.073737e+00 2.934085e-01 
1.074534e+00 2.934044e-01 
1.075336e+00 2.934004e-01 
1.076144e+00 2.933963e-01 
1.076957e+00 2.933921e-01 
1.077775e+00 2.933880e-01 
1.078599e+00 2.933838e-01 
1.079428e+00 2.933796e-01 
1.080263e+00 2.933754e-01 
1.081104e+00 2.933711e-01 
1.081950e+00 2.933668e-01 
1.082802e+00 2.933625e-01 
1.083659e+00 2.933582e-01 
1.084523e+00 2.933538e-01 
1.085392e+00 2.933494e-01 
1.086268e+00 2.933449e-01 
1.087149e+00 2.933405e-01 
1.088037e+00 2.933360e-01 
1.088931e+00 2.933314e-01 
1.089831e+00 2.933269e-01 
1.090737e+00 2.933223e-01 
1.091650e+00 2.933176e-01 
1.092569e+00 2.933130e-01 
1.093495e+00 2.933083e-01 
1.094427e+00 2.933035e-01 
1.095366e+00 2.932988e-01 
1.096312e+00 2.932940e-01 
1.097264e+00 2.932892e-01 
1.098223e+00 2.932843e-01 
1.099189e+00 2.932794e-01 
1.100162e+00 2.932745e-01 
1.101142e+00 2.932695e-01 
1.102129e+00 2.932645e-01 
1.103123e+00 2.932594e-01 
1.104125e+00 2.932544e-01 
1.105133e+00 2.932493e-01 
1.106149e+00 2.932441e-01 
1.107173e+00 2.932389e-01 
1.108204e+00 2.932337e-01 
1.109243e+00 2.932284e-01 
1.110289e+00 2.932231e-01 
1.111343e+00 2.932178e-01 
1.112405e+00 2.932124e-01 
1.113475e+00 2.932070e-01 
1.114553e+00 2.932015e-01 
1.115638e+00 2.931960e-01 
1.116732e+00 2.931904e-01 
1.117834e+00 2.931848e-01 
1.118945e+00 2.931792e-01 
1.120063e+00 2.931735e-01 
1.121190e+00 2.931678e-01 
1.122326e+00 2.931621e-01 
1.123470e+00 2.931563e-01 
1.124623e+00 2.931504e-01 
1.125784e+00 2.931445e-01 
1.126955e+00 2.931386e-01 
1.128134e+00 2.931326e-01 
1.129322e+00 2.931266e-01 
1.130520e+00 2.931205e-01 
1.131726e+00 2.931144e-01 
1.132942e+00 2.931082e-01 
1.134167e+00 2.931020e-01 
1.135401e+00 2.930958e-01 
1.136645e+00 2.930894e-01 
1.137899e+00 2.930831e-01 
1.139162e+00 2.930767e-01 
1.140435e+00 2.930702e-01 
1.141718e+00 2.930637e-01 
1.143011e+00 2.930572e-01 
1.144314e+00 2.930506e-01 
1.145626e+00 2.930439e-01 
1.146950e+00 2.930372e-01 
1.148283e+00 2.930304e-01 
1.149627e+00 2.930236e-01 
1.150981e+00 2.930167e-01 
1.152346e+00 2.930098e-01 
1.153722e+00 2.930028e-01 
1.155108e+00 2.929958e-01 
1.156505e+00 2.929887e-01 
1.056724e+00 2.941985e-01 
1.057415e+00 2.941953e-01 
1.058111e+00 2.941921e-01 
1.058810e+00 2.941888e-01 
1.059514e+00 2.941856e-01 
1.060222e+00 2.941823e-01 
1.060934e+00 2.941790e-01 
1.061651e+00 2.941756e-01 
1.062372e+00 2.941723e-01 
1.063097e+00 2.941689e-01 
1.063826e+00 2.941655e-01 
1.064560e+00 2.941621e-01 
1.065299e+00 2.941587e-01 
1.066042e+00 2.941552e-01 
1.066790e+00 2.941517e-01 
1.067542e+00 2.941482e-01 
1.068300e+00 2.941447e-01 
1.069062e+00 2.941412e-01 
1.069829e+00 2.941376e-01 
1.070600e+00 2.941340e-01 
1.071377e+00 2.941304e-01 
1.072159e+00 2.941268e-01 
1.072945e+00 2.941231e-01 
1.073737e+00 2.941194e-01 
1.074534e+00 2.941157e-01 
1.075337e+00 2.941120e-01 
1.076144e+00 2.941082e-01 
1.076957e+00 2.941045e-01 
1.077776e+00 2.941007e-01 
1.078599e+00 2.940968e-01 
1.079429e+00 2.940930e-01 
1.080263e+00 2.940891e-01 
1.081104e+00 2.940852e-01 
1.081950e+00 2.940813e-01 
1.082802e+00 2.940773e-01 
1.083660e+00 2.940733e-01 
1.084523e+00 2.940693e-01 
1.085393e+00 2.940653e-01 
1.086268e+00 2.940612e-01 
1.087150e+00 2.940571e-01 
1.088037e+00 2.940530e-01 
1.088931e+00 2.940488e-01 
1.089831e+00 2.940446e-01 
1.090738e+00 2.940404e-01 
1.091650e+00 2.940362e-01 
1.092570e+00 2.940319e-01 
1.093495e+00 2.940276e-01 
1.094427e+00 2.940233e-01 
1.095366e+00 2.940189e-01 
1.096312e+00 2.940145e-01 
1.097264e+00 2.940101e-01 
1.098223e+00 2.940056e-01 
1.099189e+00 2.940011e-01 
1.100162e+00 2.939966e-01 
1.101142e+00 2.939920e-01 
1.102129e+00 2.939874e-01 
1.103123e+00 2.939828e-01 
1.104125e+00 2.939782e-01 
1.105134e+00 2.939735e-01 
1.106150e+00 2.939688e-01 
1.107173e+00 2.939640e-01 
1.108204e+00 2.939592e-01 
1.109243e+00 2.939544e-01 
1.110289e+00 2.939495e-01 
1.111344e+00 2.939446e-01 
1.112405e+00 2.939397e-01 
1.113475e+00 2.939347e-01 
1.114553e+00 2.939297e-01 
1.115639e+00 2.939246e-01 
1.116733e+00 2.939196e-01 
1.117835e+00 2.939144e-01 
1.118945e+00 2.939093e-01 
1.120064e+00 2.939041e-01 
1.121191e+00 2.938988e-01 
1.122326e+00 2.938936e-01 
1.123470e+00 2.938882e-01 
1.124623e+00 2.938829e-01 
1.125785e+00 2.938775e-01 
1.126955e+00 2.938720e-01 
1.128134e+00 2.938666e-01 
1.129323e+00 2.938610e-01 
1.130520e+00 2.938555e-01 
1.131727e+00 2.938499e-01 
1.132942e+00 2.938442e-01 
1.134167e+00 2.938385e-01 
1.135402e+00 2.938328e-01 
1.136646e+00 2.938270e-01 
1.137899e+00 2.938212e-01 
1.139163e+00 2.938153e-01 
1.140436e+00 2.938094e-01 
1.141718e+00 2.938034e-01 
1.143011e+00 2.937974e-01 
1.144314e+00 2.937913e-01 
1.145627e+00 2.937852e-01 
1.146950e+00 2.937791e-01 
1.148283e+00 2.937729e-01 
1.149627e+00 2.937666e-01 
1.150982e+00 2.937603e-01 
1.152347e+00 2.937540e-01 
1.153722e+00 2.937476e-01 
1.155109e+00 2.937412e-01 
1.156506e+00 2.937347e-01 
1.056724e+00 2.949023e-01 
1.057415e+00 2.948994e-01 
1.058111e+00 2.948964e-01 
1.058811e+00 2.948935e-01 
1.059514e+00 2.948905e-01 
1.060222e+00 2.948875e-01 
1.060935e+00 2.948845e-01 
1.061651e+00 2.948815e-01 
1.062372e+00 2.948784e-01 
1.063097e+00 2.948754e-01 
1.063827e+00 2.948723e-01 
1.064561e+00 2.948692e-01 
1.065299e+00 2.948661e-01 
1.066042e+00 2.948629e-01 
1.066790e+00 2.948598e-01 
1.067543e+00 2.948566e-01 
1.068300e+00 2.948534e-01 
1.069062e+00 2.948502e-01 
1.069829e+00 2.948469e-01 
1.070601e+00 2.948437e-01 
1.071377e+00 2.948404e-01 
1.072159e+00 2.948371e-01 
1.072946e+00 2.948337e-01 
1.073738e+00 2.948304e-01 
1.074535e+00 2.948270e-01 
1.075337e+00 2.948236e-01 
1.076145e+00 2.948202e-01 
1.076957e+00 2.948168e-01 
1.077776e+00 2.948133e-01 
1.078600e+00 2.948098e-01 
1.079429e+00 2.948063e-01 
1.080264e+00 2.948028e-01 
1.081104e+00 2.947993e-01 
1.081950e+00 2.947957e-01 
1.082802e+00 2.947921e-01 
1.083660e+00 2.947885e-01 
1.084524e+00 2.947848e-01 
1.085393e+00 2.947811e-01 
1.086269e+00 2.947774e-01 
1.087150e+00 2.947737e-01 
1.088038e+00 2.947700e-01 
1.088932e+00 2.947662e-01 
1.089832e+00 2.947624e-01 
1.090738e+00 2.947586e-01 
1.091651e+00 2.947547e-01 
1.092570e+00 2.947508e-01 
1.093496e+00 2.947469e-01 
1.094428e+00 2.947430e-01 
1.095367e+00 2.947390e-01 
1.096312e+00 2.947350e-01 
1.097264e+00 2.947310e-01 
1.098224e+00 2.947269e-01 
1.099190e+00 2.947228e-01 
1.100163e+00 2.947187e-01 
1.101142e+00 2.947146e-01 
1.102130e+00 2.947104e-01 
1.103124e+00 2.947062e-01 
1.104125e+00 2.947020e-01 
1.105134e+00 2.946977e-01 
1.106150e+00 2.946934e-01 
1.107174e+00 2.946891e-01 
1.108205e+00 2.946847e-01 
1.109243e+00 2.946803e-01 
1.110290e+00 2.946759e-01 
1.111344e+00 2.946715e-01 
1.112406e+00 2.946670e-01 
1.113476e+00 2.946625e-01 
1.114553e+00 2.946579e-01 
1.115639e+00 2.946533e-01 
1.116733e+00 2.946487e-01 
1.117835e+00 2.946440e-01 
1.118945e+00 2.946393e-01 
1.120064e+00 2.946346e-01 
1.121191e+00 2.946299e-01 
1.122327e+00 2.946251e-01 
1.123471e+00 2.946202e-01 
1.124624e+00 2.946153e-01 
1.125785e+00 2.946104e-01 
1.126956e+00 2.946055e-01 
1.128135e+00 2.946005e-01 
1.129323e+00 2.945955e-01 
1.130521e+00 2.945904e-01 
1.131727e+00 2.945853e-01 
1.132943e+00 2.945802e-01 
1.134168e+00 2.945750e-01 
1.135402e+00 2.945698e-01 
1.136646e+00 2.945645e-01 
1.137900e+00 2.945592e-01 
1.139163e+00 2.945539e-01 
1.140436e+00 2.945485e-01 
1.141719e+00 2.945431e-01 
1.143012e+00 2.945376e-01 
1.144314e+00 2.945321e-01 
1.145627e+00 2.945266e-01 
1.146950e+00 2.945210e-01 
1.148284e+00 2.945154e-01 
1.149628e+00 2.945097e-01 
1.150982e+00 2.945039e-01 
1.152347e+00 2.944982e-01 
1.153723e+00 2.944924e-01 
1.155109e+00 2.944865e-01 
1.156506e+00 2.944806e-01 
1.056724e+00 2.956061e-01 
1.057416e+00 2.956034e-01 
1.058111e+00 2.956008e-01 
1.058811e+00 2.955981e-01 
1.059515e+00 2.955955e-01 
1.060223e+00 2.955928e-01 
1.060935e+00 2.955901e-01 
1.061651e+00 2.955873e-01 
1.062372e+00 2.955846e-01 
1.063097e+00 2.955818e-01 
1.063827e+00 2.955791e-01 
1.064561e+00 2.955763e-01 
1.065300e+00 2.955734e-01 
1.066043e+00 2.955706e-01 
1.066791e+00 2.955678e-01 
1.067543e+00 2.955649e-01 
1.068300e+00 2.955620e-01 
1.069062e+00 2.955591e-01 
1.069829e+00 2.955562e-01 
1.070601e+00 2.955533e-01 
1.071378e+00 2.955503e-01 
1.072159e+00 2.955474e-01 
1.072946e+00 2.955444e-01 
1.073738e+00 2.955414e-01 
1.074535e+00 2.955383e-01 
1.075337e+00 2.955353e-01 
1.076145e+00 2.955322e-01 
1.076958e+00 2.955291e-01 
1.077776e+00 2.955260e-01 
1.078600e+00 2.955229e-01 
1.079429e+00 2.955197e-01 
1.080264e+00 2.955165e-01 
1.081104e+00 2.955133e-01 
1.081951e+00 2.955101e-01 
1.082803e+00 2.955069e-01 
1.083660e+00 2.955036e-01 
1.084524e+00 2.955003e-01 
1.085393e+00 2.954970e-01 
1.086269e+00 2.954937e-01 
1.087150e+00 2.954903e-01 
1.088038e+00 2.954870e-01 
1.088932e+00 2.954836e-01 
1.089832e+00 2.954801e-01 
1.090738e+00 2.954767e-01 
1.091651e+00 2.954732e-01 
1.092570e+00 2.954697e-01 
1.093496e+00 2.954662e-01 
1.094428e+00 2.954627e-01 
1.095367e+00 2.954591e-01 
1.096313e+00 2.954555e-01 
1.097265e+00 2.954519e-01 
1.098224e+00 2.954482e-01 
1.099190e+00 2.954445e-01 
1.100163e+00 2.954408e-01 
1.101143e+00 2.954371e-01 
1.102130e+00 2.954334e-01 
1.103124e+00 2.954296e-01 
1.104126e+00 2.954258e-01 
1.105134e+00 2.954219e-01 
1.106150e+00 2.954181e-01 
1.107174e+00 2.954142e-01 
1.108205e+00 2.954103e-01 
1.109244e+00 2.954063e-01 
1.110290e+00 2.954023e-01 
1.111344e+00 2.953983e-01 
1.112406e+00 2.953943e-01 
1.113476e+00 2.953902e-01 
1.114554e+00 2.953861e-01 
1.115639e+00 2.953820e-01 
1.116733e+00 2.953778e-01 
1.117835e+00 2.953736e-01 
1.118946e+00 2.953694e-01 
1.120064e+00 2.953652e-01 
1.121191e+00 2.953609e-01 
1.122327e+00 2.953565e-01 
1.123471e+00 2.953522e-01 
1.124624e+00 2.953478e-01 
1.125786e+00 2.953434e-01 
1.126956e+00 2.953389e-01 
1.128135e+00 2.953345e-01 
1.129324e+00 2.953299e-01 
1.130521e+00 2.953254e-01 
1.131727e+00 2.953208e-01 
1.132943e+00 2.953162e-01 
1.134168e+00 2.953115e-01 
1.135403e+00 2.953068e-01 
1.136647e+00 2.953021e-01 
1.137900e+00 2.952973e-01 
1.139163e+00 2.952925e-01 
1.140436e+00 2.952877e-01 
1.141719e+00 2.952828e-01 
1.143012e+00 2.952779e-01 
1.144315e+00 2.952729e-01 
1.145628e+00 2.952679e-01 
1.146951e+00 2.952629e-01 
1.148284e+00 2.952578e-01 
1.149628e+00 2.952527e-01 
1.150983e+00 2.952476e-01 
1.152347e+00 2.952424e-01 
1.153723e+00 2.952371e-01 
1.155109e+00 2.952319e-01 
1.156507e+00 2.952265e-01 
1.056724e+00 2.963098e-01 
1.057416e+00 2.963075e-01 
1.058111e+00 2.963051e-01 
1.058811e+00 2.963028e-01 
1.059515e+00 2.963004e-01 
1.060223e+00 2.962980e-01 
1.060935e+00 2.962956e-01 
1.061652e+00 2.962932e-01 
1.062372e+00 2.962907e-01 
1.063098e+00 2.962883e-01 
1.063827e+00 2.962858e-01 
1.064561e+00 2.962833e-01 
1.065300e+00 2.962808e-01 
1.066043e+00 2.962783e-01 
1.066791e+00 2.962758e-01 
1.067543e+00 2.962733e-01 
1.068300e+00 2.962707e-01 
1.069063e+00 2.962681e-01 
1.069829e+00 2.962655e-01 
1.070601e+00 2.962629e-01 
1.071378e+00 2.962603e-01 
1.072160e+00 2.962577e-01 
1.072946e+00 2.962550e-01 
1.073738e+00 2.962523e-01 
1.074535e+00 2.962496e-01 
1.075338e+00 2.962469e-01 
1.076145e+00 2.962442e-01 
1.076958e+00 2.962414e-01 
1.077776e+00 2.962387e-01 
1.078600e+00 2.962359e-01 
1.079429e+00 2.962331e-01 
1.080264e+00 2.962303e-01 
1.081105e+00 2.962274e-01 
1.081951e+00 2.962246e-01 
1.082803e+00 2.962217e-01 
1.083661e+00 2.962188e-01 
1.084524e+00 2.962159e-01 
1.085394e+00 2.962129e-01 
1.086269e+00 2.962100e-01 
1.087151e+00 2.962070e-01 
1.088038e+00 2.962040e-01 
1.088932e+00 2.962009e-01 
1.089832e+00 2.961979e-01 
1.090739e+00 2.961948e-01 
1.091651e+00 2.961918e-01 
1.092571e+00 2.961886e-01 
1.093496e+00 2.961855e-01 
1.094429e+00 2.961824e-01 
1.095367e+00 2.961792e-01 
1.096313e+00 2.961760e-01 
1.097265e+00 2.961728e-01 
1.098224e+00 2.961695e-01 
1.099190e+00 2.961663e-01 
1.100163e+00 2.961630e-01 
1.101143e+00 2.961597e-01 
1.102130e+00 2.961563e-01 
1.103124e+00 2.961530e-01 
1.104126e+00 2.961496e-01 
1.105135e+00 2.961462e-01 
1.106151e+00 2.961427e-01 
1.107174e+00 2.961393e-01 
1.108206e+00 2.961358e-01 
1.109244e+00 2.961323e-01 
1.110291e+00 2.961287e-01 
1.111345e+00 2.961252e-01 
1.112407e+00 2.961216e-01 
1.113476e+00 2.961180e-01 
1.114554e+00 2.961143e-01 
1.115640e+00 2.961107e-01 
1.116734e+00 2.961070e-01 
1.117836e+00 2.961032e-01 
1.118946e+00 2.960995e-01 
1.120065e+00 2.960957e-01 
1.121192e+00 2.960919e-01 
1.122327e+00 2.960880e-01 
1.123472e+00 2.960842e-01 
1.124624e+00 2.960803e-01 
1.125786e+00 2.960763e-01 
1.126956e+00 2.960724e-01 
1.128136e+00 2.960684e-01 
1.129324e+00 2.960644e-01 
1.130521e+00 2.960603e-01 
1.131728e+00 2.960563e-01 
1.132944e+00 2.960521e-01 
1.134169e+00 2.960480e-01 
1.135403e+00 2.960438e-01 
1.136647e+00 2.960396e-01 
1.137901e+00 2.960354e-01 
1.139164e+00 2.960311e-01 
1.140437e+00 2.960268e-01 
1.141720e+00 2.960225e-01 
1.143012e+00 2.960181e-01 
1.144315e+00 2.960137e-01 
1.145628e+00 2.960093e-01 
1.146951e+00 2.960048e-01 
1.148285e+00 2.960003e-01 
1.149629e+00 2.959957e-01 
1.150983e+00 2.959912e-01 
1.152348e+00 2.959865e-01 
1.153723e+00 2.959819e-01 
1.155110e+00 2.959772e-01 
1.156507e+00 2.959725e-01 
1.056725e+00 2.970136e-01 
1.057416e+00 2.970116e-01 
1.058112e+00 2.970095e-01 
1.058811e+00 2.970074e-01 
1.059515e+00 2.970054e-01 
1.060223e+00 2.970033e-01 
1.060935e+00 2.970012e-01 
1.061652e+00 2.969990e-01 
1.062373e+00 2.969969e-01 
1.063098e+00 2.969948e-01 
1.063827e+00 2.969926e-01 
1.064561e+00 2.969904e-01 
1.065300e+00 2.969882e-01 
1.066043e+00 2.969860e-01 
1.066791e+00 2.969838e-01 
1.067544e+00 2.969816e-01 
1.068301e+00 2.969794e-01 
1.069063e+00 2.969771e-01 
1.069830e+00 2.969748e-01 
1.070601e+00 2.969726e-01 
1.071378e+00 2.969703e-01 
1.072160e+00 2.969679e-01 
1.072947e+00 2.969656e-01 
1.073739e+00 2.969633e-01 
1.074536e+00 2.969609e-01 
1.075338e+00 2.969585e-01 
1.076145e+00 2.969562e-01 
1.076958e+00 2.969538e-01 
1.077777e+00 2.969513e-01 
1.078600e+00 2.969489e-01 
1.079430e+00 2.969464e-01 
1.080265e+00 2.969440e-01 
1.081105e+00 2.969415e-01 
1.081951e+00 2.969390e-01 
1.082803e+00 2.969365e-01 
1.083661e+00 2.969339e-01 
1.084524e+00 2.969314e-01 
1.085394e+00 2.969288e-01 
1.086270e+00 2.969262e-01 
1.087151e+00 2.969236e-01 
1.088039e+00 2.969210e-01 
1.088933e+00 2.969183e-01 
1.089833e+00 2.969157e-01 
1.090739e+00 2.969130e-01 
1.091652e+00 2.969103e-01 
1.092571e+00 2.969076e-01 
1.093497e+00 2.969048e-01 
1.094429e+00 2.969021e-01 
1.095368e+00 2.968993e-01 
1.096313e+00 2.968965e-01 
1.097266e+00 2.968937e-01 
1.098225e+00 2.968908e-01 
1.099191e+00 2.968880e-01 
1.100164e+00 2.968851e-01 
1.101144e+00 2.968822e-01 
1.102131e+00 2.968793e-01 
1.103125e+00 2.968763e-01 
1.104126e+00 2.968734e-01 
1.105135e+00 2.968704e-01 
1.106151e+00 2.968674e-01 
1.107175e+00 2.968644e-01 
1.108206e+00 2.968613e-01 
1.109245e+00 2.968582e-01 
1.110291e+00 2.968551e-01 
1.111345e+00 2.968520e-01 
1.112407e+00 2.968489e-01 
1.113477e+00 2.968457e-01 
1.114554e+00 2.968425e-01 
1.115640e+00 2.968393e-01 
1.116734e+00 2.968361e-01 
1.117836e+00 2.968328e-01 
1.118947e+00 2.968295e-01 
1.120065e+00 2.968262e-01 
1.121192e+00 2.968229e-01 
1.122328e+00 2.968195e-01 
1.123472e+00 2.968162e-01 
1.124625e+00 2.968127e-01 
1.125786e+00 2.968093e-01 
1.126957e+00 2.968058e-01 
1.128136e+00 2.968024e-01 
1.129324e+00 2.967988e-01 
1.130522e+00 2.967953e-01 
1.131728e+00 2.967917e-01 
1.132944e+00 2.967881e-01 
1.134169e+00 2.967845e-01 
1.135404e+00 2.967809e-01 
1.136648e+00 2.967772e-01 
1.137901e+00 2.967735e-01 
1.139164e+00 2.967697e-01 
1.140437e+00 2.967660e-01 
1.141720e+00 2.967622e-01 
1.143013e+00 2.967583e-01 
1.144316e+00 2.967545e-01 
1.145629e+00 2.967506e-01 
1.146952e+00 2.967467e-01 
1.148285e+00 2.967427e-01 
1.149629e+00 2.967388e-01 
1.150983e+00 2.967348e-01 
1.152348e+00 2.967307e-01 
1.153724e+00 2.967267e-01 
1.155110e+00 2.967226e-01 
1.156508e+00 2.967184e-01 
1.056725e+00 2.977174e-01 
1.057416e+00 2.977156e-01 
1.058112e+00 2.977139e-01 
1.058812e+00 2.977121e-01 
1.059515e+00 2.977103e-01 
1.060223e+00 2.977085e-01 
1.060936e+00 2.977067e-01 
1.061652e+00 2.977049e-01 
1.062373e+00 2.977031e-01 
1.063098e+00 2.977012e-01 
1.063828e+00 2.976994e-01 
1.064562e+00 2.976975e-01 
1.065300e+00 2.976956e-01 
1.066043e+00 2.976937e-01 
1.066791e+00 2.976919e-01 
1.067544e+00 2.976899e-01 
1.068301e+00 2.976880e-01 
1.069063e+00 2.976861e-01 
1.069830e+00 2.976841e-01 
1.070602e+00 2.976822e-01 
1.071378e+00 2.976802e-01 
1.072160e+00 2.976782e-01 
1.072947e+00 2.976762e-01 
1.073739e+00 2.976742e-01 
1.074536e+00 2.976722e-01 
1.075338e+00 2.976702e-01 
1.076146e+00 2.976681e-01 
1.076959e+00 2.976661e-01 
1.077777e+00 2.976640e-01 
1.078601e+00 2.976619e-01 
1.079430e+00 2.976598e-01 
1.080265e+00 2.976577e-01 
1.081105e+00 2.976556e-01 
1.081952e+00 2.976534e-01 
1.082803e+00 2.976513e-01 
1.083661e+00 2.976491e-01 
1.084525e+00 2.976469e-01 
1.085394e+00 2.976447e-01 
1.086270e+00 2.976425e-01 
1.087151e+00 2.976402e-01 
1.088039e+00 2.976380e-01 
1.088933e+00 2.976357e-01 
1.089833e+00 2.976334e-01 
1.090739e+00 2.976311e-01 
1.091652e+00 2.976288e-01 
1.092571e+00 2.976265e-01 
1.093497e+00 2.976241e-01 
1.094429e+00 2.976218e-01 
1.095368e+00 2.976194e-01 
1.096314e+00 2.976170e-01 
1.097266e+00 2.976146e-01 
1.098225e+00 2.976121e-01 
1.099191e+00 2.976097e-01 
1.100164e+00 2.976072e-01 
1.101144e+00 2.976047e-01 
1.102131e+00 2.976022e-01 
1.103125e+00 2.975997e-01 
1.104127e+00 2.975972e-01 
1.105135e+00 2.975946e-01 
1.106152e+00 2.975921e-01 
1.107175e+00 2.975895e-01 
1.108206e+00 2.975868e-01 
1.109245e+00 2.975842e-01 
1.110291e+00 2.975816e-01 
1.111345e+00 2.975789e-01 
1.112407e+00 2.975762e-01 
1.113477e+00 2.975735e-01 
1.114555e+00 2.975707e-01 
1.115641e+00 2.975680e-01 
1.116734e+00 2.975652e-01 
1.117837e+00 2.975624e-01 
1.118947e+00 2.975596e-01 
1.120066e+00 2.975568e-01 
1.121193e+00 2.975539e-01 
1.122328e+00 2.975510e-01 
1.123472e+00 2.975481e-01 
1.124625e+00 2.975452e-01 
1.125787e+00 2.975423e-01 
1.126957e+00 2.975393e-01 
1.128137e+00 2.975363e-01 
1.129325e+00 2.975333e-01 
1.130522e+00 2.975303e-01 
1.131729e+00 2.975272e-01 
1.132944e+00 2.975241e-01 
1.134170e+00 2.975210e-01 
1.135404e+00 2.975179e-01 
1.136648e+00 2.975147e-01 
1.137902e+00 2.975115e-01 
1.139165e+00 2.975083e-01 
1.140438e+00 2.975051e-01 
1.141721e+00 2.975019e-01 
1.143013e+00 2.974986e-01 
1.144316e+00 2.974953e-01 
1.145629e+00 2.974919e-01 
1.146952e+00 2.974886e-01 
1.148286e+00 2.974852e-01 
1.149630e+00 2.974818e-01 
1.150984e+00 2.974784e-01 
1.152349e+00 2.974749e-01 
1.153724e+00 2.974714e-01 
1.155111e+00 2.974679e-01 
1.156508e+00 2.974644e-01 
1.056725e+00 2.984211e-01 
1.057417e+00 2.984197e-01 
1.058112e+00 2.984182e-01 
1.058812e+00 2.984167e-01 
1.059516e+00 2.984153e-01 
1.060224e+00 2.984138e-01 
1.060936e+00 2.984123e-01 
1.061652e+00 2.984107e-01 
1.062373e+00 2.984092e-01 
1.063098e+00 2.984077e-01 
1.063828e+00 2.984061e-01 
1.064562e+00 2.984046e-01 
1.065301e+00 2.984030e-01 
1.066044e+00 2.984015e-01 
1.066792e+00 2.983999e-01 
1.067544e+00 2.983983e-01 
1.068301e+00 2.983967e-01 
1.069063e+00 2.983951e-01 
1.069830e+00 2.983935e-01 
1.070602e+00 2.983918e-01 
1.071379e+00 2.983902e-01 
1.072160e+00 2.983885e-01 
1.072947e+00 2.983869e-01 
1.073739e+00 2.983852e-01 
1.074536e+00 2.983835e-01 
1.075338e+00 2.983818e-01 
1.076146e+00 2.983801e-01 
1.076959e+00 2.983784e-01 
1.077777e+00 2.983767e-01 
1.078601e+00 2.983749e-01 
1.079430e+00 2.983732e-01 
1.080265e+00 2.983714e-01 
1.081106e+00 2.983696e-01 
1.081952e+00 2.983678e-01 
1.082804e+00 2.983660e-01 
1.083662e+00 2.983642e-01 
1.084525e+00 2.983624e-01 
1.085395e+00 2.983606e-01 
1.086270e+00 2.983587e-01 
1.087152e+00 2.983569e-01 
1.088039e+00 2.983550e-01 
1.088933e+00 2.983531e-01 
1.089833e+00 2.983512e-01 
1.090740e+00 2.983493e-01 
1.091652e+00 2.983473e-01 
1.092572e+00 2.983454e-01 
1.093497e+00 2.983434e-01 
1.094430e+00 2.983415e-01 
1.095368e+00 2.983395e-01 
1.096314e+00 2.983375e-01 
1.097266e+00 2.983355e-01 
1.098225e+00 2.983335e-01 
1.099191e+00 2.983314e-01 
1.100164e+00 2.983294e-01 
1.101144e+00 2.983273e-01 
1.102131e+00 2.983252e-01 
1.103126e+00 2.983231e-01 
1.104127e+00 2.983210e-01 
1.105136e+00 2.983189e-01 
1.106152e+00 2.983167e-01 
1.107176e+00 2.983145e-01 
1.108207e+00 2.983124e-01 
1.109245e+00 2.983102e-01 
1.110292e+00 2.983080e-01 
1.111346e+00 2.983057e-01 
1.112408e+00 2.983035e-01 
1.113477e+00 2.983012e-01 
1.114555e+00 2.982990e-01 
1.115641e+00 2.982967e-01 
1.116735e+00 2.982943e-01 
1.117837e+00 2.982920e-01 
1.118947e+00 2.982897e-01 
1.120066e+00 2.982873e-01 
1.121193e+00 2.982849e-01 
1.122329e+00 2.982825e-01 
1.123473e+00 2.982801e-01 
1.124626e+00 2.982777e-01 
1.125787e+00 2.982752e-01 
1.126958e+00 2.982727e-01 
1.128137e+00 2.982703e-01 
1.129325e+00 2.982677e-01 
1.130523e+00 2.982652e-01 
1.131729e+00 2.982627e-01 
1.132945e+00 2.982601e-01 
1.134170e+00 2.982575e-01 
1.135404e+00 2.982549e-01 
1.136648e+00 2.982523e-01 
1.137902e+00 2.982496e-01 
1.139165e+00 2.982469e-01 
1.140438e+00 2.982443e-01 
1.141721e+00 2.982415e-01 
1.143014e+00 2.982388e-01 
1.144317e+00 2.982361e-01 
1.145630e+00 2.982333e-01 
1.146953e+00 2.982305e-01 
1.148286e+00 2.982277e-01 
1.149630e+00 2.982248e-01 
1.150984e+00 2.982220e-01 
1.152349e+00 2.982191e-01 
1.153725e+00 2.982162e-01 
1.155111e+00 2.982133e-01 
1.156509e+00 2.982103e-01 
1.056725e+00 2.991249e-01 
1.057417e+00 2.991237e-01 
1.058112e+00 2.991226e-01 
1.058812e+00 2.991214e-01 
1.059516e+00 2.991202e-01 
1.060224e+00 2.991190e-01 
1.060936e+00 2.991178e-01 
1.061653e+00 2.991166e-01 
1.062373e+00 2.991154e-01 
1.063099e+00 2.991141e-01 
1.063828e+00 2.991129e-01 
1.064562e+00 2.991117e-01 
1.065301e+00 2.991104e-01 
1.066044e+00 2.991092e-01 
1.066792e+00 2.991079e-01 
1.067544e+00 2.991066e-01 
1.068302e+00 2.991053e-01 
1.069064e+00 2.991041e-01 
1.069830e+00 2.991028e-01 
1.070602e+00 2.991015e-01 
1.071379e+00 2.991001e-01 
1.072161e+00 2.990988e-01 
1.072947e+00 2.990975e-01 
1.073739e+00 2.990962e-01 
1.074536e+00 2.990948e-01 
1.075339e+00 2.990935e-01 
1.076146e+00 2.990921e-01 
1.076959e+00 2.990907e-01 
1.077778e+00 2.990893e-01 
1.078601e+00 2.990879e-01 
1.079431e+00 2.990865e-01 
1.080265e+00 2.990851e-01 
1.081106e+00 2.990837e-01 
1.081952e+00 2.990823e-01 
1.082804e+00 2.990808e-01 
1.083662e+00 2.990794e-01 
1.084525e+00 2.990779e-01 
1.085395e+00 2.990765e-01 
1.086270e+00 2.990750e-01 
1.087152e+00 2.990735e-01 
1.088040e+00 2.990720e-01 
1.088934e+00 2.990705e-01 
1.089834e+00 2.990690e-01 
1.090740e+00 2.990674e-01 
1.091653e+00 2.990659e-01 
1.092572e+00 2.990643e-01 
1.093498e+00 2.990628e-01 
1.094430e+00 2.990612e-01 
1.095369e+00 2.990596e-01 
1.096314e+00 2.990580e-01 
1.097267e+00 2.990564e-01 
1.098226e+00 2.990548e-01 
1.099192e+00 2.990531e-01 
1.100165e+00 2.990515e-01 
1.101145e+00 2.990498e-01 
1.102132e+00 2.990482e-01 
1.103126e+00 2.990465e-01 
1.104127e+00 2.990448e-01 
1.105136e+00 2.990431e-01 
1.106152e+00 2.990414e-01 
1.107176e+00 2.990396e-01 
1.108207e+00 2.990379e-01 
1.109246e+00 2.990361e-01 
1.110292e+00 2.990344e-01 
1.111346e+00 2.990326e-01 
1.112408e+00 2.990308e-01 
1.113478e+00 2.990290e-01 
1.114556e+00 2.990272e-01 
1.115641e+00 2.990253e-01 
1.116735e+00 2.990235e-01 
1.117837e+00 2.990216e-01 
1.118948e+00 2.990197e-01 
1.120066e+00 2.990178e-01 
1.121193e+00 2.990159e-01 
1.122329e+00 2.990140e-01 
1.123473e+00 2.990121e-01 
1.124626e+00 2.990101e-01 
1.125788e+00 2.990082e-01 
1.126958e+00 2.990062e-01 
1.128137e+00 2.990042e-01 
1.129326e+00 2.990022e-01 
1.130523e+00 2.990002e-01 
1.131730e+00 2.989981e-01 
1.132945e+00 2.989961e-01 
1.134170e+00 2.989940e-01 
1.135405e+00 2.989919e-01 
1.136649e+00 2.989898e-01 
1.137902e+00 2.989877e-01 
1.139166e+00 2.989856e-01 
1.140439e+00 2.989834e-01 
1.141721e+00 2.989812e-01 
1.143014e+00 2.989791e-01 
1.144317e+00 2.989769e-01 
1.145630e+00 2.989746e-01 
1.146953e+00 2.989724e-01 
1.148287e+00 2.989701e-01 
1.149630e+00 2.989679e-01 
1.150985e+00 2.989656e-01 
1.152350e+00 2.989633e-01 
1.153725e+00 2.989609e-01 
1.155112e+00 2.989586e-01 
1.156509e+00 2.989562e-01 
1.056725e+00 2.998287e-01 
1.057417e+00 2.998278e-01 
1.058113e+00 2.998269e-01 
1.058812e+00 2.998260e-01 
1.059516e+00 2.998252e-01 
1.060224e+00 2.998243e-01 
1.060936e+00 2.998234e-01 
1.061653e+00 2.998224e-01 
1.062374e+00 2.998215e-01 
1.063099e+00 2.998206e-01 
1.063828e+00 2.998197e-01 
1.064562e+00 2.998188e-01 
1.065301e+00 2.998178e-01 
1.066044e+00 2.998169e-01 
1.066792e+00 2.998159e-01 
1.067545e+00 2.998150e-01 
1.068302e+00 2.998140e-01 
1.069064e+00 2.998130e-01 
1.069831e+00 2.998121e-01 
1.070602e+00 2.998111e-01 
1.071379e+00 2.998101e-01 
1.072161e+00 2.998091e-01 
1.072948e+00 2.998081e-01 
1.073740e+00 2.998071e-01 
1.074537e+00 2.998061e-01 
1.075339e+00 2.998051e-01 
1.076147e+00 2.998041e-01 
1.076960e+00 2.998030e-01 
1.077778e+00 2.998020e-01 
1.078602e+00 2.998010e-01 
1.079431e+00 2.997999e-01 
1.080266e+00 2.997988e-01 
1.081106e+00 2.997978e-01 
1.081952e+00 2.997967e-01 
1.082804e+00 2.997956e-01 
1.083662e+00 2.997945e-01 
1.084526e+00 2.997934e-01 
1.085395e+00 2.997923e-01 
1.086271e+00 2.997912e-01 
1.087152e+00 2.997901e-01 
1.088040e+00 2.997890e-01 
1.088934e+00 2.997879e-01 
1.089834e+00 2.997867e-01 
1.090740e+00 2.997856e-01 
1.091653e+00 2.997844e-01 
1.092572e+00 2.997832e-01 
1.093498e+00 2.997821e-01 
1.094430e+00 2.997809e-01 
1.095369e+00 2.997797e-01 
1.096315e+00 2.997785e-01 
1.097267e+00 2.997773e-01 
1.098226e+00 2.997761e-01 
1.099192e+00 2.997748e-01 
1.100165e+00 2.997736e-01 
1.101145e+00 2.997724e-01 
1.102132e+00 2.997711e-01 
1.103126e+00 2.997699e-01 
1.104128e+00 2.997686e-01 
1.105137e+00 2.997673e-01 
1.106153e+00 2.997660e-01 
1.107176e+00 2.997647e-01 
1.108207e+00 2.997634e-01 
1.109246e+00 2.997621e-01 
1.110292e+00 2.997608e-01 
1.111347e+00 2.997594e-01 
1.112408e+00 2.997581e-01 
1.113478e+00 2.997567e-01 
1.114556e+00 2.997554e-01 
1.115642e+00 2.997540e-01 
1.116736e+00 2.997526e-01 
1.117838e+00 2.997512e-01 
1.118948e+00 2.997498e-01 
1.120067e+00 2.997484e-01 
1.121194e+00 2.997470e-01 
1.122329e+00 2.997455e-01 
1.123474e+00 2.997441e-01 
1.124626e+00 2.997426e-01 
1.125788e+00 2.997411e-01 
1.126958e+00 2.997396e-01 
1.128138e+00 2.997382e-01 
1.129326e+00 2.997366e-01 
1.130523e+00 2.997351e-01 
1.131730e+00 2.997336e-01 
1.132946e+00 2.997321e-01 
1.134171e+00 2.997305e-01 
1.135405e+00 2.997289e-01 
1.136649e+00 2.997274e-01 
1.137903e+00 2.997258e-01 
1.139166e+00 2.997242e-01 
1.140439e+00 2.997226e-01 
1.141722e+00 2.997209e-01 
1.143015e+00 2.997193e-01 
1.144317e+00 2.997176e-01 
1.145630e+00 2.997160e-01 
1.146954e+00 2.997143e-01 
1.148287e+00 2.997126e-01 
1.149631e+00 2.997109e-01 
1.150985e+00 2.997092e-01 
1.152350e+00 2.997075e-01 
1.153726e+00 2.997057e-01 
1.155112e+00 2.997040e-01 
1.156509e+00 2.997022e-01 
1.056726e+00 3.005325e-01 
1.057417e+00 3.005319e-01 
1.058113e+00 3.005313e-01 
1.058813e+00 3.005307e-01 
1.059516e+00 3.005301e-01 
1.060224e+00 3.005295e-01 
1.060937e+00 3.005289e-01 
1.061653e+00 3.005283e-01 
1.062374e+00 3.005277e-01 
1.063099e+00 3.005271e-01 
1.063829e+00 3.005265e-01 
1.064563e+00 3.005258e-01 
1.065301e+00 3.005252e-01 
1.066045e+00 3.005246e-01 
1.066792e+00 3.005240e-01 
1.067545e+00 3.005233e-01 
1.068302e+00 3.005227e-01 
1.069064e+00 3.005220e-01 
1.069831e+00 3.005214e-01 
1.070603e+00 3.005207e-01 
1.071379e+00 3.005201e-01 
1.072161e+00 3.005194e-01 
1.072948e+00 3.005187e-01 
1.073740e+00 3.005181e-01 
1.074537e+00 3.005174e-01 
1.075339e+00 3.005167e-01 
1.076147e+00 3.005160e-01 
1.076960e+00 3.005154e-01 
1.077778e+00 3.005147e-01 
1.078602e+00 3.005140e-01 
1.079431e+00 3.005133e-01 
1.080266e+00 3.005126e-01 
1.081107e+00 3.005119e-01 
1.081953e+00 3.005111e-01 
1.082805e+00 3.005104e-01 
1.083662e+00 3.005097e-01 
1.084526e+00 3.005090e-01 
1.085396e+00 3.005082e-01 
1.086271e+00 3.005075e-01 
1.087153e+00 3.005067e-01 
1.088040e+00 3.005060e-01 
1.088934e+00 3.005052e-01 
1.089834e+00 3.005045e-01 
1.090741e+00 3.005037e-01 
1.091653e+00 3.005029e-01 
1.092573e+00 3.005022e-01 
1.093498e+00 3.005014e-01 
1.094431e+00 3.005006e-01 
1.095369e+00 3.004998e-01 
1.096315e+00 3.004990e-01 
1.097267e+00 3.004982e-01 
1.098226e+00 3.004974e-01 
1.099192e+00 3.004966e-01 
1.100165e+00 3.004957e-01 
1.101145e+00 3.004949e-01 
1.102132e+00 3.004941e-01 
1.103127e+00 3.004932e-01 
1.104128e+00 3.004924e-01 
1.105137e+00 3.004915e-01 
1.106153e+00 3.004907e-01 
1.107177e+00 3.004898e-01 
1.108208e+00 3.004889e-01 
1.109246e+00 3.004881e-01 
1.110293e+00 3.004872e-01 
1.111347e+00 3.004863e-01 
1.112409e+00 3.004854e-01 
1.113479e+00 3.004845e-01 
1.114556e+00 3.004836e-01 
1.115642e+00 3.004827e-01 
1.116736e+00 3.004817e-01 
1.117838e+00 3.004808e-01 
1.118948e+00 3.004799e-01 
1.120067e+00 3.004789e-01 
1.121194e+00 3.004780e-01 
1.122330e+00 3.004770e-01 
1.123474e+00 3.004760e-01 
1.124627e+00 3.004751e-01 
1.125788e+00 3.004741e-01 
1.126959e+00 3.004731e-01 
1.128138e+00 3.004721e-01 
1.129326e+00 3.004711e-01 
1.130524e+00 3.004701e-01 
1.131730e+00 3.004691e-01 
1.132946e+00 3.004680e-01 
1.134171e+00 3.004670e-01 
1.135406e+00 3.004660e-01 
1.136650e+00 3.004649e-01 
1.137903e+00 3.004638e-01 
1.139166e+00 3.004628e-01 
1.140439e+00 3.004617e-01 
1.141722e+00 3.004606e-01 
1.143015e+00 3.004595e-01 
1.144318e+00 3.004584e-01 
1.145631e+00 3.004573e-01 
1.146954e+00 3.004562e-01 
1.148287e+00 3.004551e-01 
1.149631e+00 3.004539e-01 
1.150986e+00 3.004528e-01 
1.152351e+00 3.004516e-01 
1.153726e+00 3.004505e-01 
1.155113e+00 3.004493e-01 
1.156510e+00 3.004481e-01 
1.056726e+00 3.012362e-01 
1.057417e+00 3.012359e-01 
1.058113e+00 3.012356e-01 
1.058813e+00 3.012353e-01 
1.059517e+00 3.012351e-01 
1.060225e+00 3.012348e-01 
1.060937e+00 3.012345e-01 
1.061653e+00 3.012341e-01 
1.062374e+00 3.012338e-01 
1.063099e+00 3.012335e-01 
1.063829e+00 3.012332e-01 
1.064563e+00 3.012329e-01 
1.065302e+00 3.012326e-01 
1.066045e+00 3.012323e-01 
1.066793e+00 3.012320e-01 
1.067545e+00 3.012317e-01 
1.068302e+00 3.012313e-01 
1.069064e+00 3.012310e-01 
1.069831e+00 3.012307e-01 
1.070603e+00 3.012304e-01 
1.071380e+00 3.012300e-01 
1.072162e+00 3.012297e-01 
1.072948e+00 3.012294e-01 
1.073740e+00 3.012290e-01 
1.074537e+00 3.012287e-01 
1.075340e+00 3.012284e-01 
1.076147e+00 3.012280e-01 
1.076960e+00 3.012277e-01 
1.077778e+00 3.012273e-01 
1.078602e+00 3.012270e-01 
1.079432e+00 3.012266e-01 
1.080266e+00 3.012263e-01 
1.081107e+00 3.012259e-01 
1.081953e+00 3.012256e-01 
1.082805e+00 3.012252e-01 
1.083663e+00 3.012248e-01 
1.084526e+00 3.012245e-01 
1.085396e+00 3.012241e-01 
1.086271e+00 3.012237e-01 
1.087153e+00 3.012234e-01 
1.088041e+00 3.012230e-01 
1.088935e+00 3.012226e-01 
1.089835e+00 3.012222e-01 
1.090741e+00 3.012219e-01 
1.091654e+00 3.012215e-01 
1.092573e+00 3.012211e-01 
1.093499e+00 3.012207e-01 
1.094431e+00 3.012203e-01 
1.095370e+00 3.012199e-01 
1.096315e+00 3.012195e-01 
1.097268e+00 3.012191e-01 
1.098227e+00 3.012187e-01 
1.099193e+00 3.012183e-01 
1.100166e+00 3.012179e-01 
1.101146e+00 3.012175e-01 
1.102133e+00 3.012170e-01 
1.103127e+00 3.012166e-01 
1.104128e+00 3.012162e-01 
1.105137e+00 3.012158e-01 
1.106153e+00 3.012153e-01 
1.107177e+00 3.012149e-01 
1.108208e+00 3.012145e-01 
1.109247e+00 3.012140e-01 
1.110293e+00 3.012136e-01 
1.111347e+00 3.012131e-01 
1.112409e+00 3.012127e-01 
1.113479e+00 3.012122e-01 
1.114557e+00 3.012118e-01 
1.115643e+00 3.012113e-01 
1.116736e+00 3.012109e-01 
1.117839e+00 3.012104e-01 
1.118949e+00 3.012099e-01 
1.120068e+00 3.012095e-01 
1.121195e+00 3.012090e-01 
1.122330e+00 3.012085e-01 
1.123474e+00 3.012080e-01 
1.124627e+00 3.012075e-01 
1.125789e+00 3.012070e-01 
1.126959e+00 3.012065e-01 
1.128139e+00 3.012061e-01 
1.129327e+00 3.012055e-01 
1.130524e+00 3.012050e-01 
1.131731e+00 3.012045e-01 
1.132947e+00 3.012040e-01 
1.134172e+00 3.012035e-01 
1.135406e+00 3.012030e-01 
1.136650e+00 3.012025e-01 
1.137904e+00 3.012019e-01 
1.139167e+00 3.012014e-01 
1.140440e+00 3.012009e-01 
1.141723e+00 3.012003e-01 
1.143016e+00 3.011998e-01 
1.144318e+00 3.011992e-01 
1.145631e+00 3.011987e-01 
1.146954e+00 3.011981e-01 
1.148288e+00 3.011975e-01 
1.149632e+00 3.011970e-01 
1.150986e+00 3.011964e-01 
1.152351e+00 3.011958e-01 
1.153727e+00 3.011952e-01 
1.155113e+00 3.011947e-01 
1.156510e+00 3.011941e-01 
1.056726e+00 3.019400e-01 
1.057418e+00 3.019400e-01 
1.058113e+00 3.019400e-01 
1.058813e+00 3.019400e-01 
1.059517e+00 3.019400e-01 
1.060225e+00 3.019400e-01 
1.060937e+00 3.019400e-01 
1.061654e+00 3.019400e-01 
1.062374e+00 3.019400e-01 
1.063100e+00 3.019400e-01 
1.063829e+00 3.019400e-01 
1.064563e+00 3.019400e-01 
1.065302e+00 3.019400e-01 
1.066045e+00 3.019400e-01 
1.066793e+00 3.019400e-01 
1.067545e+00 3.019400e-01 
1.068303e+00 3.019400e-01 
1.069065e+00 3.019400e-01 
1.069832e+00 3.019400e-01 
1.070603e+00 3.019400e-01 
1.071380e+00 3.019400e-01 
1.072162e+00 3.019400e-01 
1.072949e+00 3.019400e-01 
1.073740e+00 3.019400e-01 
1.074538e+00 3.019400e-01 
1.075340e+00 3.019400e-01 
1.076147e+00 3.019400e-01 
1.076960e+00 3.019400e-01 
1.077779e+00 3.019400e-01 
1.078603e+00 3.019400e-01 
1.079432e+00 3.019400e-01 
1.080267e+00 3.019400e-01 
1.081107e+00 3.019400e-01 
1.081953e+00 3.019400e-01 
1.082805e+00 3.019400e-01 
1.083663e+00 3.019400e-01 
1.084527e+00 3.019400e-01 
1.085396e+00 3.019400e-01 
1.086272e+00 3.019400e-01 
1.087153e+00 3.019400e-01 
1.088041e+00 3.019400e-01 
1.088935e+00 3.019400e-01 
1.089835e+00 3.019400e-01 
1.090741e+00 3.019400e-01 
1.091654e+00 3.019400e-01 
1.092573e+00 3.019400e-01 
1.093499e+00 3.019400e-01 
1.094431e+00 3.019400e-01 
1.095370e+00 3.019400e-01 
1.096316e+00 3.019400e-01 
1.097268e+00 3.019400e-01 
1.098227e+00 3.019400e-01 
1.099193e+00 3.019400e-01 
1.100166e+00 3.019400e-01 
1.101146e+00 3.019400e-01 
1.102133e+00 3.019400e-01 
1.103127e+00 3.019400e-01 
1.104129e+00 3.019400e-01 
1.105138e+00 3.019400e-01 
1.106154e+00 3.019400e-01 
1.107177e+00 3.019400e-01 
1.108209e+00 3.019400e-01 
1.109247e+00 3.019400e-01 
1.110294e+00 3.019400e-01 
1.111348e+00 3.019400e-01 
1.112410e+00 3.019400e-01 
1.113479e+00 3.019400e-01 
1.114557e+00 3.019400e-01 
1.115643e+00 3.019400e-01 
1.116737e+00 3.019400e-01 
1.117839e+00 3.019400e-01 
1.118949e+00 3.019400e-01 
1.120068e+00 3.019400e-01 
1.121195e+00 3.019400e-01 
1.122331e+00 3.019400e-01 
1.123475e+00 3.019400e-01 
1.124628e+00 3.019400e-01 
1.125789e+00 3.019400e-01 
1.126960e+00 3.019400e-01 
1.128139e+00 3.019400e-01 
1.129327e+00 3.019400e-01 
1.130525e+00 3.019400e-01 
1.131731e+00 3.019400e-01 
1.132947e+00 3.019400e-01 
1.134172e+00 3.019400e-01 
1.135407e+00 3.019400e-01 
1.136651e+00 3.019400e-01 
1.137904e+00 3.019400e-01 
1.139167e+00 3.019400e-01 
1.140440e+00 3.019400e-01 
1.141723e+00 3.019400e-01 
1.143016e+00 3.019400e-01 
1.144319e+00 3.019400e-01 
1.145632e+00 3.019400e-01 
1.146955e+00 3.019400e-01 
1.148288e+00 3.019400e-01 
1.149632e+00 3.019400e-01 
1.150987e+00 3.019400e-01 
1.152352e+00 3.019400e-01 
1.153727e+00 3.019400e-01 
1.155114e+00 3.019400e-01 
1.156511e+00 3.019400e-01 
BC
-1
-1
-1
-1
-1
-1
-1
-1
-1
-1
-1
-1
-1
-1
-1
-1
-1
-1
-1
-1
-1
-1
-1
-1
-1
-1
-1
-1
-1
-1
-1
-1
-1
-1
-1
-1
-1
-1
-1
-1
-1
-1
-1
-1
-1
-1
-1
-1
-1
-1
-1
-1
-1
-1
-1
-1
-1
-1
-1
-1
-1
-1
-1
-1
-1
-1
-1
-1
-1
-1
-1
-1
-1
-1
-1
-1
-1
-1
-1
-1
-1
-1
-1
-1
-1
-1
-1
-1
-1
-1
-1
-1
-1
-1
-1
-1
-1
-1
-1
-1
-1
-1
-1
-1
-1
-1
-1
-1
-1
-1
-1
-1
-1
-1
-1
-1
-1
-1
-1
-1
-1
-1
-1
-1
-1
4
4
4
4
4
4
4
4
4
4
4
4
4
4
4
4
4
4
4
4
4
4
4
4
4
4
4
4
4
4
4
4
4
4
4
4
4
4
4
4
4
4
4
4
4
4
4
4
4
4
4
4
4
4
4
4
4
4
4
4
4
4
4
4
4
4
4
4
4
4
4
4
4
4
4
4
4
4
4
4
4
4
4
4
4
4
4
4
4
4
4
4
4
4
4
4
4
4
4
4
4
-1
-1
-1
-1
-1
-1
-1
-1
-1
-1
-1
-1
-1
-1
-1
-1
-1
-1
-1
-1
-1
-1
-1
-1
