npartb: 4 1 
ipartb: 2 0 
ngrid: 77 21 
1.836960e-01 3.019400e-01 
1.881940e-01 3.019400e-01 
1.926920e-01 3.019400e-01 
1.971900e-01 3.019400e-01 
2.016880e-01 3.019400e-01 
2.061860e-01 3.019400e-01 
2.106840e-01 3.019400e-01 
2.151820e-01 3.019400e-01 
2.196800e-01 3.019400e-01 
2.241780e-01 3.019400e-01 
2.286760e-01 3.019400e-01 
2.331740e-01 3.019400e-01 
2.376720e-01 3.019400e-01 
2.421700e-01 3.019400e-01 
2.466680e-01 3.019400e-01 
2.511660e-01 3.019400e-01 
2.556640e-01 3.019400e-01 
2.601620e-01 3.019400e-01 
2.646600e-01 3.019400e-01 
2.691580e-01 3.019400e-01 
2.736560e-01 3.019400e-01 
2.781540e-01 3.019400e-01 
2.826520e-01 3.019400e-01 
2.871500e-01 3.019400e-01 
2.916480e-01 3.019400e-01 
2.961460e-01 3.019400e-01 
3.006440e-01 3.019400e-01 
3.051420e-01 3.019400e-01 
3.096400e-01 3.019400e-01 
3.141380e-01 3.019400e-01 
3.186360e-01 3.019400e-01 
3.231340e-01 3.019400e-01 
3.276320e-01 3.019400e-01 
3.321300e-01 3.019400e-01 
3.366280e-01 3.019400e-01 
3.411260e-01 3.019400e-01 
3.456240e-01 3.019400e-01 
3.501220e-01 3.019400e-01 
3.546200e-01 3.019400e-01 
3.591180e-01 3.019400e-01 
3.636160e-01 3.019400e-01 
3.681140e-01 3.019400e-01 
3.726120e-01 3.019400e-01 
3.771100e-01 3.019400e-01 
3.816080e-01 3.019400e-01 
3.861060e-01 3.019400e-01 
3.906040e-01 3.019400e-01 
3.951020e-01 3.019400e-01 
3.996000e-01 3.019400e-01 
4.040980e-01 3.019400e-01 
4.085960e-01 3.019400e-01 
4.130940e-01 3.019400e-01 
4.175920e-01 3.019400e-01 
4.220900e-01 3.019400e-01 
4.265880e-01 3.019400e-01 
4.310860e-01 3.019400e-01 
4.355840e-01 3.019400e-01 
4.400820e-01 3.019400e-01 
4.445800e-01 3.019400e-01 
4.490780e-01 3.019400e-01 
4.535760e-01 3.019400e-01 
4.580740e-01 3.019400e-01 
4.625720e-01 3.019400e-01 
4.670700e-01 3.019400e-01 
4.715680e-01 3.019400e-01 
4.760660e-01 3.019400e-01 
4.805640e-01 3.019400e-01 
4.850620e-01 3.019400e-01 
4.895600e-01 3.019400e-01 
4.940580e-01 3.019400e-01 
4.985560e-01 3.019400e-01 
5.030540e-01 3.019400e-01 
5.075520e-01 3.019400e-01 
5.120500e-01 3.019400e-01 
5.165480e-01 3.019400e-01 
5.210460e-01 3.019400e-01 
5.255440e-01 3.019400e-01 
1.836960e-01 3.056093e-01 
1.881940e-01 3.055940e-01 
1.926920e-01 3.055787e-01 
1.971900e-01 3.055633e-01 
2.016880e-01 3.055480e-01 
2.061860e-01 3.055327e-01 
2.106840e-01 3.055173e-01 
2.151820e-01 3.055020e-01 
2.196800e-01 3.054867e-01 
2.241780e-01 3.054713e-01 
2.286760e-01 3.054560e-01 
2.331740e-01 3.054407e-01 
2.376720e-01 3.054253e-01 
2.421700e-01 3.054100e-01 
2.466680e-01 3.053947e-01 
2.511660e-01 3.053793e-01 
2.556640e-01 3.053640e-01 
2.601620e-01 3.053487e-01 
2.646600e-01 3.053333e-01 
2.691580e-01 3.053180e-01 
2.736560e-01 3.053027e-01 
2.781540e-01 3.052873e-01 
2.826520e-01 3.052720e-01 
2.871500e-01 3.052567e-01 
2.916480e-01 3.052413e-01 
2.961460e-01 3.052260e-01 
3.006440e-01 3.052107e-01 
3.051420e-01 3.051953e-01 
3.096400e-01 3.051800e-01 
3.141380e-01 3.051647e-01 
3.186360e-01 3.051493e-01 
3.231340e-01 3.051340e-01 
3.276320e-01 3.051187e-01 
3.321300e-01 3.051033e-01 
3.366280e-01 3.050880e-01 
3.411260e-01 3.050727e-01 
3.456240e-01 3.050573e-01 
3.501220e-01 3.050420e-01 
3.546200e-01 3.050267e-01 
3.591180e-01 3.050113e-01 
3.636160e-01 3.049960e-01 
3.681140e-01 3.049807e-01 
3.726120e-01 3.049653e-01 
3.771100e-01 3.049500e-01 
3.816080e-01 3.049347e-01 
3.861060e-01 3.049193e-01 
3.906040e-01 3.049040e-01 
3.951020e-01 3.048887e-01 
3.996000e-01 3.048733e-01 
4.040980e-01 3.048580e-01 
4.085960e-01 3.048427e-01 
4.130940e-01 3.048273e-01 
4.175920e-01 3.048120e-01 
4.220900e-01 3.047967e-01 
4.265880e-01 3.047813e-01 
4.310860e-01 3.047660e-01 
4.355840e-01 3.047507e-01 
4.400820e-01 3.047353e-01 
4.445800e-01 3.047200e-01 
4.490780e-01 3.047047e-01 
4.535760e-01 3.046893e-01 
4.580740e-01 3.046740e-01 
4.625720e-01 3.046587e-01 
4.670700e-01 3.046433e-01 
4.715680e-01 3.046280e-01 
4.760660e-01 3.046127e-01 
4.805640e-01 3.045973e-01 
4.850620e-01 3.045820e-01 
4.895600e-01 3.045667e-01 
4.940580e-01 3.045513e-01 
4.985560e-01 3.045360e-01 
5.030540e-01 3.045207e-01 
5.075520e-01 3.045053e-01 
5.120500e-01 3.044900e-01 
5.165480e-01 3.044747e-01 
5.210460e-01 3.044593e-01 
5.255440e-01 3.044440e-01 
1.836960e-01 3.093325e-01 
1.881940e-01 3.093019e-01 
1.926920e-01 3.092713e-01 
1.971900e-01 3.092406e-01 
2.016880e-01 3.092100e-01 
2.061860e-01 3.091793e-01 
2.106840e-01 3.091487e-01 
2.151820e-01 3.091181e-01 
2.196800e-01 3.090874e-01 
2.241780e-01 3.090568e-01 
2.286760e-01 3.090261e-01 
2.331740e-01 3.089955e-01 
2.376720e-01 3.089649e-01 
2.421700e-01 3.089342e-01 
2.466680e-01 3.089036e-01 
2.511660e-01 3.088729e-01 
2.556640e-01 3.088423e-01 
2.601620e-01 3.088117e-01 
2.646600e-01 3.087810e-01 
2.691580e-01 3.087504e-01 
2.736560e-01 3.087197e-01 
2.781540e-01 3.086891e-01 
2.826520e-01 3.086585e-01 
2.871500e-01 3.086278e-01 
2.916480e-01 3.085972e-01 
2.961460e-01 3.085665e-01 
3.006440e-01 3.085359e-01 
3.051420e-01 3.085053e-01 
3.096400e-01 3.084746e-01 
3.141380e-01 3.084440e-01 
3.186360e-01 3.084133e-01 
3.231340e-01 3.083827e-01 
3.276320e-01 3.083521e-01 
3.321300e-01 3.083214e-01 
3.366280e-01 3.082908e-01 
3.411260e-01 3.082601e-01 
3.456240e-01 3.082295e-01 
3.501220e-01 3.081989e-01 
3.546200e-01 3.081682e-01 
3.591180e-01 3.081376e-01 
3.636160e-01 3.081069e-01 
3.681140e-01 3.080763e-01 
3.726120e-01 3.080457e-01 
3.771100e-01 3.080150e-01 
3.816080e-01 3.079844e-01 
3.861060e-01 3.079537e-01 
3.906040e-01 3.079231e-01 
3.951020e-01 3.078925e-01 
3.996000e-01 3.078618e-01 
4.040980e-01 3.078312e-01 
4.085960e-01 3.078005e-01 
4.130940e-01 3.077699e-01 
4.175920e-01 3.077393e-01 
4.220900e-01 3.077086e-01 
4.265880e-01 3.076780e-01 
4.310860e-01 3.076473e-01 
4.355840e-01 3.076167e-01 
4.400820e-01 3.075861e-01 
4.445800e-01 3.075554e-01 
4.490780e-01 3.075248e-01 
4.535760e-01 3.074941e-01 
4.580740e-01 3.074635e-01 
4.625720e-01 3.074329e-01 
4.670700e-01 3.074022e-01 
4.715680e-01 3.073716e-01 
4.760660e-01 3.073409e-01 
4.805640e-01 3.073103e-01 
4.850620e-01 3.072797e-01 
4.895600e-01 3.072490e-01 
4.940580e-01 3.072184e-01 
4.985560e-01 3.071877e-01 
5.030540e-01 3.071571e-01 
5.075520e-01 3.071265e-01 
5.120500e-01 3.070958e-01 
5.165480e-01 3.070652e-01 
5.210460e-01 3.070345e-01 
5.255440e-01 3.070039e-01 
1.836960e-01 3.131649e-01 
1.881940e-01 3.131190e-01 
1.926920e-01 3.130731e-01 
1.971900e-01 3.130273e-01 
2.016880e-01 3.129814e-01 
2.061860e-01 3.129355e-01 
2.106840e-01 3.128896e-01 
2.151820e-01 3.128437e-01 
2.196800e-01 3.127978e-01 
2.241780e-01 3.127519e-01 
2.286760e-01 3.127060e-01 
2.331740e-01 3.126602e-01 
2.376720e-01 3.126143e-01 
2.421700e-01 3.125684e-01 
2.466680e-01 3.125225e-01 
2.511660e-01 3.124766e-01 
2.556640e-01 3.124307e-01 
2.601620e-01 3.123848e-01 
2.646600e-01 3.123389e-01 
2.691580e-01 3.122931e-01 
2.736560e-01 3.122472e-01 
2.781540e-01 3.122013e-01 
2.826520e-01 3.121554e-01 
2.871500e-01 3.121095e-01 
2.916480e-01 3.120636e-01 
2.961460e-01 3.120177e-01 
3.006440e-01 3.119718e-01 
3.051420e-01 3.119260e-01 
3.096400e-01 3.118801e-01 
3.141380e-01 3.118342e-01 
3.186360e-01 3.117883e-01 
3.231340e-01 3.117424e-01 
3.276320e-01 3.116965e-01 
3.321300e-01 3.116506e-01 
3.366280e-01 3.116048e-01 
3.411260e-01 3.115589e-01 
3.456240e-01 3.115130e-01 
3.501220e-01 3.114671e-01 
3.546200e-01 3.114212e-01 
3.591180e-01 3.113753e-01 
3.636160e-01 3.113294e-01 
3.681140e-01 3.112835e-01 
3.726120e-01 3.112377e-01 
3.771100e-01 3.111918e-01 
3.816080e-01 3.111459e-01 
3.861060e-01 3.111000e-01 
3.906040e-01 3.110541e-01 
3.951020e-01 3.110082e-01 
3.996000e-01 3.109623e-01 
4.040980e-01 3.109164e-01 
4.085960e-01 3.108706e-01 
4.130940e-01 3.108247e-01 
4.175920e-01 3.107788e-01 
4.220900e-01 3.107329e-01 
4.265880e-01 3.106870e-01 
4.310860e-01 3.106411e-01 
4.355840e-01 3.105952e-01 
4.400820e-01 3.105493e-01 
4.445800e-01 3.105035e-01 
4.490780e-01 3.104576e-01 
4.535760e-01 3.104117e-01 
4.580740e-01 3.103658e-01 
4.625720e-01 3.103199e-01 
4.670700e-01 3.102740e-01 
4.715680e-01 3.102281e-01 
4.760660e-01 3.101823e-01 
4.805640e-01 3.101364e-01 
4.850620e-01 3.100905e-01 
4.895600e-01 3.100446e-01 
4.940580e-01 3.099987e-01 
4.985560e-01 3.099528e-01 
5.030540e-01 3.099069e-01 
5.075520e-01 3.098610e-01 
5.120500e-01 3.098152e-01 
5.165480e-01 3.097693e-01 
5.210460e-01 3.097234e-01 
5.255440e-01 3.096775e-01 
1.836960e-01 3.171646e-01 
1.881940e-01 3.171036e-01 
1.926920e-01 3.170426e-01 
1.971900e-01 3.169815e-01 
2.016880e-01 3.169205e-01 
2.061860e-01 3.168595e-01 
2.106840e-01 3.167984e-01 
2.151820e-01 3.167374e-01 
2.196800e-01 3.166764e-01 
2.241780e-01 3.166154e-01 
2.286760e-01 3.165543e-01 
2.331740e-01 3.164933e-01 
2.376720e-01 3.164323e-01 
2.421700e-01 3.163713e-01 
2.466680e-01 3.163102e-01 
2.511660e-01 3.162492e-01 
2.556640e-01 3.161882e-01 
2.601620e-01 3.161271e-01 
2.646600e-01 3.160661e-01 
2.691580e-01 3.160051e-01 
2.736560e-01 3.159441e-01 
2.781540e-01 3.158830e-01 
2.826520e-01 3.158220e-01 
2.871500e-01 3.157610e-01 
2.916480e-01 3.156999e-01 
2.961460e-01 3.156389e-01 
3.006440e-01 3.155779e-01 
3.051420e-01 3.155169e-01 
3.096400e-01 3.154558e-01 
3.141380e-01 3.153948e-01 
3.186360e-01 3.153338e-01 
3.231340e-01 3.152728e-01 
3.276320e-01 3.152117e-01 
3.321300e-01 3.151507e-01 
3.366280e-01 3.150897e-01 
3.411260e-01 3.150286e-01 
3.456240e-01 3.149676e-01 
3.501220e-01 3.149066e-01 
3.546200e-01 3.148456e-01 
3.591180e-01 3.147845e-01 
3.636160e-01 3.147235e-01 
3.681140e-01 3.146625e-01 
3.726120e-01 3.146014e-01 
3.771100e-01 3.145404e-01 
3.816080e-01 3.144794e-01 
3.861060e-01 3.144184e-01 
3.906040e-01 3.143573e-01 
3.951020e-01 3.142963e-01 
3.996000e-01 3.142353e-01 
4.040980e-01 3.141743e-01 
4.085960e-01 3.141132e-01 
4.130940e-01 3.140522e-01 
4.175920e-01 3.139912e-01 
4.220900e-01 3.139301e-01 
4.265880e-01 3.138691e-01 
4.310860e-01 3.138081e-01 
4.355840e-01 3.137471e-01 
4.400820e-01 3.136860e-01 
4.445800e-01 3.136250e-01 
4.490780e-01 3.135640e-01 
4.535760e-01 3.135030e-01 
4.580740e-01 3.134419e-01 
4.625720e-01 3.133809e-01 
4.670700e-01 3.133199e-01 
4.715680e-01 3.132588e-01 
4.760660e-01 3.131978e-01 
4.805640e-01 3.131368e-01 
4.850620e-01 3.130758e-01 
4.895600e-01 3.130147e-01 
4.940580e-01 3.129537e-01 
4.985560e-01 3.128927e-01 
5.030540e-01 3.128316e-01 
5.075520e-01 3.127706e-01 
5.120500e-01 3.127096e-01 
5.165480e-01 3.126486e-01 
5.210460e-01 3.125875e-01 
5.255440e-01 3.125265e-01 
1.836960e-01 3.213943e-01 
1.881940e-01 3.213183e-01 
1.926920e-01 3.212423e-01 
1.971900e-01 3.211663e-01 
2.016880e-01 3.210903e-01 
2.061860e-01 3.210143e-01 
2.106840e-01 3.209383e-01 
2.151820e-01 3.208623e-01 
2.196800e-01 3.207863e-01 
2.241780e-01 3.207103e-01 
2.286760e-01 3.206343e-01 
2.331740e-01 3.205583e-01 
2.376720e-01 3.204823e-01 
2.421700e-01 3.204063e-01 
2.466680e-01 3.203303e-01 
2.511660e-01 3.202543e-01 
2.556640e-01 3.201784e-01 
2.601620e-01 3.201024e-01 
2.646600e-01 3.200264e-01 
2.691580e-01 3.199504e-01 
2.736560e-01 3.198744e-01 
2.781540e-01 3.197984e-01 
2.826520e-01 3.197224e-01 
2.871500e-01 3.196464e-01 
2.916480e-01 3.195704e-01 
2.961460e-01 3.194944e-01 
3.006440e-01 3.194184e-01 
3.051420e-01 3.193424e-01 
3.096400e-01 3.192664e-01 
3.141380e-01 3.191904e-01 
3.186360e-01 3.191144e-01 
3.231340e-01 3.190384e-01 
3.276320e-01 3.189624e-01 
3.321300e-01 3.188864e-01 
3.366280e-01 3.188105e-01 
3.411260e-01 3.187345e-01 
3.456240e-01 3.186585e-01 
3.501220e-01 3.185825e-01 
3.546200e-01 3.185065e-01 
3.591180e-01 3.184305e-01 
3.636160e-01 3.183545e-01 
3.681140e-01 3.182785e-01 
3.726120e-01 3.182025e-01 
3.771100e-01 3.181265e-01 
3.816080e-01 3.180505e-01 
3.861060e-01 3.179745e-01 
3.906040e-01 3.178985e-01 
3.951020e-01 3.178225e-01 
3.996000e-01 3.177465e-01 
4.040980e-01 3.176705e-01 
4.085960e-01 3.175945e-01 
4.130940e-01 3.175186e-01 
4.175920e-01 3.174426e-01 
4.220900e-01 3.173666e-01 
4.265880e-01 3.172906e-01 
4.310860e-01 3.172146e-01 
4.355840e-01 3.171386e-01 
4.400820e-01 3.170626e-01 
4.445800e-01 3.169866e-01 
4.490780e-01 3.169106e-01 
4.535760e-01 3.168346e-01 
4.580740e-01 3.167586e-01 
4.625720e-01 3.166826e-01 
4.670700e-01 3.166066e-01 
4.715680e-01 3.165306e-01 
4.760660e-01 3.164546e-01 
4.805640e-01 3.163786e-01 
4.850620e-01 3.163026e-01 
4.895600e-01 3.162266e-01 
4.940580e-01 3.161507e-01 
4.985560e-01 3.160747e-01 
5.030540e-01 3.159987e-01 
5.075520e-01 3.159227e-01 
5.120500e-01 3.158467e-01 
5.165480e-01 3.157707e-01 
5.210460e-01 3.156947e-01 
5.255440e-01 3.156187e-01 
1.836960e-01 3.259227e-01 
1.881940e-01 3.258320e-01 
1.926920e-01 3.257413e-01 
1.971900e-01 3.256506e-01 
2.016880e-01 3.255599e-01 
2.061860e-01 3.254692e-01 
2.106840e-01 3.253785e-01 
2.151820e-01 3.252878e-01 
2.196800e-01 3.251971e-01 
2.241780e-01 3.251065e-01 
2.286760e-01 3.250158e-01 
2.331740e-01 3.249251e-01 
2.376720e-01 3.248344e-01 
2.421700e-01 3.247437e-01 
2.466680e-01 3.246530e-01 
2.511660e-01 3.245623e-01 
2.556640e-01 3.244716e-01 
2.601620e-01 3.243809e-01 
2.646600e-01 3.242902e-01 
2.691580e-01 3.241996e-01 
2.736560e-01 3.241089e-01 
2.781540e-01 3.240182e-01 
2.826520e-01 3.239275e-01 
2.871500e-01 3.238368e-01 
2.916480e-01 3.237461e-01 
2.961460e-01 3.236554e-01 
3.006440e-01 3.235647e-01 
3.051420e-01 3.234740e-01 
3.096400e-01 3.233833e-01 
3.141380e-01 3.232927e-01 
3.186360e-01 3.232020e-01 
3.231340e-01 3.231113e-01 
3.276320e-01 3.230206e-01 
3.321300e-01 3.229299e-01 
3.366280e-01 3.228392e-01 
3.411260e-01 3.227485e-01 
3.456240e-01 3.226578e-01 
3.501220e-01 3.225671e-01 
3.546200e-01 3.224765e-01 
3.591180e-01 3.223858e-01 
3.636160e-01 3.222951e-01 
3.681140e-01 3.222044e-01 
3.726120e-01 3.221137e-01 
3.771100e-01 3.220230e-01 
3.816080e-01 3.219323e-01 
3.861060e-01 3.218416e-01 
3.906040e-01 3.217509e-01 
3.951020e-01 3.216602e-01 
3.996000e-01 3.215696e-01 
4.040980e-01 3.214789e-01 
4.085960e-01 3.213882e-01 
4.130940e-01 3.212975e-01 
4.175920e-01 3.212068e-01 
4.220900e-01 3.211161e-01 
4.265880e-01 3.210254e-01 
4.310860e-01 3.209347e-01 
4.355840e-01 3.208440e-01 
4.400820e-01 3.207533e-01 
4.445800e-01 3.206627e-01 
4.490780e-01 3.205720e-01 
4.535760e-01 3.204813e-01 
4.580740e-01 3.203906e-01 
4.625720e-01 3.202999e-01 
4.670700e-01 3.202092e-01 
4.715680e-01 3.201185e-01 
4.760660e-01 3.200278e-01 
4.805640e-01 3.199371e-01 
4.850620e-01 3.198464e-01 
4.895600e-01 3.197558e-01 
4.940580e-01 3.196651e-01 
4.985560e-01 3.195744e-01 
5.030540e-01 3.194837e-01 
5.075520e-01 3.193930e-01 
5.120500e-01 3.193023e-01 
5.165480e-01 3.192116e-01 
5.210460e-01 3.191209e-01 
5.255440e-01 3.190302e-01 
1.836960e-01 3.308267e-01 
1.881940e-01 3.307218e-01 
1.926920e-01 3.306168e-01 
1.971900e-01 3.305118e-01 
2.016880e-01 3.304068e-01 
2.061860e-01 3.303019e-01 
2.106840e-01 3.301969e-01 
2.151820e-01 3.300919e-01 
2.196800e-01 3.299869e-01 
2.241780e-01 3.298820e-01 
2.286760e-01 3.297770e-01 
2.331740e-01 3.296720e-01 
2.376720e-01 3.295670e-01 
2.421700e-01 3.294620e-01 
2.466680e-01 3.293571e-01 
2.511660e-01 3.292521e-01 
2.556640e-01 3.291471e-01 
2.601620e-01 3.290421e-01 
2.646600e-01 3.289372e-01 
2.691580e-01 3.288322e-01 
2.736560e-01 3.287272e-01 
2.781540e-01 3.286222e-01 
2.826520e-01 3.285173e-01 
2.871500e-01 3.284123e-01 
2.916480e-01 3.283073e-01 
2.961460e-01 3.282023e-01 
3.006440e-01 3.280973e-01 
3.051420e-01 3.279924e-01 
3.096400e-01 3.278874e-01 
3.141380e-01 3.277824e-01 
3.186360e-01 3.276774e-01 
3.231340e-01 3.275725e-01 
3.276320e-01 3.274675e-01 
3.321300e-01 3.273625e-01 
3.366280e-01 3.272575e-01 
3.411260e-01 3.271525e-01 
3.456240e-01 3.270476e-01 
3.501220e-01 3.269426e-01 
3.546200e-01 3.268376e-01 
3.591180e-01 3.267326e-01 
3.636160e-01 3.266277e-01 
3.681140e-01 3.265227e-01 
3.726120e-01 3.264177e-01 
3.771100e-01 3.263127e-01 
3.816080e-01 3.262078e-01 
3.861060e-01 3.261028e-01 
3.906040e-01 3.259978e-01 
3.951020e-01 3.258928e-01 
3.996000e-01 3.257878e-01 
4.040980e-01 3.256829e-01 
4.085960e-01 3.255779e-01 
4.130940e-01 3.254729e-01 
4.175920e-01 3.253679e-01 
4.220900e-01 3.252630e-01 
4.265880e-01 3.251580e-01 
4.310860e-01 3.250530e-01 
4.355840e-01 3.249480e-01 
4.400820e-01 3.248431e-01 
4.445800e-01 3.247381e-01 
4.490780e-01 3.246331e-01 
4.535760e-01 3.245281e-01 
4.580740e-01 3.244231e-01 
4.625720e-01 3.243182e-01 
4.670700e-01 3.242132e-01 
4.715680e-01 3.241082e-01 
4.760660e-01 3.240032e-01 
4.805640e-01 3.238983e-01 
4.850620e-01 3.237933e-01 
4.895600e-01 3.236883e-01 
4.940580e-01 3.235833e-01 
4.985560e-01 3.234784e-01 
5.030540e-01 3.233734e-01 
5.075520e-01 3.232684e-01 
5.120500e-01 3.231634e-01 
5.165480e-01 3.230584e-01 
5.210460e-01 3.229535e-01 
5.255440e-01 3.228485e-01 
1.836960e-01 3.361939e-01 
1.881940e-01 3.360752e-01 
1.926920e-01 3.359565e-01 
1.971900e-01 3.358379e-01 
2.016880e-01 3.357192e-01 
2.061860e-01 3.356005e-01 
2.106840e-01 3.354819e-01 
2.151820e-01 3.353632e-01 
2.196800e-01 3.352445e-01 
2.241780e-01 3.351259e-01 
2.286760e-01 3.350072e-01 
2.331740e-01 3.348885e-01 
2.376720e-01 3.347699e-01 
2.421700e-01 3.346512e-01 
2.466680e-01 3.345325e-01 
2.511660e-01 3.344139e-01 
2.556640e-01 3.342952e-01 
2.601620e-01 3.341765e-01 
2.646600e-01 3.340578e-01 
2.691580e-01 3.339392e-01 
2.736560e-01 3.338205e-01 
2.781540e-01 3.337018e-01 
2.826520e-01 3.335832e-01 
2.871500e-01 3.334645e-01 
2.916480e-01 3.333458e-01 
2.961460e-01 3.332272e-01 
3.006440e-01 3.331085e-01 
3.051420e-01 3.329898e-01 
3.096400e-01 3.328712e-01 
3.141380e-01 3.327525e-01 
3.186360e-01 3.326338e-01 
3.231340e-01 3.325152e-01 
3.276320e-01 3.323965e-01 
3.321300e-01 3.322778e-01 
3.366280e-01 3.321592e-01 
3.411260e-01 3.320405e-01 
3.456240e-01 3.319218e-01 
3.501220e-01 3.318031e-01 
3.546200e-01 3.316845e-01 
3.591180e-01 3.315658e-01 
3.636160e-01 3.314471e-01 
3.681140e-01 3.313285e-01 
3.726120e-01 3.312098e-01 
3.771100e-01 3.310911e-01 
3.816080e-01 3.309725e-01 
3.861060e-01 3.308538e-01 
3.906040e-01 3.307351e-01 
3.951020e-01 3.306165e-01 
3.996000e-01 3.304978e-01 
4.040980e-01 3.303791e-01 
4.085960e-01 3.302605e-01 
4.130940e-01 3.301418e-01 
4.175920e-01 3.300231e-01 
4.220900e-01 3.299045e-01 
4.265880e-01 3.297858e-01 
4.310860e-01 3.296671e-01 
4.355840e-01 3.295484e-01 
4.400820e-01 3.294298e-01 
4.445800e-01 3.293111e-01 
4.490780e-01 3.291924e-01 
4.535760e-01 3.290738e-01 
4.580740e-01 3.289551e-01 
4.625720e-01 3.288364e-01 
4.670700e-01 3.287178e-01 
4.715680e-01 3.285991e-01 
4.760660e-01 3.284804e-01 
4.805640e-01 3.283618e-01 
4.850620e-01 3.282431e-01 
4.895600e-01 3.281244e-01 
4.940580e-01 3.280058e-01 
4.985560e-01 3.278871e-01 
5.030540e-01 3.277684e-01 
5.075520e-01 3.276498e-01 
5.120500e-01 3.275311e-01 
5.165480e-01 3.274124e-01 
5.210460e-01 3.272937e-01 
5.255440e-01 3.271751e-01 
1.836960e-01 3.421245e-01 
1.881940e-01 3.419930e-01 
1.926920e-01 3.418615e-01 
1.971900e-01 3.417299e-01 
2.016880e-01 3.415984e-01 
2.061860e-01 3.414669e-01 
2.106840e-01 3.413354e-01 
2.151820e-01 3.412039e-01 
2.196800e-01 3.410724e-01 
2.241780e-01 3.409409e-01 
2.286760e-01 3.408094e-01 
2.331740e-01 3.406779e-01 
2.376720e-01 3.405464e-01 
2.421700e-01 3.404148e-01 
2.466680e-01 3.402833e-01 
2.511660e-01 3.401518e-01 
2.556640e-01 3.400203e-01 
2.601620e-01 3.398888e-01 
2.646600e-01 3.397573e-01 
2.691580e-01 3.396258e-01 
2.736560e-01 3.394943e-01 
2.781540e-01 3.393628e-01 
2.826520e-01 3.392313e-01 
2.871500e-01 3.390997e-01 
2.916480e-01 3.389682e-01 
2.961460e-01 3.388367e-01 
3.006440e-01 3.387052e-01 
3.051420e-01 3.385737e-01 
3.096400e-01 3.384422e-01 
3.141380e-01 3.383107e-01 
3.186360e-01 3.381792e-01 
3.231340e-01 3.380477e-01 
3.276320e-01 3.379162e-01 
3.321300e-01 3.377846e-01 
3.366280e-01 3.376531e-01 
3.411260e-01 3.375216e-01 
3.456240e-01 3.373901e-01 
3.501220e-01 3.372586e-01 
3.546200e-01 3.371271e-01 
3.591180e-01 3.369956e-01 
3.636160e-01 3.368641e-01 
3.681140e-01 3.367326e-01 
3.726120e-01 3.366010e-01 
3.771100e-01 3.364695e-01 
3.816080e-01 3.363380e-01 
3.861060e-01 3.362065e-01 
3.906040e-01 3.360750e-01 
3.951020e-01 3.359435e-01 
3.996000e-01 3.358120e-01 
4.040980e-01 3.356805e-01 
4.085960e-01 3.355490e-01 
4.130940e-01 3.354175e-01 
4.175920e-01 3.352859e-01 
4.220900e-01 3.351544e-01 
4.265880e-01 3.350229e-01 
4.310860e-01 3.348914e-01 
4.355840e-01 3.347599e-01 
4.400820e-01 3.346284e-01 
4.445800e-01 3.344969e-01 
4.490780e-01 3.343654e-01 
4.535760e-01 3.342339e-01 
4.580740e-01 3.341024e-01 
4.625720e-01 3.339708e-01 
4.670700e-01 3.338393e-01 
4.715680e-01 3.337078e-01 
4.760660e-01 3.335763e-01 
4.805640e-01 3.334448e-01 
4.850620e-01 3.333133e-01 
4.895600e-01 3.331818e-01 
4.940580e-01 3.330503e-01 
4.985560e-01 3.329188e-01 
5.030540e-01 3.327873e-01 
5.075520e-01 3.326557e-01 
5.120500e-01 3.325242e-01 
5.165480e-01 3.323927e-01 
5.210460e-01 3.322612e-01 
5.255440e-01 3.321297e-01 
1.836960e-01 3.487351e-01 
1.881940e-01 3.485920e-01 
1.926920e-01 3.484488e-01 
1.971900e-01 3.483056e-01 
2.016880e-01 3.481625e-01 
2.061860e-01 3.480193e-01 
2.106840e-01 3.478762e-01 
2.151820e-01 3.477330e-01 
2.196800e-01 3.475898e-01 
2.241780e-01 3.474467e-01 
2.286760e-01 3.473035e-01 
2.331740e-01 3.471603e-01 
2.376720e-01 3.470172e-01 
2.421700e-01 3.468740e-01 
2.466680e-01 3.467308e-01 
2.511660e-01 3.465877e-01 
2.556640e-01 3.464445e-01 
2.601620e-01 3.463013e-01 
2.646600e-01 3.461582e-01 
2.691580e-01 3.460150e-01 
2.736560e-01 3.458718e-01 
2.781540e-01 3.457287e-01 
2.826520e-01 3.455855e-01 
2.871500e-01 3.454423e-01 
2.916480e-01 3.452992e-01 
2.961460e-01 3.451560e-01 
3.006440e-01 3.450128e-01 
3.051420e-01 3.448697e-01 
3.096400e-01 3.447265e-01 
3.141380e-01 3.445833e-01 
3.186360e-01 3.444402e-01 
3.231340e-01 3.442970e-01 
3.276320e-01 3.441538e-01 
3.321300e-01 3.440107e-01 
3.366280e-01 3.438675e-01 
3.411260e-01 3.437243e-01 
3.456240e-01 3.435812e-01 
3.501220e-01 3.434380e-01 
3.546200e-01 3.432948e-01 
3.591180e-01 3.431517e-01 
3.636160e-01 3.430085e-01 
3.681140e-01 3.428653e-01 
3.726120e-01 3.427222e-01 
3.771100e-01 3.425790e-01 
3.816080e-01 3.424358e-01 
3.861060e-01 3.422927e-01 
3.906040e-01 3.421495e-01 
3.951020e-01 3.420063e-01 
3.996000e-01 3.418632e-01 
4.040980e-01 3.417200e-01 
4.085960e-01 3.415769e-01 
4.130940e-01 3.414337e-01 
4.175920e-01 3.412905e-01 
4.220900e-01 3.411474e-01 
4.265880e-01 3.410042e-01 
4.310860e-01 3.408610e-01 
4.355840e-01 3.407179e-01 
4.400820e-01 3.405747e-01 
4.445800e-01 3.404315e-01 
4.490780e-01 3.402884e-01 
4.535760e-01 3.401452e-01 
4.580740e-01 3.400020e-01 
4.625720e-01 3.398589e-01 
4.670700e-01 3.397157e-01 
4.715680e-01 3.395725e-01 
4.760660e-01 3.394294e-01 
4.805640e-01 3.392862e-01 
4.850620e-01 3.391430e-01 
4.895600e-01 3.389999e-01 
4.940580e-01 3.388567e-01 
4.985560e-01 3.387135e-01 
5.030540e-01 3.385704e-01 
5.075520e-01 3.384272e-01 
5.120500e-01 3.382840e-01 
5.165480e-01 3.381409e-01 
5.210460e-01 3.379977e-01 
5.255440e-01 3.378545e-01 
1.836960e-01 3.561624e-01 
1.881940e-01 3.560093e-01 
1.926920e-01 3.558561e-01 
1.971900e-01 3.557029e-01 
2.016880e-01 3.555497e-01 
2.061860e-01 3.553965e-01 
2.106840e-01 3.552433e-01 
2.151820e-01 3.550901e-01 
2.196800e-01 3.549369e-01 
2.241780e-01 3.547837e-01 
2.286760e-01 3.546305e-01 
2.331740e-01 3.544773e-01 
2.376720e-01 3.543241e-01 
2.421700e-01 3.541709e-01 
2.466680e-01 3.540177e-01 
2.511660e-01 3.538645e-01 
2.556640e-01 3.537113e-01 
2.601620e-01 3.535581e-01 
2.646600e-01 3.534049e-01 
2.691580e-01 3.532517e-01 
2.736560e-01 3.530985e-01 
2.781540e-01 3.529454e-01 
2.826520e-01 3.527922e-01 
2.871500e-01 3.526390e-01 
2.916480e-01 3.524858e-01 
2.961460e-01 3.523326e-01 
3.006440e-01 3.521794e-01 
3.051420e-01 3.520262e-01 
3.096400e-01 3.518730e-01 
3.141380e-01 3.517198e-01 
3.186360e-01 3.515666e-01 
3.231340e-01 3.514134e-01 
3.276320e-01 3.512602e-01 
3.321300e-01 3.511070e-01 
3.366280e-01 3.509538e-01 
3.411260e-01 3.508006e-01 
3.456240e-01 3.506474e-01 
3.501220e-01 3.504942e-01 
3.546200e-01 3.503410e-01 
3.591180e-01 3.501878e-01 
3.636160e-01 3.500346e-01 
3.681140e-01 3.498814e-01 
3.726120e-01 3.497283e-01 
3.771100e-01 3.495751e-01 
3.816080e-01 3.494219e-01 
3.861060e-01 3.492687e-01 
3.906040e-01 3.491155e-01 
3.951020e-01 3.489623e-01 
3.996000e-01 3.488091e-01 
4.040980e-01 3.486559e-01 
4.085960e-01 3.485027e-01 
4.130940e-01 3.483495e-01 
4.175920e-01 3.481963e-01 
4.220900e-01 3.480431e-01 
4.265880e-01 3.478899e-01 
4.310860e-01 3.477367e-01 
4.355840e-01 3.475835e-01 
4.400820e-01 3.474303e-01 
4.445800e-01 3.472771e-01 
4.490780e-01 3.471239e-01 
4.535760e-01 3.469707e-01 
4.580740e-01 3.468175e-01 
4.625720e-01 3.466644e-01 
4.670700e-01 3.465112e-01 
4.715680e-01 3.463580e-01 
4.760660e-01 3.462048e-01 
4.805640e-01 3.460516e-01 
4.850620e-01 3.458984e-01 
4.895600e-01 3.457452e-01 
4.940580e-01 3.455920e-01 
4.985560e-01 3.454388e-01 
5.030540e-01 3.452856e-01 
5.075520e-01 3.451324e-01 
5.120500e-01 3.449792e-01 
5.165480e-01 3.448260e-01 
5.210460e-01 3.446728e-01 
5.255440e-01 3.445196e-01 
1.836960e-01 3.645674e-01 
1.881940e-01 3.644064e-01 
1.926920e-01 3.642453e-01 
1.971900e-01 3.640843e-01 
2.016880e-01 3.639233e-01 
2.061860e-01 3.637623e-01 
2.106840e-01 3.636012e-01 
2.151820e-01 3.634402e-01 
2.196800e-01 3.632792e-01 
2.241780e-01 3.631181e-01 
2.286760e-01 3.629571e-01 
2.331740e-01 3.627961e-01 
2.376720e-01 3.626351e-01 
2.421700e-01 3.624740e-01 
2.466680e-01 3.623130e-01 
2.511660e-01 3.621520e-01 
2.556640e-01 3.619910e-01 
2.601620e-01 3.618299e-01 
2.646600e-01 3.616689e-01 
2.691580e-01 3.615079e-01 
2.736560e-01 3.613468e-01 
2.781540e-01 3.611858e-01 
2.826520e-01 3.610248e-01 
2.871500e-01 3.608638e-01 
2.916480e-01 3.607027e-01 
2.961460e-01 3.605417e-01 
3.006440e-01 3.603807e-01 
3.051420e-01 3.602197e-01 
3.096400e-01 3.600586e-01 
3.141380e-01 3.598976e-01 
3.186360e-01 3.597366e-01 
3.231340e-01 3.595755e-01 
3.276320e-01 3.594145e-01 
3.321300e-01 3.592535e-01 
3.366280e-01 3.590925e-01 
3.411260e-01 3.589314e-01 
3.456240e-01 3.587704e-01 
3.501220e-01 3.586094e-01 
3.546200e-01 3.584483e-01 
3.591180e-01 3.582873e-01 
3.636160e-01 3.581263e-01 
3.681140e-01 3.579653e-01 
3.726120e-01 3.578042e-01 
3.771100e-01 3.576432e-01 
3.816080e-01 3.574822e-01 
3.861060e-01 3.573212e-01 
3.906040e-01 3.571601e-01 
3.951020e-01 3.569991e-01 
3.996000e-01 3.568381e-01 
4.040980e-01 3.566770e-01 
4.085960e-01 3.565160e-01 
4.130940e-01 3.563550e-01 
4.175920e-01 3.561940e-01 
4.220900e-01 3.560329e-01 
4.265880e-01 3.558719e-01 
4.310860e-01 3.557109e-01 
4.355840e-01 3.555499e-01 
4.400820e-01 3.553888e-01 
4.445800e-01 3.552278e-01 
4.490780e-01 3.550668e-01 
4.535760e-01 3.549057e-01 
4.580740e-01 3.547447e-01 
4.625720e-01 3.545837e-01 
4.670700e-01 3.544227e-01 
4.715680e-01 3.542616e-01 
4.760660e-01 3.541006e-01 
4.805640e-01 3.539396e-01 
4.850620e-01 3.537785e-01 
4.895600e-01 3.536175e-01 
4.940580e-01 3.534565e-01 
4.985560e-01 3.532955e-01 
5.030540e-01 3.531344e-01 
5.075520e-01 3.529734e-01 
5.120500e-01 3.528124e-01 
5.165480e-01 3.526514e-01 
5.210460e-01 3.524903e-01 
5.255440e-01 3.523293e-01 
1.836960e-01 3.741409e-01 
1.881940e-01 3.739750e-01 
1.926920e-01 3.738090e-01 
1.971900e-01 3.736431e-01 
2.016880e-01 3.734772e-01 
2.061860e-01 3.733112e-01 
2.106840e-01 3.731453e-01 
2.151820e-01 3.729794e-01 
2.196800e-01 3.728134e-01 
2.241780e-01 3.726475e-01 
2.286760e-01 3.724816e-01 
2.331740e-01 3.723156e-01 
2.376720e-01 3.721497e-01 
2.421700e-01 3.719838e-01 
2.466680e-01 3.718179e-01 
2.511660e-01 3.716519e-01 
2.556640e-01 3.714860e-01 
2.601620e-01 3.713201e-01 
2.646600e-01 3.711541e-01 
2.691580e-01 3.709882e-01 
2.736560e-01 3.708223e-01 
2.781540e-01 3.706563e-01 
2.826520e-01 3.704904e-01 
2.871500e-01 3.703245e-01 
2.916480e-01 3.701585e-01 
2.961460e-01 3.699926e-01 
3.006440e-01 3.698267e-01 
3.051420e-01 3.696607e-01 
3.096400e-01 3.694948e-01 
3.141380e-01 3.693289e-01 
3.186360e-01 3.691629e-01 
3.231340e-01 3.689970e-01 
3.276320e-01 3.688311e-01 
3.321300e-01 3.686652e-01 
3.366280e-01 3.684992e-01 
3.411260e-01 3.683333e-01 
3.456240e-01 3.681674e-01 
3.501220e-01 3.680014e-01 
3.546200e-01 3.678355e-01 
3.591180e-01 3.676696e-01 
3.636160e-01 3.675036e-01 
3.681140e-01 3.673377e-01 
3.726120e-01 3.671718e-01 
3.771100e-01 3.670058e-01 
3.816080e-01 3.668399e-01 
3.861060e-01 3.666740e-01 
3.906040e-01 3.665080e-01 
3.951020e-01 3.663421e-01 
3.996000e-01 3.661762e-01 
4.040980e-01 3.660102e-01 
4.085960e-01 3.658443e-01 
4.130940e-01 3.656784e-01 
4.175920e-01 3.655124e-01 
4.220900e-01 3.653465e-01 
4.265880e-01 3.651806e-01 
4.310860e-01 3.650147e-01 
4.355840e-01 3.648487e-01 
4.400820e-01 3.646828e-01 
4.445800e-01 3.645169e-01 
4.490780e-01 3.643509e-01 
4.535760e-01 3.641850e-01 
4.580740e-01 3.640191e-01 
4.625720e-01 3.638531e-01 
4.670700e-01 3.636872e-01 
4.715680e-01 3.635213e-01 
4.760660e-01 3.633553e-01 
4.805640e-01 3.631894e-01 
4.850620e-01 3.630235e-01 
4.895600e-01 3.628575e-01 
4.940580e-01 3.626916e-01 
4.985560e-01 3.625257e-01 
5.030540e-01 3.623597e-01 
5.075520e-01 3.621938e-01 
5.120500e-01 3.620279e-01 
5.165480e-01 3.618620e-01 
5.210460e-01 3.616960e-01 
5.255440e-01 3.615301e-01 
1.836960e-01 3.851103e-01 
1.881940e-01 3.849434e-01 
1.926920e-01 3.847764e-01 
1.971900e-01 3.846094e-01 
2.016880e-01 3.844424e-01 
2.061860e-01 3.842755e-01 
2.106840e-01 3.841085e-01 
2.151820e-01 3.839415e-01 
2.196800e-01 3.837745e-01 
2.241780e-01 3.836076e-01 
2.286760e-01 3.834406e-01 
2.331740e-01 3.832736e-01 
2.376720e-01 3.831066e-01 
2.421700e-01 3.829397e-01 
2.466680e-01 3.827727e-01 
2.511660e-01 3.826057e-01 
2.556640e-01 3.824387e-01 
2.601620e-01 3.822718e-01 
2.646600e-01 3.821048e-01 
2.691580e-01 3.819378e-01 
2.736560e-01 3.817708e-01 
2.781540e-01 3.816039e-01 
2.826520e-01 3.814369e-01 
2.871500e-01 3.812699e-01 
2.916480e-01 3.811029e-01 
2.961460e-01 3.809360e-01 
3.006440e-01 3.807690e-01 
3.051420e-01 3.806020e-01 
3.096400e-01 3.804350e-01 
3.141380e-01 3.802681e-01 
3.186360e-01 3.801011e-01 
3.231340e-01 3.799341e-01 
3.276320e-01 3.797671e-01 
3.321300e-01 3.796002e-01 
3.366280e-01 3.794332e-01 
3.411260e-01 3.792662e-01 
3.456240e-01 3.790992e-01 
3.501220e-01 3.789323e-01 
3.546200e-01 3.787653e-01 
3.591180e-01 3.785983e-01 
3.636160e-01 3.784313e-01 
3.681140e-01 3.782644e-01 
3.726120e-01 3.780974e-01 
3.771100e-01 3.779304e-01 
3.816080e-01 3.777634e-01 
3.861060e-01 3.775964e-01 
3.906040e-01 3.774295e-01 
3.951020e-01 3.772625e-01 
3.996000e-01 3.770955e-01 
4.040980e-01 3.769285e-01 
4.085960e-01 3.767616e-01 
4.130940e-01 3.765946e-01 
4.175920e-01 3.764276e-01 
4.220900e-01 3.762606e-01 
4.265880e-01 3.760937e-01 
4.310860e-01 3.759267e-01 
4.355840e-01 3.757597e-01 
4.400820e-01 3.755927e-01 
4.445800e-01 3.754258e-01 
4.490780e-01 3.752588e-01 
4.535760e-01 3.750918e-01 
4.580740e-01 3.749248e-01 
4.625720e-01 3.747579e-01 
4.670700e-01 3.745909e-01 
4.715680e-01 3.744239e-01 
4.760660e-01 3.742569e-01 
4.805640e-01 3.740900e-01 
4.850620e-01 3.739230e-01 
4.895600e-01 3.737560e-01 
4.940580e-01 3.735890e-01 
4.985560e-01 3.734221e-01 
5.030540e-01 3.732551e-01 
5.075520e-01 3.730881e-01 
5.120500e-01 3.729211e-01 
5.165480e-01 3.727542e-01 
5.210460e-01 3.725872e-01 
5.255440e-01 3.724202e-01 
1.836960e-01 3.977476e-01 
1.881940e-01 3.975846e-01 
1.926920e-01 3.974216e-01 
1.971900e-01 3.972587e-01 
2.016880e-01 3.970957e-01 
2.061860e-01 3.969327e-01 
2.106840e-01 3.967697e-01 
2.151820e-01 3.966067e-01 
2.196800e-01 3.964438e-01 
2.241780e-01 3.962808e-01 
2.286760e-01 3.961178e-01 
2.331740e-01 3.959548e-01 
2.376720e-01 3.957919e-01 
2.421700e-01 3.956289e-01 
2.466680e-01 3.954659e-01 
2.511660e-01 3.953029e-01 
2.556640e-01 3.951399e-01 
2.601620e-01 3.949770e-01 
2.646600e-01 3.948140e-01 
2.691580e-01 3.946510e-01 
2.736560e-01 3.944880e-01 
2.781540e-01 3.943251e-01 
2.826520e-01 3.941621e-01 
2.871500e-01 3.939991e-01 
2.916480e-01 3.938361e-01 
2.961460e-01 3.936731e-01 
3.006440e-01 3.935102e-01 
3.051420e-01 3.933472e-01 
3.096400e-01 3.931842e-01 
3.141380e-01 3.930212e-01 
3.186360e-01 3.928582e-01 
3.231340e-01 3.926953e-01 
3.276320e-01 3.925323e-01 
3.321300e-01 3.923693e-01 
3.366280e-01 3.922063e-01 
3.411260e-01 3.920434e-01 
3.456240e-01 3.918804e-01 
3.501220e-01 3.917174e-01 
3.546200e-01 3.915544e-01 
3.591180e-01 3.913914e-01 
3.636160e-01 3.912285e-01 
3.681140e-01 3.910655e-01 
3.726120e-01 3.909025e-01 
3.771100e-01 3.907395e-01 
3.816080e-01 3.905766e-01 
3.861060e-01 3.904136e-01 
3.906040e-01 3.902506e-01 
3.951020e-01 3.900876e-01 
3.996000e-01 3.899246e-01 
4.040980e-01 3.897617e-01 
4.085960e-01 3.895987e-01 
4.130940e-01 3.894357e-01 
4.175920e-01 3.892727e-01 
4.220900e-01 3.891097e-01 
4.265880e-01 3.889468e-01 
4.310860e-01 3.887838e-01 
4.355840e-01 3.886208e-01 
4.400820e-01 3.884578e-01 
4.445800e-01 3.882949e-01 
4.490780e-01 3.881319e-01 
4.535760e-01 3.879689e-01 
4.580740e-01 3.878059e-01 
4.625720e-01 3.876429e-01 
4.670700e-01 3.874800e-01 
4.715680e-01 3.873170e-01 
4.760660e-01 3.871540e-01 
4.805640e-01 3.869910e-01 
4.850620e-01 3.868281e-01 
4.895600e-01 3.866651e-01 
4.940580e-01 3.865021e-01 
4.985560e-01 3.863391e-01 
5.030540e-01 3.861761e-01 
5.075520e-01 3.860132e-01 
5.120500e-01 3.858502e-01 
5.165480e-01 3.856872e-01 
5.210460e-01 3.855242e-01 
5.255440e-01 3.853612e-01 
1.836960e-01 4.123787e-01 
1.881940e-01 4.122263e-01 
1.926920e-01 4.120738e-01 
1.971900e-01 4.119214e-01 
2.016880e-01 4.117689e-01 
2.061860e-01 4.116164e-01 
2.106840e-01 4.114640e-01 
2.151820e-01 4.113115e-01 
2.196800e-01 4.111591e-01 
2.241780e-01 4.110066e-01 
2.286760e-01 4.108542e-01 
2.331740e-01 4.107017e-01 
2.376720e-01 4.105493e-01 
2.421700e-01 4.103968e-01 
2.466680e-01 4.102444e-01 
2.511660e-01 4.100919e-01 
2.556640e-01 4.099395e-01 
2.601620e-01 4.097870e-01 
2.646600e-01 4.096346e-01 
2.691580e-01 4.094821e-01 
2.736560e-01 4.093297e-01 
2.781540e-01 4.091772e-01 
2.826520e-01 4.090248e-01 
2.871500e-01 4.088723e-01 
2.916480e-01 4.087199e-01 
2.961460e-01 4.085674e-01 
3.006440e-01 4.084149e-01 
3.051420e-01 4.082625e-01 
3.096400e-01 4.081100e-01 
3.141380e-01 4.079576e-01 
3.186360e-01 4.078051e-01 
3.231340e-01 4.076527e-01 
3.276320e-01 4.075002e-01 
3.321300e-01 4.073478e-01 
3.366280e-01 4.071953e-01 
3.411260e-01 4.070429e-01 
3.456240e-01 4.068904e-01 
3.501220e-01 4.067380e-01 
3.546200e-01 4.065855e-01 
3.591180e-01 4.064331e-01 
3.636160e-01 4.062806e-01 
3.681140e-01 4.061282e-01 
3.726120e-01 4.059757e-01 
3.771100e-01 4.058233e-01 
3.816080e-01 4.056708e-01 
3.861060e-01 4.055184e-01 
3.906040e-01 4.053659e-01 
3.951020e-01 4.052134e-01 
3.996000e-01 4.050610e-01 
4.040980e-01 4.049085e-01 
4.085960e-01 4.047561e-01 
4.130940e-01 4.046036e-01 
4.175920e-01 4.044512e-01 
4.220900e-01 4.042987e-01 
4.265880e-01 4.041463e-01 
4.310860e-01 4.039938e-01 
4.355840e-01 4.038414e-01 
4.400820e-01 4.036889e-01 
4.445800e-01 4.035365e-01 
4.490780e-01 4.033840e-01 
4.535760e-01 4.032316e-01 
4.580740e-01 4.030791e-01 
4.625720e-01 4.029267e-01 
4.670700e-01 4.027742e-01 
4.715680e-01 4.026218e-01 
4.760660e-01 4.024693e-01 
4.805640e-01 4.023168e-01 
4.850620e-01 4.021644e-01 
4.895600e-01 4.020119e-01 
4.940580e-01 4.018595e-01 
4.985560e-01 4.017070e-01 
5.030540e-01 4.015546e-01 
5.075520e-01 4.014021e-01 
5.120500e-01 4.012497e-01 
5.165480e-01 4.010972e-01 
5.210460e-01 4.009448e-01 
5.255440e-01 4.007923e-01 
1.836960e-01 4.293958e-01 
1.881940e-01 4.292622e-01 
1.926920e-01 4.291287e-01 
1.971900e-01 4.289952e-01 
2.016880e-01 4.288617e-01 
2.061860e-01 4.287281e-01 
2.106840e-01 4.285946e-01 
2.151820e-01 4.284611e-01 
2.196800e-01 4.283275e-01 
2.241780e-01 4.281940e-01 
2.286760e-01 4.280605e-01 
2.331740e-01 4.279269e-01 
2.376720e-01 4.277934e-01 
2.421700e-01 4.276599e-01 
2.466680e-01 4.275263e-01 
2.511660e-01 4.273928e-01 
2.556640e-01 4.272593e-01 
2.601620e-01 4.271258e-01 
2.646600e-01 4.269922e-01 
2.691580e-01 4.268587e-01 
2.736560e-01 4.267252e-01 
2.781540e-01 4.265916e-01 
2.826520e-01 4.264581e-01 
2.871500e-01 4.263246e-01 
2.916480e-01 4.261910e-01 
2.961460e-01 4.260575e-01 
3.006440e-01 4.259240e-01 
3.051420e-01 4.257905e-01 
3.096400e-01 4.256569e-01 
3.141380e-01 4.255234e-01 
3.186360e-01 4.253899e-01 
3.231340e-01 4.252563e-01 
3.276320e-01 4.251228e-01 
3.321300e-01 4.249893e-01 
3.366280e-01 4.248557e-01 
3.411260e-01 4.247222e-01 
3.456240e-01 4.245887e-01 
3.501220e-01 4.244552e-01 
3.546200e-01 4.243216e-01 
3.591180e-01 4.241881e-01 
3.636160e-01 4.240546e-01 
3.681140e-01 4.239210e-01 
3.726120e-01 4.237875e-01 
3.771100e-01 4.236540e-01 
3.816080e-01 4.235204e-01 
3.861060e-01 4.233869e-01 
3.906040e-01 4.232534e-01 
3.951020e-01 4.231198e-01 
3.996000e-01 4.229863e-01 
4.040980e-01 4.228528e-01 
4.085960e-01 4.227193e-01 
4.130940e-01 4.225857e-01 
4.175920e-01 4.224522e-01 
4.220900e-01 4.223187e-01 
4.265880e-01 4.221851e-01 
4.310860e-01 4.220516e-01 
4.355840e-01 4.219181e-01 
4.400820e-01 4.217845e-01 
4.445800e-01 4.216510e-01 
4.490780e-01 4.215175e-01 
4.535760e-01 4.213840e-01 
4.580740e-01 4.212504e-01 
4.625720e-01 4.211169e-01 
4.670700e-01 4.209834e-01 
4.715680e-01 4.208498e-01 
4.760660e-01 4.207163e-01 
4.805640e-01 4.205828e-01 
4.850620e-01 4.204492e-01 
4.895600e-01 4.203157e-01 
4.940580e-01 4.201822e-01 
4.985560e-01 4.200486e-01 
5.030540e-01 4.199151e-01 
5.075520e-01 4.197816e-01 
5.120500e-01 4.196481e-01 
5.165480e-01 4.195145e-01 
5.210460e-01 4.193810e-01 
5.255440e-01 4.192475e-01 
1.836960e-01 4.492713e-01 
1.881940e-01 4.491675e-01 
1.926920e-01 4.490636e-01 
1.971900e-01 4.489597e-01 
2.016880e-01 4.488558e-01 
2.061860e-01 4.487520e-01 
2.106840e-01 4.486481e-01 
2.151820e-01 4.485442e-01 
2.196800e-01 4.484403e-01 
2.241780e-01 4.483365e-01 
2.286760e-01 4.482326e-01 
2.331740e-01 4.481287e-01 
2.376720e-01 4.480248e-01 
2.421700e-01 4.479210e-01 
2.466680e-01 4.478171e-01 
2.511660e-01 4.477132e-01 
2.556640e-01 4.476093e-01 
2.601620e-01 4.475055e-01 
2.646600e-01 4.474016e-01 
2.691580e-01 4.472977e-01 
2.736560e-01 4.471938e-01 
2.781540e-01 4.470899e-01 
2.826520e-01 4.469861e-01 
2.871500e-01 4.468822e-01 
2.916480e-01 4.467783e-01 
2.961460e-01 4.466744e-01 
3.006440e-01 4.465706e-01 
3.051420e-01 4.464667e-01 
3.096400e-01 4.463628e-01 
3.141380e-01 4.462589e-01 
3.186360e-01 4.461551e-01 
3.231340e-01 4.460512e-01 
3.276320e-01 4.459473e-01 
3.321300e-01 4.458434e-01 
3.366280e-01 4.457396e-01 
3.411260e-01 4.456357e-01 
3.456240e-01 4.455318e-01 
3.501220e-01 4.454279e-01 
3.546200e-01 4.453241e-01 
3.591180e-01 4.452202e-01 
3.636160e-01 4.451163e-01 
3.681140e-01 4.450124e-01 
3.726120e-01 4.449086e-01 
3.771100e-01 4.448047e-01 
3.816080e-01 4.447008e-01 
3.861060e-01 4.445969e-01 
3.906040e-01 4.444931e-01 
3.951020e-01 4.443892e-01 
3.996000e-01 4.442853e-01 
4.040980e-01 4.441814e-01 
4.085960e-01 4.440775e-01 
4.130940e-01 4.439737e-01 
4.175920e-01 4.438698e-01 
4.220900e-01 4.437659e-01 
4.265880e-01 4.436620e-01 
4.310860e-01 4.435582e-01 
4.355840e-01 4.434543e-01 
4.400820e-01 4.433504e-01 
4.445800e-01 4.432465e-01 
4.490780e-01 4.431427e-01 
4.535760e-01 4.430388e-01 
4.580740e-01 4.429349e-01 
4.625720e-01 4.428310e-01 
4.670700e-01 4.427272e-01 
4.715680e-01 4.426233e-01 
4.760660e-01 4.425194e-01 
4.805640e-01 4.424155e-01 
4.850620e-01 4.423117e-01 
4.895600e-01 4.422078e-01 
4.940580e-01 4.421039e-01 
4.985560e-01 4.420000e-01 
5.030540e-01 4.418962e-01 
5.075520e-01 4.417923e-01 
5.120500e-01 4.416884e-01 
5.165480e-01 4.415845e-01 
5.210460e-01 4.414807e-01 
5.255440e-01 4.413768e-01 
1.836960e-01 4.725760e-01 
1.881940e-01 4.725155e-01 
1.926920e-01 4.724549e-01 
1.971900e-01 4.723943e-01 
2.016880e-01 4.723337e-01 
2.061860e-01 4.722732e-01 
2.106840e-01 4.722126e-01 
2.151820e-01 4.721520e-01 
2.196800e-01 4.720914e-01 
2.241780e-01 4.720309e-01 
2.286760e-01 4.719703e-01 
2.331740e-01 4.719097e-01 
2.376720e-01 4.718491e-01 
2.421700e-01 4.717886e-01 
2.466680e-01 4.717280e-01 
2.511660e-01 4.716674e-01 
2.556640e-01 4.716068e-01 
2.601620e-01 4.715463e-01 
2.646600e-01 4.714857e-01 
2.691580e-01 4.714251e-01 
2.736560e-01 4.713645e-01 
2.781540e-01 4.713040e-01 
2.826520e-01 4.712434e-01 
2.871500e-01 4.711828e-01 
2.916480e-01 4.711222e-01 
2.961460e-01 4.710617e-01 
3.006440e-01 4.710011e-01 
3.051420e-01 4.709405e-01 
3.096400e-01 4.708799e-01 
3.141380e-01 4.708194e-01 
3.186360e-01 4.707588e-01 
3.231340e-01 4.706982e-01 
3.276320e-01 4.706376e-01 
3.321300e-01 4.705771e-01 
3.366280e-01 4.705165e-01 
3.411260e-01 4.704559e-01 
3.456240e-01 4.703953e-01 
3.501220e-01 4.703348e-01 
3.546200e-01 4.702742e-01 
3.591180e-01 4.702136e-01 
3.636160e-01 4.701530e-01 
3.681140e-01 4.700925e-01 
3.726120e-01 4.700319e-01 
3.771100e-01 4.699713e-01 
3.816080e-01 4.699107e-01 
3.861060e-01 4.698502e-01 
3.906040e-01 4.697896e-01 
3.951020e-01 4.697290e-01 
3.996000e-01 4.696684e-01 
4.040980e-01 4.696079e-01 
4.085960e-01 4.695473e-01 
4.130940e-01 4.694867e-01 
4.175920e-01 4.694261e-01 
4.220900e-01 4.693656e-01 
4.265880e-01 4.693050e-01 
4.310860e-01 4.692444e-01 
4.355840e-01 4.691838e-01 
4.400820e-01 4.691233e-01 
4.445800e-01 4.690627e-01 
4.490780e-01 4.690021e-01 
4.535760e-01 4.689415e-01 
4.580740e-01 4.688810e-01 
4.625720e-01 4.688204e-01 
4.670700e-01 4.687598e-01 
4.715680e-01 4.686992e-01 
4.760660e-01 4.686387e-01 
4.805640e-01 4.685781e-01 
4.850620e-01 4.685175e-01 
4.895600e-01 4.684570e-01 
4.940580e-01 4.683964e-01 
4.985560e-01 4.683358e-01 
5.030540e-01 4.682752e-01 
5.075520e-01 4.682147e-01 
5.120500e-01 4.681541e-01 
5.165480e-01 4.680935e-01 
5.210460e-01 4.680329e-01 
5.255440e-01 4.679724e-01 
1.836960e-01 5.000000e-01 
1.881940e-01 5.000000e-01 
1.926920e-01 5.000000e-01 
1.971900e-01 5.000000e-01 
2.016880e-01 5.000000e-01 
2.061860e-01 5.000000e-01 
2.106840e-01 5.000000e-01 
2.151820e-01 5.000000e-01 
2.196800e-01 5.000000e-01 
2.241780e-01 5.000000e-01 
2.286760e-01 5.000000e-01 
2.331740e-01 5.000000e-01 
2.376720e-01 5.000000e-01 
2.421700e-01 5.000000e-01 
2.466680e-01 5.000000e-01 
2.511660e-01 5.000000e-01 
2.556640e-01 5.000000e-01 
2.601620e-01 5.000000e-01 
2.646600e-01 5.000000e-01 
2.691580e-01 5.000000e-01 
2.736560e-01 5.000000e-01 
2.781540e-01 5.000000e-01 
2.826520e-01 5.000000e-01 
2.871500e-01 5.000000e-01 
2.916480e-01 5.000000e-01 
2.961460e-01 5.000000e-01 
3.006440e-01 5.000000e-01 
3.051420e-01 5.000000e-01 
3.096400e-01 5.000000e-01 
3.141380e-01 5.000000e-01 
3.186360e-01 5.000000e-01 
3.231340e-01 5.000000e-01 
3.276320e-01 5.000000e-01 
3.321300e-01 5.000000e-01 
3.366280e-01 5.000000e-01 
3.411260e-01 5.000000e-01 
3.456240e-01 5.000000e-01 
3.501220e-01 5.000000e-01 
3.546200e-01 5.000000e-01 
3.591180e-01 5.000000e-01 
3.636160e-01 5.000000e-01 
3.681140e-01 5.000000e-01 
3.726120e-01 5.000000e-01 
3.771100e-01 5.000000e-01 
3.816080e-01 5.000000e-01 
3.861060e-01 5.000000e-01 
3.906040e-01 5.000000e-01 
3.951020e-01 5.000000e-01 
3.996000e-01 5.000000e-01 
4.040980e-01 5.000000e-01 
4.085960e-01 5.000000e-01 
4.130940e-01 5.000000e-01 
4.175920e-01 5.000000e-01 
4.220900e-01 5.000000e-01 
4.265880e-01 5.000000e-01 
4.310860e-01 5.000000e-01 
4.355840e-01 5.000000e-01 
4.400820e-01 5.000000e-01 
4.445800e-01 5.000000e-01 
4.490780e-01 5.000000e-01 
4.535760e-01 5.000000e-01 
4.580740e-01 5.000000e-01 
4.625720e-01 5.000000e-01 
4.670700e-01 5.000000e-01 
4.715680e-01 5.000000e-01 
4.760660e-01 5.000000e-01 
4.805640e-01 5.000000e-01 
4.850620e-01 5.000000e-01 
4.895600e-01 5.000000e-01 
4.940580e-01 5.000000e-01 
4.985560e-01 5.000000e-01 
5.030540e-01 5.000000e-01 
5.075520e-01 5.000000e-01 
5.120500e-01 5.000000e-01 
5.165480e-01 5.000000e-01 
5.210460e-01 5.000000e-01 
5.255440e-01 5.000000e-01 
BC
-1
-1
-1
-1
-1
-1
-1
-1
-1
-1
-1
-1
-1
-1
-1
-1
-1
-1
-1
-1
-1
-1
-1
-1
-1
-1
-1
-1
-1
-1
-1
-1
-1
-1
-1
-1
-1
-1
-1
-1
-1
-1
-1
-1
-1
-1
-1
-1
-1
-1
-1
-1
-1
-1
-1
-1
-1
-1
-1
-1
-1
-1
-1
-1
-1
-1
-1
-1
-1
-1
-1
-1
-1
-1
-1
-1
-1
-1
-1
-1
-1
-1
-1
-1
-1
-1
-1
-1
-1
-1
-1
-1
-1
-1
-1
-1
1
1
1
1
1
1
1
1
1
1
1
1
1
1
1
1
1
1
1
1
1
1
1
1
1
1
1
1
1
1
1
1
1
1
1
1
1
1
1
1
1
1
1
1
1
1
1
1
1
1
1
1
1
1
1
1
1
1
1
1
1
1
1
1
1
1
1
1
1
1
1
1
1
1
1
1
-1
-1
-1
-1
-1
-1
-1
-1
-1
-1
-1
-1
-1
-1
-1
-1
-1
-1
-1
-1
