npart: 8 3 
ipart: 6 0 
ngrid: 51 48 
2.275947e+00 2.000000e-01 
2.283412e+00 2.000000e-01 
2.290876e+00 2.000000e-01 
2.298341e+00 2.000000e-01 
2.305805e+00 2.000000e-01 
2.313270e+00 2.000000e-01 
2.320734e+00 2.000000e-01 
2.328198e+00 2.000000e-01 
2.335663e+00 2.000000e-01 
2.343127e+00 2.000000e-01 
2.350592e+00 2.000000e-01 
2.358056e+00 2.000000e-01 
2.365521e+00 2.000000e-01 
2.372985e+00 2.000000e-01 
2.380450e+00 2.000000e-01 
2.387914e+00 2.000000e-01 
2.395379e+00 2.000000e-01 
2.402843e+00 2.000000e-01 
2.410308e+00 2.000000e-01 
2.417772e+00 2.000000e-01 
2.425236e+00 2.000000e-01 
2.432701e+00 2.000000e-01 
2.440165e+00 2.000000e-01 
2.447630e+00 2.000000e-01 
2.455094e+00 2.000000e-01 
2.462559e+00 2.000000e-01 
2.470023e+00 2.000000e-01 
2.477488e+00 2.000000e-01 
2.484952e+00 2.000000e-01 
2.492417e+00 2.000000e-01 
2.499881e+00 2.000000e-01 
2.507346e+00 2.000000e-01 
2.514810e+00 2.000000e-01 
2.522274e+00 2.000000e-01 
2.529739e+00 2.000000e-01 
2.537203e+00 2.000000e-01 
2.544668e+00 2.000000e-01 
2.552132e+00 2.000000e-01 
2.559597e+00 2.000000e-01 
2.567061e+00 2.000000e-01 
2.574526e+00 2.000000e-01 
2.581990e+00 2.000000e-01 
2.589455e+00 2.000000e-01 
2.596919e+00 2.000000e-01 
2.604384e+00 2.000000e-01 
2.611848e+00 2.000000e-01 
2.619312e+00 2.000000e-01 
2.626777e+00 2.000000e-01 
2.634241e+00 2.000000e-01 
2.641706e+00 2.000000e-01 
2.649170e+00 2.000000e-01 
2.275947e+00 2.059971e-01 
2.283412e+00 2.059936e-01 
2.290876e+00 2.059900e-01 
2.298341e+00 2.059864e-01 
2.305805e+00 2.059828e-01 
2.313270e+00 2.059792e-01 
2.320734e+00 2.059757e-01 
2.328199e+00 2.059721e-01 
2.335663e+00 2.059685e-01 
2.343127e+00 2.059649e-01 
2.350592e+00 2.059613e-01 
2.358056e+00 2.059577e-01 
2.365521e+00 2.059541e-01 
2.372985e+00 2.059504e-01 
2.380450e+00 2.059468e-01 
2.387914e+00 2.059432e-01 
2.395379e+00 2.059395e-01 
2.402843e+00 2.059359e-01 
2.410308e+00 2.059322e-01 
2.417772e+00 2.059286e-01 
2.425237e+00 2.059249e-01 
2.432701e+00 2.059212e-01 
2.440165e+00 2.059175e-01 
2.447630e+00 2.059138e-01 
2.455094e+00 2.059101e-01 
2.462559e+00 2.059064e-01 
2.470023e+00 2.059026e-01 
2.477488e+00 2.058988e-01 
2.484952e+00 2.058949e-01 
2.492417e+00 2.058911e-01 
2.499881e+00 2.058873e-01 
2.507346e+00 2.058835e-01 
2.514810e+00 2.058798e-01 
2.522275e+00 2.058760e-01 
2.529739e+00 2.058723e-01 
2.537203e+00 2.058685e-01 
2.544668e+00 2.058648e-01 
2.552132e+00 2.058611e-01 
2.559597e+00 2.058573e-01 
2.567061e+00 2.058536e-01 
2.574526e+00 2.058499e-01 
2.581990e+00 2.058462e-01 
2.589455e+00 2.058425e-01 
2.596919e+00 2.058388e-01 
2.604384e+00 2.058351e-01 
2.611848e+00 2.058313e-01 
2.619312e+00 2.058276e-01 
2.626777e+00 2.058239e-01 
2.634241e+00 2.058202e-01 
2.641706e+00 2.058165e-01 
2.649170e+00 2.058128e-01 
2.275945e+00 2.118705e-01 
2.283409e+00 2.118646e-01 
2.290874e+00 2.118587e-01 
2.298338e+00 2.118528e-01 
2.305803e+00 2.118469e-01 
2.313267e+00 2.118409e-01 
2.320732e+00 2.118350e-01 
2.328196e+00 2.118291e-01 
2.335661e+00 2.118231e-01 
2.343125e+00 2.118172e-01 
2.350590e+00 2.118112e-01 
2.358054e+00 2.118053e-01 
2.365519e+00 2.117993e-01 
2.372983e+00 2.117933e-01 
2.380448e+00 2.117874e-01 
2.387912e+00 2.117814e-01 
2.395377e+00 2.117754e-01 
2.402841e+00 2.117694e-01 
2.410306e+00 2.117633e-01 
2.417770e+00 2.117573e-01 
2.425235e+00 2.117512e-01 
2.432699e+00 2.117452e-01 
2.440164e+00 2.117391e-01 
2.447628e+00 2.117330e-01 
2.455092e+00 2.117269e-01 
2.462557e+00 2.117207e-01 
2.470021e+00 2.117146e-01 
2.477486e+00 2.117083e-01 
2.484950e+00 2.117020e-01 
2.492415e+00 2.116958e-01 
2.499879e+00 2.116895e-01 
2.507344e+00 2.116833e-01 
2.514808e+00 2.116772e-01 
2.522273e+00 2.116710e-01 
2.529737e+00 2.116649e-01 
2.537202e+00 2.116587e-01 
2.544666e+00 2.116526e-01 
2.552131e+00 2.116464e-01 
2.559595e+00 2.116403e-01 
2.567060e+00 2.116342e-01 
2.574524e+00 2.116281e-01 
2.581989e+00 2.116220e-01 
2.589453e+00 2.116158e-01 
2.596918e+00 2.116097e-01 
2.604382e+00 2.116036e-01 
2.611847e+00 2.115974e-01 
2.619311e+00 2.115913e-01 
2.626776e+00 2.115852e-01 
2.634240e+00 2.115790e-01 
2.641705e+00 2.115729e-01 
2.649169e+00 2.115667e-01 
2.275941e+00 2.176623e-01 
2.283405e+00 2.176549e-01 
2.290870e+00 2.176475e-01 
2.298334e+00 2.176400e-01 
2.305799e+00 2.176326e-01 
2.313263e+00 2.176251e-01 
2.320728e+00 2.176177e-01 
2.328192e+00 2.176102e-01 
2.335657e+00 2.176027e-01 
2.343121e+00 2.175952e-01 
2.350586e+00 2.175878e-01 
2.358050e+00 2.175803e-01 
2.365515e+00 2.175728e-01 
2.372979e+00 2.175652e-01 
2.380444e+00 2.175577e-01 
2.387909e+00 2.175502e-01 
2.395373e+00 2.175426e-01 
2.402838e+00 2.175351e-01 
2.410302e+00 2.175275e-01 
2.417767e+00 2.175199e-01 
2.425231e+00 2.175123e-01 
2.432696e+00 2.175047e-01 
2.440160e+00 2.174971e-01 
2.447625e+00 2.174894e-01 
2.455089e+00 2.174818e-01 
2.462554e+00 2.174741e-01 
2.470018e+00 2.174663e-01 
2.477483e+00 2.174585e-01 
2.484947e+00 2.174507e-01 
2.492412e+00 2.174429e-01 
2.499876e+00 2.174351e-01 
2.507341e+00 2.174274e-01 
2.514806e+00 2.174197e-01 
2.522270e+00 2.174120e-01 
2.529735e+00 2.174043e-01 
2.537199e+00 2.173966e-01 
2.544664e+00 2.173888e-01 
2.552128e+00 2.173811e-01 
2.559593e+00 2.173735e-01 
2.567057e+00 2.173658e-01 
2.574522e+00 2.173581e-01 
2.581986e+00 2.173504e-01 
2.589451e+00 2.173427e-01 
2.596915e+00 2.173350e-01 
2.604380e+00 2.173273e-01 
2.611844e+00 2.173196e-01 
2.619309e+00 2.173119e-01 
2.626774e+00 2.173041e-01 
2.634238e+00 2.172964e-01 
2.641703e+00 2.172887e-01 
2.649167e+00 2.172810e-01 
2.275935e+00 2.233997e-01 
2.283400e+00 2.233913e-01 
2.290864e+00 2.233828e-01 
2.298329e+00 2.233744e-01 
2.305794e+00 2.233660e-01 
2.313258e+00 2.233575e-01 
2.320723e+00 2.233491e-01 
2.328187e+00 2.233406e-01 
2.335652e+00 2.233321e-01 
2.343116e+00 2.233236e-01 
2.350581e+00 2.233152e-01 
2.358046e+00 2.233067e-01 
2.365510e+00 2.232982e-01 
2.372975e+00 2.232896e-01 
2.380439e+00 2.232811e-01 
2.387904e+00 2.232726e-01 
2.395369e+00 2.232641e-01 
2.402833e+00 2.232555e-01 
2.410298e+00 2.232469e-01 
2.417762e+00 2.232384e-01 
2.425227e+00 2.232298e-01 
2.432692e+00 2.232212e-01 
2.440156e+00 2.232125e-01 
2.447621e+00 2.232039e-01 
2.455085e+00 2.231952e-01 
2.462550e+00 2.231865e-01 
2.470014e+00 2.231778e-01 
2.477479e+00 2.231690e-01 
2.484944e+00 2.231602e-01 
2.492408e+00 2.231515e-01 
2.499873e+00 2.231427e-01 
2.507337e+00 2.231340e-01 
2.514802e+00 2.231253e-01 
2.522267e+00 2.231166e-01 
2.529731e+00 2.231079e-01 
2.537196e+00 2.230992e-01 
2.544660e+00 2.230905e-01 
2.552125e+00 2.230818e-01 
2.559590e+00 2.230731e-01 
2.567054e+00 2.230644e-01 
2.574519e+00 2.230557e-01 
2.581983e+00 2.230470e-01 
2.589448e+00 2.230383e-01 
2.596912e+00 2.230296e-01 
2.604377e+00 2.230209e-01 
2.611842e+00 2.230122e-01 
2.619306e+00 2.230034e-01 
2.626771e+00 2.229947e-01 
2.634235e+00 2.229859e-01 
2.641700e+00 2.229772e-01 
2.649165e+00 2.229684e-01 
2.275929e+00 2.291009e-01 
2.283394e+00 2.290918e-01 
2.290858e+00 2.290827e-01 
2.298323e+00 2.290737e-01 
2.305788e+00 2.290646e-01 
2.313252e+00 2.290555e-01 
2.320717e+00 2.290464e-01 
2.328182e+00 2.290373e-01 
2.335646e+00 2.290282e-01 
2.343111e+00 2.290191e-01 
2.350576e+00 2.290099e-01 
2.358040e+00 2.290008e-01 
2.365505e+00 2.289917e-01 
2.372970e+00 2.289825e-01 
2.380434e+00 2.289734e-01 
2.387899e+00 2.289642e-01 
2.395363e+00 2.289550e-01 
2.402828e+00 2.289458e-01 
2.410293e+00 2.289366e-01 
2.417757e+00 2.289274e-01 
2.425222e+00 2.289182e-01 
2.432687e+00 2.289089e-01 
2.440151e+00 2.288997e-01 
2.447616e+00 2.288904e-01 
2.455081e+00 2.288811e-01 
2.462545e+00 2.288718e-01 
2.470010e+00 2.288624e-01 
2.477475e+00 2.288530e-01 
2.484939e+00 2.288436e-01 
2.492404e+00 2.288342e-01 
2.499869e+00 2.288249e-01 
2.507333e+00 2.288155e-01 
2.514798e+00 2.288062e-01 
2.522263e+00 2.287969e-01 
2.529727e+00 2.287875e-01 
2.537192e+00 2.287782e-01 
2.544657e+00 2.287689e-01 
2.552121e+00 2.287596e-01 
2.559586e+00 2.287502e-01 
2.567050e+00 2.287409e-01 
2.574515e+00 2.287315e-01 
2.581980e+00 2.287222e-01 
2.589444e+00 2.287129e-01 
2.596909e+00 2.287035e-01 
2.604374e+00 2.286941e-01 
2.611838e+00 2.286848e-01 
2.619303e+00 2.286754e-01 
2.626768e+00 2.286660e-01 
2.634232e+00 2.286566e-01 
2.641697e+00 2.286472e-01 
2.649162e+00 2.286378e-01 
2.275922e+00 2.347774e-01 
2.283387e+00 2.347680e-01 
2.290852e+00 2.347585e-01 
2.298317e+00 2.347490e-01 
2.305781e+00 2.347395e-01 
2.313246e+00 2.347301e-01 
2.320711e+00 2.347206e-01 
2.328175e+00 2.347111e-01 
2.335640e+00 2.347016e-01 
2.343105e+00 2.346921e-01 
2.350570e+00 2.346825e-01 
2.358034e+00 2.346730e-01 
2.365499e+00 2.346635e-01 
2.372964e+00 2.346539e-01 
2.380429e+00 2.346444e-01 
2.387893e+00 2.346348e-01 
2.395358e+00 2.346253e-01 
2.402823e+00 2.346157e-01 
2.410287e+00 2.346061e-01 
2.417752e+00 2.345965e-01 
2.425217e+00 2.345869e-01 
2.432682e+00 2.345772e-01 
2.440146e+00 2.345676e-01 
2.447611e+00 2.345579e-01 
2.455076e+00 2.345483e-01 
2.462540e+00 2.345386e-01 
2.470005e+00 2.345288e-01 
2.477470e+00 2.345191e-01 
2.484935e+00 2.345093e-01 
2.492399e+00 2.344996e-01 
2.499864e+00 2.344898e-01 
2.507329e+00 2.344801e-01 
2.514794e+00 2.344704e-01 
2.522258e+00 2.344607e-01 
2.529723e+00 2.344510e-01 
2.537188e+00 2.344413e-01 
2.544652e+00 2.344316e-01 
2.552117e+00 2.344218e-01 
2.559582e+00 2.344121e-01 
2.567047e+00 2.344024e-01 
2.574511e+00 2.343927e-01 
2.581976e+00 2.343829e-01 
2.589441e+00 2.343732e-01 
2.596905e+00 2.343634e-01 
2.604370e+00 2.343537e-01 
2.611835e+00 2.343439e-01 
2.619300e+00 2.343342e-01 
2.626764e+00 2.343244e-01 
2.634229e+00 2.343146e-01 
2.641694e+00 2.343048e-01 
2.649158e+00 2.342950e-01 
2.275915e+00 2.404375e-01 
2.283380e+00 2.404278e-01 
2.290845e+00 2.404181e-01 
2.298310e+00 2.404084e-01 
2.305775e+00 2.403987e-01 
2.313239e+00 2.403890e-01 
2.320704e+00 2.403792e-01 
2.328169e+00 2.403695e-01 
2.335634e+00 2.403598e-01 
2.343099e+00 2.403501e-01 
2.350563e+00 2.403403e-01 
2.358028e+00 2.403306e-01 
2.365493e+00 2.403208e-01 
2.372958e+00 2.403110e-01 
2.380423e+00 2.403013e-01 
2.387887e+00 2.402915e-01 
2.395352e+00 2.402817e-01 
2.402817e+00 2.402719e-01 
2.410282e+00 2.402621e-01 
2.417747e+00 2.402522e-01 
2.425211e+00 2.402424e-01 
2.432676e+00 2.402325e-01 
2.440141e+00 2.402227e-01 
2.447606e+00 2.402128e-01 
2.455070e+00 2.402029e-01 
2.462535e+00 2.401930e-01 
2.470000e+00 2.401831e-01 
2.477465e+00 2.401731e-01 
2.484930e+00 2.401631e-01 
2.492394e+00 2.401532e-01 
2.499859e+00 2.401432e-01 
2.507324e+00 2.401333e-01 
2.514789e+00 2.401234e-01 
2.522254e+00 2.401135e-01 
2.529718e+00 2.401036e-01 
2.537183e+00 2.400936e-01 
2.544648e+00 2.400837e-01 
2.552113e+00 2.400738e-01 
2.559578e+00 2.400638e-01 
2.567042e+00 2.400539e-01 
2.574507e+00 2.400439e-01 
2.581972e+00 2.400340e-01 
2.589437e+00 2.400240e-01 
2.596902e+00 2.400140e-01 
2.604366e+00 2.400041e-01 
2.611831e+00 2.399941e-01 
2.619296e+00 2.399841e-01 
2.626761e+00 2.399741e-01 
2.634226e+00 2.399641e-01 
2.641690e+00 2.399541e-01 
2.649155e+00 2.399441e-01 
2.275908e+00 2.460865e-01 
2.283373e+00 2.460767e-01 
2.290838e+00 2.460669e-01 
2.298303e+00 2.460570e-01 
2.305768e+00 2.460472e-01 
2.313232e+00 2.460374e-01 
2.320697e+00 2.460275e-01 
2.328162e+00 2.460177e-01 
2.335627e+00 2.460079e-01 
2.343092e+00 2.459980e-01 
2.350557e+00 2.459881e-01 
2.358022e+00 2.459783e-01 
2.365487e+00 2.459684e-01 
2.372951e+00 2.459585e-01 
2.380416e+00 2.459486e-01 
2.387881e+00 2.459387e-01 
2.395346e+00 2.459288e-01 
2.402811e+00 2.459189e-01 
2.410276e+00 2.459090e-01 
2.417741e+00 2.458991e-01 
2.425206e+00 2.458891e-01 
2.432670e+00 2.458791e-01 
2.440135e+00 2.458692e-01 
2.447600e+00 2.458592e-01 
2.455065e+00 2.458492e-01 
2.462530e+00 2.458392e-01 
2.469995e+00 2.458292e-01 
2.477460e+00 2.458191e-01 
2.484925e+00 2.458091e-01 
2.492389e+00 2.457990e-01 
2.499854e+00 2.457890e-01 
2.507319e+00 2.457789e-01 
2.514784e+00 2.457689e-01 
2.522249e+00 2.457589e-01 
2.529714e+00 2.457489e-01 
2.537179e+00 2.457388e-01 
2.544643e+00 2.457288e-01 
2.552108e+00 2.457188e-01 
2.559573e+00 2.457087e-01 
2.567038e+00 2.456987e-01 
2.574503e+00 2.456886e-01 
2.581968e+00 2.456785e-01 
2.589433e+00 2.456685e-01 
2.596898e+00 2.456584e-01 
2.604362e+00 2.456483e-01 
2.611827e+00 2.456382e-01 
2.619292e+00 2.456281e-01 
2.626757e+00 2.456180e-01 
2.634222e+00 2.456079e-01 
2.641687e+00 2.455978e-01 
2.649152e+00 2.455877e-01 
2.275901e+00 2.517283e-01 
2.283366e+00 2.517185e-01 
2.290831e+00 2.517086e-01 
2.298295e+00 2.516987e-01 
2.305760e+00 2.516889e-01 
2.313225e+00 2.516790e-01 
2.320690e+00 2.516691e-01 
2.328155e+00 2.516592e-01 
2.335620e+00 2.516493e-01 
2.343085e+00 2.516394e-01 
2.350550e+00 2.516295e-01 
2.358015e+00 2.516196e-01 
2.365480e+00 2.516097e-01 
2.372945e+00 2.515998e-01 
2.380410e+00 2.515899e-01 
2.387875e+00 2.515799e-01 
2.395340e+00 2.515700e-01 
2.402805e+00 2.515600e-01 
2.410270e+00 2.515501e-01 
2.417735e+00 2.515401e-01 
2.425200e+00 2.515301e-01 
2.432665e+00 2.515201e-01 
2.440130e+00 2.515101e-01 
2.447594e+00 2.515001e-01 
2.455059e+00 2.514901e-01 
2.462524e+00 2.514800e-01 
2.469989e+00 2.514700e-01 
2.477454e+00 2.514599e-01 
2.484919e+00 2.514498e-01 
2.492384e+00 2.514398e-01 
2.499849e+00 2.514297e-01 
2.507314e+00 2.514196e-01 
2.514779e+00 2.514096e-01 
2.522244e+00 2.513995e-01 
2.529709e+00 2.513895e-01 
2.537174e+00 2.513794e-01 
2.544639e+00 2.513693e-01 
2.552104e+00 2.513593e-01 
2.559569e+00 2.513492e-01 
2.567034e+00 2.513391e-01 
2.574499e+00 2.513290e-01 
2.581964e+00 2.513189e-01 
2.589428e+00 2.513088e-01 
2.596893e+00 2.512987e-01 
2.604358e+00 2.512885e-01 
2.611823e+00 2.512784e-01 
2.619288e+00 2.512683e-01 
2.626753e+00 2.512581e-01 
2.634218e+00 2.512480e-01 
2.641683e+00 2.512378e-01 
2.649148e+00 2.512277e-01 
2.275893e+00 2.573655e-01 
2.283358e+00 2.573557e-01 
2.290823e+00 2.573458e-01 
2.298288e+00 2.573360e-01 
2.305753e+00 2.573261e-01 
2.313218e+00 2.573162e-01 
2.320683e+00 2.573063e-01 
2.328148e+00 2.572965e-01 
2.335613e+00 2.572866e-01 
2.343078e+00 2.572767e-01 
2.350543e+00 2.572668e-01 
2.358008e+00 2.572569e-01 
2.365473e+00 2.572470e-01 
2.372938e+00 2.572371e-01 
2.380403e+00 2.572272e-01 
2.387868e+00 2.572172e-01 
2.395333e+00 2.572073e-01 
2.402798e+00 2.571973e-01 
2.410263e+00 2.571874e-01 
2.417729e+00 2.571774e-01 
2.425194e+00 2.571674e-01 
2.432659e+00 2.571575e-01 
2.440124e+00 2.571475e-01 
2.447589e+00 2.571375e-01 
2.455054e+00 2.571275e-01 
2.462519e+00 2.571174e-01 
2.469984e+00 2.571074e-01 
2.477449e+00 2.570973e-01 
2.484914e+00 2.570873e-01 
2.492379e+00 2.570772e-01 
2.499844e+00 2.570672e-01 
2.507309e+00 2.570571e-01 
2.514774e+00 2.570471e-01 
2.522239e+00 2.570370e-01 
2.529704e+00 2.570270e-01 
2.537169e+00 2.570169e-01 
2.544634e+00 2.570069e-01 
2.552099e+00 2.569968e-01 
2.559564e+00 2.569868e-01 
2.567029e+00 2.569767e-01 
2.574494e+00 2.569666e-01 
2.581959e+00 2.569565e-01 
2.589424e+00 2.569464e-01 
2.596889e+00 2.569363e-01 
2.604354e+00 2.569262e-01 
2.611819e+00 2.569161e-01 
2.619284e+00 2.569059e-01 
2.626749e+00 2.568958e-01 
2.634214e+00 2.568857e-01 
2.641679e+00 2.568755e-01 
2.649144e+00 2.568654e-01 
2.275885e+00 2.629998e-01 
2.283350e+00 2.629900e-01 
2.290815e+00 2.629802e-01 
2.298280e+00 2.629704e-01 
2.305746e+00 2.629605e-01 
2.313211e+00 2.629507e-01 
2.320676e+00 2.629409e-01 
2.328141e+00 2.629310e-01 
2.335606e+00 2.629212e-01 
2.343071e+00 2.629113e-01 
2.350536e+00 2.629015e-01 
2.358001e+00 2.628916e-01 
2.365466e+00 2.628817e-01 
2.372932e+00 2.628718e-01 
2.380397e+00 2.628620e-01 
2.387862e+00 2.628521e-01 
2.395327e+00 2.628422e-01 
2.402792e+00 2.628323e-01 
2.410257e+00 2.628223e-01 
2.417722e+00 2.628124e-01 
2.425187e+00 2.628025e-01 
2.432652e+00 2.627925e-01 
2.440118e+00 2.627826e-01 
2.447583e+00 2.627726e-01 
2.455048e+00 2.627627e-01 
2.462513e+00 2.627527e-01 
2.469978e+00 2.627427e-01 
2.477443e+00 2.627327e-01 
2.484908e+00 2.627227e-01 
2.492373e+00 2.627127e-01 
2.499838e+00 2.627027e-01 
2.507304e+00 2.626927e-01 
2.514769e+00 2.626827e-01 
2.522234e+00 2.626727e-01 
2.529699e+00 2.626627e-01 
2.537164e+00 2.626526e-01 
2.544629e+00 2.626426e-01 
2.552094e+00 2.626326e-01 
2.559559e+00 2.626226e-01 
2.567024e+00 2.626125e-01 
2.574490e+00 2.626025e-01 
2.581955e+00 2.625924e-01 
2.589420e+00 2.625824e-01 
2.596885e+00 2.625723e-01 
2.604350e+00 2.625622e-01 
2.611815e+00 2.625522e-01 
2.619280e+00 2.625421e-01 
2.626745e+00 2.625320e-01 
2.634210e+00 2.625219e-01 
2.641675e+00 2.625118e-01 
2.649141e+00 2.625017e-01 
2.275877e+00 2.686325e-01 
2.283342e+00 2.686227e-01 
2.290808e+00 2.686129e-01 
2.298273e+00 2.686032e-01 
2.305738e+00 2.685934e-01 
2.313203e+00 2.685836e-01 
2.320668e+00 2.685738e-01 
2.328134e+00 2.685640e-01 
2.335599e+00 2.685543e-01 
2.343064e+00 2.685445e-01 
2.350529e+00 2.685346e-01 
2.357994e+00 2.685248e-01 
2.365459e+00 2.685150e-01 
2.372925e+00 2.685052e-01 
2.380390e+00 2.684954e-01 
2.387855e+00 2.684855e-01 
2.395320e+00 2.684757e-01 
2.402785e+00 2.684658e-01 
2.410251e+00 2.684560e-01 
2.417716e+00 2.684461e-01 
2.425181e+00 2.684362e-01 
2.432646e+00 2.684263e-01 
2.440111e+00 2.684164e-01 
2.447577e+00 2.684065e-01 
2.455042e+00 2.683966e-01 
2.462507e+00 2.683867e-01 
2.469972e+00 2.683768e-01 
2.477437e+00 2.683668e-01 
2.484903e+00 2.683569e-01 
2.492368e+00 2.683469e-01 
2.499833e+00 2.683370e-01 
2.507298e+00 2.683271e-01 
2.514763e+00 2.683171e-01 
2.522229e+00 2.683072e-01 
2.529694e+00 2.682972e-01 
2.537159e+00 2.682873e-01 
2.544624e+00 2.682773e-01 
2.552089e+00 2.682673e-01 
2.559554e+00 2.682574e-01 
2.567020e+00 2.682474e-01 
2.574485e+00 2.682374e-01 
2.581950e+00 2.682274e-01 
2.589415e+00 2.682174e-01 
2.596880e+00 2.682074e-01 
2.604346e+00 2.681974e-01 
2.611811e+00 2.681874e-01 
2.619276e+00 2.681774e-01 
2.626741e+00 2.681673e-01 
2.634206e+00 2.681573e-01 
2.641672e+00 2.681472e-01 
2.649137e+00 2.681372e-01 
2.275869e+00 2.742644e-01 
2.283334e+00 2.742547e-01 
2.290800e+00 2.742450e-01 
2.298265e+00 2.742352e-01 
2.305730e+00 2.742255e-01 
2.313195e+00 2.742158e-01 
2.320661e+00 2.742061e-01 
2.328126e+00 2.741964e-01 
2.335591e+00 2.741866e-01 
2.343057e+00 2.741769e-01 
2.350522e+00 2.741671e-01 
2.357987e+00 2.741574e-01 
2.365452e+00 2.741476e-01 
2.372918e+00 2.741379e-01 
2.380383e+00 2.741281e-01 
2.387848e+00 2.741183e-01 
2.395314e+00 2.741086e-01 
2.402779e+00 2.740988e-01 
2.410244e+00 2.740890e-01 
2.417709e+00 2.740792e-01 
2.425175e+00 2.740693e-01 
2.432640e+00 2.740595e-01 
2.440105e+00 2.740497e-01 
2.447570e+00 2.740399e-01 
2.455036e+00 2.740300e-01 
2.462501e+00 2.740202e-01 
2.469966e+00 2.740103e-01 
2.477432e+00 2.740004e-01 
2.484897e+00 2.739906e-01 
2.492362e+00 2.739807e-01 
2.499827e+00 2.739708e-01 
2.507293e+00 2.739609e-01 
2.514758e+00 2.739511e-01 
2.522223e+00 2.739412e-01 
2.529688e+00 2.739313e-01 
2.537154e+00 2.739214e-01 
2.544619e+00 2.739115e-01 
2.552084e+00 2.739016e-01 
2.559550e+00 2.738917e-01 
2.567015e+00 2.738818e-01 
2.574480e+00 2.738719e-01 
2.581945e+00 2.738620e-01 
2.589411e+00 2.738520e-01 
2.596876e+00 2.738421e-01 
2.604341e+00 2.738321e-01 
2.611806e+00 2.738222e-01 
2.619272e+00 2.738122e-01 
2.626737e+00 2.738023e-01 
2.634202e+00 2.737923e-01 
2.641668e+00 2.737823e-01 
2.649133e+00 2.737723e-01 
2.275861e+00 2.798960e-01 
2.283326e+00 2.798864e-01 
2.290792e+00 2.798768e-01 
2.298257e+00 2.798671e-01 
2.305722e+00 2.798575e-01 
2.313188e+00 2.798478e-01 
2.320653e+00 2.798381e-01 
2.328118e+00 2.798285e-01 
2.335584e+00 2.798188e-01 
2.343049e+00 2.798091e-01 
2.350514e+00 2.797995e-01 
2.357980e+00 2.797898e-01 
2.365445e+00 2.797801e-01 
2.372911e+00 2.797704e-01 
2.380376e+00 2.797607e-01 
2.387841e+00 2.797510e-01 
2.395307e+00 2.797413e-01 
2.402772e+00 2.797315e-01 
2.410237e+00 2.797218e-01 
2.417703e+00 2.797121e-01 
2.425168e+00 2.797023e-01 
2.432633e+00 2.796926e-01 
2.440099e+00 2.796828e-01 
2.447564e+00 2.796730e-01 
2.455030e+00 2.796633e-01 
2.462495e+00 2.796535e-01 
2.469960e+00 2.796437e-01 
2.477426e+00 2.796339e-01 
2.484891e+00 2.796241e-01 
2.492356e+00 2.796143e-01 
2.499822e+00 2.796045e-01 
2.507287e+00 2.795947e-01 
2.514752e+00 2.795849e-01 
2.522218e+00 2.795751e-01 
2.529683e+00 2.795653e-01 
2.537148e+00 2.795554e-01 
2.544614e+00 2.795456e-01 
2.552079e+00 2.795358e-01 
2.559545e+00 2.795259e-01 
2.567010e+00 2.795161e-01 
2.574475e+00 2.795062e-01 
2.581941e+00 2.794964e-01 
2.589406e+00 2.794865e-01 
2.596871e+00 2.794767e-01 
2.604337e+00 2.794668e-01 
2.611802e+00 2.794569e-01 
2.619267e+00 2.794470e-01 
2.626733e+00 2.794371e-01 
2.634198e+00 2.794272e-01 
2.641664e+00 2.794173e-01 
2.649129e+00 2.794074e-01 
2.275853e+00 2.855280e-01 
2.283318e+00 2.855184e-01 
2.290783e+00 2.855088e-01 
2.298249e+00 2.854992e-01 
2.305714e+00 2.854897e-01 
2.313180e+00 2.854801e-01 
2.320645e+00 2.854705e-01 
2.328111e+00 2.854609e-01 
2.335576e+00 2.854513e-01 
2.343042e+00 2.854416e-01 
2.350507e+00 2.854320e-01 
2.357972e+00 2.854224e-01 
2.365438e+00 2.854128e-01 
2.372903e+00 2.854031e-01 
2.380369e+00 2.853935e-01 
2.387834e+00 2.853839e-01 
2.395300e+00 2.853742e-01 
2.402765e+00 2.853645e-01 
2.410231e+00 2.853549e-01 
2.417696e+00 2.853452e-01 
2.425161e+00 2.853355e-01 
2.432627e+00 2.853258e-01 
2.440092e+00 2.853161e-01 
2.447558e+00 2.853064e-01 
2.455023e+00 2.852967e-01 
2.462489e+00 2.852870e-01 
2.469954e+00 2.852773e-01 
2.477420e+00 2.852676e-01 
2.484885e+00 2.852578e-01 
2.492350e+00 2.852481e-01 
2.499816e+00 2.852384e-01 
2.507281e+00 2.852286e-01 
2.514747e+00 2.852189e-01 
2.522212e+00 2.852091e-01 
2.529678e+00 2.851994e-01 
2.537143e+00 2.851896e-01 
2.544609e+00 2.851799e-01 
2.552074e+00 2.851701e-01 
2.559540e+00 2.851603e-01 
2.567005e+00 2.851506e-01 
2.574470e+00 2.851408e-01 
2.581936e+00 2.851310e-01 
2.589401e+00 2.851212e-01 
2.596867e+00 2.851114e-01 
2.604332e+00 2.851016e-01 
2.611798e+00 2.850918e-01 
2.619263e+00 2.850820e-01 
2.626729e+00 2.850721e-01 
2.634194e+00 2.850623e-01 
2.641659e+00 2.850525e-01 
2.649125e+00 2.850426e-01 
2.275844e+00 2.911605e-01 
2.283310e+00 2.911510e-01 
2.290775e+00 2.911414e-01 
2.298241e+00 2.911319e-01 
2.305706e+00 2.911224e-01 
2.313172e+00 2.911128e-01 
2.320637e+00 2.911033e-01 
2.328103e+00 2.910937e-01 
2.335568e+00 2.910842e-01 
2.343034e+00 2.910746e-01 
2.350499e+00 2.910651e-01 
2.357965e+00 2.910555e-01 
2.365430e+00 2.910459e-01 
2.372896e+00 2.910364e-01 
2.380362e+00 2.910268e-01 
2.387827e+00 2.910172e-01 
2.395293e+00 2.910076e-01 
2.402758e+00 2.909980e-01 
2.410224e+00 2.909884e-01 
2.417689e+00 2.909788e-01 
2.425155e+00 2.909691e-01 
2.432620e+00 2.909595e-01 
2.440086e+00 2.909499e-01 
2.447551e+00 2.909403e-01 
2.455017e+00 2.909306e-01 
2.462482e+00 2.909210e-01 
2.469948e+00 2.909113e-01 
2.477414e+00 2.909016e-01 
2.484879e+00 2.908920e-01 
2.492345e+00 2.908823e-01 
2.499810e+00 2.908726e-01 
2.507276e+00 2.908629e-01 
2.514741e+00 2.908532e-01 
2.522207e+00 2.908436e-01 
2.529672e+00 2.908339e-01 
2.537138e+00 2.908242e-01 
2.544603e+00 2.908145e-01 
2.552069e+00 2.908048e-01 
2.559534e+00 2.907951e-01 
2.567000e+00 2.907854e-01 
2.574465e+00 2.907756e-01 
2.581931e+00 2.907659e-01 
2.589397e+00 2.907562e-01 
2.596862e+00 2.907464e-01 
2.604328e+00 2.907367e-01 
2.611793e+00 2.907269e-01 
2.619259e+00 2.907172e-01 
2.626724e+00 2.907074e-01 
2.634190e+00 2.906976e-01 
2.641655e+00 2.906879e-01 
2.649121e+00 2.906781e-01 
2.275835e+00 2.967938e-01 
2.283301e+00 2.967843e-01 
2.290767e+00 2.967748e-01 
2.298232e+00 2.967653e-01 
2.305698e+00 2.967558e-01 
2.313164e+00 2.967464e-01 
2.320629e+00 2.967369e-01 
2.328095e+00 2.967274e-01 
2.335560e+00 2.967179e-01 
2.343026e+00 2.967084e-01 
2.350492e+00 2.966988e-01 
2.357957e+00 2.966893e-01 
2.365423e+00 2.966798e-01 
2.372889e+00 2.966703e-01 
2.380354e+00 2.966607e-01 
2.387820e+00 2.966512e-01 
2.395285e+00 2.966417e-01 
2.402751e+00 2.966321e-01 
2.410217e+00 2.966226e-01 
2.417682e+00 2.966130e-01 
2.425148e+00 2.966034e-01 
2.432614e+00 2.965938e-01 
2.440079e+00 2.965843e-01 
2.447545e+00 2.965747e-01 
2.455010e+00 2.965651e-01 
2.462476e+00 2.965555e-01 
2.469942e+00 2.965459e-01 
2.477407e+00 2.965363e-01 
2.484873e+00 2.965266e-01 
2.492339e+00 2.965170e-01 
2.499804e+00 2.965074e-01 
2.507270e+00 2.964978e-01 
2.514735e+00 2.964882e-01 
2.522201e+00 2.964785e-01 
2.529667e+00 2.964689e-01 
2.537132e+00 2.964592e-01 
2.544598e+00 2.964496e-01 
2.552064e+00 2.964400e-01 
2.559529e+00 2.964303e-01 
2.566995e+00 2.964206e-01 
2.574460e+00 2.964110e-01 
2.581926e+00 2.964013e-01 
2.589392e+00 2.963916e-01 
2.596857e+00 2.963819e-01 
2.604323e+00 2.963722e-01 
2.611789e+00 2.963625e-01 
2.619254e+00 2.963528e-01 
2.626720e+00 2.963431e-01 
2.634185e+00 2.963334e-01 
2.641651e+00 2.963237e-01 
2.649117e+00 2.963139e-01 
2.275827e+00 3.024279e-01 
2.283292e+00 3.024185e-01 
2.290758e+00 3.024090e-01 
2.298224e+00 3.023996e-01 
2.305690e+00 3.023901e-01 
2.313155e+00 3.023807e-01 
2.320621e+00 3.023712e-01 
2.328087e+00 3.023618e-01 
2.335552e+00 3.023523e-01 
2.343018e+00 3.023429e-01 
2.350484e+00 3.023334e-01 
2.357950e+00 3.023239e-01 
2.365415e+00 3.023144e-01 
2.372881e+00 3.023049e-01 
2.380347e+00 3.022955e-01 
2.387812e+00 3.022860e-01 
2.395278e+00 3.022765e-01 
2.402744e+00 3.022669e-01 
2.410210e+00 3.022574e-01 
2.417675e+00 3.022479e-01 
2.425141e+00 3.022384e-01 
2.432607e+00 3.022288e-01 
2.440072e+00 3.022193e-01 
2.447538e+00 3.022098e-01 
2.455004e+00 3.022002e-01 
2.462470e+00 3.021907e-01 
2.469935e+00 3.021811e-01 
2.477401e+00 3.021715e-01 
2.484867e+00 3.021620e-01 
2.492332e+00 3.021524e-01 
2.499798e+00 3.021428e-01 
2.507264e+00 3.021332e-01 
2.514730e+00 3.021236e-01 
2.522195e+00 3.021141e-01 
2.529661e+00 3.021045e-01 
2.537127e+00 3.020949e-01 
2.544592e+00 3.020853e-01 
2.552058e+00 3.020757e-01 
2.559524e+00 3.020660e-01 
2.566990e+00 3.020564e-01 
2.574455e+00 3.020468e-01 
2.581921e+00 3.020372e-01 
2.589387e+00 3.020275e-01 
2.596852e+00 3.020179e-01 
2.604318e+00 3.020082e-01 
2.611784e+00 3.019986e-01 
2.619250e+00 3.019889e-01 
2.626715e+00 3.019793e-01 
2.634181e+00 3.019696e-01 
2.641647e+00 3.019599e-01 
2.649112e+00 3.019502e-01 
2.275818e+00 3.080630e-01 
2.283284e+00 3.080536e-01 
2.290749e+00 3.080442e-01 
2.298215e+00 3.080348e-01 
2.305681e+00 3.080254e-01 
2.313147e+00 3.080160e-01 
2.320613e+00 3.080065e-01 
2.328079e+00 3.079971e-01 
2.335544e+00 3.079877e-01 
2.343010e+00 3.079782e-01 
2.350476e+00 3.079688e-01 
2.357942e+00 3.079593e-01 
2.365408e+00 3.079499e-01 
2.372873e+00 3.079404e-01 
2.380339e+00 3.079310e-01 
2.387805e+00 3.079215e-01 
2.395271e+00 3.079121e-01 
2.402737e+00 3.079026e-01 
2.410202e+00 3.078931e-01 
2.417668e+00 3.078836e-01 
2.425134e+00 3.078741e-01 
2.432600e+00 3.078646e-01 
2.440066e+00 3.078551e-01 
2.447531e+00 3.078456e-01 
2.454997e+00 3.078361e-01 
2.462463e+00 3.078266e-01 
2.469929e+00 3.078170e-01 
2.477395e+00 3.078075e-01 
2.484860e+00 3.077980e-01 
2.492326e+00 3.077884e-01 
2.499792e+00 3.077789e-01 
2.507258e+00 3.077693e-01 
2.514724e+00 3.077598e-01 
2.522189e+00 3.077502e-01 
2.529655e+00 3.077407e-01 
2.537121e+00 3.077311e-01 
2.544587e+00 3.077215e-01 
2.552053e+00 3.077120e-01 
2.559518e+00 3.077024e-01 
2.566984e+00 3.076928e-01 
2.574450e+00 3.076832e-01 
2.581916e+00 3.076736e-01 
2.589382e+00 3.076640e-01 
2.596848e+00 3.076544e-01 
2.604313e+00 3.076448e-01 
2.611779e+00 3.076352e-01 
2.619245e+00 3.076256e-01 
2.626711e+00 3.076159e-01 
2.634177e+00 3.076063e-01 
2.641642e+00 3.075966e-01 
2.649108e+00 3.075870e-01 
2.275809e+00 3.138032e-01 
2.283275e+00 3.137941e-01 
2.290741e+00 3.137851e-01 
2.298206e+00 3.137760e-01 
2.305672e+00 3.137669e-01 
2.313138e+00 3.137578e-01 
2.320604e+00 3.137488e-01 
2.328070e+00 3.137397e-01 
2.335536e+00 3.137306e-01 
2.343002e+00 3.137215e-01 
2.350468e+00 3.137124e-01 
2.357934e+00 3.137033e-01 
2.365400e+00 3.136942e-01 
2.372865e+00 3.136851e-01 
2.380331e+00 3.136760e-01 
2.387797e+00 3.136668e-01 
2.395263e+00 3.136577e-01 
2.402729e+00 3.136486e-01 
2.410195e+00 3.136394e-01 
2.417661e+00 3.136303e-01 
2.425127e+00 3.136211e-01 
2.432593e+00 3.136120e-01 
2.440059e+00 3.136028e-01 
2.447524e+00 3.135937e-01 
2.454990e+00 3.135845e-01 
2.462456e+00 3.135753e-01 
2.469922e+00 3.135661e-01 
2.477388e+00 3.135569e-01 
2.484854e+00 3.135478e-01 
2.492320e+00 3.135386e-01 
2.499786e+00 3.135294e-01 
2.507252e+00 3.135202e-01 
2.514718e+00 3.135110e-01 
2.522183e+00 3.135018e-01 
2.529649e+00 3.134925e-01 
2.537115e+00 3.134833e-01 
2.544581e+00 3.134741e-01 
2.552047e+00 3.134649e-01 
2.559513e+00 3.134556e-01 
2.566979e+00 3.134464e-01 
2.574445e+00 3.134372e-01 
2.581911e+00 3.134279e-01 
2.589377e+00 3.134187e-01 
2.596842e+00 3.134094e-01 
2.604308e+00 3.134001e-01 
2.611774e+00 3.133909e-01 
2.619240e+00 3.133816e-01 
2.626706e+00 3.133723e-01 
2.634172e+00 3.133630e-01 
2.641638e+00 3.133537e-01 
2.649104e+00 3.133444e-01 
2.275800e+00 3.195444e-01 
2.283266e+00 3.195357e-01 
2.290732e+00 3.195270e-01 
2.298198e+00 3.195182e-01 
2.305664e+00 3.195095e-01 
2.313130e+00 3.195007e-01 
2.320596e+00 3.194920e-01 
2.328062e+00 3.194832e-01 
2.335528e+00 3.194745e-01 
2.342994e+00 3.194657e-01 
2.350460e+00 3.194570e-01 
2.357926e+00 3.194482e-01 
2.365392e+00 3.194394e-01 
2.372858e+00 3.194306e-01 
2.380324e+00 3.194219e-01 
2.387790e+00 3.194131e-01 
2.395256e+00 3.194043e-01 
2.402721e+00 3.193955e-01 
2.410187e+00 3.193867e-01 
2.417653e+00 3.193778e-01 
2.425119e+00 3.193690e-01 
2.432585e+00 3.193602e-01 
2.440051e+00 3.193514e-01 
2.447517e+00 3.193425e-01 
2.454983e+00 3.193337e-01 
2.462449e+00 3.193249e-01 
2.469915e+00 3.193160e-01 
2.477381e+00 3.193072e-01 
2.484847e+00 3.192983e-01 
2.492313e+00 3.192895e-01 
2.499779e+00 3.192806e-01 
2.507245e+00 3.192717e-01 
2.514711e+00 3.192629e-01 
2.522177e+00 3.192540e-01 
2.529643e+00 3.192451e-01 
2.537109e+00 3.192362e-01 
2.544575e+00 3.192273e-01 
2.552041e+00 3.192184e-01 
2.559507e+00 3.192095e-01 
2.566973e+00 3.192006e-01 
2.574439e+00 3.191917e-01 
2.581905e+00 3.191828e-01 
2.589371e+00 3.191739e-01 
2.596837e+00 3.191650e-01 
2.604303e+00 3.191561e-01 
2.611769e+00 3.191471e-01 
2.619235e+00 3.191382e-01 
2.626701e+00 3.191292e-01 
2.634167e+00 3.191203e-01 
2.641633e+00 3.191113e-01 
2.649099e+00 3.191023e-01 
2.275790e+00 3.252867e-01 
2.283256e+00 3.252783e-01 
2.290723e+00 3.252699e-01 
2.298189e+00 3.252615e-01 
2.305655e+00 3.252530e-01 
2.313121e+00 3.252446e-01 
2.320587e+00 3.252362e-01 
2.328053e+00 3.252278e-01 
2.335519e+00 3.252193e-01 
2.342985e+00 3.252109e-01 
2.350451e+00 3.252024e-01 
2.357917e+00 3.251940e-01 
2.365383e+00 3.251855e-01 
2.372850e+00 3.251771e-01 
2.380316e+00 3.251686e-01 
2.387782e+00 3.251601e-01 
2.395248e+00 3.251517e-01 
2.402714e+00 3.251432e-01 
2.410180e+00 3.251347e-01 
2.417646e+00 3.251262e-01 
2.425112e+00 3.251177e-01 
2.432578e+00 3.251092e-01 
2.440044e+00 3.251007e-01 
2.447510e+00 3.250922e-01 
2.454976e+00 3.250837e-01 
2.462443e+00 3.250752e-01 
2.469909e+00 3.250667e-01 
2.477375e+00 3.250581e-01 
2.484841e+00 3.250496e-01 
2.492307e+00 3.250411e-01 
2.499773e+00 3.250325e-01 
2.507239e+00 3.250240e-01 
2.514705e+00 3.250154e-01 
2.522171e+00 3.250069e-01 
2.529637e+00 3.249983e-01 
2.537103e+00 3.249898e-01 
2.544570e+00 3.249812e-01 
2.552036e+00 3.249727e-01 
2.559502e+00 3.249641e-01 
2.566968e+00 3.249555e-01 
2.574434e+00 3.249469e-01 
2.581900e+00 3.249383e-01 
2.589366e+00 3.249297e-01 
2.596832e+00 3.249211e-01 
2.604298e+00 3.249125e-01 
2.611764e+00 3.249039e-01 
2.619230e+00 3.248953e-01 
2.626697e+00 3.248867e-01 
2.634163e+00 3.248781e-01 
2.641629e+00 3.248694e-01 
2.649095e+00 3.248608e-01 
2.275781e+00 3.310300e-01 
2.283247e+00 3.310219e-01 
2.290713e+00 3.310138e-01 
2.298180e+00 3.310057e-01 
2.305646e+00 3.309976e-01 
2.313112e+00 3.309895e-01 
2.320578e+00 3.309814e-01 
2.328044e+00 3.309732e-01 
2.335511e+00 3.309651e-01 
2.342977e+00 3.309570e-01 
2.350443e+00 3.309488e-01 
2.357909e+00 3.309407e-01 
2.365375e+00 3.309326e-01 
2.372842e+00 3.309244e-01 
2.380308e+00 3.309163e-01 
2.387774e+00 3.309081e-01 
2.395240e+00 3.309000e-01 
2.402706e+00 3.308918e-01 
2.410172e+00 3.308836e-01 
2.417639e+00 3.308754e-01 
2.425105e+00 3.308673e-01 
2.432571e+00 3.308591e-01 
2.440037e+00 3.308509e-01 
2.447503e+00 3.308427e-01 
2.454970e+00 3.308345e-01 
2.462436e+00 3.308263e-01 
2.469902e+00 3.308181e-01 
2.477368e+00 3.308099e-01 
2.484834e+00 3.308016e-01 
2.492300e+00 3.307934e-01 
2.499767e+00 3.307852e-01 
2.507233e+00 3.307770e-01 
2.514699e+00 3.307687e-01 
2.522165e+00 3.307605e-01 
2.529631e+00 3.307523e-01 
2.537098e+00 3.307440e-01 
2.544564e+00 3.307358e-01 
2.552030e+00 3.307275e-01 
2.559496e+00 3.307192e-01 
2.566962e+00 3.307110e-01 
2.574428e+00 3.307027e-01 
2.581895e+00 3.306944e-01 
2.589361e+00 3.306862e-01 
2.596827e+00 3.306779e-01 
2.604293e+00 3.306696e-01 
2.611759e+00 3.306613e-01 
2.619226e+00 3.306530e-01 
2.626692e+00 3.306447e-01 
2.634158e+00 3.306364e-01 
2.641624e+00 3.306280e-01 
2.649090e+00 3.306197e-01 
2.275772e+00 3.367744e-01 
2.283238e+00 3.367666e-01 
2.290704e+00 3.367587e-01 
2.298171e+00 3.367509e-01 
2.305637e+00 3.367431e-01 
2.313103e+00 3.367353e-01 
2.320570e+00 3.367275e-01 
2.328036e+00 3.367197e-01 
2.335502e+00 3.367118e-01 
2.342968e+00 3.367040e-01 
2.350435e+00 3.366962e-01 
2.357901e+00 3.366883e-01 
2.365367e+00 3.366805e-01 
2.372834e+00 3.366727e-01 
2.380300e+00 3.366648e-01 
2.387766e+00 3.366570e-01 
2.395232e+00 3.366491e-01 
2.402699e+00 3.366412e-01 
2.410165e+00 3.366334e-01 
2.417631e+00 3.366255e-01 
2.425097e+00 3.366176e-01 
2.432564e+00 3.366097e-01 
2.440030e+00 3.366018e-01 
2.447496e+00 3.365939e-01 
2.454963e+00 3.365860e-01 
2.462429e+00 3.365781e-01 
2.469895e+00 3.365702e-01 
2.477361e+00 3.365623e-01 
2.484828e+00 3.365544e-01 
2.492294e+00 3.365465e-01 
2.499760e+00 3.365386e-01 
2.507227e+00 3.365306e-01 
2.514693e+00 3.365227e-01 
2.522159e+00 3.365148e-01 
2.529625e+00 3.365068e-01 
2.537092e+00 3.364989e-01 
2.544558e+00 3.364909e-01 
2.552024e+00 3.364830e-01 
2.559491e+00 3.364750e-01 
2.566957e+00 3.364671e-01 
2.574423e+00 3.364591e-01 
2.581889e+00 3.364511e-01 
2.589356e+00 3.364432e-01 
2.596822e+00 3.364352e-01 
2.604288e+00 3.364272e-01 
2.611754e+00 3.364192e-01 
2.619221e+00 3.364112e-01 
2.626687e+00 3.364032e-01 
2.634153e+00 3.363952e-01 
2.641620e+00 3.363872e-01 
2.649086e+00 3.363792e-01 
2.275763e+00 3.425197e-01 
2.283229e+00 3.425122e-01 
2.290696e+00 3.425047e-01 
2.298162e+00 3.424972e-01 
2.305628e+00 3.424896e-01 
2.313095e+00 3.424821e-01 
2.320561e+00 3.424746e-01 
2.328027e+00 3.424671e-01 
2.335494e+00 3.424595e-01 
2.342960e+00 3.424520e-01 
2.350427e+00 3.424444e-01 
2.357893e+00 3.424369e-01 
2.365359e+00 3.424293e-01 
2.372826e+00 3.424218e-01 
2.380292e+00 3.424142e-01 
2.387758e+00 3.424067e-01 
2.395225e+00 3.423991e-01 
2.402691e+00 3.423915e-01 
2.410158e+00 3.423839e-01 
2.417624e+00 3.423763e-01 
2.425090e+00 3.423688e-01 
2.432557e+00 3.423612e-01 
2.440023e+00 3.423536e-01 
2.447489e+00 3.423460e-01 
2.454956e+00 3.423384e-01 
2.462422e+00 3.423307e-01 
2.469888e+00 3.423231e-01 
2.477355e+00 3.423155e-01 
2.484821e+00 3.423079e-01 
2.492288e+00 3.423003e-01 
2.499754e+00 3.422926e-01 
2.507220e+00 3.422850e-01 
2.514687e+00 3.422774e-01 
2.522153e+00 3.422697e-01 
2.529619e+00 3.422621e-01 
2.537086e+00 3.422544e-01 
2.544552e+00 3.422468e-01 
2.552019e+00 3.422391e-01 
2.559485e+00 3.422315e-01 
2.566951e+00 3.422238e-01 
2.574418e+00 3.422161e-01 
2.581884e+00 3.422084e-01 
2.589350e+00 3.422008e-01 
2.596817e+00 3.421931e-01 
2.604283e+00 3.421854e-01 
2.611750e+00 3.421777e-01 
2.619216e+00 3.421700e-01 
2.626682e+00 3.421623e-01 
2.634149e+00 3.421546e-01 
2.641615e+00 3.421468e-01 
2.649081e+00 3.421391e-01 
2.275754e+00 3.482661e-01 
2.283220e+00 3.482588e-01 
2.290687e+00 3.482516e-01 
2.298153e+00 3.482443e-01 
2.305620e+00 3.482371e-01 
2.313086e+00 3.482298e-01 
2.320553e+00 3.482226e-01 
2.328019e+00 3.482153e-01 
2.335485e+00 3.482081e-01 
2.342952e+00 3.482008e-01 
2.350418e+00 3.481936e-01 
2.357885e+00 3.481863e-01 
2.365351e+00 3.481790e-01 
2.372818e+00 3.481717e-01 
2.380284e+00 3.481645e-01 
2.387751e+00 3.481572e-01 
2.395217e+00 3.481499e-01 
2.402684e+00 3.481426e-01 
2.410150e+00 3.481353e-01 
2.417617e+00 3.481280e-01 
2.425083e+00 3.481207e-01 
2.432550e+00 3.481134e-01 
2.440016e+00 3.481061e-01 
2.447482e+00 3.480987e-01 
2.454949e+00 3.480914e-01 
2.462415e+00 3.480841e-01 
2.469882e+00 3.480768e-01 
2.477348e+00 3.480694e-01 
2.484815e+00 3.480621e-01 
2.492281e+00 3.480547e-01 
2.499748e+00 3.480474e-01 
2.507214e+00 3.480400e-01 
2.514681e+00 3.480327e-01 
2.522147e+00 3.480253e-01 
2.529614e+00 3.480180e-01 
2.537080e+00 3.480106e-01 
2.544547e+00 3.480032e-01 
2.552013e+00 3.479959e-01 
2.559479e+00 3.479885e-01 
2.566946e+00 3.479811e-01 
2.574412e+00 3.479737e-01 
2.581879e+00 3.479663e-01 
2.589345e+00 3.479589e-01 
2.596812e+00 3.479515e-01 
2.604278e+00 3.479441e-01 
2.611745e+00 3.479367e-01 
2.619211e+00 3.479293e-01 
2.626678e+00 3.479218e-01 
2.634144e+00 3.479144e-01 
2.641611e+00 3.479070e-01 
2.649077e+00 3.478995e-01 
2.275745e+00 3.540133e-01 
2.283211e+00 3.540064e-01 
2.290678e+00 3.539994e-01 
2.298145e+00 3.539924e-01 
2.305611e+00 3.539855e-01 
2.313078e+00 3.539785e-01 
2.320544e+00 3.539715e-01 
2.328011e+00 3.539645e-01 
2.335477e+00 3.539575e-01 
2.342944e+00 3.539505e-01 
2.350410e+00 3.539435e-01 
2.357877e+00 3.539365e-01 
2.365344e+00 3.539295e-01 
2.372810e+00 3.539225e-01 
2.380277e+00 3.539155e-01 
2.387743e+00 3.539085e-01 
2.395210e+00 3.539015e-01 
2.402676e+00 3.538945e-01 
2.410143e+00 3.538875e-01 
2.417609e+00 3.538804e-01 
2.425076e+00 3.538734e-01 
2.432543e+00 3.538663e-01 
2.440009e+00 3.538593e-01 
2.447476e+00 3.538522e-01 
2.454942e+00 3.538452e-01 
2.462409e+00 3.538381e-01 
2.469875e+00 3.538311e-01 
2.477342e+00 3.538240e-01 
2.484809e+00 3.538169e-01 
2.492275e+00 3.538099e-01 
2.499742e+00 3.538028e-01 
2.507208e+00 3.537957e-01 
2.514675e+00 3.537886e-01 
2.522141e+00 3.537816e-01 
2.529608e+00 3.537745e-01 
2.537074e+00 3.537674e-01 
2.544541e+00 3.537603e-01 
2.552008e+00 3.537532e-01 
2.559474e+00 3.537461e-01 
2.566941e+00 3.537390e-01 
2.574407e+00 3.537318e-01 
2.581874e+00 3.537247e-01 
2.589340e+00 3.537176e-01 
2.596807e+00 3.537105e-01 
2.604273e+00 3.537033e-01 
2.611740e+00 3.536962e-01 
2.619207e+00 3.536891e-01 
2.626673e+00 3.536819e-01 
2.634140e+00 3.536748e-01 
2.641606e+00 3.536676e-01 
2.649073e+00 3.536604e-01 
2.275736e+00 3.597615e-01 
2.283203e+00 3.597548e-01 
2.290670e+00 3.597481e-01 
2.298136e+00 3.597414e-01 
2.305603e+00 3.597347e-01 
2.313069e+00 3.597280e-01 
2.320536e+00 3.597212e-01 
2.328003e+00 3.597145e-01 
2.335469e+00 3.597078e-01 
2.342936e+00 3.597011e-01 
2.350403e+00 3.596943e-01 
2.357869e+00 3.596876e-01 
2.365336e+00 3.596809e-01 
2.372803e+00 3.596741e-01 
2.380269e+00 3.596674e-01 
2.387736e+00 3.596606e-01 
2.395203e+00 3.596539e-01 
2.402669e+00 3.596471e-01 
2.410136e+00 3.596403e-01 
2.417603e+00 3.596336e-01 
2.425069e+00 3.596268e-01 
2.432536e+00 3.596200e-01 
2.440002e+00 3.596132e-01 
2.447469e+00 3.596064e-01 
2.454936e+00 3.595996e-01 
2.462402e+00 3.595929e-01 
2.469869e+00 3.595861e-01 
2.477336e+00 3.595793e-01 
2.484802e+00 3.595725e-01 
2.492269e+00 3.595656e-01 
2.499736e+00 3.595588e-01 
2.507202e+00 3.595520e-01 
2.514669e+00 3.595452e-01 
2.522136e+00 3.595384e-01 
2.529602e+00 3.595316e-01 
2.537069e+00 3.595247e-01 
2.544536e+00 3.595179e-01 
2.552002e+00 3.595111e-01 
2.559469e+00 3.595042e-01 
2.566935e+00 3.594974e-01 
2.574402e+00 3.594905e-01 
2.581869e+00 3.594837e-01 
2.589335e+00 3.594768e-01 
2.596802e+00 3.594699e-01 
2.604269e+00 3.594631e-01 
2.611735e+00 3.594562e-01 
2.619202e+00 3.594493e-01 
2.626669e+00 3.594424e-01 
2.634135e+00 3.594355e-01 
2.641602e+00 3.594287e-01 
2.649069e+00 3.594217e-01 
2.275728e+00 3.655106e-01 
2.283195e+00 3.655041e-01 
2.290661e+00 3.654977e-01 
2.298128e+00 3.654912e-01 
2.305595e+00 3.654848e-01 
2.313061e+00 3.654783e-01 
2.320528e+00 3.654718e-01 
2.327995e+00 3.654654e-01 
2.335462e+00 3.654589e-01 
2.342928e+00 3.654524e-01 
2.350395e+00 3.654459e-01 
2.357862e+00 3.654394e-01 
2.365329e+00 3.654329e-01 
2.372795e+00 3.654265e-01 
2.380262e+00 3.654200e-01 
2.387729e+00 3.654135e-01 
2.395196e+00 3.654070e-01 
2.402662e+00 3.654005e-01 
2.410129e+00 3.653939e-01 
2.417596e+00 3.653874e-01 
2.425062e+00 3.653809e-01 
2.432529e+00 3.653744e-01 
2.439996e+00 3.653678e-01 
2.447463e+00 3.653613e-01 
2.454929e+00 3.653548e-01 
2.462396e+00 3.653482e-01 
2.469863e+00 3.653417e-01 
2.477330e+00 3.653351e-01 
2.484796e+00 3.653286e-01 
2.492263e+00 3.653220e-01 
2.499730e+00 3.653155e-01 
2.507197e+00 3.653089e-01 
2.514663e+00 3.653024e-01 
2.522130e+00 3.652958e-01 
2.529597e+00 3.652892e-01 
2.537063e+00 3.652827e-01 
2.544530e+00 3.652761e-01 
2.551997e+00 3.652695e-01 
2.559464e+00 3.652629e-01 
2.566930e+00 3.652563e-01 
2.574397e+00 3.652497e-01 
2.581864e+00 3.652431e-01 
2.589331e+00 3.652365e-01 
2.596797e+00 3.652299e-01 
2.604264e+00 3.652233e-01 
2.611731e+00 3.652167e-01 
2.619198e+00 3.652101e-01 
2.626664e+00 3.652034e-01 
2.634131e+00 3.651968e-01 
2.641598e+00 3.651902e-01 
2.649065e+00 3.651835e-01 
2.275720e+00 3.712605e-01 
2.283186e+00 3.712543e-01 
2.290653e+00 3.712481e-01 
2.298120e+00 3.712419e-01 
2.305587e+00 3.712356e-01 
2.313054e+00 3.712294e-01 
2.320520e+00 3.712232e-01 
2.327987e+00 3.712170e-01 
2.335454e+00 3.712107e-01 
2.342921e+00 3.712045e-01 
2.350388e+00 3.711983e-01 
2.357855e+00 3.711920e-01 
2.365321e+00 3.711858e-01 
2.372788e+00 3.711795e-01 
2.380255e+00 3.711733e-01 
2.387722e+00 3.711670e-01 
2.395189e+00 3.711608e-01 
2.402655e+00 3.711545e-01 
2.410122e+00 3.711482e-01 
2.417589e+00 3.711420e-01 
2.425056e+00 3.711357e-01 
2.432523e+00 3.711294e-01 
2.439990e+00 3.711231e-01 
2.447456e+00 3.711168e-01 
2.454923e+00 3.711105e-01 
2.462390e+00 3.711042e-01 
2.469857e+00 3.710979e-01 
2.477324e+00 3.710916e-01 
2.484790e+00 3.710853e-01 
2.492257e+00 3.710790e-01 
2.499724e+00 3.710727e-01 
2.507191e+00 3.710664e-01 
2.514658e+00 3.710601e-01 
2.522125e+00 3.710538e-01 
2.529591e+00 3.710474e-01 
2.537058e+00 3.710411e-01 
2.544525e+00 3.710348e-01 
2.551992e+00 3.710285e-01 
2.559459e+00 3.710221e-01 
2.566925e+00 3.710158e-01 
2.574392e+00 3.710094e-01 
2.581859e+00 3.710031e-01 
2.589326e+00 3.709967e-01 
2.596793e+00 3.709904e-01 
2.604260e+00 3.709840e-01 
2.611726e+00 3.709776e-01 
2.619193e+00 3.709712e-01 
2.626660e+00 3.709649e-01 
2.634127e+00 3.709585e-01 
2.641594e+00 3.709521e-01 
2.649061e+00 3.709457e-01 
2.275712e+00 3.770113e-01 
2.283179e+00 3.770053e-01 
2.290645e+00 3.769993e-01 
2.298112e+00 3.769933e-01 
2.305579e+00 3.769873e-01 
2.313046e+00 3.769813e-01 
2.320513e+00 3.769753e-01 
2.327980e+00 3.769693e-01 
2.335447e+00 3.769633e-01 
2.342914e+00 3.769573e-01 
2.350381e+00 3.769513e-01 
2.357848e+00 3.769453e-01 
2.365314e+00 3.769393e-01 
2.372781e+00 3.769333e-01 
2.380248e+00 3.769273e-01 
2.387715e+00 3.769213e-01 
2.395182e+00 3.769153e-01 
2.402649e+00 3.769092e-01 
2.410116e+00 3.769032e-01 
2.417583e+00 3.768972e-01 
2.425050e+00 3.768911e-01 
2.432517e+00 3.768851e-01 
2.439983e+00 3.768790e-01 
2.447450e+00 3.768730e-01 
2.454917e+00 3.768669e-01 
2.462384e+00 3.768609e-01 
2.469851e+00 3.768548e-01 
2.477318e+00 3.768487e-01 
2.484785e+00 3.768427e-01 
2.492252e+00 3.768366e-01 
2.499719e+00 3.768305e-01 
2.507186e+00 3.768245e-01 
2.514652e+00 3.768184e-01 
2.522119e+00 3.768123e-01 
2.529586e+00 3.768062e-01 
2.537053e+00 3.768001e-01 
2.544520e+00 3.767940e-01 
2.551987e+00 3.767879e-01 
2.559454e+00 3.767818e-01 
2.566921e+00 3.767757e-01 
2.574388e+00 3.767696e-01 
2.581855e+00 3.767635e-01 
2.589321e+00 3.767574e-01 
2.596788e+00 3.767512e-01 
2.604255e+00 3.767451e-01 
2.611722e+00 3.767390e-01 
2.619189e+00 3.767329e-01 
2.626656e+00 3.767267e-01 
2.634123e+00 3.767206e-01 
2.641590e+00 3.767144e-01 
2.649057e+00 3.767083e-01 
2.275704e+00 3.827628e-01 
2.283171e+00 3.827570e-01 
2.290638e+00 3.827513e-01 
2.298105e+00 3.827455e-01 
2.305572e+00 3.827397e-01 
2.313039e+00 3.827340e-01 
2.320506e+00 3.827282e-01 
2.327973e+00 3.827225e-01 
2.335440e+00 3.827167e-01 
2.342907e+00 3.827109e-01 
2.350374e+00 3.827051e-01 
2.357841e+00 3.826994e-01 
2.365308e+00 3.826936e-01 
2.372775e+00 3.826878e-01 
2.380242e+00 3.826820e-01 
2.387709e+00 3.826762e-01 
2.395176e+00 3.826704e-01 
2.402643e+00 3.826646e-01 
2.410110e+00 3.826588e-01 
2.417577e+00 3.826530e-01 
2.425043e+00 3.826472e-01 
2.432510e+00 3.826414e-01 
2.439977e+00 3.826355e-01 
2.447444e+00 3.826297e-01 
2.454911e+00 3.826239e-01 
2.462378e+00 3.826181e-01 
2.469845e+00 3.826122e-01 
2.477312e+00 3.826064e-01 
2.484779e+00 3.826006e-01 
2.492246e+00 3.825947e-01 
2.499713e+00 3.825889e-01 
2.507180e+00 3.825830e-01 
2.514647e+00 3.825772e-01 
2.522114e+00 3.825713e-01 
2.529581e+00 3.825655e-01 
2.537048e+00 3.825596e-01 
2.544515e+00 3.825537e-01 
2.551982e+00 3.825479e-01 
2.559449e+00 3.825420e-01 
2.566916e+00 3.825361e-01 
2.574383e+00 3.825302e-01 
2.581850e+00 3.825244e-01 
2.589317e+00 3.825185e-01 
2.596784e+00 3.825126e-01 
2.604251e+00 3.825067e-01 
2.611718e+00 3.825008e-01 
2.619185e+00 3.824949e-01 
2.626652e+00 3.824890e-01 
2.634119e+00 3.824831e-01 
2.641586e+00 3.824771e-01 
2.649053e+00 3.824712e-01 
2.275696e+00 3.885151e-01 
2.283164e+00 3.885095e-01 
2.290631e+00 3.885040e-01 
2.298098e+00 3.884985e-01 
2.305565e+00 3.884929e-01 
2.313032e+00 3.884874e-01 
2.320499e+00 3.884818e-01 
2.327966e+00 3.884763e-01 
2.335433e+00 3.884707e-01 
2.342900e+00 3.884652e-01 
2.350367e+00 3.884596e-01 
2.357834e+00 3.884541e-01 
2.365301e+00 3.884485e-01 
2.372768e+00 3.884429e-01 
2.380235e+00 3.884374e-01 
2.387702e+00 3.884318e-01 
2.395169e+00 3.884262e-01 
2.402636e+00 3.884206e-01 
2.410103e+00 3.884150e-01 
2.417571e+00 3.884095e-01 
2.425038e+00 3.884039e-01 
2.432505e+00 3.883983e-01 
2.439972e+00 3.883927e-01 
2.447439e+00 3.883871e-01 
2.454906e+00 3.883815e-01 
2.462373e+00 3.883759e-01 
2.469840e+00 3.883702e-01 
2.477307e+00 3.883646e-01 
2.484774e+00 3.883590e-01 
2.492241e+00 3.883534e-01 
2.499708e+00 3.883478e-01 
2.507175e+00 3.883421e-01 
2.514642e+00 3.883365e-01 
2.522109e+00 3.883309e-01 
2.529576e+00 3.883252e-01 
2.537043e+00 3.883196e-01 
2.544511e+00 3.883140e-01 
2.551978e+00 3.883083e-01 
2.559445e+00 3.883027e-01 
2.566912e+00 3.882970e-01 
2.574379e+00 3.882914e-01 
2.581846e+00 3.882857e-01 
2.589313e+00 3.882800e-01 
2.596780e+00 3.882744e-01 
2.604247e+00 3.882687e-01 
2.611714e+00 3.882630e-01 
2.619181e+00 3.882573e-01 
2.626648e+00 3.882516e-01 
2.634115e+00 3.882459e-01 
2.641582e+00 3.882402e-01 
2.649049e+00 3.882345e-01 
2.275689e+00 3.942681e-01 
2.283156e+00 3.942628e-01 
2.290624e+00 3.942575e-01 
2.298091e+00 3.942521e-01 
2.305558e+00 3.942468e-01 
2.313025e+00 3.942415e-01 
2.320492e+00 3.942361e-01 
2.327959e+00 3.942308e-01 
2.335426e+00 3.942254e-01 
2.342893e+00 3.942201e-01 
2.350361e+00 3.942148e-01 
2.357828e+00 3.942094e-01 
2.365295e+00 3.942041e-01 
2.372762e+00 3.941987e-01 
2.380229e+00 3.941933e-01 
2.387696e+00 3.941880e-01 
2.395163e+00 3.941826e-01 
2.402631e+00 3.941773e-01 
2.410098e+00 3.941719e-01 
2.417565e+00 3.941665e-01 
2.425032e+00 3.941611e-01 
2.432499e+00 3.941557e-01 
2.439966e+00 3.941504e-01 
2.447433e+00 3.941450e-01 
2.454900e+00 3.941396e-01 
2.462368e+00 3.941342e-01 
2.469835e+00 3.941288e-01 
2.477302e+00 3.941234e-01 
2.484769e+00 3.941180e-01 
2.492236e+00 3.941126e-01 
2.499703e+00 3.941072e-01 
2.507170e+00 3.941018e-01 
2.514637e+00 3.940963e-01 
2.522105e+00 3.940909e-01 
2.529572e+00 3.940855e-01 
2.537039e+00 3.940801e-01 
2.544506e+00 3.940746e-01 
2.551973e+00 3.940692e-01 
2.559440e+00 3.940638e-01 
2.566907e+00 3.940583e-01 
2.574375e+00 3.940529e-01 
2.581842e+00 3.940474e-01 
2.589309e+00 3.940420e-01 
2.596776e+00 3.940365e-01 
2.604243e+00 3.940311e-01 
2.611710e+00 3.940256e-01 
2.619177e+00 3.940202e-01 
2.626645e+00 3.940147e-01 
2.634112e+00 3.940092e-01 
2.641579e+00 3.940037e-01 
2.649046e+00 3.939982e-01 
2.275682e+00 4.000218e-01 
2.283150e+00 4.000167e-01 
2.290617e+00 4.000116e-01 
2.298084e+00 4.000065e-01 
2.305551e+00 4.000013e-01 
2.313018e+00 3.999962e-01 
2.320486e+00 3.999911e-01 
2.327953e+00 3.999859e-01 
2.335420e+00 3.999808e-01 
2.342887e+00 3.999757e-01 
2.350354e+00 3.999705e-01 
2.357822e+00 3.999654e-01 
2.365289e+00 3.999602e-01 
2.372756e+00 3.999551e-01 
2.380223e+00 3.999499e-01 
2.387690e+00 3.999448e-01 
2.395158e+00 3.999396e-01 
2.402625e+00 3.999345e-01 
2.410092e+00 3.999293e-01 
2.417559e+00 3.999241e-01 
2.425026e+00 3.999189e-01 
2.432494e+00 3.999138e-01 
2.439961e+00 3.999086e-01 
2.447428e+00 3.999034e-01 
2.454895e+00 3.998982e-01 
2.462362e+00 3.998930e-01 
2.469830e+00 3.998878e-01 
2.477297e+00 3.998826e-01 
2.484764e+00 3.998774e-01 
2.492231e+00 3.998722e-01 
2.499698e+00 3.998670e-01 
2.507166e+00 3.998618e-01 
2.514633e+00 3.998566e-01 
2.522100e+00 3.998514e-01 
2.529567e+00 3.998462e-01 
2.537034e+00 3.998410e-01 
2.544502e+00 3.998358e-01 
2.551969e+00 3.998305e-01 
2.559436e+00 3.998253e-01 
2.566903e+00 3.998201e-01 
2.574370e+00 3.998148e-01 
2.581838e+00 3.998096e-01 
2.589305e+00 3.998044e-01 
2.596772e+00 3.997991e-01 
2.604239e+00 3.997939e-01 
2.611707e+00 3.997886e-01 
2.619174e+00 3.997834e-01 
2.626641e+00 3.997781e-01 
2.634108e+00 3.997728e-01 
2.641575e+00 3.997675e-01 
2.649043e+00 3.997623e-01 
2.275676e+00 4.057762e-01 
2.283143e+00 4.057713e-01 
2.290610e+00 4.057664e-01 
2.298078e+00 4.057614e-01 
2.305545e+00 4.057565e-01 
2.313012e+00 4.057516e-01 
2.320479e+00 4.057466e-01 
2.327947e+00 4.057417e-01 
2.335414e+00 4.057368e-01 
2.342881e+00 4.057318e-01 
2.350348e+00 4.057269e-01 
2.357816e+00 4.057219e-01 
2.365283e+00 4.057170e-01 
2.372750e+00 4.057120e-01 
2.380218e+00 4.057071e-01 
2.387685e+00 4.057021e-01 
2.395152e+00 4.056972e-01 
2.402619e+00 4.056922e-01 
2.410087e+00 4.056872e-01 
2.417554e+00 4.056823e-01 
2.425021e+00 4.056773e-01 
2.432488e+00 4.056723e-01 
2.439956e+00 4.056673e-01 
2.447423e+00 4.056623e-01 
2.454890e+00 4.056574e-01 
2.462357e+00 4.056524e-01 
2.469825e+00 4.056474e-01 
2.477292e+00 4.056424e-01 
2.484759e+00 4.056374e-01 
2.492227e+00 4.056324e-01 
2.499694e+00 4.056274e-01 
2.507161e+00 4.056224e-01 
2.514628e+00 4.056174e-01 
2.522096e+00 4.056124e-01 
2.529563e+00 4.056073e-01 
2.537030e+00 4.056023e-01 
2.544497e+00 4.055973e-01 
2.551965e+00 4.055923e-01 
2.559432e+00 4.055873e-01 
2.566899e+00 4.055822e-01 
2.574367e+00 4.055772e-01 
2.581834e+00 4.055721e-01 
2.589301e+00 4.055671e-01 
2.596768e+00 4.055621e-01 
2.604236e+00 4.055570e-01 
2.611703e+00 4.055520e-01 
2.619170e+00 4.055469e-01 
2.626638e+00 4.055418e-01 
2.634105e+00 4.055368e-01 
2.641572e+00 4.055317e-01 
2.649039e+00 4.055266e-01 
2.275669e+00 4.115312e-01 
2.283137e+00 4.115265e-01 
2.290604e+00 4.115218e-01 
2.298071e+00 4.115170e-01 
2.305539e+00 4.115123e-01 
2.313006e+00 4.115076e-01 
2.320473e+00 4.115028e-01 
2.327941e+00 4.114981e-01 
2.335408e+00 4.114933e-01 
2.342875e+00 4.114886e-01 
2.350343e+00 4.114838e-01 
2.357810e+00 4.114791e-01 
2.365277e+00 4.114743e-01 
2.372745e+00 4.114695e-01 
2.380212e+00 4.114648e-01 
2.387679e+00 4.114600e-01 
2.395147e+00 4.114552e-01 
2.402614e+00 4.114505e-01 
2.410081e+00 4.114457e-01 
2.417549e+00 4.114409e-01 
2.425016e+00 4.114361e-01 
2.432483e+00 4.114313e-01 
2.439951e+00 4.114266e-01 
2.447418e+00 4.114218e-01 
2.454885e+00 4.114170e-01 
2.462353e+00 4.114122e-01 
2.469820e+00 4.114074e-01 
2.477287e+00 4.114026e-01 
2.484755e+00 4.113978e-01 
2.492222e+00 4.113930e-01 
2.499689e+00 4.113882e-01 
2.507157e+00 4.113833e-01 
2.514624e+00 4.113785e-01 
2.522091e+00 4.113737e-01 
2.529559e+00 4.113689e-01 
2.537026e+00 4.113641e-01 
2.544493e+00 4.113592e-01 
2.551961e+00 4.113544e-01 
2.559428e+00 4.113496e-01 
2.566895e+00 4.113447e-01 
2.574363e+00 4.113399e-01 
2.581830e+00 4.113351e-01 
2.589298e+00 4.113302e-01 
2.596765e+00 4.113254e-01 
2.604232e+00 4.113205e-01 
2.611700e+00 4.113156e-01 
2.619167e+00 4.113108e-01 
2.626634e+00 4.113059e-01 
2.634102e+00 4.113010e-01 
2.641569e+00 4.112962e-01 
2.649036e+00 4.112913e-01 
2.275663e+00 4.172868e-01 
2.283131e+00 4.172823e-01 
2.290598e+00 4.172778e-01 
2.298065e+00 4.172732e-01 
2.305533e+00 4.172686e-01 
2.313000e+00 4.172641e-01 
2.320468e+00 4.172595e-01 
2.327935e+00 4.172550e-01 
2.335402e+00 4.172504e-01 
2.342870e+00 4.172458e-01 
2.350337e+00 4.172413e-01 
2.357805e+00 4.172367e-01 
2.365272e+00 4.172321e-01 
2.372739e+00 4.172276e-01 
2.380207e+00 4.172230e-01 
2.387674e+00 4.172184e-01 
2.395142e+00 4.172138e-01 
2.402609e+00 4.172092e-01 
2.410076e+00 4.172046e-01 
2.417544e+00 4.172000e-01 
2.425011e+00 4.171954e-01 
2.432479e+00 4.171908e-01 
2.439946e+00 4.171862e-01 
2.447413e+00 4.171816e-01 
2.454881e+00 4.171770e-01 
2.462348e+00 4.171724e-01 
2.469816e+00 4.171678e-01 
2.477283e+00 4.171632e-01 
2.484750e+00 4.171586e-01 
2.492218e+00 4.171540e-01 
2.499685e+00 4.171493e-01 
2.507153e+00 4.171447e-01 
2.514620e+00 4.171401e-01 
2.522087e+00 4.171355e-01 
2.529555e+00 4.171308e-01 
2.537022e+00 4.171262e-01 
2.544490e+00 4.171216e-01 
2.551957e+00 4.171169e-01 
2.559424e+00 4.171123e-01 
2.566892e+00 4.171076e-01 
2.574359e+00 4.171030e-01 
2.581827e+00 4.170983e-01 
2.589294e+00 4.170936e-01 
2.596761e+00 4.170890e-01 
2.604229e+00 4.170843e-01 
2.611696e+00 4.170796e-01 
2.619164e+00 4.170750e-01 
2.626631e+00 4.170703e-01 
2.634098e+00 4.170656e-01 
2.641566e+00 4.170609e-01 
2.649033e+00 4.170562e-01 
2.275657e+00 4.230430e-01 
2.283125e+00 4.230387e-01 
2.290592e+00 4.230343e-01 
2.298060e+00 4.230299e-01 
2.305527e+00 4.230255e-01 
2.312995e+00 4.230212e-01 
2.320462e+00 4.230168e-01 
2.327929e+00 4.230124e-01 
2.335397e+00 4.230080e-01 
2.342864e+00 4.230036e-01 
2.350332e+00 4.229992e-01 
2.357799e+00 4.229948e-01 
2.365267e+00 4.229905e-01 
2.372734e+00 4.229861e-01 
2.380202e+00 4.229817e-01 
2.387669e+00 4.229773e-01 
2.395137e+00 4.229729e-01 
2.402604e+00 4.229684e-01 
2.410072e+00 4.229640e-01 
2.417539e+00 4.229596e-01 
2.425006e+00 4.229552e-01 
2.432474e+00 4.229508e-01 
2.439941e+00 4.229464e-01 
2.447409e+00 4.229420e-01 
2.454876e+00 4.229375e-01 
2.462344e+00 4.229331e-01 
2.469811e+00 4.229287e-01 
2.477279e+00 4.229242e-01 
2.484746e+00 4.229198e-01 
2.492214e+00 4.229154e-01 
2.499681e+00 4.229109e-01 
2.507149e+00 4.229065e-01 
2.514616e+00 4.229020e-01 
2.522083e+00 4.228976e-01 
2.529551e+00 4.228931e-01 
2.537018e+00 4.228887e-01 
2.544486e+00 4.228842e-01 
2.551953e+00 4.228798e-01 
2.559421e+00 4.228753e-01 
2.566888e+00 4.228708e-01 
2.574356e+00 4.228664e-01 
2.581823e+00 4.228619e-01 
2.589291e+00 4.228574e-01 
2.596758e+00 4.228529e-01 
2.604226e+00 4.228484e-01 
2.611693e+00 4.228440e-01 
2.619161e+00 4.228395e-01 
2.626628e+00 4.228350e-01 
2.634095e+00 4.228305e-01 
2.641563e+00 4.228260e-01 
2.649030e+00 4.228215e-01 
2.275652e+00 4.287997e-01 
2.283119e+00 4.287955e-01 
2.290587e+00 4.287913e-01 
2.298054e+00 4.287871e-01 
2.305522e+00 4.287829e-01 
2.312989e+00 4.287787e-01 
2.320457e+00 4.287745e-01 
2.327924e+00 4.287703e-01 
2.335392e+00 4.287661e-01 
2.342859e+00 4.287619e-01 
2.350327e+00 4.287577e-01 
2.357794e+00 4.287535e-01 
2.365262e+00 4.287492e-01 
2.372729e+00 4.287450e-01 
2.380197e+00 4.287408e-01 
2.387664e+00 4.287366e-01 
2.395132e+00 4.287323e-01 
2.402599e+00 4.287281e-01 
2.410067e+00 4.287239e-01 
2.417534e+00 4.287196e-01 
2.425002e+00 4.287154e-01 
2.432469e+00 4.287112e-01 
2.439937e+00 4.287069e-01 
2.447404e+00 4.287027e-01 
2.454872e+00 4.286984e-01 
2.462340e+00 4.286942e-01 
2.469807e+00 4.286899e-01 
2.477275e+00 4.286857e-01 
2.484742e+00 4.286814e-01 
2.492210e+00 4.286771e-01 
2.499677e+00 4.286729e-01 
2.507145e+00 4.286686e-01 
2.514612e+00 4.286643e-01 
2.522080e+00 4.286601e-01 
2.529547e+00 4.286558e-01 
2.537015e+00 4.286515e-01 
2.544482e+00 4.286472e-01 
2.551950e+00 4.286429e-01 
2.559417e+00 4.286387e-01 
2.566885e+00 4.286344e-01 
2.574352e+00 4.286301e-01 
2.581820e+00 4.286258e-01 
2.589287e+00 4.286215e-01 
2.596755e+00 4.286172e-01 
2.604222e+00 4.286129e-01 
2.611690e+00 4.286086e-01 
2.619158e+00 4.286042e-01 
2.626625e+00 4.285999e-01 
2.634093e+00 4.285956e-01 
2.641560e+00 4.285913e-01 
2.649028e+00 4.285870e-01 
2.275646e+00 4.345570e-01 
2.283114e+00 4.345529e-01 
2.290581e+00 4.345489e-01 
2.298049e+00 4.345449e-01 
2.305516e+00 4.345408e-01 
2.312984e+00 4.345368e-01 
2.320452e+00 4.345328e-01 
2.327919e+00 4.345287e-01 
2.335387e+00 4.345247e-01 
2.342854e+00 4.345206e-01 
2.350322e+00 4.345166e-01 
2.357789e+00 4.345125e-01 
2.365257e+00 4.345085e-01 
2.372725e+00 4.345044e-01 
2.380192e+00 4.345004e-01 
2.387660e+00 4.344963e-01 
2.395127e+00 4.344923e-01 
2.402595e+00 4.344882e-01 
2.410062e+00 4.344841e-01 
2.417530e+00 4.344801e-01 
2.424998e+00 4.344760e-01 
2.432465e+00 4.344719e-01 
2.439933e+00 4.344679e-01 
2.447400e+00 4.344638e-01 
2.454868e+00 4.344597e-01 
2.462335e+00 4.344556e-01 
2.469803e+00 4.344515e-01 
2.477271e+00 4.344475e-01 
2.484738e+00 4.344434e-01 
2.492206e+00 4.344393e-01 
2.499673e+00 4.344352e-01 
2.507141e+00 4.344311e-01 
2.514609e+00 4.344270e-01 
2.522076e+00 4.344229e-01 
2.529544e+00 4.344188e-01 
2.537011e+00 4.344147e-01 
2.544479e+00 4.344106e-01 
2.551946e+00 4.344064e-01 
2.559414e+00 4.344023e-01 
2.566882e+00 4.343982e-01 
2.574349e+00 4.343941e-01 
2.581817e+00 4.343900e-01 
2.589284e+00 4.343858e-01 
2.596752e+00 4.343817e-01 
2.604219e+00 4.343776e-01 
2.611687e+00 4.343734e-01 
2.619155e+00 4.343693e-01 
2.626622e+00 4.343652e-01 
2.634090e+00 4.343610e-01 
2.641557e+00 4.343569e-01 
2.649025e+00 4.343527e-01 
2.275641e+00 4.403147e-01 
2.283109e+00 4.403108e-01 
2.290576e+00 4.403069e-01 
2.298044e+00 4.403031e-01 
2.305511e+00 4.402992e-01 
2.312979e+00 4.402953e-01 
2.320447e+00 4.402915e-01 
2.327914e+00 4.402876e-01 
2.335382e+00 4.402837e-01 
2.342850e+00 4.402798e-01 
2.350317e+00 4.402759e-01 
2.357785e+00 4.402721e-01 
2.365252e+00 4.402682e-01 
2.372720e+00 4.402643e-01 
2.380188e+00 4.402604e-01 
2.387655e+00 4.402565e-01 
2.395123e+00 4.402526e-01 
2.402591e+00 4.402487e-01 
2.410058e+00 4.402448e-01 
2.417526e+00 4.402409e-01 
2.424993e+00 4.402370e-01 
2.432461e+00 4.402331e-01 
2.439929e+00 4.402292e-01 
2.447396e+00 4.402253e-01 
2.454864e+00 4.402214e-01 
2.462332e+00 4.402174e-01 
2.469799e+00 4.402135e-01 
2.477267e+00 4.402096e-01 
2.484734e+00 4.402057e-01 
2.492202e+00 4.402018e-01 
2.499670e+00 4.401978e-01 
2.507137e+00 4.401939e-01 
2.514605e+00 4.401900e-01 
2.522073e+00 4.401860e-01 
2.529540e+00 4.401821e-01 
2.537008e+00 4.401782e-01 
2.544476e+00 4.401742e-01 
2.551943e+00 4.401703e-01 
2.559411e+00 4.401663e-01 
2.566878e+00 4.401624e-01 
2.574346e+00 4.401584e-01 
2.581814e+00 4.401544e-01 
2.589281e+00 4.401505e-01 
2.596749e+00 4.401465e-01 
2.604217e+00 4.401426e-01 
2.611684e+00 4.401386e-01 
2.619152e+00 4.401346e-01 
2.626620e+00 4.401306e-01 
2.634087e+00 4.401267e-01 
2.641555e+00 4.401227e-01 
2.649023e+00 4.401187e-01 
2.275636e+00 4.460729e-01 
2.283104e+00 4.460692e-01 
2.290571e+00 4.460655e-01 
2.298039e+00 4.460617e-01 
2.305507e+00 4.460580e-01 
2.312974e+00 4.460543e-01 
2.320442e+00 4.460506e-01 
2.327910e+00 4.460469e-01 
2.335377e+00 4.460432e-01 
2.342845e+00 4.460394e-01 
2.350313e+00 4.460357e-01 
2.357780e+00 4.460320e-01 
2.365248e+00 4.460283e-01 
2.372716e+00 4.460245e-01 
2.380183e+00 4.460208e-01 
2.387651e+00 4.460171e-01 
2.395119e+00 4.460133e-01 
2.402586e+00 4.460096e-01 
2.410054e+00 4.460059e-01 
2.417522e+00 4.460021e-01 
2.424989e+00 4.459984e-01 
2.432457e+00 4.459946e-01 
2.439925e+00 4.459909e-01 
2.447392e+00 4.459871e-01 
2.454860e+00 4.459834e-01 
2.462328e+00 4.459796e-01 
2.469796e+00 4.459759e-01 
2.477263e+00 4.459721e-01 
2.484731e+00 4.459683e-01 
2.492199e+00 4.459646e-01 
2.499666e+00 4.459608e-01 
2.507134e+00 4.459570e-01 
2.514602e+00 4.459533e-01 
2.522069e+00 4.459495e-01 
2.529537e+00 4.459457e-01 
2.537005e+00 4.459419e-01 
2.544472e+00 4.459382e-01 
2.551940e+00 4.459344e-01 
2.559408e+00 4.459306e-01 
2.566875e+00 4.459268e-01 
2.574343e+00 4.459230e-01 
2.581811e+00 4.459192e-01 
2.589279e+00 4.459154e-01 
2.596746e+00 4.459116e-01 
2.604214e+00 4.459078e-01 
2.611682e+00 4.459040e-01 
2.619149e+00 4.459002e-01 
2.626617e+00 4.458964e-01 
2.634085e+00 4.458925e-01 
2.641552e+00 4.458887e-01 
2.649020e+00 4.458849e-01 
2.275631e+00 4.518315e-01 
2.283099e+00 4.518280e-01 
2.290566e+00 4.518244e-01 
2.298034e+00 4.518208e-01 
2.305502e+00 4.518173e-01 
2.312970e+00 4.518137e-01 
2.320437e+00 4.518102e-01 
2.327905e+00 4.518066e-01 
2.335373e+00 4.518030e-01 
2.342841e+00 4.517995e-01 
2.350308e+00 4.517959e-01 
2.357776e+00 4.517923e-01 
2.365244e+00 4.517888e-01 
2.372711e+00 4.517852e-01 
2.380179e+00 4.517816e-01 
2.387647e+00 4.517780e-01 
2.395115e+00 4.517744e-01 
2.402582e+00 4.517709e-01 
2.410050e+00 4.517673e-01 
2.417518e+00 4.517637e-01 
2.424986e+00 4.517601e-01 
2.432453e+00 4.517565e-01 
2.439921e+00 4.517529e-01 
2.447389e+00 4.517493e-01 
2.454857e+00 4.517457e-01 
2.462324e+00 4.517421e-01 
2.469792e+00 4.517385e-01 
2.477260e+00 4.517349e-01 
2.484727e+00 4.517313e-01 
2.492195e+00 4.517277e-01 
2.499663e+00 4.517241e-01 
2.507131e+00 4.517205e-01 
2.514598e+00 4.517169e-01 
2.522066e+00 4.517132e-01 
2.529534e+00 4.517096e-01 
2.537002e+00 4.517060e-01 
2.544469e+00 4.517024e-01 
2.551937e+00 4.516987e-01 
2.559405e+00 4.516951e-01 
2.566873e+00 4.516915e-01 
2.574340e+00 4.516878e-01 
2.581808e+00 4.516842e-01 
2.589276e+00 4.516806e-01 
2.596744e+00 4.516769e-01 
2.604211e+00 4.516733e-01 
2.611679e+00 4.516696e-01 
2.619147e+00 4.516660e-01 
2.626614e+00 4.516623e-01 
2.634082e+00 4.516587e-01 
2.641550e+00 4.516550e-01 
2.649018e+00 4.516513e-01 
2.275626e+00 4.575906e-01 
2.283094e+00 4.575872e-01 
2.290562e+00 4.575838e-01 
2.298030e+00 4.575804e-01 
2.305497e+00 4.575770e-01 
2.312965e+00 4.575735e-01 
2.320433e+00 4.575701e-01 
2.327901e+00 4.575667e-01 
2.335369e+00 4.575633e-01 
2.342836e+00 4.575599e-01 
2.350304e+00 4.575565e-01 
2.357772e+00 4.575530e-01 
2.365240e+00 4.575496e-01 
2.372707e+00 4.575462e-01 
2.380175e+00 4.575428e-01 
2.387643e+00 4.575393e-01 
2.395111e+00 4.575359e-01 
2.402579e+00 4.575325e-01 
2.410046e+00 4.575291e-01 
2.417514e+00 4.575256e-01 
2.424982e+00 4.575222e-01 
2.432450e+00 4.575187e-01 
2.439917e+00 4.575153e-01 
2.447385e+00 4.575118e-01 
2.454853e+00 4.575084e-01 
2.462321e+00 4.575050e-01 
2.469789e+00 4.575015e-01 
2.477256e+00 4.574981e-01 
2.484724e+00 4.574946e-01 
2.492192e+00 4.574911e-01 
2.499660e+00 4.574877e-01 
2.507127e+00 4.574842e-01 
2.514595e+00 4.574808e-01 
2.522063e+00 4.574773e-01 
2.529531e+00 4.574738e-01 
2.536999e+00 4.574704e-01 
2.544466e+00 4.574669e-01 
2.551934e+00 4.574634e-01 
2.559402e+00 4.574599e-01 
2.566870e+00 4.574564e-01 
2.574338e+00 4.574530e-01 
2.581805e+00 4.574495e-01 
2.589273e+00 4.574460e-01 
2.596741e+00 4.574425e-01 
2.604209e+00 4.574390e-01 
2.611677e+00 4.574355e-01 
2.619144e+00 4.574320e-01 
2.626612e+00 4.574285e-01 
2.634080e+00 4.574250e-01 
2.641548e+00 4.574215e-01 
2.649015e+00 4.574180e-01 
2.275622e+00 4.633501e-01 
2.283090e+00 4.633468e-01 
2.290558e+00 4.633435e-01 
2.298025e+00 4.633403e-01 
2.305493e+00 4.633370e-01 
2.312961e+00 4.633338e-01 
2.320429e+00 4.633305e-01 
2.327897e+00 4.633272e-01 
2.335365e+00 4.633239e-01 
2.342832e+00 4.633207e-01 
2.350300e+00 4.633174e-01 
2.357768e+00 4.633141e-01 
2.365236e+00 4.633109e-01 
2.372704e+00 4.633076e-01 
2.380171e+00 4.633043e-01 
2.387639e+00 4.633010e-01 
2.395107e+00 4.632977e-01 
2.402575e+00 4.632944e-01 
2.410043e+00 4.632912e-01 
2.417511e+00 4.632879e-01 
2.424978e+00 4.632846e-01 
2.432446e+00 4.632813e-01 
2.439914e+00 4.632780e-01 
2.447382e+00 4.632747e-01 
2.454850e+00 4.632714e-01 
2.462318e+00 4.632681e-01 
2.469785e+00 4.632648e-01 
2.477253e+00 4.632615e-01 
2.484721e+00 4.632582e-01 
2.492189e+00 4.632549e-01 
2.499657e+00 4.632516e-01 
2.507124e+00 4.632482e-01 
2.514592e+00 4.632449e-01 
2.522060e+00 4.632416e-01 
2.529528e+00 4.632383e-01 
2.536996e+00 4.632350e-01 
2.544464e+00 4.632316e-01 
2.551931e+00 4.632283e-01 
2.559399e+00 4.632250e-01 
2.566867e+00 4.632217e-01 
2.574335e+00 4.632183e-01 
2.581803e+00 4.632150e-01 
2.589271e+00 4.632116e-01 
2.596738e+00 4.632083e-01 
2.604206e+00 4.632050e-01 
2.611674e+00 4.632016e-01 
2.619142e+00 4.631983e-01 
2.626610e+00 4.631949e-01 
2.634078e+00 4.631915e-01 
2.641545e+00 4.631882e-01 
2.649013e+00 4.631848e-01 
2.275618e+00 4.691099e-01 
2.283086e+00 4.691068e-01 
2.290553e+00 4.691037e-01 
2.298021e+00 4.691006e-01 
2.305489e+00 4.690975e-01 
2.312957e+00 4.690943e-01 
2.320425e+00 4.690912e-01 
2.327893e+00 4.690881e-01 
2.335361e+00 4.690850e-01 
2.342828e+00 4.690818e-01 
2.350296e+00 4.690787e-01 
2.357764e+00 4.690756e-01 
2.365232e+00 4.690724e-01 
2.372700e+00 4.690693e-01 
2.380168e+00 4.690662e-01 
2.387636e+00 4.690630e-01 
2.395104e+00 4.690599e-01 
2.402571e+00 4.690567e-01 
2.410039e+00 4.690536e-01 
2.417507e+00 4.690505e-01 
2.424975e+00 4.690473e-01 
2.432443e+00 4.690442e-01 
2.439911e+00 4.690410e-01 
2.447379e+00 4.690378e-01 
2.454846e+00 4.690347e-01 
2.462314e+00 4.690315e-01 
2.469782e+00 4.690284e-01 
2.477250e+00 4.690252e-01 
2.484718e+00 4.690220e-01 
2.492186e+00 4.690189e-01 
2.499654e+00 4.690157e-01 
2.507122e+00 4.690125e-01 
2.514589e+00 4.690094e-01 
2.522057e+00 4.690062e-01 
2.529525e+00 4.690030e-01 
2.536993e+00 4.689998e-01 
2.544461e+00 4.689967e-01 
2.551929e+00 4.689935e-01 
2.559397e+00 4.689903e-01 
2.566865e+00 4.689871e-01 
2.574332e+00 4.689839e-01 
2.581800e+00 4.689807e-01 
2.589268e+00 4.689775e-01 
2.596736e+00 4.689743e-01 
2.604204e+00 4.689711e-01 
2.611672e+00 4.689679e-01 
2.619140e+00 4.689647e-01 
2.626608e+00 4.689615e-01 
2.634076e+00 4.689583e-01 
2.641543e+00 4.689551e-01 
2.649011e+00 4.689519e-01 
BC
4
4
4
4
4
4
4
4
4
4
4
4
4
4
4
4
4
4
4
4
4
4
4
4
4
4
4
4
4
4
4
4
4
4
4
4
4
4
4
4
4
4
4
4
4
4
4
4
4
4
-1
-1
-1
-1
-1
-1
-1
-1
-1
-1
-1
-1
-1
-1
-1
-1
-1
-1
-1
-1
-1
-1
-1
-1
-1
-1
-1
-1
-1
-1
-1
-1
-1
-1
-1
-1
-1
-1
-1
-1
-1
-1
-1
-1
-1
-1
-1
-1
-1
-1
-1
-1
-1
-1
-1
-1
-1
-1
-1
-1
-1
-1
-1
-1
-1
-1
-1
-1
-1
-1
-1
-1
-1
-1
-1
-1
-1
-1
-1
-1
-1
-1
-1
-1
-1
-1
-1
-1
-1
-1
-1
-1
-1
-1
-1
-1
-1
-1
-1
-1
-1
-1
-1
-1
-1
-1
-1
-1
-1
-1
-1
-1
-1
-1
-1
-1
-1
-1
-1
-1
-1
-1
-1
-1
-1
-1
-1
-1
-1
-1
-1
-1
-1
-1
-1
-1
-1
-1
-1
-1
-1
-1
-1
-1
