npart: 8 3 
ipart: 4 0 
ngrid: 51 48 
1.529501e+00 2.000000e-01 
1.536966e+00 2.000000e-01 
1.544430e+00 2.000000e-01 
1.551895e+00 2.000000e-01 
1.559359e+00 2.000000e-01 
1.566823e+00 2.000000e-01 
1.574288e+00 2.000000e-01 
1.581752e+00 2.000000e-01 
1.589217e+00 2.000000e-01 
1.596681e+00 2.000000e-01 
1.604146e+00 2.000000e-01 
1.611610e+00 2.000000e-01 
1.619075e+00 2.000000e-01 
1.626539e+00 2.000000e-01 
1.634004e+00 2.000000e-01 
1.641468e+00 2.000000e-01 
1.648933e+00 2.000000e-01 
1.656397e+00 2.000000e-01 
1.663861e+00 2.000000e-01 
1.671326e+00 2.000000e-01 
1.678790e+00 2.000000e-01 
1.686255e+00 2.000000e-01 
1.693719e+00 2.000000e-01 
1.701184e+00 2.000000e-01 
1.708648e+00 2.000000e-01 
1.716113e+00 2.000000e-01 
1.723577e+00 2.000000e-01 
1.731042e+00 2.000000e-01 
1.738506e+00 2.000000e-01 
1.745971e+00 2.000000e-01 
1.753435e+00 2.000000e-01 
1.760899e+00 2.000000e-01 
1.768364e+00 2.000000e-01 
1.775828e+00 2.000000e-01 
1.783293e+00 2.000000e-01 
1.790757e+00 2.000000e-01 
1.798222e+00 2.000000e-01 
1.805686e+00 2.000000e-01 
1.813151e+00 2.000000e-01 
1.820615e+00 2.000000e-01 
1.828080e+00 2.000000e-01 
1.835544e+00 2.000000e-01 
1.843009e+00 2.000000e-01 
1.850473e+00 2.000000e-01 
1.857937e+00 2.000000e-01 
1.865402e+00 2.000000e-01 
1.872866e+00 2.000000e-01 
1.880331e+00 2.000000e-01 
1.887795e+00 2.000000e-01 
1.895260e+00 2.000000e-01 
1.902724e+00 2.000000e-01 
1.529501e+00 2.063411e-01 
1.536965e+00 2.063378e-01 
1.544430e+00 2.063344e-01 
1.551894e+00 2.063310e-01 
1.559359e+00 2.063276e-01 
1.566823e+00 2.063242e-01 
1.574288e+00 2.063209e-01 
1.581752e+00 2.063175e-01 
1.589217e+00 2.063141e-01 
1.596681e+00 2.063107e-01 
1.604146e+00 2.063073e-01 
1.611610e+00 2.063040e-01 
1.619075e+00 2.063006e-01 
1.626539e+00 2.062972e-01 
1.634004e+00 2.062938e-01 
1.641468e+00 2.062905e-01 
1.648932e+00 2.062871e-01 
1.656397e+00 2.062837e-01 
1.663861e+00 2.062803e-01 
1.671326e+00 2.062770e-01 
1.678790e+00 2.062736e-01 
1.686255e+00 2.062702e-01 
1.693719e+00 2.062668e-01 
1.701184e+00 2.062635e-01 
1.708648e+00 2.062601e-01 
1.716113e+00 2.062568e-01 
1.723577e+00 2.062534e-01 
1.731042e+00 2.062501e-01 
1.738506e+00 2.062467e-01 
1.745971e+00 2.062434e-01 
1.753435e+00 2.062402e-01 
1.760899e+00 2.062369e-01 
1.768364e+00 2.062336e-01 
1.775828e+00 2.062302e-01 
1.783293e+00 2.062268e-01 
1.790757e+00 2.062235e-01 
1.798222e+00 2.062201e-01 
1.805686e+00 2.062167e-01 
1.813151e+00 2.062133e-01 
1.820615e+00 2.062099e-01 
1.828080e+00 2.062065e-01 
1.835544e+00 2.062031e-01 
1.843009e+00 2.061996e-01 
1.850473e+00 2.061962e-01 
1.857937e+00 2.061928e-01 
1.865402e+00 2.061894e-01 
1.872866e+00 2.061859e-01 
1.880331e+00 2.061825e-01 
1.887795e+00 2.061791e-01 
1.895260e+00 2.061756e-01 
1.902724e+00 2.061722e-01 
1.529495e+00 2.124402e-01 
1.536960e+00 2.124346e-01 
1.544424e+00 2.124290e-01 
1.551889e+00 2.124234e-01 
1.559353e+00 2.124178e-01 
1.566818e+00 2.124122e-01 
1.574282e+00 2.124066e-01 
1.581747e+00 2.124010e-01 
1.589211e+00 2.123954e-01 
1.596676e+00 2.123898e-01 
1.604140e+00 2.123842e-01 
1.611605e+00 2.123786e-01 
1.619069e+00 2.123730e-01 
1.626534e+00 2.123674e-01 
1.633998e+00 2.123618e-01 
1.641463e+00 2.123562e-01 
1.648927e+00 2.123506e-01 
1.656392e+00 2.123450e-01 
1.663856e+00 2.123395e-01 
1.671321e+00 2.123339e-01 
1.678785e+00 2.123283e-01 
1.686250e+00 2.123227e-01 
1.693714e+00 2.123171e-01 
1.701179e+00 2.123115e-01 
1.708643e+00 2.123060e-01 
1.716108e+00 2.123004e-01 
1.723572e+00 2.122949e-01 
1.731037e+00 2.122893e-01 
1.738501e+00 2.122838e-01 
1.745966e+00 2.122784e-01 
1.753430e+00 2.122730e-01 
1.760895e+00 2.122675e-01 
1.768359e+00 2.122620e-01 
1.775824e+00 2.122564e-01 
1.783288e+00 2.122508e-01 
1.790753e+00 2.122453e-01 
1.798217e+00 2.122396e-01 
1.805682e+00 2.122340e-01 
1.813146e+00 2.122284e-01 
1.820611e+00 2.122228e-01 
1.828075e+00 2.122171e-01 
1.835540e+00 2.122115e-01 
1.843004e+00 2.122058e-01 
1.850469e+00 2.122001e-01 
1.857933e+00 2.121945e-01 
1.865398e+00 2.121888e-01 
1.872862e+00 2.121831e-01 
1.880327e+00 2.121774e-01 
1.887791e+00 2.121717e-01 
1.895256e+00 2.121660e-01 
1.902720e+00 2.121603e-01 
1.529486e+00 2.183808e-01 
1.536950e+00 2.183738e-01 
1.544415e+00 2.183667e-01 
1.551880e+00 2.183597e-01 
1.559344e+00 2.183526e-01 
1.566809e+00 2.183456e-01 
1.574273e+00 2.183385e-01 
1.581738e+00 2.183314e-01 
1.589202e+00 2.183244e-01 
1.596667e+00 2.183173e-01 
1.604132e+00 2.183103e-01 
1.611596e+00 2.183032e-01 
1.619061e+00 2.182961e-01 
1.626525e+00 2.182891e-01 
1.633990e+00 2.182820e-01 
1.641454e+00 2.182750e-01 
1.648919e+00 2.182679e-01 
1.656384e+00 2.182608e-01 
1.663848e+00 2.182538e-01 
1.671313e+00 2.182467e-01 
1.678777e+00 2.182397e-01 
1.686242e+00 2.182326e-01 
1.693706e+00 2.182256e-01 
1.701171e+00 2.182186e-01 
1.708635e+00 2.182116e-01 
1.716100e+00 2.182045e-01 
1.723564e+00 2.181975e-01 
1.731029e+00 2.181906e-01 
1.738494e+00 2.181836e-01 
1.745958e+00 2.181767e-01 
1.753423e+00 2.181698e-01 
1.760887e+00 2.181629e-01 
1.768352e+00 2.181559e-01 
1.775816e+00 2.181489e-01 
1.783281e+00 2.181419e-01 
1.790745e+00 2.181349e-01 
1.798210e+00 2.181278e-01 
1.805675e+00 2.181207e-01 
1.813139e+00 2.181136e-01 
1.820604e+00 2.181065e-01 
1.828068e+00 2.180994e-01 
1.835533e+00 2.180923e-01 
1.842997e+00 2.180851e-01 
1.850462e+00 2.180780e-01 
1.857926e+00 2.180708e-01 
1.865391e+00 2.180637e-01 
1.872855e+00 2.180565e-01 
1.880320e+00 2.180493e-01 
1.887784e+00 2.180421e-01 
1.895249e+00 2.180349e-01 
1.902714e+00 2.180278e-01 
1.529474e+00 2.242157e-01 
1.536939e+00 2.242077e-01 
1.544404e+00 2.241997e-01 
1.551868e+00 2.241917e-01 
1.559333e+00 2.241837e-01 
1.566798e+00 2.241757e-01 
1.574262e+00 2.241677e-01 
1.581727e+00 2.241596e-01 
1.589192e+00 2.241516e-01 
1.596656e+00 2.241436e-01 
1.604121e+00 2.241356e-01 
1.611585e+00 2.241275e-01 
1.619050e+00 2.241195e-01 
1.626515e+00 2.241115e-01 
1.633979e+00 2.241035e-01 
1.641444e+00 2.240955e-01 
1.648909e+00 2.240874e-01 
1.656373e+00 2.240794e-01 
1.663838e+00 2.240714e-01 
1.671302e+00 2.240634e-01 
1.678767e+00 2.240554e-01 
1.686232e+00 2.240474e-01 
1.693696e+00 2.240394e-01 
1.701161e+00 2.240314e-01 
1.708626e+00 2.240234e-01 
1.716090e+00 2.240154e-01 
1.723555e+00 2.240075e-01 
1.731019e+00 2.239996e-01 
1.738484e+00 2.239917e-01 
1.745949e+00 2.239838e-01 
1.753413e+00 2.239759e-01 
1.760878e+00 2.239681e-01 
1.768342e+00 2.239601e-01 
1.775807e+00 2.239522e-01 
1.783272e+00 2.239442e-01 
1.790736e+00 2.239362e-01 
1.798201e+00 2.239281e-01 
1.805665e+00 2.239201e-01 
1.813130e+00 2.239120e-01 
1.820595e+00 2.239040e-01 
1.828059e+00 2.238959e-01 
1.835524e+00 2.238878e-01 
1.842988e+00 2.238797e-01 
1.850453e+00 2.238715e-01 
1.857918e+00 2.238634e-01 
1.865382e+00 2.238553e-01 
1.872847e+00 2.238471e-01 
1.880311e+00 2.238390e-01 
1.887776e+00 2.238308e-01 
1.895241e+00 2.238227e-01 
1.902705e+00 2.238145e-01 
1.529461e+00 2.299800e-01 
1.536926e+00 2.299713e-01 
1.544391e+00 2.299627e-01 
1.551856e+00 2.299541e-01 
1.559320e+00 2.299455e-01 
1.566785e+00 2.299368e-01 
1.574250e+00 2.299282e-01 
1.581715e+00 2.299196e-01 
1.589179e+00 2.299109e-01 
1.596644e+00 2.299023e-01 
1.604109e+00 2.298937e-01 
1.611573e+00 2.298850e-01 
1.619038e+00 2.298764e-01 
1.626503e+00 2.298677e-01 
1.633967e+00 2.298591e-01 
1.641432e+00 2.298504e-01 
1.648897e+00 2.298418e-01 
1.656362e+00 2.298332e-01 
1.663826e+00 2.298245e-01 
1.671291e+00 2.298159e-01 
1.678756e+00 2.298073e-01 
1.686220e+00 2.297986e-01 
1.693685e+00 2.297900e-01 
1.701150e+00 2.297814e-01 
1.708614e+00 2.297728e-01 
1.716079e+00 2.297642e-01 
1.723544e+00 2.297556e-01 
1.731008e+00 2.297471e-01 
1.738473e+00 2.297386e-01 
1.745938e+00 2.297300e-01 
1.753402e+00 2.297216e-01 
1.760867e+00 2.297130e-01 
1.768332e+00 2.297045e-01 
1.775796e+00 2.296959e-01 
1.783261e+00 2.296873e-01 
1.790726e+00 2.296787e-01 
1.798191e+00 2.296700e-01 
1.805655e+00 2.296613e-01 
1.813120e+00 2.296526e-01 
1.820585e+00 2.296439e-01 
1.828049e+00 2.296352e-01 
1.835514e+00 2.296265e-01 
1.842979e+00 2.296178e-01 
1.850443e+00 2.296090e-01 
1.857908e+00 2.296003e-01 
1.865373e+00 2.295915e-01 
1.872837e+00 2.295827e-01 
1.880302e+00 2.295739e-01 
1.887767e+00 2.295652e-01 
1.895231e+00 2.295564e-01 
1.902696e+00 2.295476e-01 
1.529447e+00 2.356959e-01 
1.536912e+00 2.356869e-01 
1.544377e+00 2.356779e-01 
1.551842e+00 2.356689e-01 
1.559307e+00 2.356599e-01 
1.566772e+00 2.356509e-01 
1.574236e+00 2.356419e-01 
1.581701e+00 2.356329e-01 
1.589166e+00 2.356239e-01 
1.596631e+00 2.356148e-01 
1.604096e+00 2.356058e-01 
1.611560e+00 2.355968e-01 
1.619025e+00 2.355878e-01 
1.626490e+00 2.355787e-01 
1.633955e+00 2.355697e-01 
1.641419e+00 2.355607e-01 
1.648884e+00 2.355516e-01 
1.656349e+00 2.355426e-01 
1.663814e+00 2.355336e-01 
1.671279e+00 2.355246e-01 
1.678743e+00 2.355155e-01 
1.686208e+00 2.355065e-01 
1.693673e+00 2.354975e-01 
1.701138e+00 2.354885e-01 
1.708602e+00 2.354795e-01 
1.716067e+00 2.354705e-01 
1.723532e+00 2.354616e-01 
1.730997e+00 2.354526e-01 
1.738461e+00 2.354437e-01 
1.745926e+00 2.354348e-01 
1.753391e+00 2.354259e-01 
1.760856e+00 2.354169e-01 
1.768320e+00 2.354080e-01 
1.775785e+00 2.353990e-01 
1.783250e+00 2.353900e-01 
1.790715e+00 2.353810e-01 
1.798179e+00 2.353719e-01 
1.805644e+00 2.353629e-01 
1.813109e+00 2.353538e-01 
1.820574e+00 2.353447e-01 
1.828038e+00 2.353356e-01 
1.835503e+00 2.353264e-01 
1.842968e+00 2.353173e-01 
1.850433e+00 2.353082e-01 
1.857897e+00 2.352990e-01 
1.865362e+00 2.352899e-01 
1.872827e+00 2.352807e-01 
1.880292e+00 2.352715e-01 
1.887756e+00 2.352623e-01 
1.895221e+00 2.352531e-01 
1.902686e+00 2.352439e-01 
1.529433e+00 2.413791e-01 
1.536898e+00 2.413699e-01 
1.544363e+00 2.413607e-01 
1.551828e+00 2.413515e-01 
1.559292e+00 2.413423e-01 
1.566757e+00 2.413330e-01 
1.574222e+00 2.413238e-01 
1.581687e+00 2.413146e-01 
1.589152e+00 2.413053e-01 
1.596617e+00 2.412961e-01 
1.604082e+00 2.412868e-01 
1.611547e+00 2.412775e-01 
1.619012e+00 2.412683e-01 
1.626476e+00 2.412590e-01 
1.633941e+00 2.412498e-01 
1.641406e+00 2.412405e-01 
1.648871e+00 2.412313e-01 
1.656336e+00 2.412220e-01 
1.663801e+00 2.412128e-01 
1.671266e+00 2.412035e-01 
1.678730e+00 2.411943e-01 
1.686195e+00 2.411850e-01 
1.693660e+00 2.411758e-01 
1.701125e+00 2.411665e-01 
1.708590e+00 2.411573e-01 
1.716055e+00 2.411481e-01 
1.723519e+00 2.411389e-01 
1.730984e+00 2.411297e-01 
1.738449e+00 2.411205e-01 
1.745914e+00 2.411113e-01 
1.753379e+00 2.411022e-01 
1.760844e+00 2.410930e-01 
1.768308e+00 2.410838e-01 
1.775773e+00 2.410746e-01 
1.783238e+00 2.410654e-01 
1.790703e+00 2.410561e-01 
1.798168e+00 2.410468e-01 
1.805632e+00 2.410375e-01 
1.813097e+00 2.410282e-01 
1.820562e+00 2.410189e-01 
1.828027e+00 2.410095e-01 
1.835492e+00 2.410002e-01 
1.842957e+00 2.409908e-01 
1.850421e+00 2.409814e-01 
1.857886e+00 2.409721e-01 
1.865351e+00 2.409627e-01 
1.872816e+00 2.409533e-01 
1.880281e+00 2.409439e-01 
1.887745e+00 2.409344e-01 
1.895210e+00 2.409250e-01 
1.902675e+00 2.409156e-01 
1.529418e+00 2.470403e-01 
1.536883e+00 2.470310e-01 
1.544348e+00 2.470217e-01 
1.551813e+00 2.470124e-01 
1.559278e+00 2.470030e-01 
1.566743e+00 2.469937e-01 
1.574208e+00 2.469843e-01 
1.581673e+00 2.469750e-01 
1.589138e+00 2.469656e-01 
1.596603e+00 2.469562e-01 
1.604068e+00 2.469469e-01 
1.611533e+00 2.469375e-01 
1.618997e+00 2.469281e-01 
1.626462e+00 2.469188e-01 
1.633927e+00 2.469094e-01 
1.641392e+00 2.469000e-01 
1.648857e+00 2.468906e-01 
1.656322e+00 2.468813e-01 
1.663787e+00 2.468719e-01 
1.671252e+00 2.468625e-01 
1.678717e+00 2.468531e-01 
1.686182e+00 2.468438e-01 
1.693647e+00 2.468344e-01 
1.701112e+00 2.468250e-01 
1.708577e+00 2.468157e-01 
1.716042e+00 2.468064e-01 
1.723506e+00 2.467970e-01 
1.730971e+00 2.467877e-01 
1.738436e+00 2.467784e-01 
1.745901e+00 2.467691e-01 
1.753366e+00 2.467598e-01 
1.760831e+00 2.467505e-01 
1.768296e+00 2.467411e-01 
1.775761e+00 2.467318e-01 
1.783226e+00 2.467224e-01 
1.790691e+00 2.467130e-01 
1.798156e+00 2.467036e-01 
1.805620e+00 2.466942e-01 
1.813085e+00 2.466847e-01 
1.820550e+00 2.466753e-01 
1.828015e+00 2.466658e-01 
1.835480e+00 2.466563e-01 
1.842945e+00 2.466469e-01 
1.850410e+00 2.466374e-01 
1.857875e+00 2.466279e-01 
1.865340e+00 2.466183e-01 
1.872804e+00 2.466088e-01 
1.880269e+00 2.465993e-01 
1.887734e+00 2.465897e-01 
1.895199e+00 2.465802e-01 
1.902664e+00 2.465706e-01 
1.529402e+00 2.526869e-01 
1.536867e+00 2.526775e-01 
1.544332e+00 2.526682e-01 
1.551797e+00 2.526588e-01 
1.559263e+00 2.526495e-01 
1.566728e+00 2.526401e-01 
1.574193e+00 2.526307e-01 
1.581658e+00 2.526213e-01 
1.589123e+00 2.526119e-01 
1.596588e+00 2.526025e-01 
1.604053e+00 2.525931e-01 
1.611518e+00 2.525837e-01 
1.618983e+00 2.525743e-01 
1.626448e+00 2.525648e-01 
1.633913e+00 2.525554e-01 
1.641378e+00 2.525460e-01 
1.648843e+00 2.525366e-01 
1.656308e+00 2.525272e-01 
1.663773e+00 2.525177e-01 
1.671238e+00 2.525083e-01 
1.678703e+00 2.524989e-01 
1.686168e+00 2.524895e-01 
1.693633e+00 2.524801e-01 
1.701098e+00 2.524707e-01 
1.708563e+00 2.524613e-01 
1.716028e+00 2.524519e-01 
1.723493e+00 2.524425e-01 
1.730958e+00 2.524331e-01 
1.738423e+00 2.524237e-01 
1.745888e+00 2.524143e-01 
1.753353e+00 2.524050e-01 
1.760818e+00 2.523956e-01 
1.768283e+00 2.523862e-01 
1.775748e+00 2.523768e-01 
1.783213e+00 2.523674e-01 
1.790678e+00 2.523579e-01 
1.798143e+00 2.523484e-01 
1.805608e+00 2.523390e-01 
1.813073e+00 2.523295e-01 
1.820538e+00 2.523200e-01 
1.828003e+00 2.523105e-01 
1.835468e+00 2.523009e-01 
1.842933e+00 2.522914e-01 
1.850398e+00 2.522819e-01 
1.857863e+00 2.522723e-01 
1.865328e+00 2.522627e-01 
1.872793e+00 2.522532e-01 
1.880258e+00 2.522436e-01 
1.887723e+00 2.522340e-01 
1.895188e+00 2.522244e-01 
1.902653e+00 2.522148e-01 
1.529386e+00 2.583240e-01 
1.536851e+00 2.583147e-01 
1.544317e+00 2.583054e-01 
1.551782e+00 2.582960e-01 
1.559247e+00 2.582867e-01 
1.566712e+00 2.582773e-01 
1.574177e+00 2.582679e-01 
1.581643e+00 2.582585e-01 
1.589108e+00 2.582492e-01 
1.596573e+00 2.582398e-01 
1.604038e+00 2.582304e-01 
1.611503e+00 2.582210e-01 
1.618968e+00 2.582115e-01 
1.626433e+00 2.582021e-01 
1.633899e+00 2.581927e-01 
1.641364e+00 2.581833e-01 
1.648829e+00 2.581739e-01 
1.656294e+00 2.581645e-01 
1.663759e+00 2.581550e-01 
1.671224e+00 2.581456e-01 
1.678689e+00 2.581362e-01 
1.686154e+00 2.581268e-01 
1.693619e+00 2.581174e-01 
1.701084e+00 2.581079e-01 
1.708549e+00 2.580985e-01 
1.716015e+00 2.580891e-01 
1.723480e+00 2.580797e-01 
1.730945e+00 2.580703e-01 
1.738410e+00 2.580609e-01 
1.745875e+00 2.580516e-01 
1.753340e+00 2.580422e-01 
1.760805e+00 2.580328e-01 
1.768270e+00 2.580234e-01 
1.775735e+00 2.580139e-01 
1.783200e+00 2.580045e-01 
1.790665e+00 2.579951e-01 
1.798130e+00 2.579856e-01 
1.805595e+00 2.579761e-01 
1.813060e+00 2.579666e-01 
1.820525e+00 2.579571e-01 
1.827990e+00 2.579476e-01 
1.835456e+00 2.579381e-01 
1.842921e+00 2.579285e-01 
1.850386e+00 2.579190e-01 
1.857851e+00 2.579094e-01 
1.865316e+00 2.578999e-01 
1.872781e+00 2.578903e-01 
1.880246e+00 2.578807e-01 
1.887711e+00 2.578711e-01 
1.895176e+00 2.578615e-01 
1.902641e+00 2.578519e-01 
1.529370e+00 2.639553e-01 
1.536835e+00 2.639460e-01 
1.544301e+00 2.639367e-01 
1.551766e+00 2.639274e-01 
1.559231e+00 2.639181e-01 
1.566696e+00 2.639088e-01 
1.574162e+00 2.638994e-01 
1.581627e+00 2.638901e-01 
1.589092e+00 2.638807e-01 
1.596558e+00 2.638714e-01 
1.604023e+00 2.638620e-01 
1.611488e+00 2.638526e-01 
1.618953e+00 2.638433e-01 
1.626418e+00 2.638339e-01 
1.633884e+00 2.638245e-01 
1.641349e+00 2.638151e-01 
1.648814e+00 2.638057e-01 
1.656279e+00 2.637963e-01 
1.663744e+00 2.637869e-01 
1.671210e+00 2.637776e-01 
1.678675e+00 2.637682e-01 
1.686140e+00 2.637588e-01 
1.693605e+00 2.637494e-01 
1.701070e+00 2.637400e-01 
1.708535e+00 2.637306e-01 
1.716001e+00 2.637212e-01 
1.723466e+00 2.637118e-01 
1.730931e+00 2.637025e-01 
1.738396e+00 2.636931e-01 
1.745861e+00 2.636837e-01 
1.753326e+00 2.636744e-01 
1.760792e+00 2.636650e-01 
1.768257e+00 2.636556e-01 
1.775722e+00 2.636462e-01 
1.783187e+00 2.636368e-01 
1.790652e+00 2.636273e-01 
1.798117e+00 2.636179e-01 
1.805582e+00 2.636084e-01 
1.813048e+00 2.635990e-01 
1.820513e+00 2.635895e-01 
1.827978e+00 2.635800e-01 
1.835443e+00 2.635705e-01 
1.842908e+00 2.635610e-01 
1.850373e+00 2.635515e-01 
1.857838e+00 2.635419e-01 
1.865303e+00 2.635324e-01 
1.872769e+00 2.635229e-01 
1.880234e+00 2.635133e-01 
1.887699e+00 2.635038e-01 
1.895164e+00 2.634942e-01 
1.902629e+00 2.634846e-01 
1.529353e+00 2.695831e-01 
1.536819e+00 2.695739e-01 
1.544284e+00 2.695647e-01 
1.551750e+00 2.695554e-01 
1.559215e+00 2.695462e-01 
1.566681e+00 2.695369e-01 
1.574146e+00 2.695276e-01 
1.581611e+00 2.695183e-01 
1.589077e+00 2.695090e-01 
1.596542e+00 2.694997e-01 
1.604007e+00 2.694904e-01 
1.611473e+00 2.694811e-01 
1.618938e+00 2.694718e-01 
1.626403e+00 2.694625e-01 
1.633869e+00 2.694531e-01 
1.641334e+00 2.694438e-01 
1.648799e+00 2.694344e-01 
1.656264e+00 2.694251e-01 
1.663730e+00 2.694158e-01 
1.671195e+00 2.694064e-01 
1.678660e+00 2.693971e-01 
1.686125e+00 2.693877e-01 
1.693591e+00 2.693784e-01 
1.701056e+00 2.693690e-01 
1.708521e+00 2.693597e-01 
1.715986e+00 2.693504e-01 
1.723452e+00 2.693410e-01 
1.730917e+00 2.693317e-01 
1.738382e+00 2.693223e-01 
1.745847e+00 2.693130e-01 
1.753313e+00 2.693037e-01 
1.760778e+00 2.692943e-01 
1.768243e+00 2.692850e-01 
1.775708e+00 2.692756e-01 
1.783174e+00 2.692662e-01 
1.790639e+00 2.692568e-01 
1.798104e+00 2.692474e-01 
1.805569e+00 2.692380e-01 
1.813034e+00 2.692286e-01 
1.820500e+00 2.692192e-01 
1.827965e+00 2.692097e-01 
1.835430e+00 2.692003e-01 
1.842895e+00 2.691908e-01 
1.850361e+00 2.691813e-01 
1.857826e+00 2.691718e-01 
1.865291e+00 2.691623e-01 
1.872756e+00 2.691528e-01 
1.880221e+00 2.691433e-01 
1.887687e+00 2.691338e-01 
1.895152e+00 2.691243e-01 
1.902617e+00 2.691148e-01 
1.529337e+00 2.752093e-01 
1.536802e+00 2.752002e-01 
1.544268e+00 2.751910e-01 
1.551733e+00 2.751819e-01 
1.559199e+00 2.751727e-01 
1.566664e+00 2.751635e-01 
1.574130e+00 2.751543e-01 
1.581595e+00 2.751450e-01 
1.589061e+00 2.751358e-01 
1.596526e+00 2.751266e-01 
1.603992e+00 2.751173e-01 
1.611457e+00 2.751081e-01 
1.618922e+00 2.750988e-01 
1.626388e+00 2.750895e-01 
1.633853e+00 2.750803e-01 
1.641319e+00 2.750710e-01 
1.648784e+00 2.750617e-01 
1.656249e+00 2.750524e-01 
1.663715e+00 2.750431e-01 
1.671180e+00 2.750338e-01 
1.678645e+00 2.750245e-01 
1.686111e+00 2.750153e-01 
1.693576e+00 2.750060e-01 
1.701041e+00 2.749967e-01 
1.708507e+00 2.749874e-01 
1.715972e+00 2.749781e-01 
1.723437e+00 2.749688e-01 
1.730903e+00 2.749595e-01 
1.738368e+00 2.749502e-01 
1.745833e+00 2.749409e-01 
1.753299e+00 2.749316e-01 
1.760764e+00 2.749223e-01 
1.768229e+00 2.749130e-01 
1.775695e+00 2.749037e-01 
1.783160e+00 2.748944e-01 
1.790625e+00 2.748850e-01 
1.798091e+00 2.748757e-01 
1.805556e+00 2.748663e-01 
1.813021e+00 2.748569e-01 
1.820486e+00 2.748475e-01 
1.827952e+00 2.748382e-01 
1.835417e+00 2.748288e-01 
1.842882e+00 2.748193e-01 
1.850348e+00 2.748099e-01 
1.857813e+00 2.748005e-01 
1.865278e+00 2.747911e-01 
1.872744e+00 2.747816e-01 
1.880209e+00 2.747722e-01 
1.887674e+00 2.747627e-01 
1.895139e+00 2.747532e-01 
1.902605e+00 2.747438e-01 
1.529320e+00 2.808351e-01 
1.536785e+00 2.808260e-01 
1.544251e+00 2.808169e-01 
1.551717e+00 2.808078e-01 
1.559182e+00 2.807987e-01 
1.566648e+00 2.807896e-01 
1.574113e+00 2.807804e-01 
1.581579e+00 2.807713e-01 
1.589044e+00 2.807621e-01 
1.596510e+00 2.807529e-01 
1.603976e+00 2.807438e-01 
1.611441e+00 2.807346e-01 
1.618907e+00 2.807254e-01 
1.626372e+00 2.807162e-01 
1.633838e+00 2.807069e-01 
1.641303e+00 2.806977e-01 
1.648768e+00 2.806885e-01 
1.656234e+00 2.806793e-01 
1.663699e+00 2.806701e-01 
1.671165e+00 2.806608e-01 
1.678630e+00 2.806516e-01 
1.686096e+00 2.806424e-01 
1.693561e+00 2.806331e-01 
1.701027e+00 2.806239e-01 
1.708492e+00 2.806146e-01 
1.715957e+00 2.806054e-01 
1.723423e+00 2.805962e-01 
1.730888e+00 2.805869e-01 
1.738354e+00 2.805777e-01 
1.745819e+00 2.805684e-01 
1.753285e+00 2.805592e-01 
1.760750e+00 2.805499e-01 
1.768215e+00 2.805407e-01 
1.775681e+00 2.805314e-01 
1.783146e+00 2.805221e-01 
1.790612e+00 2.805128e-01 
1.798077e+00 2.805035e-01 
1.805542e+00 2.804942e-01 
1.813008e+00 2.804849e-01 
1.820473e+00 2.804756e-01 
1.827938e+00 2.804662e-01 
1.835404e+00 2.804569e-01 
1.842869e+00 2.804475e-01 
1.850335e+00 2.804382e-01 
1.857800e+00 2.804288e-01 
1.865265e+00 2.804194e-01 
1.872731e+00 2.804100e-01 
1.880196e+00 2.804006e-01 
1.887662e+00 2.803912e-01 
1.895127e+00 2.803818e-01 
1.902592e+00 2.803724e-01 
1.529302e+00 2.864613e-01 
1.536768e+00 2.864523e-01 
1.544234e+00 2.864433e-01 
1.551700e+00 2.864343e-01 
1.559165e+00 2.864253e-01 
1.566631e+00 2.864162e-01 
1.574097e+00 2.864071e-01 
1.581562e+00 2.863980e-01 
1.589028e+00 2.863889e-01 
1.596494e+00 2.863798e-01 
1.603959e+00 2.863707e-01 
1.611425e+00 2.863615e-01 
1.618890e+00 2.863524e-01 
1.626356e+00 2.863433e-01 
1.633822e+00 2.863341e-01 
1.641287e+00 2.863249e-01 
1.648753e+00 2.863158e-01 
1.656218e+00 2.863066e-01 
1.663684e+00 2.862974e-01 
1.671149e+00 2.862883e-01 
1.678615e+00 2.862791e-01 
1.686081e+00 2.862699e-01 
1.693546e+00 2.862607e-01 
1.701012e+00 2.862515e-01 
1.708477e+00 2.862423e-01 
1.715943e+00 2.862331e-01 
1.723408e+00 2.862240e-01 
1.730874e+00 2.862148e-01 
1.738339e+00 2.862056e-01 
1.745805e+00 2.861964e-01 
1.753270e+00 2.861872e-01 
1.760736e+00 2.861780e-01 
1.768201e+00 2.861688e-01 
1.775667e+00 2.861595e-01 
1.783132e+00 2.861503e-01 
1.790598e+00 2.861411e-01 
1.798063e+00 2.861318e-01 
1.805529e+00 2.861226e-01 
1.812994e+00 2.861133e-01 
1.820459e+00 2.861040e-01 
1.827925e+00 2.860947e-01 
1.835390e+00 2.860854e-01 
1.842856e+00 2.860761e-01 
1.850321e+00 2.860668e-01 
1.857787e+00 2.860575e-01 
1.865252e+00 2.860482e-01 
1.872718e+00 2.860388e-01 
1.880183e+00 2.860295e-01 
1.887649e+00 2.860202e-01 
1.895114e+00 2.860108e-01 
1.902580e+00 2.860015e-01 
1.529285e+00 2.920886e-01 
1.536751e+00 2.920797e-01 
1.544217e+00 2.920707e-01 
1.551682e+00 2.920618e-01 
1.559148e+00 2.920528e-01 
1.566614e+00 2.920438e-01 
1.574080e+00 2.920348e-01 
1.581546e+00 2.920257e-01 
1.589011e+00 2.920167e-01 
1.596477e+00 2.920076e-01 
1.603943e+00 2.919986e-01 
1.611409e+00 2.919895e-01 
1.618874e+00 2.919804e-01 
1.626340e+00 2.919713e-01 
1.633806e+00 2.919622e-01 
1.641271e+00 2.919531e-01 
1.648737e+00 2.919440e-01 
1.656203e+00 2.919349e-01 
1.663668e+00 2.919257e-01 
1.671134e+00 2.919166e-01 
1.678599e+00 2.919075e-01 
1.686065e+00 2.918984e-01 
1.693531e+00 2.918892e-01 
1.700996e+00 2.918801e-01 
1.708462e+00 2.918709e-01 
1.715928e+00 2.918618e-01 
1.723393e+00 2.918527e-01 
1.730859e+00 2.918435e-01 
1.738324e+00 2.918344e-01 
1.745790e+00 2.918252e-01 
1.753255e+00 2.918160e-01 
1.760721e+00 2.918069e-01 
1.768187e+00 2.917977e-01 
1.775652e+00 2.917885e-01 
1.783118e+00 2.917793e-01 
1.790583e+00 2.917702e-01 
1.798049e+00 2.917609e-01 
1.805515e+00 2.917517e-01 
1.812980e+00 2.917425e-01 
1.820446e+00 2.917333e-01 
1.827911e+00 2.917240e-01 
1.835377e+00 2.917148e-01 
1.842842e+00 2.917055e-01 
1.850308e+00 2.916963e-01 
1.857773e+00 2.916870e-01 
1.865239e+00 2.916777e-01 
1.872705e+00 2.916685e-01 
1.880170e+00 2.916592e-01 
1.887636e+00 2.916499e-01 
1.895101e+00 2.916406e-01 
1.902567e+00 2.916313e-01 
1.529267e+00 2.977174e-01 
1.536733e+00 2.977085e-01 
1.544199e+00 2.976997e-01 
1.551665e+00 2.976908e-01 
1.559131e+00 2.976818e-01 
1.566597e+00 2.976729e-01 
1.574063e+00 2.976639e-01 
1.581529e+00 2.976549e-01 
1.588994e+00 2.976459e-01 
1.596460e+00 2.976369e-01 
1.603926e+00 2.976279e-01 
1.611392e+00 2.976189e-01 
1.618858e+00 2.976098e-01 
1.626323e+00 2.976008e-01 
1.633789e+00 2.975917e-01 
1.641255e+00 2.975827e-01 
1.648721e+00 2.975736e-01 
1.656186e+00 2.975645e-01 
1.663652e+00 2.975555e-01 
1.671118e+00 2.975464e-01 
1.678584e+00 2.975373e-01 
1.686049e+00 2.975282e-01 
1.693515e+00 2.975191e-01 
1.700981e+00 2.975100e-01 
1.708447e+00 2.975009e-01 
1.715912e+00 2.974918e-01 
1.723378e+00 2.974827e-01 
1.730844e+00 2.974736e-01 
1.738309e+00 2.974645e-01 
1.745775e+00 2.974554e-01 
1.753241e+00 2.974462e-01 
1.760706e+00 2.974371e-01 
1.768172e+00 2.974280e-01 
1.775638e+00 2.974188e-01 
1.783103e+00 2.974097e-01 
1.790569e+00 2.974005e-01 
1.798035e+00 2.973914e-01 
1.805500e+00 2.973822e-01 
1.812966e+00 2.973730e-01 
1.820432e+00 2.973638e-01 
1.827897e+00 2.973546e-01 
1.835363e+00 2.973454e-01 
1.842829e+00 2.973362e-01 
1.850294e+00 2.973270e-01 
1.857760e+00 2.973178e-01 
1.865226e+00 2.973085e-01 
1.872691e+00 2.972993e-01 
1.880157e+00 2.972900e-01 
1.887622e+00 2.972808e-01 
1.895088e+00 2.972715e-01 
1.902554e+00 2.972623e-01 
1.529249e+00 3.033479e-01 
1.536715e+00 3.033391e-01 
1.544181e+00 3.033303e-01 
1.551647e+00 3.033214e-01 
1.559113e+00 3.033125e-01 
1.566579e+00 3.033036e-01 
1.574045e+00 3.032947e-01 
1.581511e+00 3.032858e-01 
1.588977e+00 3.032768e-01 
1.596443e+00 3.032678e-01 
1.603909e+00 3.032589e-01 
1.611375e+00 3.032499e-01 
1.618841e+00 3.032409e-01 
1.626307e+00 3.032319e-01 
1.633773e+00 3.032228e-01 
1.641239e+00 3.032138e-01 
1.648704e+00 3.032048e-01 
1.656170e+00 3.031958e-01 
1.663636e+00 3.031867e-01 
1.671102e+00 3.031777e-01 
1.678568e+00 3.031686e-01 
1.686033e+00 3.031596e-01 
1.693499e+00 3.031505e-01 
1.700965e+00 3.031414e-01 
1.708431e+00 3.031324e-01 
1.715897e+00 3.031233e-01 
1.723362e+00 3.031142e-01 
1.730828e+00 3.031051e-01 
1.738294e+00 3.030960e-01 
1.745760e+00 3.030870e-01 
1.753226e+00 3.030779e-01 
1.760691e+00 3.030688e-01 
1.768157e+00 3.030597e-01 
1.775623e+00 3.030506e-01 
1.783089e+00 3.030414e-01 
1.790554e+00 3.030323e-01 
1.798020e+00 3.030232e-01 
1.805486e+00 3.030140e-01 
1.812952e+00 3.030049e-01 
1.820417e+00 3.029957e-01 
1.827883e+00 3.029866e-01 
1.835349e+00 3.029774e-01 
1.842815e+00 3.029682e-01 
1.850280e+00 3.029590e-01 
1.857746e+00 3.029498e-01 
1.865212e+00 3.029406e-01 
1.872678e+00 3.029314e-01 
1.880143e+00 3.029222e-01 
1.887609e+00 3.029130e-01 
1.895075e+00 3.029038e-01 
1.902541e+00 3.028946e-01 
1.529231e+00 3.089803e-01 
1.536697e+00 3.089715e-01 
1.544163e+00 3.089627e-01 
1.551629e+00 3.089539e-01 
1.559095e+00 3.089450e-01 
1.566562e+00 3.089362e-01 
1.574028e+00 3.089273e-01 
1.581494e+00 3.089184e-01 
1.588960e+00 3.089095e-01 
1.596426e+00 3.089005e-01 
1.603892e+00 3.088916e-01 
1.611358e+00 3.088826e-01 
1.618824e+00 3.088737e-01 
1.626290e+00 3.088647e-01 
1.633756e+00 3.088557e-01 
1.641222e+00 3.088467e-01 
1.648688e+00 3.088377e-01 
1.656154e+00 3.088287e-01 
1.663620e+00 3.088197e-01 
1.671086e+00 3.088107e-01 
1.678551e+00 3.088016e-01 
1.686017e+00 3.087926e-01 
1.693483e+00 3.087836e-01 
1.700949e+00 3.087745e-01 
1.708415e+00 3.087655e-01 
1.715881e+00 3.087564e-01 
1.723347e+00 3.087474e-01 
1.730813e+00 3.087383e-01 
1.738279e+00 3.087292e-01 
1.745744e+00 3.087202e-01 
1.753210e+00 3.087111e-01 
1.760676e+00 3.087020e-01 
1.768142e+00 3.086929e-01 
1.775608e+00 3.086838e-01 
1.783074e+00 3.086748e-01 
1.790540e+00 3.086656e-01 
1.798005e+00 3.086565e-01 
1.805471e+00 3.086474e-01 
1.812937e+00 3.086383e-01 
1.820403e+00 3.086292e-01 
1.827869e+00 3.086200e-01 
1.835335e+00 3.086109e-01 
1.842800e+00 3.086017e-01 
1.850266e+00 3.085926e-01 
1.857732e+00 3.085834e-01 
1.865198e+00 3.085742e-01 
1.872664e+00 3.085650e-01 
1.880130e+00 3.085558e-01 
1.887595e+00 3.085467e-01 
1.895061e+00 3.085375e-01 
1.902527e+00 3.085283e-01 
1.529212e+00 3.146867e-01 
1.536678e+00 3.146783e-01 
1.544145e+00 3.146698e-01 
1.551611e+00 3.146613e-01 
1.559077e+00 3.146528e-01 
1.566543e+00 3.146443e-01 
1.574010e+00 3.146358e-01 
1.581476e+00 3.146272e-01 
1.588942e+00 3.146186e-01 
1.596408e+00 3.146101e-01 
1.603874e+00 3.146014e-01 
1.611340e+00 3.145928e-01 
1.618806e+00 3.145842e-01 
1.626273e+00 3.145756e-01 
1.633739e+00 3.145669e-01 
1.641205e+00 3.145583e-01 
1.648671e+00 3.145496e-01 
1.656137e+00 3.145409e-01 
1.663603e+00 3.145322e-01 
1.671069e+00 3.145236e-01 
1.678535e+00 3.145149e-01 
1.686001e+00 3.145062e-01 
1.693467e+00 3.144975e-01 
1.700933e+00 3.144888e-01 
1.708399e+00 3.144800e-01 
1.715865e+00 3.144713e-01 
1.723331e+00 3.144626e-01 
1.730797e+00 3.144539e-01 
1.738263e+00 3.144451e-01 
1.745729e+00 3.144364e-01 
1.753195e+00 3.144277e-01 
1.760661e+00 3.144189e-01 
1.768127e+00 3.144102e-01 
1.775592e+00 3.144014e-01 
1.783058e+00 3.143926e-01 
1.790524e+00 3.143839e-01 
1.797990e+00 3.143751e-01 
1.805456e+00 3.143663e-01 
1.812922e+00 3.143575e-01 
1.820388e+00 3.143487e-01 
1.827854e+00 3.143399e-01 
1.835320e+00 3.143311e-01 
1.842786e+00 3.143223e-01 
1.850252e+00 3.143134e-01 
1.857718e+00 3.143046e-01 
1.865184e+00 3.142958e-01 
1.872650e+00 3.142869e-01 
1.880116e+00 3.142781e-01 
1.887581e+00 3.142692e-01 
1.895047e+00 3.142604e-01 
1.902513e+00 3.142515e-01 
1.529193e+00 3.203952e-01 
1.536660e+00 3.203871e-01 
1.544126e+00 3.203790e-01 
1.551592e+00 3.203709e-01 
1.559059e+00 3.203627e-01 
1.566525e+00 3.203545e-01 
1.573991e+00 3.203463e-01 
1.581458e+00 3.203381e-01 
1.588924e+00 3.203298e-01 
1.596390e+00 3.203216e-01 
1.603857e+00 3.203133e-01 
1.611323e+00 3.203050e-01 
1.618789e+00 3.202967e-01 
1.626255e+00 3.202884e-01 
1.633721e+00 3.202801e-01 
1.641187e+00 3.202718e-01 
1.648654e+00 3.202634e-01 
1.656120e+00 3.202551e-01 
1.663586e+00 3.202467e-01 
1.671052e+00 3.202384e-01 
1.678518e+00 3.202300e-01 
1.685984e+00 3.202216e-01 
1.693450e+00 3.202132e-01 
1.700916e+00 3.202049e-01 
1.708382e+00 3.201965e-01 
1.715849e+00 3.201881e-01 
1.723315e+00 3.201797e-01 
1.730781e+00 3.201713e-01 
1.738247e+00 3.201629e-01 
1.745713e+00 3.201544e-01 
1.753179e+00 3.201460e-01 
1.760645e+00 3.201376e-01 
1.768111e+00 3.201292e-01 
1.775577e+00 3.201207e-01 
1.783043e+00 3.201123e-01 
1.790509e+00 3.201038e-01 
1.797975e+00 3.200954e-01 
1.805441e+00 3.200869e-01 
1.812907e+00 3.200785e-01 
1.820373e+00 3.200700e-01 
1.827839e+00 3.200615e-01 
1.835305e+00 3.200530e-01 
1.842771e+00 3.200445e-01 
1.850237e+00 3.200360e-01 
1.857703e+00 3.200275e-01 
1.865169e+00 3.200190e-01 
1.872635e+00 3.200105e-01 
1.880101e+00 3.200019e-01 
1.887567e+00 3.199934e-01 
1.895033e+00 3.199849e-01 
1.902499e+00 3.199763e-01 
1.529174e+00 3.261058e-01 
1.536641e+00 3.260980e-01 
1.544107e+00 3.260902e-01 
1.551574e+00 3.260824e-01 
1.559040e+00 3.260746e-01 
1.566507e+00 3.260667e-01 
1.573973e+00 3.260588e-01 
1.581440e+00 3.260509e-01 
1.588906e+00 3.260430e-01 
1.596372e+00 3.260351e-01 
1.603839e+00 3.260271e-01 
1.611305e+00 3.260191e-01 
1.618771e+00 3.260112e-01 
1.626238e+00 3.260032e-01 
1.633704e+00 3.259952e-01 
1.641170e+00 3.259872e-01 
1.648636e+00 3.259791e-01 
1.656103e+00 3.259711e-01 
1.663569e+00 3.259631e-01 
1.671035e+00 3.259550e-01 
1.678501e+00 3.259470e-01 
1.685967e+00 3.259389e-01 
1.693434e+00 3.259309e-01 
1.700900e+00 3.259228e-01 
1.708366e+00 3.259147e-01 
1.715832e+00 3.259066e-01 
1.723298e+00 3.258985e-01 
1.730765e+00 3.258904e-01 
1.738231e+00 3.258823e-01 
1.745697e+00 3.258742e-01 
1.753163e+00 3.258661e-01 
1.760629e+00 3.258580e-01 
1.768095e+00 3.258499e-01 
1.775561e+00 3.258418e-01 
1.783028e+00 3.258336e-01 
1.790494e+00 3.258255e-01 
1.797960e+00 3.258174e-01 
1.805426e+00 3.258092e-01 
1.812892e+00 3.258011e-01 
1.820358e+00 3.257929e-01 
1.827824e+00 3.257847e-01 
1.835290e+00 3.257765e-01 
1.842757e+00 3.257684e-01 
1.850223e+00 3.257602e-01 
1.857689e+00 3.257520e-01 
1.865155e+00 3.257438e-01 
1.872621e+00 3.257356e-01 
1.880087e+00 3.257274e-01 
1.887553e+00 3.257191e-01 
1.895019e+00 3.257109e-01 
1.902485e+00 3.257027e-01 
1.529155e+00 3.318184e-01 
1.536622e+00 3.318110e-01 
1.544089e+00 3.318035e-01 
1.551555e+00 3.317960e-01 
1.559022e+00 3.317885e-01 
1.566488e+00 3.317810e-01 
1.573955e+00 3.317734e-01 
1.581421e+00 3.317658e-01 
1.588888e+00 3.317582e-01 
1.596354e+00 3.317505e-01 
1.603821e+00 3.317429e-01 
1.611287e+00 3.317352e-01 
1.618754e+00 3.317276e-01 
1.626220e+00 3.317199e-01 
1.633686e+00 3.317122e-01 
1.641153e+00 3.317045e-01 
1.648619e+00 3.316968e-01 
1.656085e+00 3.316891e-01 
1.663552e+00 3.316813e-01 
1.671018e+00 3.316736e-01 
1.678484e+00 3.316658e-01 
1.685951e+00 3.316581e-01 
1.693417e+00 3.316503e-01 
1.700883e+00 3.316425e-01 
1.708350e+00 3.316348e-01 
1.715816e+00 3.316270e-01 
1.723282e+00 3.316192e-01 
1.730748e+00 3.316114e-01 
1.738215e+00 3.316036e-01 
1.745681e+00 3.315958e-01 
1.753147e+00 3.315880e-01 
1.760613e+00 3.315802e-01 
1.768080e+00 3.315724e-01 
1.775546e+00 3.315646e-01 
1.783012e+00 3.315567e-01 
1.790478e+00 3.315489e-01 
1.797945e+00 3.315411e-01 
1.805411e+00 3.315332e-01 
1.812877e+00 3.315253e-01 
1.820343e+00 3.315175e-01 
1.827809e+00 3.315096e-01 
1.835276e+00 3.315017e-01 
1.842742e+00 3.314939e-01 
1.850208e+00 3.314860e-01 
1.857674e+00 3.314781e-01 
1.865140e+00 3.314702e-01 
1.872607e+00 3.314623e-01 
1.880073e+00 3.314544e-01 
1.887539e+00 3.314465e-01 
1.895005e+00 3.314386e-01 
1.902471e+00 3.314306e-01 
1.529136e+00 3.375331e-01 
1.536603e+00 3.375260e-01 
1.544070e+00 3.375188e-01 
1.551537e+00 3.375116e-01 
1.559003e+00 3.375044e-01 
1.566470e+00 3.374972e-01 
1.573937e+00 3.374899e-01 
1.581403e+00 3.374826e-01 
1.588870e+00 3.374753e-01 
1.596336e+00 3.374680e-01 
1.603803e+00 3.374606e-01 
1.611270e+00 3.374533e-01 
1.618736e+00 3.374459e-01 
1.626203e+00 3.374385e-01 
1.633669e+00 3.374311e-01 
1.641135e+00 3.374237e-01 
1.648602e+00 3.374163e-01 
1.656068e+00 3.374089e-01 
1.663535e+00 3.374014e-01 
1.671001e+00 3.373940e-01 
1.678468e+00 3.373865e-01 
1.685934e+00 3.373791e-01 
1.693400e+00 3.373716e-01 
1.700867e+00 3.373641e-01 
1.708333e+00 3.373566e-01 
1.715800e+00 3.373491e-01 
1.723266e+00 3.373417e-01 
1.730732e+00 3.373342e-01 
1.738199e+00 3.373267e-01 
1.745665e+00 3.373191e-01 
1.753131e+00 3.373116e-01 
1.760598e+00 3.373041e-01 
1.768064e+00 3.372966e-01 
1.775530e+00 3.372890e-01 
1.782997e+00 3.372815e-01 
1.790463e+00 3.372740e-01 
1.797929e+00 3.372664e-01 
1.805396e+00 3.372589e-01 
1.812862e+00 3.372513e-01 
1.820328e+00 3.372437e-01 
1.827795e+00 3.372362e-01 
1.835261e+00 3.372286e-01 
1.842727e+00 3.372210e-01 
1.850193e+00 3.372134e-01 
1.857660e+00 3.372058e-01 
1.865126e+00 3.371982e-01 
1.872592e+00 3.371906e-01 
1.880059e+00 3.371830e-01 
1.887525e+00 3.371754e-01 
1.894991e+00 3.371677e-01 
1.902458e+00 3.371601e-01 
1.529118e+00 3.432499e-01 
1.536585e+00 3.432431e-01 
1.544052e+00 3.432362e-01 
1.551518e+00 3.432293e-01 
1.558985e+00 3.432224e-01 
1.566452e+00 3.432154e-01 
1.573919e+00 3.432085e-01 
1.581385e+00 3.432015e-01 
1.588852e+00 3.431944e-01 
1.596319e+00 3.431874e-01 
1.603785e+00 3.431803e-01 
1.611252e+00 3.431733e-01 
1.618719e+00 3.431662e-01 
1.626185e+00 3.431591e-01 
1.633652e+00 3.431520e-01 
1.641118e+00 3.431449e-01 
1.648585e+00 3.431377e-01 
1.656051e+00 3.431306e-01 
1.663518e+00 3.431234e-01 
1.670984e+00 3.431163e-01 
1.678451e+00 3.431091e-01 
1.685917e+00 3.431019e-01 
1.693384e+00 3.430947e-01 
1.700850e+00 3.430875e-01 
1.708317e+00 3.430803e-01 
1.715783e+00 3.430731e-01 
1.723250e+00 3.430659e-01 
1.730716e+00 3.430587e-01 
1.738183e+00 3.430515e-01 
1.745649e+00 3.430443e-01 
1.753116e+00 3.430370e-01 
1.760582e+00 3.430298e-01 
1.768048e+00 3.430225e-01 
1.775515e+00 3.430153e-01 
1.782981e+00 3.430080e-01 
1.790448e+00 3.430008e-01 
1.797914e+00 3.429935e-01 
1.805381e+00 3.429862e-01 
1.812847e+00 3.429789e-01 
1.820313e+00 3.429717e-01 
1.827780e+00 3.429644e-01 
1.835246e+00 3.429571e-01 
1.842713e+00 3.429498e-01 
1.850179e+00 3.429425e-01 
1.857645e+00 3.429351e-01 
1.865112e+00 3.429278e-01 
1.872578e+00 3.429205e-01 
1.880045e+00 3.429132e-01 
1.887511e+00 3.429058e-01 
1.894977e+00 3.428985e-01 
1.902444e+00 3.428912e-01 
1.529099e+00 3.489686e-01 
1.536566e+00 3.489621e-01 
1.544033e+00 3.489555e-01 
1.551500e+00 3.489489e-01 
1.558967e+00 3.489423e-01 
1.566434e+00 3.489356e-01 
1.573901e+00 3.489289e-01 
1.581368e+00 3.489222e-01 
1.588834e+00 3.489155e-01 
1.596301e+00 3.489087e-01 
1.603768e+00 3.489019e-01 
1.611235e+00 3.488951e-01 
1.618701e+00 3.488883e-01 
1.626168e+00 3.488815e-01 
1.633635e+00 3.488747e-01 
1.641101e+00 3.488678e-01 
1.648568e+00 3.488610e-01 
1.656035e+00 3.488541e-01 
1.663501e+00 3.488472e-01 
1.670968e+00 3.488403e-01 
1.678435e+00 3.488334e-01 
1.685901e+00 3.488265e-01 
1.693368e+00 3.488196e-01 
1.700834e+00 3.488127e-01 
1.708301e+00 3.488058e-01 
1.715767e+00 3.487988e-01 
1.723234e+00 3.487919e-01 
1.730700e+00 3.487850e-01 
1.738167e+00 3.487780e-01 
1.745634e+00 3.487710e-01 
1.753100e+00 3.487641e-01 
1.760567e+00 3.487571e-01 
1.768033e+00 3.487501e-01 
1.775500e+00 3.487432e-01 
1.782966e+00 3.487362e-01 
1.790433e+00 3.487292e-01 
1.797899e+00 3.487222e-01 
1.805366e+00 3.487152e-01 
1.812832e+00 3.487082e-01 
1.820299e+00 3.487012e-01 
1.827765e+00 3.486941e-01 
1.835232e+00 3.486871e-01 
1.842698e+00 3.486801e-01 
1.850165e+00 3.486730e-01 
1.857631e+00 3.486660e-01 
1.865098e+00 3.486590e-01 
1.872564e+00 3.486519e-01 
1.880031e+00 3.486449e-01 
1.887497e+00 3.486378e-01 
1.894964e+00 3.486307e-01 
1.902430e+00 3.486237e-01 
1.529081e+00 3.546893e-01 
1.536548e+00 3.546830e-01 
1.544015e+00 3.546767e-01 
1.551482e+00 3.546704e-01 
1.558949e+00 3.546641e-01 
1.566416e+00 3.546577e-01 
1.573883e+00 3.546512e-01 
1.581350e+00 3.546448e-01 
1.588817e+00 3.546383e-01 
1.596284e+00 3.546318e-01 
1.603751e+00 3.546253e-01 
1.611218e+00 3.546188e-01 
1.618684e+00 3.546123e-01 
1.626151e+00 3.546057e-01 
1.633618e+00 3.545991e-01 
1.641085e+00 3.545926e-01 
1.648552e+00 3.545860e-01 
1.656018e+00 3.545794e-01 
1.663485e+00 3.545727e-01 
1.670952e+00 3.545661e-01 
1.678418e+00 3.545595e-01 
1.685885e+00 3.545529e-01 
1.693352e+00 3.545462e-01 
1.700818e+00 3.545395e-01 
1.708285e+00 3.545329e-01 
1.715752e+00 3.545262e-01 
1.723218e+00 3.545195e-01 
1.730685e+00 3.545129e-01 
1.738152e+00 3.545062e-01 
1.745618e+00 3.544995e-01 
1.753085e+00 3.544928e-01 
1.760551e+00 3.544861e-01 
1.768018e+00 3.544794e-01 
1.775485e+00 3.544726e-01 
1.782951e+00 3.544659e-01 
1.790418e+00 3.544592e-01 
1.797885e+00 3.544525e-01 
1.805351e+00 3.544457e-01 
1.812818e+00 3.544390e-01 
1.820284e+00 3.544322e-01 
1.827751e+00 3.544255e-01 
1.835217e+00 3.544187e-01 
1.842684e+00 3.544119e-01 
1.850151e+00 3.544051e-01 
1.857617e+00 3.543984e-01 
1.865084e+00 3.543916e-01 
1.872550e+00 3.543848e-01 
1.880017e+00 3.543780e-01 
1.887484e+00 3.543712e-01 
1.894950e+00 3.543644e-01 
1.902417e+00 3.543576e-01 
1.529063e+00 3.604118e-01 
1.536531e+00 3.604058e-01 
1.543998e+00 3.603998e-01 
1.551465e+00 3.603937e-01 
1.558932e+00 3.603876e-01 
1.566399e+00 3.603815e-01 
1.573866e+00 3.603753e-01 
1.581333e+00 3.603691e-01 
1.588800e+00 3.603629e-01 
1.596267e+00 3.603567e-01 
1.603734e+00 3.603504e-01 
1.611201e+00 3.603442e-01 
1.618668e+00 3.603379e-01 
1.626135e+00 3.603316e-01 
1.633602e+00 3.603253e-01 
1.641068e+00 3.603190e-01 
1.648535e+00 3.603126e-01 
1.656002e+00 3.603063e-01 
1.663469e+00 3.602999e-01 
1.670936e+00 3.602936e-01 
1.678403e+00 3.602872e-01 
1.685869e+00 3.602808e-01 
1.693336e+00 3.602744e-01 
1.700803e+00 3.602680e-01 
1.708270e+00 3.602616e-01 
1.715736e+00 3.602552e-01 
1.723203e+00 3.602487e-01 
1.730670e+00 3.602423e-01 
1.738137e+00 3.602359e-01 
1.745603e+00 3.602294e-01 
1.753070e+00 3.602230e-01 
1.760537e+00 3.602165e-01 
1.768003e+00 3.602101e-01 
1.775470e+00 3.602036e-01 
1.782937e+00 3.601971e-01 
1.790403e+00 3.601907e-01 
1.797870e+00 3.601842e-01 
1.805337e+00 3.601777e-01 
1.812804e+00 3.601712e-01 
1.820270e+00 3.601647e-01 
1.827737e+00 3.601582e-01 
1.835204e+00 3.601517e-01 
1.842670e+00 3.601452e-01 
1.850137e+00 3.601387e-01 
1.857604e+00 3.601321e-01 
1.865070e+00 3.601256e-01 
1.872537e+00 3.601191e-01 
1.880004e+00 3.601125e-01 
1.887470e+00 3.601060e-01 
1.894937e+00 3.600995e-01 
1.902404e+00 3.600929e-01 
1.529046e+00 3.661361e-01 
1.536513e+00 3.661303e-01 
1.543981e+00 3.661246e-01 
1.551448e+00 3.661187e-01 
1.558915e+00 3.661129e-01 
1.566382e+00 3.661070e-01 
1.573849e+00 3.661011e-01 
1.581317e+00 3.660952e-01 
1.588784e+00 3.660892e-01 
1.596251e+00 3.660832e-01 
1.603718e+00 3.660773e-01 
1.611185e+00 3.660712e-01 
1.618652e+00 3.660652e-01 
1.626119e+00 3.660592e-01 
1.633586e+00 3.660531e-01 
1.641053e+00 3.660470e-01 
1.648520e+00 3.660409e-01 
1.655986e+00 3.660348e-01 
1.663453e+00 3.660287e-01 
1.670920e+00 3.660226e-01 
1.678387e+00 3.660165e-01 
1.685854e+00 3.660103e-01 
1.693321e+00 3.660042e-01 
1.700788e+00 3.659980e-01 
1.708255e+00 3.659919e-01 
1.715721e+00 3.659857e-01 
1.723188e+00 3.659795e-01 
1.730655e+00 3.659733e-01 
1.738122e+00 3.659671e-01 
1.745589e+00 3.659609e-01 
1.753055e+00 3.659547e-01 
1.760522e+00 3.659485e-01 
1.767989e+00 3.659423e-01 
1.775456e+00 3.659361e-01 
1.782923e+00 3.659299e-01 
1.790389e+00 3.659236e-01 
1.797856e+00 3.659174e-01 
1.805323e+00 3.659112e-01 
1.812790e+00 3.659049e-01 
1.820256e+00 3.658987e-01 
1.827723e+00 3.658924e-01 
1.835190e+00 3.658861e-01 
1.842657e+00 3.658799e-01 
1.850124e+00 3.658736e-01 
1.857590e+00 3.658673e-01 
1.865057e+00 3.658610e-01 
1.872524e+00 3.658547e-01 
1.879991e+00 3.658485e-01 
1.887457e+00 3.658422e-01 
1.894924e+00 3.658359e-01 
1.902391e+00 3.658296e-01 
1.529029e+00 3.718620e-01 
1.536497e+00 3.718565e-01 
1.543964e+00 3.718510e-01 
1.551431e+00 3.718455e-01 
1.558899e+00 3.718399e-01 
1.566366e+00 3.718342e-01 
1.573833e+00 3.718286e-01 
1.581300e+00 3.718229e-01 
1.588768e+00 3.718172e-01 
1.596235e+00 3.718114e-01 
1.603702e+00 3.718057e-01 
1.611169e+00 3.717999e-01 
1.618636e+00 3.717941e-01 
1.626103e+00 3.717883e-01 
1.633570e+00 3.717825e-01 
1.641037e+00 3.717766e-01 
1.648504e+00 3.717708e-01 
1.655971e+00 3.717649e-01 
1.663438e+00 3.717591e-01 
1.670905e+00 3.717532e-01 
1.678372e+00 3.717473e-01 
1.685839e+00 3.717414e-01 
1.693306e+00 3.717355e-01 
1.700773e+00 3.717296e-01 
1.708240e+00 3.717236e-01 
1.715707e+00 3.717177e-01 
1.723174e+00 3.717117e-01 
1.730641e+00 3.717058e-01 
1.738108e+00 3.716998e-01 
1.745574e+00 3.716939e-01 
1.753041e+00 3.716879e-01 
1.760508e+00 3.716819e-01 
1.767975e+00 3.716760e-01 
1.775442e+00 3.716700e-01 
1.782909e+00 3.716640e-01 
1.790376e+00 3.716580e-01 
1.797843e+00 3.716520e-01 
1.805309e+00 3.716460e-01 
1.812776e+00 3.716400e-01 
1.820243e+00 3.716340e-01 
1.827710e+00 3.716279e-01 
1.835177e+00 3.716219e-01 
1.842644e+00 3.716159e-01 
1.850111e+00 3.716098e-01 
1.857577e+00 3.716038e-01 
1.865044e+00 3.715978e-01 
1.872511e+00 3.715917e-01 
1.879978e+00 3.715857e-01 
1.887445e+00 3.715796e-01 
1.894912e+00 3.715735e-01 
1.902378e+00 3.715675e-01 
1.529013e+00 3.775896e-01 
1.536480e+00 3.775844e-01 
1.543948e+00 3.775791e-01 
1.551415e+00 3.775738e-01 
1.558883e+00 3.775684e-01 
1.566350e+00 3.775630e-01 
1.573817e+00 3.775576e-01 
1.581285e+00 3.775522e-01 
1.588752e+00 3.775467e-01 
1.596219e+00 3.775412e-01 
1.603686e+00 3.775357e-01 
1.611154e+00 3.775301e-01 
1.618621e+00 3.775246e-01 
1.626088e+00 3.775190e-01 
1.633555e+00 3.775134e-01 
1.641022e+00 3.775078e-01 
1.648489e+00 3.775022e-01 
1.655956e+00 3.774965e-01 
1.663424e+00 3.774909e-01 
1.670891e+00 3.774852e-01 
1.678358e+00 3.774796e-01 
1.685825e+00 3.774739e-01 
1.693292e+00 3.774682e-01 
1.700759e+00 3.774625e-01 
1.708226e+00 3.774568e-01 
1.715693e+00 3.774511e-01 
1.723160e+00 3.774454e-01 
1.730627e+00 3.774397e-01 
1.738094e+00 3.774340e-01 
1.745561e+00 3.774282e-01 
1.753028e+00 3.774225e-01 
1.760495e+00 3.774167e-01 
1.767962e+00 3.774110e-01 
1.775429e+00 3.774052e-01 
1.782895e+00 3.773995e-01 
1.790362e+00 3.773937e-01 
1.797829e+00 3.773879e-01 
1.805296e+00 3.773822e-01 
1.812763e+00 3.773764e-01 
1.820230e+00 3.773706e-01 
1.827697e+00 3.773648e-01 
1.835164e+00 3.773590e-01 
1.842631e+00 3.773532e-01 
1.850098e+00 3.773474e-01 
1.857565e+00 3.773416e-01 
1.865032e+00 3.773358e-01 
1.872499e+00 3.773299e-01 
1.879966e+00 3.773241e-01 
1.887433e+00 3.773183e-01 
1.894899e+00 3.773125e-01 
1.902366e+00 3.773066e-01 
1.528997e+00 3.833188e-01 
1.536465e+00 3.833138e-01 
1.543932e+00 3.833088e-01 
1.551400e+00 3.833037e-01 
1.558867e+00 3.832986e-01 
1.566335e+00 3.832934e-01 
1.573802e+00 3.832882e-01 
1.581270e+00 3.832830e-01 
1.588737e+00 3.832777e-01 
1.596204e+00 3.832724e-01 
1.603672e+00 3.832671e-01 
1.611139e+00 3.832618e-01 
1.618606e+00 3.832565e-01 
1.626073e+00 3.832511e-01 
1.633541e+00 3.832458e-01 
1.641008e+00 3.832404e-01 
1.648475e+00 3.832350e-01 
1.655942e+00 3.832296e-01 
1.663409e+00 3.832242e-01 
1.670876e+00 3.832187e-01 
1.678344e+00 3.832133e-01 
1.685811e+00 3.832079e-01 
1.693278e+00 3.832024e-01 
1.700745e+00 3.831969e-01 
1.708212e+00 3.831914e-01 
1.715679e+00 3.831859e-01 
1.723146e+00 3.831805e-01 
1.730613e+00 3.831750e-01 
1.738080e+00 3.831694e-01 
1.745547e+00 3.831639e-01 
1.753014e+00 3.831584e-01 
1.760481e+00 3.831529e-01 
1.767948e+00 3.831474e-01 
1.775416e+00 3.831418e-01 
1.782883e+00 3.831363e-01 
1.790350e+00 3.831307e-01 
1.797817e+00 3.831252e-01 
1.805284e+00 3.831196e-01 
1.812751e+00 3.831141e-01 
1.820218e+00 3.831085e-01 
1.827685e+00 3.831029e-01 
1.835152e+00 3.830973e-01 
1.842619e+00 3.830918e-01 
1.850086e+00 3.830862e-01 
1.857553e+00 3.830806e-01 
1.865020e+00 3.830750e-01 
1.872487e+00 3.830694e-01 
1.879954e+00 3.830638e-01 
1.887421e+00 3.830582e-01 
1.894888e+00 3.830526e-01 
1.902355e+00 3.830470e-01 
1.528982e+00 3.890496e-01 
1.536449e+00 3.890448e-01 
1.543917e+00 3.890400e-01 
1.551385e+00 3.890351e-01 
1.558852e+00 3.890302e-01 
1.566320e+00 3.890253e-01 
1.573787e+00 3.890203e-01 
1.581255e+00 3.890153e-01 
1.588722e+00 3.890102e-01 
1.596190e+00 3.890052e-01 
1.603657e+00 3.890001e-01 
1.611125e+00 3.889950e-01 
1.618592e+00 3.889899e-01 
1.626059e+00 3.889848e-01 
1.633527e+00 3.889796e-01 
1.640994e+00 3.889744e-01 
1.648461e+00 3.889693e-01 
1.655928e+00 3.889641e-01 
1.663396e+00 3.889589e-01 
1.670863e+00 3.889537e-01 
1.678330e+00 3.889484e-01 
1.685797e+00 3.889432e-01 
1.693264e+00 3.889379e-01 
1.700732e+00 3.889327e-01 
1.708199e+00 3.889274e-01 
1.715666e+00 3.889221e-01 
1.723133e+00 3.889169e-01 
1.730600e+00 3.889116e-01 
1.738067e+00 3.889063e-01 
1.745534e+00 3.889010e-01 
1.753002e+00 3.888957e-01 
1.760469e+00 3.888904e-01 
1.767936e+00 3.888850e-01 
1.775403e+00 3.888797e-01 
1.782870e+00 3.888744e-01 
1.790337e+00 3.888691e-01 
1.797804e+00 3.888637e-01 
1.805271e+00 3.888584e-01 
1.812738e+00 3.888530e-01 
1.820206e+00 3.888477e-01 
1.827673e+00 3.888423e-01 
1.835140e+00 3.888369e-01 
1.842607e+00 3.888316e-01 
1.850074e+00 3.888262e-01 
1.857541e+00 3.888208e-01 
1.865008e+00 3.888154e-01 
1.872475e+00 3.888100e-01 
1.879942e+00 3.888047e-01 
1.887409e+00 3.887993e-01 
1.894876e+00 3.887939e-01 
1.902343e+00 3.887885e-01 
1.528967e+00 3.947818e-01 
1.536435e+00 3.947772e-01 
1.543903e+00 3.947726e-01 
1.551370e+00 3.947680e-01 
1.558838e+00 3.947633e-01 
1.566306e+00 3.947586e-01 
1.573773e+00 3.947538e-01 
1.581241e+00 3.947490e-01 
1.588708e+00 3.947442e-01 
1.596176e+00 3.947393e-01 
1.603643e+00 3.947345e-01 
1.611111e+00 3.947296e-01 
1.618578e+00 3.947247e-01 
1.626046e+00 3.947197e-01 
1.633513e+00 3.947148e-01 
1.640980e+00 3.947098e-01 
1.648448e+00 3.947049e-01 
1.655915e+00 3.946999e-01 
1.663382e+00 3.946949e-01 
1.670850e+00 3.946899e-01 
1.678317e+00 3.946849e-01 
1.685784e+00 3.946798e-01 
1.693251e+00 3.946748e-01 
1.700719e+00 3.946697e-01 
1.708186e+00 3.946647e-01 
1.715653e+00 3.946596e-01 
1.723120e+00 3.946545e-01 
1.730588e+00 3.946495e-01 
1.738055e+00 3.946444e-01 
1.745522e+00 3.946393e-01 
1.752989e+00 3.946342e-01 
1.760456e+00 3.946291e-01 
1.767924e+00 3.946239e-01 
1.775391e+00 3.946188e-01 
1.782858e+00 3.946137e-01 
1.790325e+00 3.946086e-01 
1.797792e+00 3.946034e-01 
1.805260e+00 3.945983e-01 
1.812727e+00 3.945932e-01 
1.820194e+00 3.945880e-01 
1.827661e+00 3.945828e-01 
1.835128e+00 3.945777e-01 
1.842595e+00 3.945725e-01 
1.850063e+00 3.945674e-01 
1.857530e+00 3.945622e-01 
1.864997e+00 3.945570e-01 
1.872464e+00 3.945518e-01 
1.879931e+00 3.945466e-01 
1.887398e+00 3.945415e-01 
1.894865e+00 3.945363e-01 
1.902333e+00 3.945311e-01 
1.528953e+00 4.005154e-01 
1.536421e+00 4.005111e-01 
1.543889e+00 4.005067e-01 
1.551356e+00 4.005022e-01 
1.558824e+00 4.004978e-01 
1.566292e+00 4.004932e-01 
1.573760e+00 4.004887e-01 
1.581227e+00 4.004841e-01 
1.588695e+00 4.004795e-01 
1.596162e+00 4.004748e-01 
1.603630e+00 4.004702e-01 
1.611098e+00 4.004655e-01 
1.618565e+00 4.004608e-01 
1.626032e+00 4.004560e-01 
1.633500e+00 4.004513e-01 
1.640967e+00 4.004465e-01 
1.648435e+00 4.004418e-01 
1.655902e+00 4.004370e-01 
1.663370e+00 4.004322e-01 
1.670837e+00 4.004274e-01 
1.678304e+00 4.004226e-01 
1.685772e+00 4.004177e-01 
1.693239e+00 4.004129e-01 
1.700706e+00 4.004080e-01 
1.708174e+00 4.004032e-01 
1.715641e+00 4.003983e-01 
1.723108e+00 4.003934e-01 
1.730576e+00 4.003885e-01 
1.738043e+00 4.003837e-01 
1.745510e+00 4.003788e-01 
1.752977e+00 4.003739e-01 
1.760445e+00 4.003689e-01 
1.767912e+00 4.003640e-01 
1.775379e+00 4.003591e-01 
1.782846e+00 4.003542e-01 
1.790314e+00 4.003493e-01 
1.797781e+00 4.003443e-01 
1.805248e+00 4.003394e-01 
1.812715e+00 4.003344e-01 
1.820183e+00 4.003295e-01 
1.827650e+00 4.003245e-01 
1.835117e+00 4.003196e-01 
1.842584e+00 4.003146e-01 
1.850052e+00 4.003096e-01 
1.857519e+00 4.003047e-01 
1.864986e+00 4.002997e-01 
1.872453e+00 4.002947e-01 
1.879921e+00 4.002897e-01 
1.887388e+00 4.002847e-01 
1.894855e+00 4.002797e-01 
1.902322e+00 4.002747e-01 
1.528939e+00 4.062504e-01 
1.536407e+00 4.062462e-01 
1.543875e+00 4.062420e-01 
1.551343e+00 4.062378e-01 
1.558811e+00 4.062335e-01 
1.566279e+00 4.062292e-01 
1.573746e+00 4.062248e-01 
1.581214e+00 4.062204e-01 
1.588682e+00 4.062160e-01 
1.596150e+00 4.062116e-01 
1.603617e+00 4.062071e-01 
1.611085e+00 4.062026e-01 
1.618552e+00 4.061981e-01 
1.626020e+00 4.061936e-01 
1.633487e+00 4.061890e-01 
1.640955e+00 4.061845e-01 
1.648422e+00 4.061799e-01 
1.655890e+00 4.061753e-01 
1.663357e+00 4.061707e-01 
1.670825e+00 4.061661e-01 
1.678292e+00 4.061615e-01 
1.685760e+00 4.061568e-01 
1.693227e+00 4.061522e-01 
1.700694e+00 4.061475e-01 
1.708162e+00 4.061428e-01 
1.715629e+00 4.061382e-01 
1.723097e+00 4.061335e-01 
1.730564e+00 4.061288e-01 
1.738031e+00 4.061241e-01 
1.745499e+00 4.061194e-01 
1.752966e+00 4.061147e-01 
1.760433e+00 4.061099e-01 
1.767901e+00 4.061052e-01 
1.775368e+00 4.061005e-01 
1.782835e+00 4.060958e-01 
1.790303e+00 4.060910e-01 
1.797770e+00 4.060863e-01 
1.805237e+00 4.060815e-01 
1.812705e+00 4.060768e-01 
1.820172e+00 4.060720e-01 
1.827639e+00 4.060672e-01 
1.835106e+00 4.060625e-01 
1.842574e+00 4.060577e-01 
1.850041e+00 4.060529e-01 
1.857508e+00 4.060481e-01 
1.864976e+00 4.060434e-01 
1.872443e+00 4.060386e-01 
1.879910e+00 4.060338e-01 
1.887378e+00 4.060290e-01 
1.894845e+00 4.060242e-01 
1.902312e+00 4.060194e-01 
1.528926e+00 4.119866e-01 
1.536394e+00 4.119826e-01 
1.543862e+00 4.119786e-01 
1.551330e+00 4.119746e-01 
1.558798e+00 4.119705e-01 
1.566266e+00 4.119664e-01 
1.573734e+00 4.119622e-01 
1.581202e+00 4.119580e-01 
1.588669e+00 4.119538e-01 
1.596137e+00 4.119495e-01 
1.603605e+00 4.119452e-01 
1.611072e+00 4.119409e-01 
1.618540e+00 4.119366e-01 
1.626008e+00 4.119323e-01 
1.633475e+00 4.119279e-01 
1.640943e+00 4.119235e-01 
1.648410e+00 4.119192e-01 
1.655878e+00 4.119148e-01 
1.663346e+00 4.119103e-01 
1.670813e+00 4.119059e-01 
1.678281e+00 4.119015e-01 
1.685748e+00 4.118970e-01 
1.693215e+00 4.118926e-01 
1.700683e+00 4.118881e-01 
1.708150e+00 4.118836e-01 
1.715618e+00 4.118791e-01 
1.723085e+00 4.118746e-01 
1.730553e+00 4.118701e-01 
1.738020e+00 4.118656e-01 
1.745488e+00 4.118611e-01 
1.752955e+00 4.118565e-01 
1.760422e+00 4.118520e-01 
1.767890e+00 4.118475e-01 
1.775357e+00 4.118429e-01 
1.782825e+00 4.118384e-01 
1.790292e+00 4.118338e-01 
1.797759e+00 4.118293e-01 
1.805227e+00 4.118247e-01 
1.812694e+00 4.118201e-01 
1.820161e+00 4.118156e-01 
1.827629e+00 4.118110e-01 
1.835096e+00 4.118064e-01 
1.842564e+00 4.118018e-01 
1.850031e+00 4.117972e-01 
1.857498e+00 4.117926e-01 
1.864966e+00 4.117880e-01 
1.872433e+00 4.117834e-01 
1.879900e+00 4.117788e-01 
1.887368e+00 4.117742e-01 
1.894835e+00 4.117696e-01 
1.902302e+00 4.117650e-01 
1.528913e+00 4.177240e-01 
1.536382e+00 4.177202e-01 
1.543850e+00 4.177164e-01 
1.551318e+00 4.177125e-01 
1.558786e+00 4.177087e-01 
1.566254e+00 4.177047e-01 
1.573722e+00 4.177007e-01 
1.581189e+00 4.176967e-01 
1.588657e+00 4.176927e-01 
1.596125e+00 4.176886e-01 
1.603593e+00 4.176845e-01 
1.611061e+00 4.176804e-01 
1.618528e+00 4.176763e-01 
1.625996e+00 4.176721e-01 
1.633464e+00 4.176679e-01 
1.640931e+00 4.176637e-01 
1.648399e+00 4.176595e-01 
1.655867e+00 4.176553e-01 
1.663334e+00 4.176511e-01 
1.670802e+00 4.176468e-01 
1.678269e+00 4.176426e-01 
1.685737e+00 4.176383e-01 
1.693204e+00 4.176340e-01 
1.700672e+00 4.176297e-01 
1.708139e+00 4.176254e-01 
1.715607e+00 4.176211e-01 
1.723074e+00 4.176168e-01 
1.730542e+00 4.176124e-01 
1.738009e+00 4.176081e-01 
1.745477e+00 4.176038e-01 
1.752944e+00 4.175994e-01 
1.760412e+00 4.175951e-01 
1.767879e+00 4.175907e-01 
1.775347e+00 4.175864e-01 
1.782814e+00 4.175820e-01 
1.790282e+00 4.175776e-01 
1.797749e+00 4.175732e-01 
1.805217e+00 4.175688e-01 
1.812684e+00 4.175645e-01 
1.820151e+00 4.175601e-01 
1.827619e+00 4.175557e-01 
1.835086e+00 4.175513e-01 
1.842554e+00 4.175468e-01 
1.850021e+00 4.175424e-01 
1.857489e+00 4.175380e-01 
1.864956e+00 4.175336e-01 
1.872423e+00 4.175292e-01 
1.879891e+00 4.175248e-01 
1.887358e+00 4.175203e-01 
1.894826e+00 4.175159e-01 
1.902293e+00 4.175115e-01 
1.528901e+00 4.234625e-01 
1.536370e+00 4.234589e-01 
1.543838e+00 4.234553e-01 
1.551306e+00 4.234516e-01 
1.558774e+00 4.234479e-01 
1.566242e+00 4.234441e-01 
1.573710e+00 4.234403e-01 
1.581178e+00 4.234365e-01 
1.588646e+00 4.234326e-01 
1.596114e+00 4.234288e-01 
1.603581e+00 4.234248e-01 
1.611049e+00 4.234209e-01 
1.618517e+00 4.234169e-01 
1.625985e+00 4.234130e-01 
1.633452e+00 4.234090e-01 
1.640920e+00 4.234049e-01 
1.648388e+00 4.234009e-01 
1.655856e+00 4.233969e-01 
1.663323e+00 4.233928e-01 
1.670791e+00 4.233887e-01 
1.678258e+00 4.233847e-01 
1.685726e+00 4.233806e-01 
1.693194e+00 4.233765e-01 
1.700661e+00 4.233723e-01 
1.708129e+00 4.233682e-01 
1.715596e+00 4.233641e-01 
1.723064e+00 4.233599e-01 
1.730532e+00 4.233558e-01 
1.737999e+00 4.233516e-01 
1.745467e+00 4.233474e-01 
1.752934e+00 4.233433e-01 
1.760402e+00 4.233391e-01 
1.767869e+00 4.233349e-01 
1.775337e+00 4.233307e-01 
1.782804e+00 4.233265e-01 
1.790272e+00 4.233223e-01 
1.797739e+00 4.233181e-01 
1.805207e+00 4.233139e-01 
1.812674e+00 4.233097e-01 
1.820142e+00 4.233055e-01 
1.827609e+00 4.233012e-01 
1.835077e+00 4.232970e-01 
1.842544e+00 4.232928e-01 
1.850012e+00 4.232885e-01 
1.857479e+00 4.232843e-01 
1.864947e+00 4.232801e-01 
1.872414e+00 4.232758e-01 
1.879882e+00 4.232716e-01 
1.887349e+00 4.232673e-01 
1.894817e+00 4.232631e-01 
1.902284e+00 4.232588e-01 
1.528890e+00 4.292021e-01 
1.536358e+00 4.291987e-01 
1.543826e+00 4.291952e-01 
1.551294e+00 4.291918e-01 
1.558762e+00 4.291882e-01 
1.566231e+00 4.291846e-01 
1.573699e+00 4.291810e-01 
1.581167e+00 4.291773e-01 
1.588635e+00 4.291737e-01 
1.596102e+00 4.291699e-01 
1.603570e+00 4.291662e-01 
1.611038e+00 4.291624e-01 
1.618506e+00 4.291586e-01 
1.625974e+00 4.291548e-01 
1.633442e+00 4.291510e-01 
1.640909e+00 4.291472e-01 
1.648377e+00 4.291433e-01 
1.655845e+00 4.291394e-01 
1.663313e+00 4.291355e-01 
1.670780e+00 4.291316e-01 
1.678248e+00 4.291277e-01 
1.685716e+00 4.291238e-01 
1.693183e+00 4.291199e-01 
1.700651e+00 4.291159e-01 
1.708119e+00 4.291119e-01 
1.715586e+00 4.291080e-01 
1.723054e+00 4.291040e-01 
1.730522e+00 4.291000e-01 
1.737989e+00 4.290960e-01 
1.745457e+00 4.290920e-01 
1.752924e+00 4.290880e-01 
1.760392e+00 4.290840e-01 
1.767860e+00 4.290800e-01 
1.775327e+00 4.290760e-01 
1.782795e+00 4.290720e-01 
1.790262e+00 4.290679e-01 
1.797730e+00 4.290639e-01 
1.805197e+00 4.290598e-01 
1.812665e+00 4.290558e-01 
1.820133e+00 4.290517e-01 
1.827600e+00 4.290477e-01 
1.835068e+00 4.290436e-01 
1.842535e+00 4.290396e-01 
1.850003e+00 4.290355e-01 
1.857470e+00 4.290314e-01 
1.864938e+00 4.290274e-01 
1.872405e+00 4.290233e-01 
1.879873e+00 4.290192e-01 
1.887340e+00 4.290151e-01 
1.894808e+00 4.290110e-01 
1.902276e+00 4.290069e-01 
1.528878e+00 4.349427e-01 
1.536347e+00 4.349395e-01 
1.543815e+00 4.349362e-01 
1.551283e+00 4.349329e-01 
1.558752e+00 4.349295e-01 
1.566220e+00 4.349261e-01 
1.573688e+00 4.349227e-01 
1.581156e+00 4.349192e-01 
1.588624e+00 4.349157e-01 
1.596092e+00 4.349121e-01 
1.603560e+00 4.349085e-01 
1.611028e+00 4.349049e-01 
1.618496e+00 4.349013e-01 
1.625964e+00 4.348977e-01 
1.633431e+00 4.348940e-01 
1.640899e+00 4.348903e-01 
1.648367e+00 4.348866e-01 
1.655835e+00 4.348829e-01 
1.663303e+00 4.348792e-01 
1.670770e+00 4.348755e-01 
1.678238e+00 4.348717e-01 
1.685706e+00 4.348680e-01 
1.693174e+00 4.348642e-01 
1.700641e+00 4.348604e-01 
1.708109e+00 4.348566e-01 
1.715577e+00 4.348528e-01 
1.723044e+00 4.348490e-01 
1.730512e+00 4.348452e-01 
1.737980e+00 4.348413e-01 
1.745447e+00 4.348375e-01 
1.752915e+00 4.348337e-01 
1.760383e+00 4.348298e-01 
1.767850e+00 4.348260e-01 
1.775318e+00 4.348221e-01 
1.782786e+00 4.348182e-01 
1.790253e+00 4.348144e-01 
1.797721e+00 4.348105e-01 
1.805188e+00 4.348066e-01 
1.812656e+00 4.348027e-01 
1.820124e+00 4.347989e-01 
1.827591e+00 4.347950e-01 
1.835059e+00 4.347911e-01 
1.842526e+00 4.347872e-01 
1.849994e+00 4.347833e-01 
1.857462e+00 4.347794e-01 
1.864929e+00 4.347754e-01 
1.872397e+00 4.347715e-01 
1.879864e+00 4.347676e-01 
1.887332e+00 4.347637e-01 
1.894800e+00 4.347598e-01 
1.902267e+00 4.347559e-01 
1.528868e+00 4.406844e-01 
1.536336e+00 4.406813e-01 
1.543804e+00 4.406782e-01 
1.551273e+00 4.406750e-01 
1.558741e+00 4.406718e-01 
1.566209e+00 4.406686e-01 
1.573677e+00 4.406653e-01 
1.581146e+00 4.406620e-01 
1.588614e+00 4.406586e-01 
1.596082e+00 4.406552e-01 
1.603550e+00 4.406518e-01 
1.611018e+00 4.406484e-01 
1.618486e+00 4.406449e-01 
1.625954e+00 4.406414e-01 
1.633421e+00 4.406379e-01 
1.640889e+00 4.406344e-01 
1.648357e+00 4.406309e-01 
1.655825e+00 4.406273e-01 
1.663293e+00 4.406238e-01 
1.670761e+00 4.406202e-01 
1.678229e+00 4.406166e-01 
1.685696e+00 4.406130e-01 
1.693164e+00 4.406094e-01 
1.700632e+00 4.406058e-01 
1.708100e+00 4.406021e-01 
1.715567e+00 4.405985e-01 
1.723035e+00 4.405948e-01 
1.730503e+00 4.405912e-01 
1.737971e+00 4.405875e-01 
1.745438e+00 4.405838e-01 
1.752906e+00 4.405801e-01 
1.760374e+00 4.405764e-01 
1.767841e+00 4.405728e-01 
1.775309e+00 4.405691e-01 
1.782777e+00 4.405654e-01 
1.790244e+00 4.405616e-01 
1.797712e+00 4.405579e-01 
1.805180e+00 4.405542e-01 
1.812647e+00 4.405505e-01 
1.820115e+00 4.405468e-01 
1.827583e+00 4.405430e-01 
1.835050e+00 4.405393e-01 
1.842518e+00 4.405355e-01 
1.849986e+00 4.405318e-01 
1.857453e+00 4.405281e-01 
1.864921e+00 4.405243e-01 
1.872389e+00 4.405206e-01 
1.879856e+00 4.405168e-01 
1.887324e+00 4.405130e-01 
1.894792e+00 4.405093e-01 
1.902259e+00 4.405055e-01 
1.528857e+00 4.464269e-01 
1.536326e+00 4.464240e-01 
1.543794e+00 4.464211e-01 
1.551263e+00 4.464181e-01 
1.558731e+00 4.464150e-01 
1.566199e+00 4.464120e-01 
1.573667e+00 4.464088e-01 
1.581136e+00 4.464057e-01 
1.588604e+00 4.464025e-01 
1.596072e+00 4.463992e-01 
1.603540e+00 4.463960e-01 
1.611008e+00 4.463927e-01 
1.618476e+00 4.463894e-01 
1.625944e+00 4.463861e-01 
1.633412e+00 4.463827e-01 
1.640880e+00 4.463794e-01 
1.648348e+00 4.463760e-01 
1.655816e+00 4.463726e-01 
1.663284e+00 4.463692e-01 
1.670752e+00 4.463658e-01 
1.678219e+00 4.463623e-01 
1.685687e+00 4.463589e-01 
1.693155e+00 4.463554e-01 
1.700623e+00 4.463519e-01 
1.708091e+00 4.463485e-01 
1.715558e+00 4.463450e-01 
1.723026e+00 4.463415e-01 
1.730494e+00 4.463380e-01 
1.737962e+00 4.463345e-01 
1.745430e+00 4.463309e-01 
1.752897e+00 4.463274e-01 
1.760365e+00 4.463239e-01 
1.767833e+00 4.463203e-01 
1.775301e+00 4.463168e-01 
1.782768e+00 4.463132e-01 
1.790236e+00 4.463097e-01 
1.797704e+00 4.463061e-01 
1.805172e+00 4.463026e-01 
1.812639e+00 4.462990e-01 
1.820107e+00 4.462954e-01 
1.827575e+00 4.462918e-01 
1.835042e+00 4.462883e-01 
1.842510e+00 4.462847e-01 
1.849978e+00 4.462811e-01 
1.857446e+00 4.462775e-01 
1.864913e+00 4.462739e-01 
1.872381e+00 4.462703e-01 
1.879849e+00 4.462667e-01 
1.887316e+00 4.462631e-01 
1.894784e+00 4.462595e-01 
1.902252e+00 4.462559e-01 
1.528847e+00 4.521704e-01 
1.536316e+00 4.521676e-01 
1.543784e+00 4.521648e-01 
1.551253e+00 4.521620e-01 
1.558721e+00 4.521591e-01 
1.566190e+00 4.521562e-01 
1.573658e+00 4.521532e-01 
1.581126e+00 4.521502e-01 
1.588594e+00 4.521472e-01 
1.596062e+00 4.521441e-01 
1.603531e+00 4.521410e-01 
1.610999e+00 4.521379e-01 
1.618467e+00 4.521347e-01 
1.625935e+00 4.521315e-01 
1.633403e+00 4.521283e-01 
1.640871e+00 4.521251e-01 
1.648339e+00 4.521219e-01 
1.655807e+00 4.521187e-01 
1.663275e+00 4.521154e-01 
1.670743e+00 4.521121e-01 
1.678211e+00 4.521089e-01 
1.685678e+00 4.521056e-01 
1.693146e+00 4.521023e-01 
1.700614e+00 4.520989e-01 
1.708082e+00 4.520956e-01 
1.715550e+00 4.520923e-01 
1.723018e+00 4.520889e-01 
1.730486e+00 4.520856e-01 
1.737953e+00 4.520822e-01 
1.745421e+00 4.520788e-01 
1.752889e+00 4.520754e-01 
1.760357e+00 4.520721e-01 
1.767825e+00 4.520687e-01 
1.775292e+00 4.520653e-01 
1.782760e+00 4.520619e-01 
1.790228e+00 4.520585e-01 
1.797696e+00 4.520551e-01 
1.805164e+00 4.520516e-01 
1.812631e+00 4.520482e-01 
1.820099e+00 4.520448e-01 
1.827567e+00 4.520414e-01 
1.835035e+00 4.520379e-01 
1.842502e+00 4.520345e-01 
1.849970e+00 4.520311e-01 
1.857438e+00 4.520276e-01 
1.864906e+00 4.520242e-01 
1.872373e+00 4.520207e-01 
1.879841e+00 4.520173e-01 
1.887309e+00 4.520138e-01 
1.894777e+00 4.520104e-01 
1.902244e+00 4.520069e-01 
1.528838e+00 4.579147e-01 
1.536307e+00 4.579121e-01 
1.543775e+00 4.579095e-01 
1.551244e+00 4.579068e-01 
1.558712e+00 4.579041e-01 
1.566180e+00 4.579013e-01 
1.573649e+00 4.578985e-01 
1.581117e+00 4.578956e-01 
1.588585e+00 4.578927e-01 
1.596053e+00 4.578898e-01 
1.603522e+00 4.578868e-01 
1.610990e+00 4.578838e-01 
1.618458e+00 4.578808e-01 
1.625926e+00 4.578778e-01 
1.633394e+00 4.578748e-01 
1.640862e+00 4.578717e-01 
1.648330e+00 4.578686e-01 
1.655798e+00 4.578655e-01 
1.663266e+00 4.578624e-01 
1.670734e+00 4.578593e-01 
1.678202e+00 4.578562e-01 
1.685670e+00 4.578530e-01 
1.693138e+00 4.578499e-01 
1.700606e+00 4.578467e-01 
1.708074e+00 4.578435e-01 
1.715542e+00 4.578403e-01 
1.723010e+00 4.578371e-01 
1.730477e+00 4.578339e-01 
1.737945e+00 4.578307e-01 
1.745413e+00 4.578274e-01 
1.752881e+00 4.578242e-01 
1.760349e+00 4.578210e-01 
1.767817e+00 4.578177e-01 
1.775285e+00 4.578145e-01 
1.782752e+00 4.578112e-01 
1.790220e+00 4.578080e-01 
1.797688e+00 4.578047e-01 
1.805156e+00 4.578014e-01 
1.812624e+00 4.577982e-01 
1.820092e+00 4.577949e-01 
1.827559e+00 4.577916e-01 
1.835027e+00 4.577883e-01 
1.842495e+00 4.577850e-01 
1.849963e+00 4.577817e-01 
1.857431e+00 4.577784e-01 
1.864898e+00 4.577751e-01 
1.872366e+00 4.577718e-01 
1.879834e+00 4.577685e-01 
1.887302e+00 4.577652e-01 
1.894770e+00 4.577619e-01 
1.902237e+00 4.577586e-01 
1.528829e+00 4.636599e-01 
1.536297e+00 4.636574e-01 
1.543766e+00 4.636549e-01 
1.551235e+00 4.636524e-01 
1.558703e+00 4.636498e-01 
1.566172e+00 4.636472e-01 
1.573640e+00 4.636445e-01 
1.581108e+00 4.636418e-01 
1.588577e+00 4.636390e-01 
1.596045e+00 4.636363e-01 
1.603513e+00 4.636335e-01 
1.610981e+00 4.636306e-01 
1.618449e+00 4.636278e-01 
1.625918e+00 4.636249e-01 
1.633386e+00 4.636220e-01 
1.640854e+00 4.636191e-01 
1.648322e+00 4.636161e-01 
1.655790e+00 4.636132e-01 
1.663258e+00 4.636102e-01 
1.670726e+00 4.636072e-01 
1.678194e+00 4.636042e-01 
1.685662e+00 4.636012e-01 
1.693130e+00 4.635982e-01 
1.700598e+00 4.635952e-01 
1.708066e+00 4.635921e-01 
1.715534e+00 4.635891e-01 
1.723002e+00 4.635860e-01 
1.730470e+00 4.635829e-01 
1.737938e+00 4.635799e-01 
1.745406e+00 4.635768e-01 
1.752873e+00 4.635737e-01 
1.760341e+00 4.635706e-01 
1.767809e+00 4.635675e-01 
1.775277e+00 4.635644e-01 
1.782745e+00 4.635613e-01 
1.790213e+00 4.635581e-01 
1.797681e+00 4.635550e-01 
1.805149e+00 4.635519e-01 
1.812617e+00 4.635488e-01 
1.820084e+00 4.635456e-01 
1.827552e+00 4.635425e-01 
1.835020e+00 4.635393e-01 
1.842488e+00 4.635362e-01 
1.849956e+00 4.635330e-01 
1.857424e+00 4.635299e-01 
1.864891e+00 4.635267e-01 
1.872359e+00 4.635236e-01 
1.879827e+00 4.635204e-01 
1.887295e+00 4.635172e-01 
1.894763e+00 4.635141e-01 
1.902231e+00 4.635109e-01 
1.528820e+00 4.694059e-01 
1.536289e+00 4.694036e-01 
1.543757e+00 4.694012e-01 
1.551226e+00 4.693988e-01 
1.558695e+00 4.693964e-01 
1.566163e+00 4.693939e-01 
1.573631e+00 4.693913e-01 
1.581100e+00 4.693888e-01 
1.588568e+00 4.693862e-01 
1.596037e+00 4.693835e-01 
1.603505e+00 4.693808e-01 
1.610973e+00 4.693782e-01 
1.618441e+00 4.693754e-01 
1.625909e+00 4.693727e-01 
1.633378e+00 4.693699e-01 
1.640846e+00 4.693672e-01 
1.648314e+00 4.693644e-01 
1.655782e+00 4.693615e-01 
1.663250e+00 4.693587e-01 
1.670718e+00 4.693559e-01 
1.678186e+00 4.693530e-01 
1.685654e+00 4.693502e-01 
1.693122e+00 4.693473e-01 
1.700590e+00 4.693444e-01 
1.708058e+00 4.693415e-01 
1.715526e+00 4.693385e-01 
1.722994e+00 4.693356e-01 
1.730462e+00 4.693327e-01 
1.737930e+00 4.693297e-01 
1.745398e+00 4.693268e-01 
1.752866e+00 4.693238e-01 
1.760334e+00 4.693209e-01 
1.767802e+00 4.693179e-01 
1.775270e+00 4.693150e-01 
1.782738e+00 4.693120e-01 
1.790206e+00 4.693090e-01 
1.797674e+00 4.693060e-01 
1.805142e+00 4.693030e-01 
1.812610e+00 4.693000e-01 
1.820077e+00 4.692970e-01 
1.827545e+00 4.692940e-01 
1.835013e+00 4.692910e-01 
1.842481e+00 4.692880e-01 
1.849949e+00 4.692850e-01 
1.857417e+00 4.692820e-01 
1.864885e+00 4.692789e-01 
1.872353e+00 4.692759e-01 
1.879821e+00 4.692729e-01 
1.887288e+00 4.692699e-01 
1.894756e+00 4.692668e-01 
1.902224e+00 4.692638e-01 
BC
4
4
4
4
4
4
4
4
4
4
4
4
4
4
4
4
4
4
4
4
4
4
4
4
4
4
4
4
4
4
4
4
4
4
4
4
4
4
4
4
4
4
4
4
4
4
4
4
4
4
-1
-1
-1
-1
-1
-1
-1
-1
-1
-1
-1
-1
-1
-1
-1
-1
-1
-1
-1
-1
-1
-1
-1
-1
-1
-1
-1
-1
-1
-1
-1
-1
-1
-1
-1
-1
-1
-1
-1
-1
-1
-1
-1
-1
-1
-1
-1
-1
-1
-1
-1
-1
-1
-1
-1
-1
-1
-1
-1
-1
-1
-1
-1
-1
-1
-1
-1
-1
-1
-1
-1
-1
-1
-1
-1
-1
-1
-1
-1
-1
-1
-1
-1
-1
-1
-1
-1
-1
-1
-1
-1
-1
-1
-1
-1
-1
-1
-1
-1
-1
-1
-1
-1
-1
-1
-1
-1
-1
-1
-1
-1
-1
-1
-1
-1
-1
-1
-1
-1
-1
-1
-1
-1
-1
-1
-1
-1
-1
-1
-1
-1
-1
-1
-1
-1
-1
-1
-1
-1
-1
-1
-1
-1
-1
