npartb: 1 1 
ipartb: 0 0 
ngrid: 60 50 
0.000000e+00 0.000000e+00 
1.000000e-03 0.000000e+00 
1.982147e-03 0.000000e+00 
2.947471e-03 0.000000e+00 
3.896948e-03 0.000000e+00 
4.831504e-03 0.000000e+00 
5.752019e-03 0.000000e+00 
6.659331e-03 0.000000e+00 
7.554238e-03 0.000000e+00 
8.437502e-03 0.000000e+00 
9.309855e-03 0.000000e+00 
1.017199e-02 0.000000e+00 
1.102459e-02 0.000000e+00 
1.186829e-02 0.000000e+00 
1.270372e-02 0.000000e+00 
1.353147e-02 0.000000e+00 
1.435212e-02 0.000000e+00 
1.516625e-02 0.000000e+00 
1.597438e-02 0.000000e+00 
1.677706e-02 0.000000e+00 
1.757480e-02 0.000000e+00 
1.836811e-02 0.000000e+00 
1.915748e-02 0.000000e+00 
1.994339e-02 0.000000e+00 
2.072633e-02 0.000000e+00 
2.150676e-02 0.000000e+00 
2.228514e-02 0.000000e+00 
2.306195e-02 0.000000e+00 
2.383762e-02 0.000000e+00 
2.461261e-02 0.000000e+00 
2.538739e-02 0.000000e+00 
2.616238e-02 0.000000e+00 
2.693805e-02 0.000000e+00 
2.771486e-02 0.000000e+00 
2.849324e-02 0.000000e+00 
2.927367e-02 0.000000e+00 
3.005661e-02 0.000000e+00 
3.084252e-02 0.000000e+00 
3.163189e-02 0.000000e+00 
3.242520e-02 0.000000e+00 
3.322294e-02 0.000000e+00 
3.402562e-02 0.000000e+00 
3.483375e-02 0.000000e+00 
3.564788e-02 0.000000e+00 
3.646853e-02 0.000000e+00 
3.729628e-02 0.000000e+00 
3.813171e-02 0.000000e+00 
3.897541e-02 0.000000e+00 
3.982801e-02 0.000000e+00 
4.069015e-02 0.000000e+00 
4.156250e-02 0.000000e+00 
4.244576e-02 0.000000e+00 
4.334067e-02 0.000000e+00 
4.424798e-02 0.000000e+00 
4.516850e-02 0.000000e+00 
4.610305e-02 0.000000e+00 
4.705253e-02 0.000000e+00 
4.801785e-02 0.000000e+00 
4.900000e-02 0.000000e+00 
5.000000e-02 0.000000e+00 
0.000000e+00 1.632653e-04 
9.997187e-04 1.678456e-04 
1.981831e-03 1.730070e-04 
2.947081e-03 1.783353e-04 
3.896480e-03 1.837295e-04 
4.830967e-03 1.890928e-04 
5.751427e-03 1.944197e-04 
6.658680e-03 1.996847e-04 
7.553545e-03 2.048795e-04 
8.436757e-03 2.099959e-04 
9.309073e-03 2.150446e-04 
1.017118e-02 2.200265e-04 
1.102376e-02 2.249451e-04 
1.186744e-02 2.298050e-04 
1.270286e-02 2.346093e-04 
1.353060e-02 2.393622e-04 
1.435127e-02 2.440674e-04 
1.516540e-02 2.487312e-04 
1.597355e-02 2.533549e-04 
1.677625e-02 2.579430e-04 
1.757403e-02 2.624994e-04 
1.836737e-02 2.670279e-04 
1.915678e-02 2.715316e-04 
1.994274e-02 2.760135e-04 
2.072573e-02 2.804769e-04 
2.150621e-02 2.849252e-04 
2.228465e-02 2.893606e-04 
2.306152e-02 2.937863e-04 
2.383726e-02 2.982049e-04 
2.461233e-02 3.026199e-04 
2.538717e-02 3.070333e-04 
2.616225e-02 3.114487e-04 
2.693801e-02 3.158685e-04 
2.771489e-02 3.202968e-04 
2.849337e-02 3.247353e-04 
2.927389e-02 3.291876e-04 
3.005693e-02 3.336561e-04 
3.084294e-02 3.381456e-04 
3.163241e-02 3.426582e-04 
3.242582e-02 3.471989e-04 
3.322367e-02 3.517718e-04 
3.402645e-02 3.563812e-04 
3.483470e-02 3.610319e-04 
3.564894e-02 3.657286e-04 
3.646970e-02 3.704764e-04 
3.729757e-02 3.752800e-04 
3.813311e-02 3.801481e-04 
3.897694e-02 3.850866e-04 
3.982967e-02 3.901069e-04 
4.069196e-02 3.952113e-04 
4.156448e-02 4.004150e-04 
4.244793e-02 4.057222e-04 
4.334304e-02 4.111429e-04 
4.425065e-02 4.166819e-04 
4.517149e-02 4.223250e-04 
4.610639e-02 4.280397e-04 
4.705614e-02 4.337674e-04 
4.802173e-02 4.395270e-04 
4.900351e-02 4.448109e-04 
5.000000e-02 4.489796e-04 
0.000000e+00 3.265306e-04 
9.988070e-04 3.347885e-04 
1.980793e-03 3.446367e-04 
2.945882e-03 3.551089e-04 
3.895140e-03 3.658163e-04 
4.829477e-03 3.765680e-04 
5.749821e-03 3.872782e-04 
6.656971e-03 3.978844e-04 
7.551771e-03 4.083533e-04 
8.434908e-03 4.186698e-04 
9.307182e-03 4.288504e-04 
1.016927e-02 4.388926e-04 
1.102186e-02 4.488048e-04 
1.186555e-02 4.585911e-04 
1.270102e-02 4.682631e-04 
1.352883e-02 4.778264e-04 
1.434959e-02 4.872912e-04 
1.516381e-02 4.966665e-04 
1.597207e-02 5.059592e-04 
1.677490e-02 5.151771e-04 
1.757281e-02 5.243305e-04 
1.836630e-02 5.334251e-04 
1.915587e-02 5.424692e-04 
1.994200e-02 5.514684e-04 
2.072517e-02 5.604296e-04 
2.150583e-02 5.693594e-04 
2.228447e-02 5.782623e-04 
2.306153e-02 5.871446e-04 
2.383748e-02 5.960117e-04 
2.461275e-02 6.048711e-04 
2.538780e-02 6.137260e-04 
2.616309e-02 6.225840e-04 
2.693905e-02 6.314496e-04 
2.771615e-02 6.403329e-04 
2.849483e-02 6.492349e-04 
2.927556e-02 6.581640e-04 
3.005879e-02 6.671239e-04 
3.084501e-02 6.761270e-04 
3.163467e-02 6.851754e-04 
3.242826e-02 6.942813e-04 
3.322628e-02 7.034524e-04 
3.402924e-02 7.127040e-04 
3.483765e-02 7.220399e-04 
3.565203e-02 7.314737e-04 
3.647294e-02 7.410138e-04 
3.730093e-02 7.506789e-04 
3.813659e-02 7.604805e-04 
3.898051e-02 7.704389e-04 
3.983333e-02 7.805748e-04 
4.069571e-02 7.909081e-04 
4.156830e-02 8.014589e-04 
4.245183e-02 8.122438e-04 
4.334700e-02 8.232714e-04 
4.425471e-02 8.345605e-04 
4.517564e-02 8.460707e-04 
4.611058e-02 8.576882e-04 
4.706019e-02 8.692553e-04 
4.802527e-02 8.806275e-04 
4.900602e-02 8.906994e-04 
5.000000e-02 8.979592e-04 
0.000000e+00 4.897959e-04 
9.976692e-04 5.012557e-04 
1.979421e-03 5.155236e-04 
2.944274e-03 5.310243e-04 
3.893334e-03 5.469937e-04 
4.827465e-03 5.631400e-04 
5.747649e-03 5.792611e-04 
6.654664e-03 5.952468e-04 
7.549376e-03 6.110317e-04 
8.432422e-03 6.265933e-04 
9.304648e-03 6.419513e-04 
1.016671e-02 6.570974e-04 
1.101933e-02 6.720449e-04 
1.186306e-02 6.867960e-04 
1.269860e-02 7.013722e-04 
1.352652e-02 7.157799e-04 
1.434740e-02 7.300364e-04 
1.516176e-02 7.441526e-04 
1.597019e-02 7.581419e-04 
1.677320e-02 7.720160e-04 
1.757131e-02 7.857919e-04 
1.836501e-02 7.994773e-04 
1.915481e-02 8.130858e-04 
1.994119e-02 8.266259e-04 
2.072461e-02 8.401080e-04 
2.150554e-02 8.535420e-04 
2.228444e-02 8.669343e-04 
2.306178e-02 8.802949e-04 
2.383800e-02 8.936315e-04 
2.461355e-02 9.069558e-04 
2.538889e-02 9.202721e-04 
2.616446e-02 9.335920e-04 
2.694070e-02 9.469221e-04 
2.771808e-02 9.602790e-04 
2.849704e-02 9.736622e-04 
2.927804e-02 9.870852e-04 
3.006153e-02 1.000553e-03 
3.084799e-02 1.014086e-03 
3.163789e-02 1.027686e-03 
3.243171e-02 1.041373e-03 
3.322994e-02 1.055160e-03 
3.403311e-02 1.069073e-03 
3.484169e-02 1.083116e-03 
3.565624e-02 1.097310e-03 
3.647728e-02 1.111670e-03 
3.730540e-02 1.126229e-03 
3.814114e-02 1.141002e-03 
3.898514e-02 1.156026e-03 
3.983799e-02 1.171332e-03 
4.070041e-02 1.186961e-03 
4.157300e-02 1.202937e-03 
4.245651e-02 1.219289e-03 
4.335161e-02 1.236018e-03 
4.425927e-02 1.253159e-03 
4.518008e-02 1.270634e-03 
4.611483e-02 1.288232e-03 
4.706403e-02 1.305642e-03 
4.802826e-02 1.322494e-03 
4.900781e-02 1.337055e-03 
5.000000e-02 1.346939e-03 
0.000000e+00 6.530612e-04 
9.965147e-04 6.674194e-04 
1.977859e-03 6.858740e-04 
2.942413e-03 7.063116e-04 
3.891222e-03 7.274850e-04 
4.825103e-03 7.490291e-04 
5.745089e-03 7.705759e-04 
6.651942e-03 7.919684e-04 
7.546547e-03 8.130981e-04 
8.429490e-03 8.339384e-04 
9.301660e-03 8.545073e-04 
1.016371e-02 8.747899e-04 
1.101635e-02 8.948043e-04 
1.186014e-02 9.145488e-04 
1.269578e-02 9.340565e-04 
1.352382e-02 9.533340e-04 
1.434486e-02 9.724065e-04 
1.515940e-02 9.912853e-04 
1.596803e-02 1.009992e-03 
1.677126e-02 1.028542e-03 
1.756962e-02 1.046960e-03 
1.836358e-02 1.065254e-03 
1.915366e-02 1.083445e-03 
1.994032e-02 1.101543e-03 
2.072405e-02 1.119563e-03 
2.150529e-02 1.137518e-03 
2.228452e-02 1.155416e-03 
2.306218e-02 1.173270e-03 
2.383873e-02 1.191092e-03 
2.461462e-02 1.208896e-03 
2.539029e-02 1.226689e-03 
2.616619e-02 1.244485e-03 
2.694277e-02 1.262293e-03 
2.772047e-02 1.280137e-03 
2.849975e-02 1.298015e-03 
2.928106e-02 1.315944e-03 
3.006485e-02 1.333932e-03 
3.085161e-02 1.352008e-03 
3.164178e-02 1.370171e-03 
3.243586e-02 1.388453e-03 
3.323433e-02 1.406867e-03 
3.403771e-02 1.425458e-03 
3.484649e-02 1.444223e-03 
3.566121e-02 1.463197e-03 
3.648239e-02 1.482395e-03 
3.731063e-02 1.501874e-03 
3.814645e-02 1.521646e-03 
3.899050e-02 1.541769e-03 
3.984336e-02 1.562282e-03 
4.070577e-02 1.583254e-03 
4.157830e-02 1.604707e-03 
4.246171e-02 1.626683e-03 
4.335666e-02 1.649173e-03 
4.426411e-02 1.672219e-03 
4.518466e-02 1.695709e-03 
4.611901e-02 1.719303e-03 
4.706763e-02 1.742542e-03 
4.803082e-02 1.764718e-03 
4.900908e-02 1.783552e-03 
5.000000e-02 1.795918e-03 
0.000000e+00 8.163265e-04 
9.954685e-04 8.334714e-04 
1.976315e-03 8.560171e-04 
2.940515e-03 8.813404e-04 
3.889022e-03 9.076890e-04 
4.822622e-03 9.346242e-04 
5.742381e-03 9.615991e-04 
6.649050e-03 9.884059e-04 
7.543527e-03 1.014890e-03 
8.426354e-03 1.041021e-03 
9.298459e-03 1.066813e-03 
1.016048e-02 1.092244e-03 
1.101315e-02 1.117337e-03 
1.185700e-02 1.142087e-03 
1.269273e-02 1.166537e-03 
1.352090e-02 1.190695e-03 
1.434211e-02 1.214593e-03 
1.515683e-02 1.238244e-03 
1.596567e-02 1.261678e-03 
1.676914e-02 1.284913e-03 
1.756776e-02 1.307981e-03 
1.836201e-02 1.330893e-03 
1.915238e-02 1.353675e-03 
1.993935e-02 1.376341e-03 
2.072341e-02 1.398908e-03 
2.150498e-02 1.421393e-03 
2.228455e-02 1.443805e-03 
2.306257e-02 1.466163e-03 
2.383947e-02 1.488479e-03 
2.461572e-02 1.510772e-03 
2.539175e-02 1.533049e-03 
2.616800e-02 1.555330e-03 
2.694493e-02 1.577625e-03 
2.772298e-02 1.599964e-03 
2.850260e-02 1.622344e-03 
2.928424e-02 1.644788e-03 
3.006835e-02 1.667303e-03 
3.085541e-02 1.689928e-03 
3.164586e-02 1.712663e-03 
3.244021e-02 1.735546e-03 
3.323892e-02 1.758596e-03 
3.404253e-02 1.781871e-03 
3.485151e-02 1.805368e-03 
3.566640e-02 1.829130e-03 
3.648772e-02 1.853177e-03 
3.731606e-02 1.877587e-03 
3.815195e-02 1.902371e-03 
3.899603e-02 1.927608e-03 
3.984888e-02 1.953346e-03 
4.071123e-02 1.979680e-03 
4.158366e-02 2.006630e-03 
4.246692e-02 2.034253e-03 
4.336164e-02 2.062520e-03 
4.426881e-02 2.091483e-03 
4.518900e-02 2.120992e-03 
4.612286e-02 2.150578e-03 
4.707084e-02 2.179612e-03 
4.803303e-02 2.207046e-03 
4.901010e-02 2.230080e-03 
5.000000e-02 2.244898e-03 
0.000000e+00 9.795918e-04 
9.945437e-04 9.994460e-04 
1.974787e-03 1.025993e-03 
2.938590e-03 1.056152e-03 
3.886753e-03 1.087636e-03 
4.820045e-03 1.119957e-03 
5.739554e-03 1.152361e-03 
6.646023e-03 1.184588e-03 
7.540356e-03 1.216433e-03 
8.423061e-03 1.247866e-03 
9.295094e-03 1.278893e-03 
1.015710e-02 1.309485e-03 
1.100979e-02 1.339668e-03 
1.185370e-02 1.369434e-03 
1.268953e-02 1.398837e-03 
1.351784e-02 1.427885e-03 
1.433922e-02 1.456619e-03 
1.515414e-02 1.485051e-03 
1.596321e-02 1.513220e-03 
1.676693e-02 1.541148e-03 
1.756583e-02 1.568875e-03 
1.836037e-02 1.596413e-03 
1.915105e-02 1.623795e-03 
1.993836e-02 1.651035e-03 
2.072275e-02 1.678158e-03 
2.150468e-02 1.705179e-03 
2.228461e-02 1.732114e-03 
2.306300e-02 1.758982e-03 
2.384027e-02 1.785799e-03 
2.461690e-02 1.812589e-03 
2.539330e-02 1.839358e-03 
2.616993e-02 1.866130e-03 
2.694722e-02 1.892919e-03 
2.772564e-02 1.919760e-03 
2.850561e-02 1.946649e-03 
2.928760e-02 1.973613e-03 
3.007203e-02 2.000662e-03 
3.085941e-02 2.027843e-03 
3.165016e-02 2.055155e-03 
3.244478e-02 2.082645e-03 
3.324375e-02 2.110337e-03 
3.404759e-02 2.138304e-03 
3.485677e-02 2.166539e-03 
3.567183e-02 2.195097e-03 
3.649328e-02 2.224003e-03 
3.732173e-02 2.253353e-03 
3.815768e-02 2.283160e-03 
3.900177e-02 2.313523e-03 
3.985458e-02 2.344498e-03 
4.071685e-02 2.376208e-03 
4.158914e-02 2.408671e-03 
4.247219e-02 2.441949e-03 
4.336664e-02 2.476004e-03 
4.427343e-02 2.510877e-03 
4.519316e-02 2.546395e-03 
4.612645e-02 2.581946e-03 
4.707373e-02 2.616745e-03 
4.803499e-02 2.649388e-03 
4.901099e-02 2.676578e-03 
5.000000e-02 2.693878e-03 
0.000000e+00 1.142857e-03 
9.937416e-04 1.165411e-03 
1.973357e-03 1.195927e-03 
2.936728e-03 1.230893e-03 
3.884512e-03 1.267494e-03 
4.817475e-03 1.305191e-03 
5.736714e-03 1.343018e-03 
6.642966e-03 1.380664e-03 
7.537140e-03 1.417869e-03 
8.419712e-03 1.454605e-03 
9.291665e-03 1.490867e-03 
1.015364e-02 1.526622e-03 
1.100635e-02 1.561897e-03 
1.185031e-02 1.596680e-03 
1.268624e-02 1.631038e-03 
1.351468e-02 1.664978e-03 
1.433623e-02 1.698549e-03 
1.515135e-02 1.731765e-03 
1.596065e-02 1.764670e-03 
1.676462e-02 1.797294e-03 
1.756379e-02 1.829682e-03 
1.835863e-02 1.861848e-03 
1.914963e-02 1.893830e-03 
1.993727e-02 1.925649e-03 
2.072201e-02 1.957329e-03 
2.150430e-02 1.988890e-03 
2.228459e-02 2.020351e-03 
2.306335e-02 2.051732e-03 
2.384101e-02 2.083054e-03 
2.461801e-02 2.114342e-03 
2.539479e-02 2.145607e-03 
2.617180e-02 2.176874e-03 
2.694946e-02 2.208160e-03 
2.772826e-02 2.239506e-03 
2.850859e-02 2.270907e-03 
2.929092e-02 2.302395e-03 
3.007569e-02 2.333980e-03 
3.086339e-02 2.365721e-03 
3.165444e-02 2.397613e-03 
3.244934e-02 2.429714e-03 
3.324856e-02 2.462052e-03 
3.405263e-02 2.494715e-03 
3.486202e-02 2.527692e-03 
3.567725e-02 2.561051e-03 
3.649884e-02 2.594819e-03 
3.732738e-02 2.629115e-03 
3.816339e-02 2.663951e-03 
3.900748e-02 2.699446e-03 
3.986025e-02 2.735664e-03 
4.072242e-02 2.772756e-03 
4.159455e-02 2.810735e-03 
4.247736e-02 2.849674e-03 
4.337149e-02 2.889513e-03 
4.427787e-02 2.930285e-03 
4.519710e-02 2.971793e-03 
4.612977e-02 3.013290e-03 
4.707635e-02 3.053833e-03 
4.803675e-02 3.091672e-03 
4.901177e-02 3.123031e-03 
5.000000e-02 3.142857e-03 
0.000000e+00 1.306122e-03 
9.930353e-04 1.331378e-03 
1.972009e-03 1.365843e-03 
2.934923e-03 1.405590e-03 
3.882297e-03 1.447281e-03 
4.814916e-03 1.490348e-03 
5.733870e-03 1.533596e-03 
6.639894e-03 1.576657e-03 
7.533898e-03 1.619222e-03 
8.416334e-03 1.661262e-03 
9.288202e-03 1.702762e-03 
1.015014e-02 1.743682e-03 
1.100286e-02 1.784051e-03 
1.184688e-02 1.823854e-03 
1.268290e-02 1.863168e-03 
1.351149e-02 1.902003e-03 
1.433321e-02 1.940414e-03 
1.514853e-02 1.978415e-03 
1.595805e-02 2.016059e-03 
1.676228e-02 2.053380e-03 
1.756173e-02 2.090432e-03 
1.835687e-02 2.127228e-03 
1.914819e-02 2.163815e-03 
1.993616e-02 2.200214e-03 
2.072125e-02 2.236454e-03 
2.150391e-02 2.272559e-03 
2.228457e-02 2.308547e-03 
2.306371e-02 2.344445e-03 
2.384175e-02 2.380274e-03 
2.461914e-02 2.416065e-03 
2.539630e-02 2.451828e-03 
2.617369e-02 2.487593e-03 
2.695173e-02 2.523379e-03 
2.773090e-02 2.559233e-03 
2.851160e-02 2.595149e-03 
2.929428e-02 2.631163e-03 
3.007939e-02 2.667289e-03 
3.086741e-02 2.703591e-03 
3.165876e-02 2.740067e-03 
3.245395e-02 2.776781e-03 
3.325343e-02 2.813768e-03 
3.405773e-02 2.851129e-03 
3.486732e-02 2.888852e-03 
3.568272e-02 2.927015e-03 
3.650444e-02 2.965649e-03 
3.733307e-02 3.004894e-03 
3.816913e-02 3.044762e-03 
3.901322e-02 3.085392e-03 
3.986593e-02 3.126856e-03 
4.072798e-02 3.169330e-03 
4.159992e-02 3.212827e-03 
4.248247e-02 3.257421e-03 
4.337626e-02 3.303039e-03 
4.428217e-02 3.349690e-03 
4.520084e-02 3.397165e-03 
4.613287e-02 3.444581e-03 
4.707870e-02 3.490846e-03 
4.803832e-02 3.533882e-03 
4.901247e-02 3.569432e-03 
5.000000e-02 3.591837e-03 
0.000000e+00 1.469388e-03 
9.924031e-04 1.497367e-03 
1.970749e-03 1.535778e-03 
2.933191e-03 1.580297e-03 
3.880138e-03 1.627069e-03 
4.812403e-03 1.675498e-03 
5.731063e-03 1.724160e-03 
6.636849e-03 1.772633e-03 
7.530674e-03 1.820554e-03 
8.412967e-03 1.867895e-03 
9.284745e-03 1.914630e-03 
1.014664e-02 1.960713e-03 
1.099937e-02 2.006173e-03 
1.184344e-02 2.050994e-03 
1.267956e-02 2.095262e-03 
1.350827e-02 2.138989e-03 
1.433016e-02 2.182237e-03 
1.514567e-02 2.225022e-03 
1.595542e-02 2.267404e-03 
1.675990e-02 2.309421e-03 
1.755963e-02 2.351134e-03 
1.835506e-02 2.392561e-03 
1.914670e-02 2.433751e-03 
1.993501e-02 2.474729e-03 
2.072044e-02 2.515529e-03 
2.150345e-02 2.556176e-03 
2.228449e-02 2.596693e-03 
2.306400e-02 2.637107e-03 
2.384242e-02 2.677445e-03 
2.462019e-02 2.717737e-03 
2.539774e-02 2.757999e-03 
2.617551e-02 2.798263e-03 
2.695393e-02 2.838550e-03 
2.773347e-02 2.878912e-03 
2.851453e-02 2.919345e-03 
2.929756e-02 2.959886e-03 
3.008301e-02 3.000553e-03 
3.087135e-02 3.041418e-03 
3.166301e-02 3.082479e-03 
3.245847e-02 3.123808e-03 
3.325821e-02 3.165445e-03 
3.406275e-02 3.207507e-03 
3.487254e-02 3.249977e-03 
3.568811e-02 3.292945e-03 
3.650996e-02 3.336446e-03 
3.733868e-02 3.380641e-03 
3.817478e-02 3.425543e-03 
3.901887e-02 3.471308e-03 
3.987152e-02 3.518019e-03 
4.073344e-02 3.565875e-03 
4.160519e-02 3.614886e-03 
4.248746e-02 3.665132e-03 
4.338090e-02 3.716521e-03 
4.428631e-02 3.769039e-03 
4.520442e-02 3.822467e-03 
4.613578e-02 3.875790e-03 
4.708089e-02 3.927770e-03 
4.803973e-02 3.976010e-03 
4.901309e-02 4.015782e-03 
5.000000e-02 4.040816e-03 
0.000000e+00 1.632653e-03 
9.918363e-04 1.663386e-03 
1.969583e-03 1.705756e-03 
2.931541e-03 1.755045e-03 
3.878047e-03 1.806891e-03 
4.809950e-03 1.860678e-03 
5.728306e-03 1.914751e-03 
6.633849e-03 1.968631e-03 
7.527486e-03 2.021904e-03 
8.409636e-03 2.074544e-03 
9.281321e-03 2.126511e-03 
1.014317e-02 2.177753e-03 
1.099591e-02 2.228301e-03 
1.184003e-02 2.278137e-03 
1.267623e-02 2.327357e-03 
1.350507e-02 2.375975e-03 
1.432713e-02 2.424058e-03 
1.514284e-02 2.471625e-03 
1.595281e-02 2.518744e-03 
1.675754e-02 2.565457e-03 
1.755754e-02 2.611831e-03 
1.835327e-02 2.657887e-03 
1.914522e-02 2.703681e-03 
1.993386e-02 2.749238e-03 
2.071964e-02 2.794598e-03 
2.150301e-02 2.839788e-03 
2.228441e-02 2.884834e-03 
2.306430e-02 2.929765e-03 
2.384309e-02 2.974611e-03 
2.462124e-02 3.019407e-03 
2.539917e-02 3.064169e-03 
2.617732e-02 3.108932e-03 
2.695612e-02 3.153720e-03 
2.773602e-02 3.198593e-03 
2.851744e-02 3.243542e-03 
2.930083e-02 3.288612e-03 
3.008661e-02 3.333821e-03 
3.087527e-02 3.379249e-03 
3.166724e-02 3.424897e-03 
3.246298e-02 3.470842e-03 
3.326297e-02 3.517130e-03 
3.406774e-02 3.563892e-03 
3.487773e-02 3.611110e-03 
3.569347e-02 3.658883e-03 
3.651545e-02 3.707252e-03 
3.734426e-02 3.756397e-03 
3.818040e-02 3.806332e-03 
3.902448e-02 3.857230e-03 
3.987706e-02 3.909185e-03 
4.073883e-02 3.962416e-03 
4.161037e-02 4.016936e-03 
4.249235e-02 4.072823e-03 
4.338541e-02 4.129971e-03 
4.429033e-02 4.188339e-03 
4.520785e-02 4.247701e-03 
4.613854e-02 4.306917e-03 
4.708291e-02 4.364601e-03 
4.804101e-02 4.418059e-03 
4.901364e-02 4.462086e-03 
5.000000e-02 4.489796e-03 
0.000000e+00 1.795918e-03 
9.913137e-04 1.829433e-03 
1.968483e-03 1.875774e-03 
2.929957e-03 1.929834e-03 
3.876018e-03 1.986752e-03 
4.807556e-03 2.045893e-03 
5.725606e-03 2.105372e-03 
6.630901e-03 2.164657e-03 
7.524348e-03 2.223278e-03 
8.406351e-03 2.281212e-03 
9.277942e-03 2.338407e-03 
1.013975e-02 2.394804e-03 
1.099249e-02 2.450437e-03 
1.183665e-02 2.505285e-03 
1.267294e-02 2.559453e-03 
1.350191e-02 2.612957e-03 
1.432412e-02 2.665873e-03 
1.514002e-02 2.718220e-03 
1.595022e-02 2.770073e-03 
1.675519e-02 2.821479e-03 
1.755546e-02 2.872512e-03 
1.835149e-02 2.923196e-03 
1.914375e-02 2.973591e-03 
1.993272e-02 3.023727e-03 
2.071884e-02 3.073646e-03 
2.150256e-02 3.123378e-03 
2.228433e-02 3.172951e-03 
2.306458e-02 3.222399e-03 
2.384375e-02 3.271753e-03 
2.462228e-02 3.321052e-03 
2.540059e-02 3.370314e-03 
2.617912e-02 3.419577e-03 
2.695829e-02 3.468868e-03 
2.773856e-02 3.518250e-03 
2.852034e-02 3.567717e-03 
2.930408e-02 3.617315e-03 
3.009020e-02 3.667067e-03 
3.087918e-02 3.717060e-03 
3.167144e-02 3.767294e-03 
3.246747e-02 3.817857e-03 
3.326772e-02 3.868797e-03 
3.407271e-02 3.920260e-03 
3.488291e-02 3.972226e-03 
3.569881e-02 4.024804e-03 
3.652092e-02 4.078041e-03 
3.734981e-02 4.132134e-03 
3.818600e-02 4.187101e-03 
3.903006e-02 4.243131e-03 
3.988256e-02 4.300327e-03 
4.074418e-02 4.358929e-03 
4.161551e-02 4.418951e-03 
4.249718e-02 4.480472e-03 
4.338986e-02 4.543371e-03 
4.429426e-02 4.607578e-03 
4.521118e-02 4.672863e-03 
4.614119e-02 4.737961e-03 
4.708482e-02 4.801348e-03 
4.804218e-02 4.860037e-03 
4.901412e-02 4.908348e-03 
5.000000e-02 4.938776e-03 
0.000000e+00 1.959184e-03 
9.908379e-04 1.995513e-03 
1.967463e-03 2.045848e-03 
2.928451e-03 2.104686e-03 
3.874065e-03 2.166680e-03 
4.805235e-03 2.231174e-03 
5.722976e-03 2.296057e-03 
6.628019e-03 2.360743e-03 
7.521271e-03 2.424710e-03 
8.403129e-03 2.487934e-03 
9.274624e-03 2.550353e-03 
1.013639e-02 2.611900e-03 
1.098913e-02 2.672614e-03 
1.183333e-02 2.732469e-03 
1.266971e-02 2.791581e-03 
1.349880e-02 2.849969e-03 
1.432117e-02 2.907712e-03 
1.513726e-02 2.964837e-03 
1.594767e-02 3.021421e-03 
1.675290e-02 3.077519e-03 
1.755344e-02 3.133210e-03 
1.834975e-02 3.188519e-03 
1.914232e-02 3.243515e-03 
1.993161e-02 3.298228e-03 
2.071807e-02 3.352705e-03 
2.150215e-02 3.406979e-03 
2.228428e-02 3.461080e-03 
2.306490e-02 3.515044e-03 
2.384444e-02 3.568907e-03 
2.462335e-02 3.622709e-03 
2.540204e-02 3.676471e-03 
2.618094e-02 3.730234e-03 
2.696048e-02 3.784027e-03 
2.774112e-02 3.837919e-03 
2.852326e-02 3.891904e-03 
2.930734e-02 3.946032e-03 
3.009379e-02 4.000328e-03 
3.088309e-02 4.054886e-03 
3.167566e-02 4.109707e-03 
3.247197e-02 4.164887e-03 
3.327247e-02 4.220480e-03 
3.407770e-02 4.276643e-03 
3.488809e-02 4.333357e-03 
3.570416e-02 4.390740e-03 
3.652640e-02 4.448843e-03 
3.735537e-02 4.507883e-03 
3.819159e-02 4.567880e-03 
3.903563e-02 4.629037e-03 
3.988806e-02 4.691470e-03 
4.074952e-02 4.755435e-03 
4.162061e-02 4.820951e-03 
4.250197e-02 4.888095e-03 
4.339424e-02 4.956733e-03 
4.429812e-02 5.026765e-03 
4.521442e-02 5.097959e-03 
4.614374e-02 5.168930e-03 
4.708664e-02 5.238017e-03 
4.804328e-02 5.301951e-03 
4.901456e-02 5.354577e-03 
5.000000e-02 5.387755e-03 
0.000000e+00 2.122449e-03 
9.903916e-04 2.161620e-03 
1.966493e-03 2.215965e-03 
2.927004e-03 2.279591e-03 
3.872176e-03 2.346663e-03 
4.802981e-03 2.416510e-03 
5.720414e-03 2.486797e-03 
6.625206e-03 2.556881e-03 
7.518265e-03 2.626192e-03 
8.399977e-03 2.694702e-03 
9.271379e-03 2.762341e-03 
1.013310e-02 2.829035e-03 
1.098584e-02 2.894824e-03 
1.183009e-02 2.959682e-03 
1.266655e-02 3.023734e-03 
1.349576e-02 3.087000e-03 
1.431828e-02 3.149569e-03 
1.513456e-02 3.211466e-03 
1.594519e-02 3.272779e-03 
1.675066e-02 3.333565e-03 
1.755146e-02 3.393911e-03 
1.834807e-02 3.453844e-03 
1.914094e-02 3.513438e-03 
1.993056e-02 3.572727e-03 
2.071735e-02 3.631761e-03 
2.150178e-02 3.690574e-03 
2.228427e-02 3.749202e-03 
2.306526e-02 3.807682e-03 
2.384517e-02 3.866052e-03 
2.462445e-02 3.924357e-03 
2.540351e-02 3.982619e-03 
2.618279e-02 4.040882e-03 
2.696270e-02 4.099178e-03 
2.774370e-02 4.157580e-03 
2.852620e-02 4.216082e-03 
2.931063e-02 4.274739e-03 
3.009741e-02 4.333579e-03 
3.088703e-02 4.392702e-03 
3.167990e-02 4.452111e-03 
3.247649e-02 4.511908e-03 
3.327725e-02 4.572154e-03 
3.408271e-02 4.633018e-03 
3.489330e-02 4.694479e-03 
3.570953e-02 4.756666e-03 
3.653190e-02 4.819635e-03 
3.736096e-02 4.883620e-03 
3.819722e-02 4.948644e-03 
3.904123e-02 5.014926e-03 
3.989358e-02 5.082592e-03 
4.075487e-02 5.151915e-03 
4.162572e-02 5.222917e-03 
4.250675e-02 5.295677e-03 
4.339861e-02 5.370046e-03 
4.430194e-02 5.445894e-03 
4.521762e-02 5.522989e-03 
4.614624e-02 5.599830e-03 
4.708839e-02 5.674620e-03 
4.804432e-02 5.743812e-03 
4.901497e-02 5.800776e-03 
5.000000e-02 5.836735e-03 
0.000000e+00 2.285714e-03 
9.899802e-04 2.327761e-03 
1.965588e-03 2.386148e-03 
2.925628e-03 2.454578e-03 
3.870364e-03 2.526743e-03 
4.800806e-03 2.601946e-03 
5.717933e-03 2.677637e-03 
6.622474e-03 2.753118e-03 
7.515337e-03 2.827770e-03 
8.396906e-03 2.901562e-03 
9.268214e-03 2.974416e-03 
1.012988e-02 3.046250e-03 
1.098262e-02 3.117109e-03 
1.182692e-02 3.186964e-03 
1.266346e-02 3.255950e-03 
1.349279e-02 3.324089e-03 
1.431547e-02 3.391477e-03 
1.513194e-02 3.458145e-03 
1.594278e-02 3.524183e-03 
1.674849e-02 3.589654e-03 
1.754955e-02 3.654651e-03 
1.834644e-02 3.719206e-03 
1.913963e-02 3.783396e-03 
1.992956e-02 3.847259e-03 
2.071669e-02 3.910847e-03 
2.150146e-02 3.974200e-03 
2.228431e-02 4.037353e-03 
2.306566e-02 4.100348e-03 
2.384594e-02 4.163226e-03 
2.462560e-02 4.226033e-03 
2.540503e-02 4.288794e-03 
2.618467e-02 4.351557e-03 
2.696495e-02 4.414355e-03 
2.774632e-02 4.477267e-03 
2.852917e-02 4.540287e-03 
2.931395e-02 4.603474e-03 
3.010107e-02 4.666858e-03 
3.089100e-02 4.730546e-03 
3.168417e-02 4.794543e-03 
3.248104e-02 4.858957e-03 
3.328206e-02 4.923855e-03 
3.408774e-02 4.989418e-03 
3.489854e-02 5.055626e-03 
3.571494e-02 5.122615e-03 
3.653744e-02 5.190447e-03 
3.736657e-02 5.259374e-03 
3.820287e-02 5.329421e-03 
3.904686e-02 5.400824e-03 
3.989912e-02 5.473716e-03 
4.076024e-02 5.548388e-03 
4.163084e-02 5.624866e-03 
4.251153e-02 5.703232e-03 
4.340296e-02 5.783321e-03 
4.430574e-02 5.864976e-03 
4.522078e-02 5.947964e-03 
4.614870e-02 6.030669e-03 
4.709011e-02 6.111163e-03 
4.804532e-02 6.185626e-03 
4.901535e-02 6.246951e-03 
5.000000e-02 6.285714e-03 
0.000000e+00 2.448980e-03 
9.895899e-04 2.493927e-03 
1.964724e-03 2.556376e-03 
2.924305e-03 2.629626e-03 
3.868617e-03 2.706894e-03 
4.798703e-03 2.787456e-03 
5.715528e-03 2.868553e-03 
6.619821e-03 2.949433e-03 
7.512493e-03 3.029425e-03 
8.393921e-03 3.108496e-03 
9.265138e-03 3.186561e-03 
1.012676e-02 3.263531e-03 
1.097950e-02 3.339454e-03 
1.182384e-02 3.414302e-03 
1.266047e-02 3.488217e-03 
1.348992e-02 3.561225e-03 
1.431275e-02 3.633428e-03 
1.512940e-02 3.704861e-03 
1.594045e-02 3.775621e-03 
1.674640e-02 3.845774e-03 
1.754773e-02 3.915420e-03 
1.834491e-02 3.984595e-03 
1.913839e-02 4.053379e-03 
1.992865e-02 4.121814e-03 
2.071611e-02 4.189956e-03 
2.150123e-02 4.257846e-03 
2.228442e-02 4.325524e-03 
2.306614e-02 4.393033e-03 
2.384679e-02 4.460418e-03 
2.462681e-02 4.527726e-03 
2.540661e-02 4.594987e-03 
2.618663e-02 4.662249e-03 
2.696728e-02 4.729550e-03 
2.774901e-02 4.796972e-03 
2.853221e-02 4.864511e-03 
2.931733e-02 4.932227e-03 
3.010478e-02 5.000156e-03 
3.089504e-02 5.068409e-03 
3.168851e-02 5.136993e-03 
3.248566e-02 5.206025e-03 
3.328694e-02 5.275575e-03 
3.409285e-02 5.345836e-03 
3.490385e-02 5.416789e-03 
3.572041e-02 5.488579e-03 
3.654304e-02 5.561273e-03 
3.737226e-02 5.635139e-03 
3.820859e-02 5.710206e-03 
3.905256e-02 5.786724e-03 
3.990473e-02 5.864837e-03 
4.076567e-02 5.944851e-03 
4.163602e-02 6.026798e-03 
4.251635e-02 6.110759e-03 
4.340734e-02 6.196560e-03 
4.430956e-02 6.284014e-03 
4.522394e-02 6.372888e-03 
4.615114e-02 6.461456e-03 
4.709180e-02 6.547656e-03 
4.804630e-02 6.627401e-03 
4.901572e-02 6.693105e-03 
5.000000e-02 6.734694e-03 
0.000000e+00 2.612245e-03 
9.892255e-04 2.660128e-03 
1.963911e-03 2.726671e-03 
2.923045e-03 2.804764e-03 
3.866945e-03 2.887155e-03 
4.796680e-03 2.973084e-03 
5.713207e-03 3.059592e-03 
6.617255e-03 3.145870e-03 
7.509736e-03 3.231202e-03 
8.391027e-03 3.315548e-03 
9.262154e-03 3.398818e-03 
1.012374e-02 3.480917e-03 
1.097648e-02 3.561899e-03 
1.182086e-02 3.641731e-03 
1.265757e-02 3.720569e-03 
1.348713e-02 3.798440e-03 
1.431012e-02 3.875451e-03 
1.512695e-02 3.951646e-03 
1.593822e-02 4.027123e-03 
1.674441e-02 4.101954e-03 
1.754600e-02 4.176247e-03 
1.834346e-02 4.250038e-03 
1.913725e-02 4.323414e-03 
1.992782e-02 4.396419e-03 
2.071561e-02 4.469113e-03 
2.150107e-02 4.541540e-03 
2.228462e-02 4.613741e-03 
2.306669e-02 4.685764e-03 
2.384771e-02 4.757654e-03 
2.462810e-02 4.829465e-03 
2.540828e-02 4.901224e-03 
2.618866e-02 4.972986e-03 
2.696968e-02 5.044790e-03 
2.775176e-02 5.116722e-03 
2.853532e-02 5.188778e-03 
2.932079e-02 5.261025e-03 
3.010857e-02 5.333498e-03 
3.089914e-02 5.406316e-03 
3.169292e-02 5.479488e-03 
3.249035e-02 5.553137e-03 
3.329189e-02 5.627338e-03 
3.409804e-02 5.702297e-03 
3.490923e-02 5.777993e-03 
3.572596e-02 5.854581e-03 
3.654873e-02 5.932134e-03 
3.737803e-02 6.010935e-03 
3.821439e-02 6.091016e-03 
3.905833e-02 6.172644e-03 
3.991041e-02 6.255971e-03 
4.077117e-02 6.341318e-03 
4.164125e-02 6.428723e-03 
4.252123e-02 6.518270e-03 
4.341176e-02 6.609772e-03 
4.431340e-02 6.703017e-03 
4.522712e-02 6.797771e-03 
4.615359e-02 6.892198e-03 
4.709349e-02 6.984106e-03 
4.804727e-02 7.069142e-03 
4.901609e-02 7.139242e-03 
5.000000e-02 7.183673e-03 
0.000000e+00 2.775510e-03 
9.888773e-04 2.826351e-03 
1.963131e-03 2.897012e-03 
2.921834e-03 2.979966e-03 
3.865336e-03 3.067496e-03 
4.794730e-03 3.158800e-03 
5.710969e-03 3.250724e-03 
6.614778e-03 3.342404e-03 
7.507074e-03 3.433078e-03 
8.388232e-03 3.522695e-03 
9.259275e-03 3.611168e-03 
1.012082e-02 3.698390e-03 
1.097356e-02 3.784425e-03 
1.181799e-02 3.869237e-03 
1.265478e-02 3.952992e-03 
1.348446e-02 4.035719e-03 
1.430760e-02 4.117535e-03 
1.512462e-02 4.198487e-03 
1.593610e-02 4.278677e-03 
1.674252e-02 4.358183e-03 
1.754438e-02 4.437119e-03 
1.834212e-02 4.515524e-03 
1.913620e-02 4.593490e-03 
1.992709e-02 4.671063e-03 
2.071522e-02 4.748307e-03 
2.150102e-02 4.825270e-03 
2.228492e-02 4.901994e-03 
2.306735e-02 4.978529e-03 
2.384873e-02 5.054925e-03 
2.462949e-02 5.131236e-03 
2.541004e-02 5.207495e-03 
2.619079e-02 5.283756e-03 
2.697217e-02 5.360063e-03 
2.775462e-02 5.436505e-03 
2.853854e-02 5.513080e-03 
2.932434e-02 5.589856e-03 
3.011247e-02 5.666874e-03 
3.090336e-02 5.744258e-03 
3.169743e-02 5.822017e-03 
3.249515e-02 5.900283e-03 
3.329695e-02 5.979135e-03 
3.410333e-02 6.058790e-03 
3.491473e-02 6.139228e-03 
3.573163e-02 6.220612e-03 
3.655453e-02 6.303021e-03 
3.738391e-02 6.386753e-03 
3.822031e-02 6.471845e-03 
3.906423e-02 6.558577e-03 
3.991621e-02 6.647112e-03 
4.077678e-02 6.737784e-03 
4.164659e-02 6.830640e-03 
4.252620e-02 6.925764e-03 
4.341626e-02 7.022959e-03 
4.431731e-02 7.121987e-03 
4.523034e-02 7.222616e-03 
4.615606e-02 7.322901e-03 
4.709520e-02 7.420519e-03 
4.804825e-02 7.510853e-03 
4.901645e-02 7.585362e-03 
5.000000e-02 7.632653e-03 
0.000000e+00 2.938776e-03 
9.885489e-04 2.992612e-03 
1.962393e-03 3.067427e-03 
2.920680e-03 3.155275e-03 
3.863799e-03 3.247972e-03 
4.792860e-03 3.344662e-03 
5.708816e-03 3.442011e-03 
6.612392e-03 3.539096e-03 
7.504506e-03 3.635113e-03 
8.385535e-03 3.729998e-03 
9.256495e-03 3.823665e-03 
1.011800e-02 3.916003e-03 
1.097075e-02 4.007082e-03 
1.181522e-02 4.096866e-03 
1.265209e-02 4.185529e-03 
1.348190e-02 4.273106e-03 
1.430518e-02 4.359718e-03 
1.512239e-02 4.445421e-03 
1.593408e-02 4.530319e-03 
1.674074e-02 4.614497e-03 
1.754286e-02 4.698071e-03 
1.834088e-02 4.781088e-03 
1.913527e-02 4.863641e-03 
1.992647e-02 4.945781e-03 
2.071492e-02 5.027573e-03 
2.150107e-02 5.109069e-03 
2.228532e-02 5.190315e-03 
2.306811e-02 5.271362e-03 
2.384986e-02 5.352263e-03 
2.463098e-02 5.433075e-03 
2.541190e-02 5.513832e-03 
2.619302e-02 5.594593e-03 
2.697477e-02 5.675402e-03 
2.775758e-02 5.756354e-03 
2.854185e-02 5.837448e-03 
2.932800e-02 5.918754e-03 
3.011646e-02 6.000317e-03 
3.090767e-02 6.082266e-03 
3.170205e-02 6.164613e-03 
3.250005e-02 6.247494e-03 
3.330212e-02 6.330996e-03 
3.410873e-02 6.415346e-03 
3.492033e-02 6.500523e-03 
3.573741e-02 6.586699e-03 
3.656043e-02 6.673961e-03 
3.738991e-02 6.762619e-03 
3.822634e-02 6.852715e-03 
3.907024e-02 6.944545e-03 
3.992212e-02 7.038279e-03 
4.078251e-02 7.134266e-03 
4.165204e-02 7.232562e-03 
4.253127e-02 7.333252e-03 
4.342085e-02 7.436131e-03 
4.432130e-02 7.540934e-03 
4.523363e-02 7.647431e-03 
4.615859e-02 7.753571e-03 
4.709694e-02 7.856900e-03 
4.804924e-02 7.952538e-03 
4.901682e-02 8.031468e-03 
5.000000e-02 8.081633e-03 
0.000000e+00 3.102041e-03 
9.882344e-04 3.158898e-03 
1.961686e-03 3.237896e-03 
2.919574e-03 3.330662e-03 
3.862328e-03 3.428549e-03 
4.791068e-03 3.530638e-03 
5.706753e-03 3.633422e-03 
6.610103e-03 3.735918e-03 
7.502042e-03 3.837282e-03 
8.382948e-03 3.937432e-03 
9.253831e-03 4.036290e-03 
1.011530e-02 4.133738e-03 
1.096805e-02 4.229854e-03 
1.181257e-02 4.324603e-03 
1.264953e-02 4.418168e-03 
1.347945e-02 4.510587e-03 
1.430289e-02 4.601991e-03 
1.512029e-02 4.692440e-03 
1.593219e-02 4.782043e-03 
1.673909e-02 4.870888e-03 
1.754147e-02 4.959098e-03 
1.833977e-02 5.046724e-03 
1.913446e-02 5.133862e-03 
1.992597e-02 5.220566e-03 
2.071476e-02 5.306905e-03 
2.150124e-02 5.392934e-03 
2.228585e-02 5.478701e-03 
2.306900e-02 5.564259e-03 
2.385111e-02 5.649665e-03 
2.463260e-02 5.734978e-03 
2.541388e-02 5.820235e-03 
2.619538e-02 5.905496e-03 
2.697749e-02 5.990808e-03 
2.776066e-02 6.076270e-03 
2.854529e-02 6.161882e-03 
2.933179e-02 6.247720e-03 
3.012058e-02 6.333828e-03 
3.091211e-02 6.420342e-03 
3.170680e-02 6.507276e-03 
3.250509e-02 6.594774e-03 
3.330742e-02 6.682925e-03 
3.411427e-02 6.771967e-03 
3.492608e-02 6.861881e-03 
3.574333e-02 6.952847e-03 
3.656650e-02 7.044957e-03 
3.739606e-02 7.138536e-03 
3.823253e-02 7.233631e-03 
3.907640e-02 7.330550e-03 
3.992819e-02 7.429475e-03 
4.078838e-02 7.530769e-03 
4.165763e-02 7.634494e-03 
4.253648e-02 7.740740e-03 
4.342556e-02 7.849292e-03 
4.432540e-02 7.959862e-03 
4.523701e-02 8.072220e-03 
4.616118e-02 8.184212e-03 
4.709873e-02 8.293252e-03 
4.805026e-02 8.394198e-03 
4.901720e-02 8.477561e-03 
5.000000e-02 8.530612e-03 
0.000000e+00 3.265306e-03 
9.879355e-04 3.325226e-03 
1.961014e-03 3.408450e-03 
2.918520e-03 3.506174e-03 
3.860925e-03 3.609288e-03 
4.789354e-03 3.716791e-03 
5.704776e-03 3.825021e-03 
6.607906e-03 3.932934e-03 
7.499675e-03 4.039647e-03 
8.380463e-03 4.145057e-03 
9.251271e-03 4.249098e-03 
1.011271e-02 4.351646e-03 
1.096547e-02 4.452788e-03 
1.181004e-02 4.552492e-03 
1.264708e-02 4.650950e-03 
1.347713e-02 4.748203e-03 
1.430072e-02 4.844390e-03 
1.511830e-02 4.939580e-03 
1.593042e-02 5.033881e-03 
1.673756e-02 5.127390e-03 
1.754020e-02 5.220232e-03 
1.833878e-02 5.312463e-03 
1.913377e-02 5.404184e-03 
1.992560e-02 5.495450e-03 
2.071472e-02 5.586335e-03 
2.150154e-02 5.676896e-03 
2.228650e-02 5.767183e-03 
2.307001e-02 5.857253e-03 
2.385248e-02 5.947164e-03 
2.463435e-02 6.036977e-03 
2.541600e-02 6.126733e-03 
2.619786e-02 6.216494e-03 
2.698035e-02 6.306310e-03 
2.776388e-02 6.396283e-03 
2.854886e-02 6.486414e-03 
2.933571e-02 6.576783e-03 
3.012484e-02 6.667436e-03 
3.091669e-02 6.758516e-03 
3.171169e-02 6.850038e-03 
3.251027e-02 6.942150e-03 
3.331287e-02 7.034949e-03 
3.411996e-02 7.128682e-03 
3.493198e-02 7.223330e-03 
3.574940e-02 7.319082e-03 
3.657271e-02 7.416034e-03 
3.740236e-02 7.514528e-03 
3.823887e-02 7.614613e-03 
3.908272e-02 7.716613e-03 
3.993441e-02 7.820719e-03 
4.079442e-02 7.927307e-03 
4.166338e-02 8.036449e-03 
4.254184e-02 8.148238e-03 
4.343042e-02 8.262451e-03 
4.432962e-02 8.378778e-03 
4.524050e-02 8.496989e-03 
4.616387e-02 8.614827e-03 
4.710058e-02 8.729577e-03 
4.805132e-02 8.835837e-03 
4.901759e-02 8.923641e-03 
5.000000e-02 8.979592e-03 
0.000000e+00 3.428571e-03 
9.876496e-04 3.491583e-03 
1.960372e-03 3.579065e-03 
2.917516e-03 3.681778e-03 
3.859592e-03 3.790147e-03 
4.787725e-03 3.903082e-03 
5.702896e-03 4.016771e-03 
6.605817e-03 4.130108e-03 
7.497422e-03 4.242174e-03 
8.378100e-03 4.352841e-03 
9.248838e-03 4.462059e-03 
1.011024e-02 4.569700e-03 
1.096302e-02 4.675862e-03 
1.180764e-02 4.780514e-03 
1.264477e-02 4.883856e-03 
1.347494e-02 4.985937e-03 
1.429869e-02 5.086899e-03 
1.511646e-02 5.186825e-03 
1.592879e-02 5.285821e-03 
1.673617e-02 5.383989e-03 
1.753907e-02 5.481460e-03 
1.833794e-02 5.578295e-03 
1.913323e-02 5.674596e-03 
1.992538e-02 5.770424e-03 
2.071483e-02 5.865853e-03 
2.150200e-02 5.960945e-03 
2.228730e-02 6.055752e-03 
2.307117e-02 6.150333e-03 
2.385401e-02 6.244749e-03 
2.463625e-02 6.339064e-03 
2.541827e-02 6.433320e-03 
2.620051e-02 6.527582e-03 
2.698336e-02 6.621902e-03 
2.776726e-02 6.716387e-03 
2.855260e-02 6.811038e-03 
2.933980e-02 6.905939e-03 
3.012927e-02 7.001139e-03 
3.092145e-02 7.096784e-03 
3.171676e-02 7.192894e-03 
3.251563e-02 7.289621e-03 
3.331850e-02 7.387068e-03 
3.412583e-02 7.485489e-03 
3.493807e-02 7.584868e-03 
3.575567e-02 7.685402e-03 
3.657912e-02 7.787193e-03 
3.740887e-02 7.890595e-03 
3.824542e-02 7.995664e-03 
3.908924e-02 8.102736e-03 
3.994084e-02 8.212012e-03 
4.080066e-02 8.323884e-03 
4.166933e-02 8.438430e-03 
4.254739e-02 8.555750e-03 
4.343546e-02 8.675611e-03 
4.433402e-02 8.797684e-03 
4.524414e-02 8.921739e-03 
4.616667e-02 9.045419e-03 
4.710252e-02 9.165877e-03 
4.805243e-02 9.277453e-03 
4.901800e-02 9.369709e-03 
5.000000e-02 9.428571e-03 
0.000000e+00 3.591837e-03 
9.873769e-04 3.657989e-03 
1.959763e-03 3.749782e-03 
2.916562e-03 3.857534e-03 
3.858326e-03 3.971204e-03 
4.786174e-03 4.089588e-03 
5.701104e-03 4.208750e-03 
6.603821e-03 4.327515e-03 
7.495268e-03 4.444935e-03 
8.375840e-03 4.560852e-03 
9.246513e-03 4.675238e-03 
1.010789e-02 4.787960e-03 
1.096068e-02 4.899129e-03 
1.180536e-02 5.008717e-03 
1.264258e-02 5.116933e-03 
1.347288e-02 5.223831e-03 
1.429679e-02 5.329561e-03 
1.511474e-02 5.434215e-03 
1.592730e-02 5.537900e-03 
1.673492e-02 5.640723e-03 
1.753809e-02 5.742820e-03 
1.833724e-02 5.844255e-03 
1.913283e-02 5.945135e-03 
1.992530e-02 6.045522e-03 
2.071508e-02 6.145495e-03 
2.150260e-02 6.245118e-03 
2.228826e-02 6.344444e-03 
2.307249e-02 6.443537e-03 
2.385570e-02 6.542458e-03 
2.463831e-02 6.641275e-03 
2.542071e-02 6.740031e-03 
2.620332e-02 6.838795e-03 
2.698654e-02 6.937621e-03 
2.777080e-02 7.036618e-03 
2.855650e-02 7.135791e-03 
2.934405e-02 7.235224e-03 
3.013387e-02 7.334971e-03 
3.092638e-02 7.435183e-03 
3.172200e-02 7.535879e-03 
3.252117e-02 7.637221e-03 
3.332432e-02 7.739313e-03 
3.413189e-02 7.842420e-03 
3.494435e-02 7.946527e-03 
3.576214e-02 8.051838e-03 
3.658573e-02 8.158462e-03 
3.741557e-02 8.266765e-03 
3.825217e-02 8.376807e-03 
3.909597e-02 8.488940e-03 
3.994747e-02 8.603375e-03 
4.080710e-02 8.720515e-03 
4.167549e-02 8.840450e-03 
4.255315e-02 8.963284e-03 
4.344069e-02 9.088778e-03 
4.433859e-02 9.216585e-03 
4.524793e-02 9.346473e-03 
4.616959e-02 9.475988e-03 
4.710456e-02 9.602152e-03 
4.805359e-02 9.719046e-03 
4.901844e-02 9.815763e-03 
5.000000e-02 9.877551e-03 
0.000000e+00 3.755102e-03 
9.871173e-04 3.824432e-03 
1.959185e-03 3.920577e-03 
2.915662e-03 4.033410e-03 
3.857135e-03 4.152420e-03 
4.784714e-03 4.276274e-03 
5.699416e-03 4.400923e-03 
6.601939e-03 4.525125e-03 
7.493234e-03 4.647901e-03 
8.373707e-03 4.769066e-03 
9.244321e-03 4.888612e-03 
1.010568e-02 5.006406e-03 
1.095849e-02 5.122571e-03 
1.180322e-02 5.237087e-03 
1.264054e-02 5.350168e-03 
1.347097e-02 5.461875e-03 
1.429503e-02 5.572365e-03 
1.511318e-02 5.681742e-03 
1.592596e-02 5.790112e-03 
1.673383e-02 5.897586e-03 
1.753726e-02 6.004304e-03 
1.833670e-02 6.110339e-03 
1.913260e-02 6.215796e-03 
1.992539e-02 6.320741e-03 
2.071551e-02 6.425256e-03 
2.150337e-02 6.529410e-03 
2.228939e-02 6.633257e-03 
2.307399e-02 6.736861e-03 
2.385757e-02 6.840289e-03 
2.464055e-02 6.943609e-03 
2.542332e-02 7.046867e-03 
2.620631e-02 7.150134e-03 
2.698991e-02 7.253466e-03 
2.777454e-02 7.356977e-03 
2.856060e-02 7.460672e-03 
2.934851e-02 7.564640e-03 
3.013868e-02 7.668935e-03 
3.093152e-02 7.773714e-03 
3.172746e-02 7.878998e-03 
3.252693e-02 7.984954e-03 
3.333036e-02 8.091692e-03 
3.413818e-02 8.199483e-03 
3.495085e-02 8.308313e-03 
3.576883e-02 8.418398e-03 
3.659257e-02 8.529847e-03 
3.742252e-02 8.643043e-03 
3.825917e-02 8.758050e-03 
3.910295e-02 8.875233e-03 
3.995435e-02 8.994813e-03 
4.081380e-02 9.117207e-03 
4.168190e-02 9.242515e-03 
4.255915e-02 9.370846e-03 
4.344615e-02 9.501957e-03 
4.434337e-02 9.635482e-03 
4.525191e-02 9.771191e-03 
4.617268e-02 9.906533e-03 
4.710672e-02 1.003840e-02 
4.805483e-02 1.016061e-02 
4.901890e-02 1.026180e-02 
5.000000e-02 1.032653e-02 
0.000000e+00 3.918367e-03 
9.868698e-04 3.990934e-03 
1.958639e-03 4.091499e-03 
2.914811e-03 4.209472e-03 
3.856011e-03 4.333877e-03 
4.783334e-03 4.463223e-03 
5.697817e-03 4.593374e-03 
6.600152e-03 4.723014e-03 
7.491298e-03 4.851145e-03 
8.371679e-03 4.977546e-03 
9.242236e-03 5.102241e-03 
1.010358e-02 5.225092e-03 
1.095641e-02 5.346239e-03 
1.180120e-02 5.465669e-03 
1.263862e-02 5.583602e-03 
1.346918e-02 5.700108e-03 
1.429341e-02 5.815348e-03 
1.511176e-02 5.929441e-03 
1.592476e-02 6.042489e-03 
1.673288e-02 6.154610e-03 
1.753658e-02 6.265947e-03 
1.833632e-02 6.376578e-03 
1.913253e-02 6.486610e-03 
1.992565e-02 6.596112e-03 
2.071610e-02 6.705169e-03 
2.150431e-02 6.813854e-03 
2.229069e-02 6.922220e-03 
2.307566e-02 7.030338e-03 
2.385961e-02 7.138272e-03 
2.464297e-02 7.246096e-03 
2.542612e-02 7.353857e-03 
2.620949e-02 7.461629e-03 
2.699347e-02 7.569469e-03 
2.777847e-02 7.677496e-03 
2.856491e-02 7.785715e-03 
2.935317e-02 7.894217e-03 
3.014369e-02 8.003061e-03 
3.093687e-02 8.112407e-03 
3.173313e-02 8.222280e-03 
3.253290e-02 8.332850e-03 
3.333661e-02 8.444231e-03 
3.414469e-02 8.556703e-03 
3.495759e-02 8.670254e-03 
3.577576e-02 8.785105e-03 
3.659965e-02 8.901374e-03 
3.742970e-02 9.019453e-03 
3.826640e-02 9.139414e-03 
3.911018e-02 9.261633e-03 
3.996149e-02 9.386343e-03 
4.082075e-02 9.513973e-03 
4.168857e-02 9.644633e-03 
4.256541e-02 9.778442e-03 
4.345186e-02 9.915149e-03 
4.434839e-02 1.005438e-02 
4.525611e-02 1.019589e-02 
4.617595e-02 1.033705e-02 
4.710903e-02 1.047462e-02 
4.805616e-02 1.060216e-02 
4.901940e-02 1.070783e-02 
5.000000e-02 1.077551e-02 
0.000000e+00 4.081633e-03 
9.866361e-04 4.157483e-03 
1.958127e-03 4.262520e-03 
2.914019e-03 4.385685e-03 
3.854967e-03 4.515532e-03 
4.782049e-03 4.650395e-03 
5.696326e-03 4.786063e-03 
6.598482e-03 4.921147e-03 
7.489486e-03 5.054633e-03 
8.369780e-03 5.186266e-03 
9.240287e-03 5.316098e-03 
1.010162e-02 5.443995e-03 
1.095447e-02 5.570111e-03 
1.179933e-02 5.694444e-03 
1.263686e-02 5.817220e-03 
1.346755e-02 5.938514e-03 
1.429195e-02 6.058497e-03 
1.511050e-02 6.177300e-03 
1.592372e-02 6.295020e-03 
1.673210e-02 6.411785e-03 
1.753608e-02 6.527737e-03 
1.833611e-02 6.642962e-03 
1.913263e-02 6.757568e-03 
1.992608e-02 6.871627e-03 
2.071688e-02 6.985226e-03 
2.150545e-02 7.098441e-03 
2.229219e-02 7.211330e-03 
2.307753e-02 7.323960e-03 
2.386186e-02 7.436403e-03 
2.464560e-02 7.548733e-03 
2.542914e-02 7.660999e-03 
2.621289e-02 7.773277e-03 
2.699725e-02 7.885628e-03 
2.778263e-02 7.998171e-03 
2.856943e-02 8.110916e-03 
2.935807e-02 8.223955e-03 
3.014893e-02 8.337350e-03 
3.094245e-02 8.451265e-03 
3.173904e-02 8.565727e-03 
3.253912e-02 8.680910e-03 
3.334312e-02 8.796934e-03 
3.415146e-02 8.914084e-03 
3.496459e-02 9.032352e-03 
3.578295e-02 9.151965e-03 
3.660701e-02 9.273047e-03 
3.743717e-02 9.396000e-03 
3.827393e-02 9.520903e-03 
3.911769e-02 9.648145e-03 
3.996892e-02 9.777969e-03 
4.082800e-02 9.910816e-03 
4.169553e-02 1.004681e-02 
4.257196e-02 1.018607e-02 
4.345786e-02 1.032836e-02 
4.435368e-02 1.047326e-02 
4.526056e-02 1.062057e-02 
4.617944e-02 1.076754e-02 
4.711150e-02 1.091079e-02 
4.805758e-02 1.104367e-02 
4.901993e-02 1.115383e-02 
5.000000e-02 1.122449e-02 
0.000000e+00 4.244898e-03 
9.864176e-04 4.324110e-03 
1.957655e-03 4.433705e-03 
2.913288e-03 4.562137e-03 
3.854004e-03 4.697495e-03 
4.780861e-03 4.837896e-03 
5.694941e-03 4.979096e-03 
6.596924e-03 5.119622e-03 
7.487790e-03 5.258454e-03 
8.368005e-03 5.395305e-03 
9.238468e-03 5.530258e-03 
1.009979e-02 5.663183e-03 
1.095268e-02 5.794251e-03 
1.179762e-02 5.923472e-03 
1.263525e-02 6.051076e-03 
1.346608e-02 6.177149e-03 
1.429066e-02 6.301864e-03 
1.510941e-02 6.425368e-03 
1.592288e-02 6.547757e-03 
1.673151e-02 6.669160e-03 
1.753577e-02 6.789725e-03 
1.833610e-02 6.909542e-03 
1.913295e-02 7.028720e-03 
1.992673e-02 7.147336e-03 
2.071788e-02 7.265476e-03 
2.150680e-02 7.383223e-03 
2.229392e-02 7.500633e-03 
2.307963e-02 7.617779e-03 
2.386435e-02 7.734731e-03 
2.464847e-02 7.851569e-03 
2.543240e-02 7.968341e-03 
2.621654e-02 8.085128e-03 
2.700129e-02 8.201991e-03 
2.778705e-02 8.319053e-03 
2.857423e-02 8.436325e-03 
2.936323e-02 8.553903e-03 
3.015446e-02 8.671849e-03 
3.094832e-02 8.790334e-03 
3.174524e-02 8.909385e-03 
3.254564e-02 9.029181e-03 
3.334993e-02 9.149846e-03 
3.415852e-02 9.271672e-03 
3.497189e-02 9.394651e-03 
3.579046e-02 9.519019e-03 
3.661468e-02 9.644904e-03 
3.744495e-02 9.772720e-03 
3.828177e-02 9.902551e-03 
3.912554e-02 1.003480e-02 
3.997668e-02 1.016972e-02 
4.083558e-02 1.030776e-02 
4.170282e-02 1.044906e-02 
4.257884e-02 1.059375e-02 
4.346418e-02 1.074158e-02 
4.435928e-02 1.089215e-02 
4.526528e-02 1.104522e-02 
4.618317e-02 1.119798e-02 
4.711416e-02 1.134693e-02 
4.805913e-02 1.148513e-02 
4.902052e-02 1.159982e-02 
5.000000e-02 1.167347e-02 
0.000000e+00 4.408163e-03 
9.862155e-04 4.490800e-03 
1.957225e-03 4.605028e-03 
2.912626e-03 4.738795e-03 
3.853132e-03 4.879726e-03 
4.779780e-03 5.025694e-03 
5.693674e-03 5.172440e-03 
6.595492e-03 5.318411e-03 
7.486223e-03 5.462586e-03 
8.366365e-03 5.604644e-03 
9.236789e-03 5.744703e-03 
1.009811e-02 5.882640e-03 
1.095104e-02 6.018643e-03 
1.179605e-02 6.152739e-03 
1.263380e-02 6.285159e-03 
1.346479e-02 6.415999e-03 
1.428954e-02 6.545437e-03 
1.510851e-02 6.673637e-03 
1.592221e-02 6.800688e-03 
1.673111e-02 6.926726e-03 
1.753566e-02 7.051901e-03 
1.833630e-02 7.176309e-03 
1.913347e-02 7.300060e-03 
1.992760e-02 7.423231e-03 
2.071910e-02 7.545915e-03 
2.150839e-02 7.668194e-03 
2.229588e-02 7.790127e-03 
2.308197e-02 7.911790e-03 
2.386708e-02 8.033255e-03 
2.465159e-02 8.154602e-03 
2.543592e-02 8.275884e-03 
2.622045e-02 8.397181e-03 
2.700559e-02 8.518559e-03 
2.779174e-02 8.640143e-03 
2.857930e-02 8.761945e-03 
2.936867e-02 8.884063e-03 
3.016026e-02 9.006564e-03 
3.095448e-02 9.129620e-03 
3.175174e-02 9.253260e-03 
3.255245e-02 9.377670e-03 
3.335703e-02 9.502974e-03 
3.416590e-02 9.629472e-03 
3.497951e-02 9.757158e-03 
3.579828e-02 9.886274e-03 
3.662267e-02 1.001695e-02 
3.745306e-02 1.014962e-02 
3.828995e-02 1.028436e-02 
3.913372e-02 1.042160e-02 
3.998478e-02 1.056159e-02 
4.084352e-02 1.070480e-02 
4.171047e-02 1.085138e-02 
4.258607e-02 1.100147e-02 
4.347084e-02 1.115482e-02 
4.436522e-02 1.131102e-02 
4.527033e-02 1.146984e-02 
4.618718e-02 1.162838e-02 
4.711704e-02 1.178300e-02 
4.806083e-02 1.192656e-02 
4.902118e-02 1.204578e-02 
5.000000e-02 1.212245e-02 
0.000000e+00 4.571429e-03 
9.860315e-04 4.657592e-03 
1.956842e-03 4.776568e-03 
2.912032e-03 4.915762e-03 
3.852347e-03 5.062344e-03 
4.778800e-03 5.213904e-03 
5.692517e-03 5.366205e-03 
6.594175e-03 5.517612e-03 
7.484775e-03 5.667113e-03 
8.364852e-03 5.814359e-03 
9.235243e-03 5.959502e-03 
1.009658e-02 6.102430e-03 
1.094954e-02 6.243347e-03 
1.179465e-02 6.382301e-03 
1.263252e-02 6.519522e-03 
1.346366e-02 6.655116e-03 
1.428861e-02 6.789267e-03 
1.510780e-02 6.922155e-03 
1.592175e-02 7.053863e-03 
1.673092e-02 7.184533e-03 
1.753576e-02 7.314315e-03 
1.833672e-02 7.443313e-03 
1.913423e-02 7.571634e-03 
1.992870e-02 7.699363e-03 
2.072057e-02 7.826589e-03 
2.151023e-02 7.953402e-03 
2.229810e-02 8.079861e-03 
2.308458e-02 8.206043e-03 
2.387008e-02 8.332022e-03 
2.465499e-02 8.457881e-03 
2.543972e-02 8.583675e-03 
2.622466e-02 8.709486e-03 
2.701020e-02 8.835382e-03 
2.779674e-02 8.961489e-03 
2.858468e-02 9.087823e-03 
2.937443e-02 9.214484e-03 
3.016639e-02 9.341541e-03 
3.096096e-02 9.469169e-03 
3.175856e-02 9.597399e-03 
3.255959e-02 9.726422e-03 
3.336448e-02 9.856364e-03 
3.417362e-02 9.987529e-03 
3.498747e-02 1.011992e-02 
3.580645e-02 1.025377e-02 
3.663101e-02 1.038923e-02 
3.746154e-02 1.052674e-02 
3.829850e-02 1.066638e-02 
3.914227e-02 1.080858e-02 
3.999327e-02 1.095362e-02 
4.085183e-02 1.110196e-02 
4.171850e-02 1.125379e-02 
4.259369e-02 1.140924e-02 
4.347788e-02 1.156807e-02 
4.437152e-02 1.172987e-02 
4.527572e-02 1.189441e-02 
4.619150e-02 1.205871e-02 
4.712018e-02 1.221901e-02 
4.806270e-02 1.236792e-02 
4.902191e-02 1.249170e-02 
5.000000e-02 1.257143e-02 
0.000000e+00 4.734694e-03 
9.858671e-04 4.824471e-03 
1.956508e-03 4.948293e-03 
2.911516e-03 5.093000e-03 
3.851659e-03 5.245307e-03 
4.777932e-03 5.402489e-03 
5.691479e-03 5.560357e-03 
6.592980e-03 5.717196e-03 
7.483449e-03 5.872010e-03 
8.363463e-03 6.024427e-03 
9.233826e-03 6.174632e-03 
1.009517e-02 6.322530e-03 
1.094818e-02 6.468340e-03 
1.179339e-02 6.612136e-03 
1.263139e-02 6.754142e-03 
1.346270e-02 6.894479e-03 
1.428784e-02 7.033333e-03 
1.510725e-02 7.170901e-03 
1.592146e-02 7.307260e-03 
1.673091e-02 7.442558e-03 
1.753606e-02 7.576946e-03 
1.833734e-02 7.710532e-03 
1.913518e-02 7.843425e-03 
1.993001e-02 7.975710e-03 
2.072225e-02 8.107482e-03 
2.151229e-02 8.238830e-03 
2.230055e-02 8.369816e-03 
2.308743e-02 8.500520e-03 
2.387333e-02 8.631016e-03 
2.465864e-02 8.761391e-03 
2.544378e-02 8.891700e-03 
2.622912e-02 9.022028e-03 
2.701506e-02 9.152445e-03 
2.780200e-02 9.283079e-03 
2.859034e-02 9.413948e-03 
2.938047e-02 9.545155e-03 
3.017281e-02 9.676770e-03 
3.096774e-02 9.808972e-03 
3.176568e-02 9.941794e-03 
3.256704e-02 1.007543e-02 
3.337224e-02 1.021001e-02 
3.418165e-02 1.034584e-02 
3.499575e-02 1.048292e-02 
3.581495e-02 1.062151e-02 
3.663969e-02 1.076174e-02 
3.747035e-02 1.090407e-02 
3.830739e-02 1.104859e-02 
3.915118e-02 1.119573e-02 
4.000211e-02 1.134579e-02 
4.086051e-02 1.149925e-02 
4.172691e-02 1.165628e-02 
4.260170e-02 1.181706e-02 
4.348532e-02 1.198133e-02 
4.437822e-02 1.214869e-02 
4.528150e-02 1.231892e-02 
4.619618e-02 1.248895e-02 
4.712362e-02 1.265492e-02 
4.806477e-02 1.280920e-02 
4.902273e-02 1.293759e-02 
5.000000e-02 1.302041e-02 
0.000000e+00 4.897959e-03 
9.857271e-04 4.991489e-03 
1.956235e-03 5.120312e-03 
2.911085e-03 5.270638e-03 
3.851072e-03 5.428761e-03 
4.777177e-03 5.591584e-03 
5.690559e-03 5.755020e-03 
6.591908e-03 5.917271e-03 
7.482247e-03 6.077368e-03 
8.362208e-03 6.234930e-03 
9.232550e-03 6.390169e-03 
1.009392e-02 6.543011e-03 
1.094699e-02 6.693690e-03 
1.179230e-02 6.842308e-03 
1.263044e-02 6.989084e-03 
1.346192e-02 7.134151e-03 
1.428727e-02 7.277698e-03 
1.510693e-02 7.419939e-03 
1.592140e-02 7.560944e-03 
1.673114e-02 7.700868e-03 
1.753660e-02 7.839858e-03 
1.833821e-02 7.978033e-03 
1.913641e-02 8.115498e-03 
1.993161e-02 8.252341e-03 
2.072423e-02 8.388659e-03 
2.151465e-02 8.524545e-03 
2.230330e-02 8.660062e-03 
2.309058e-02 8.795289e-03 
2.387690e-02 8.930306e-03 
2.466262e-02 9.065200e-03 
2.544817e-02 9.200027e-03 
2.623393e-02 9.334876e-03 
2.702029e-02 9.469817e-03 
2.780763e-02 9.604982e-03 
2.859636e-02 9.740388e-03 
2.938688e-02 9.876144e-03 
3.017960e-02 1.001232e-02 
3.097489e-02 1.014910e-02 
3.177319e-02 1.028651e-02 
3.257488e-02 1.042476e-02 
3.338039e-02 1.056397e-02 
3.419008e-02 1.070446e-02 
3.500444e-02 1.084623e-02 
3.582386e-02 1.098954e-02 
3.664878e-02 1.113453e-02 
3.747957e-02 1.128166e-02 
3.831670e-02 1.143104e-02 
3.916051e-02 1.158310e-02 
4.001140e-02 1.173815e-02 
4.086963e-02 1.189667e-02 
4.173576e-02 1.205887e-02 
4.261015e-02 1.222492e-02 
4.349320e-02 1.239459e-02 
4.438537e-02 1.256747e-02 
4.528770e-02 1.274335e-02 
4.620125e-02 1.291909e-02 
4.712738e-02 1.309071e-02 
4.806707e-02 1.325039e-02 
4.902367e-02 1.338342e-02 
5.000000e-02 1.346939e-02 
0.000000e+00 5.061224e-03 
9.856158e-04 5.158630e-03 
1.956029e-03 5.292597e-03 
2.910750e-03 5.448653e-03 
3.850599e-03 5.612677e-03 
4.776549e-03 5.781173e-03 
5.689769e-03 5.950177e-03 
6.590965e-03 6.117823e-03 
7.481171e-03 6.283179e-03 
8.361080e-03 6.445858e-03 
9.231404e-03 6.606100e-03 
1.009280e-02 6.763859e-03 
1.094593e-02 6.919381e-03 
1.179135e-02 7.072802e-03 
1.262964e-02 7.224331e-03 
1.346131e-02 7.374114e-03 
1.428688e-02 7.522344e-03 
1.510678e-02 7.669251e-03 
1.592152e-02 7.814897e-03 
1.673156e-02 7.959442e-03 
1.753735e-02 8.103035e-03 
1.833930e-02 8.245797e-03 
1.913785e-02 8.387835e-03 
1.993343e-02 8.529239e-03 
2.072643e-02 8.670105e-03 
2.151725e-02 8.810532e-03 
2.230631e-02 8.950581e-03 
2.309400e-02 9.090337e-03 
2.388073e-02 9.229878e-03 
2.466688e-02 9.369294e-03 
2.545285e-02 9.508644e-03 
2.623902e-02 9.648018e-03 
2.702580e-02 9.787488e-03 
2.781355e-02 9.927186e-03 
2.860269e-02 1.006713e-02 
2.939361e-02 1.020744e-02 
3.018671e-02 1.034818e-02 
3.098238e-02 1.048954e-02 
3.178103e-02 1.063154e-02 
3.258306e-02 1.077440e-02 
3.338889e-02 1.091825e-02 
3.419886e-02 1.106339e-02 
3.501348e-02 1.120985e-02 
3.583312e-02 1.135786e-02 
3.665823e-02 1.150761e-02 
3.748917e-02 1.165952e-02 
3.832639e-02 1.181373e-02 
3.917023e-02 1.197068e-02 
4.002108e-02 1.213068e-02 
4.087917e-02 1.229424e-02 
4.174504e-02 1.246155e-02 
4.261903e-02 1.263283e-02 
4.350153e-02 1.280784e-02 
4.439297e-02 1.298619e-02 
4.529438e-02 1.316766e-02 
4.620676e-02 1.334908e-02 
4.713153e-02 1.352634e-02 
4.806965e-02 1.369144e-02 
4.902474e-02 1.382917e-02 
5.000000e-02 1.391837e-02 
0.000000e+00 5.224490e-03 
9.855366e-04 5.325962e-03 
1.955897e-03 5.465281e-03 
2.910512e-03 5.627190e-03 
3.850230e-03 5.797207e-03 
4.776032e-03 5.971387e-03 
5.689087e-03 6.145943e-03 
6.590132e-03 6.318948e-03 
7.480206e-03 6.489516e-03 
8.360069e-03 6.657275e-03 
9.230382e-03 6.822484e-03 
1.009181e-02 6.985128e-03 
1.094502e-02 7.145467e-03 
1.179057e-02 7.303669e-03 
1.262902e-02 7.459933e-03 
1.346088e-02 7.614421e-03 
1.428668e-02 7.767323e-03 
1.510684e-02 7.918889e-03 
1.592186e-02 8.069172e-03 
1.673221e-02 8.218337e-03 
1.753833e-02 8.366531e-03 
1.834063e-02 8.513881e-03 
1.913956e-02 8.660493e-03 
1.993552e-02 8.806459e-03 
2.072892e-02 8.951877e-03 
2.152015e-02 9.096847e-03 
2.230961e-02 9.241433e-03 
2.309773e-02 9.385720e-03 
2.388488e-02 9.529790e-03 
2.467146e-02 9.673733e-03 
2.545786e-02 9.817610e-03 
2.624446e-02 9.961513e-03 
2.703167e-02 1.010552e-02 
2.781983e-02 1.024975e-02 
2.860938e-02 1.039425e-02 
2.940070e-02 1.053911e-02 
3.019419e-02 1.068441e-02 
3.099024e-02 1.083035e-02 
3.178925e-02 1.097695e-02 
3.259163e-02 1.112442e-02 
3.339778e-02 1.127290e-02 
3.420804e-02 1.142269e-02 
3.502292e-02 1.157382e-02 
3.584279e-02 1.172654e-02 
3.666810e-02 1.188101e-02 
3.749918e-02 1.203769e-02 
3.833650e-02 1.219671e-02 
3.918039e-02 1.235851e-02 
4.003119e-02 1.252343e-02 
4.088914e-02 1.269196e-02 
4.175476e-02 1.286434e-02 
4.262838e-02 1.304078e-02 
4.351034e-02 1.322107e-02 
4.440106e-02 1.340481e-02 
4.530154e-02 1.359183e-02 
4.621275e-02 1.377888e-02 
4.713607e-02 1.396178e-02 
4.807253e-02 1.413233e-02 
4.902599e-02 1.427484e-02 
5.000000e-02 1.436735e-02 
0.000000e+00 5.387755e-03 
9.854968e-04 5.493473e-03 
1.955849e-03 5.638340e-03 
2.910385e-03 5.806235e-03 
3.849978e-03 5.982335e-03 
4.775636e-03 6.162219e-03 
5.688523e-03 6.342310e-03 
6.589410e-03 6.520638e-03 
7.479343e-03 6.696374e-03 
8.359158e-03 6.869173e-03 
9.229460e-03 7.039308e-03 
1.009093e-02 7.206805e-03 
1.094421e-02 7.371929e-03 
1.178989e-02 7.534890e-03 
1.262850e-02 7.695870e-03 
1.346058e-02 7.855048e-03 
1.428661e-02 8.012612e-03 
1.510703e-02 8.168828e-03 
1.592235e-02 8.323743e-03 
1.673301e-02 8.477525e-03 
1.753947e-02 8.630320e-03 
1.834214e-02 8.782258e-03 
1.914144e-02 8.933445e-03 
1.993779e-02 9.083976e-03 
2.073160e-02 9.233949e-03 
2.152324e-02 9.383465e-03 
2.231313e-02 9.532591e-03 
2.310167e-02 9.681415e-03 
2.388926e-02 9.830017e-03 
2.467627e-02 9.978492e-03 
2.546310e-02 1.012690e-02 
2.625014e-02 1.027534e-02 
2.703778e-02 1.042388e-02 
2.782637e-02 1.057266e-02 
2.861633e-02 1.072170e-02 
2.940806e-02 1.087112e-02 
3.020195e-02 1.102100e-02 
3.099838e-02 1.117152e-02 
3.179776e-02 1.132272e-02 
3.260048e-02 1.147480e-02 
3.340696e-02 1.162790e-02 
3.421752e-02 1.178234e-02 
3.503266e-02 1.193813e-02 
3.585277e-02 1.209554e-02 
3.667828e-02 1.225473e-02 
3.750952e-02 1.241616e-02 
3.834694e-02 1.257995e-02 
3.919088e-02 1.274658e-02 
4.004167e-02 1.291637e-02 
4.089949e-02 1.308983e-02 
4.176489e-02 1.326721e-02 
4.263816e-02 1.344875e-02 
4.351960e-02 1.363424e-02 
4.440965e-02 1.382332e-02 
4.530922e-02 1.401582e-02 
4.621926e-02 1.420845e-02 
4.714110e-02 1.439696e-02 
4.807579e-02 1.457301e-02 
4.902743e-02 1.472038e-02 
5.000000e-02 1.481633e-02 
0.000000e+00 5.551020e-03 
9.855039e-04 5.661247e-03 
1.955898e-03 5.811946e-03 
2.910371e-03 5.985958e-03 
3.849832e-03 6.168220e-03 
4.775343e-03 6.353800e-03 
5.688048e-03 6.539379e-03 
6.588774e-03 6.722971e-03 
7.478563e-03 6.903808e-03 
8.358334e-03 7.081599e-03 
9.228632e-03 7.256617e-03 
1.009015e-02 7.428932e-03 
1.094352e-02 7.598814e-03 
1.178934e-02 7.766512e-03 
1.262813e-02 7.932194e-03 
1.346042e-02 8.096050e-03 
1.428670e-02 8.258270e-03 
1.510739e-02 8.419132e-03 
1.592302e-02 8.578676e-03 
1.673401e-02 8.737074e-03 
1.754082e-02 8.894470e-03 
1.834386e-02 9.050999e-03 
1.914355e-02 9.206764e-03 
1.994031e-02 9.361863e-03 
2.073454e-02 9.516394e-03 
2.152659e-02 9.670462e-03 
2.231692e-02 9.824134e-03 
2.310589e-02 9.977498e-03 
2.389393e-02 1.013064e-02 
2.468138e-02 1.028365e-02 
2.546866e-02 1.043660e-02 
2.625614e-02 1.058957e-02 
2.704422e-02 1.074266e-02 
2.783324e-02 1.089598e-02 
2.862362e-02 1.104958e-02 
2.941576e-02 1.120357e-02 
3.021006e-02 1.135802e-02 
3.100687e-02 1.151312e-02 
3.180663e-02 1.166891e-02 
3.260970e-02 1.182561e-02 
3.341651e-02 1.198334e-02 
3.422737e-02 1.214242e-02 
3.504278e-02 1.230287e-02 
3.586313e-02 1.246495e-02 
3.668885e-02 1.262884e-02 
3.752025e-02 1.279498e-02 
3.835779e-02 1.296353e-02 
3.920178e-02 1.313494e-02 
4.005257e-02 1.330955e-02 
4.091028e-02 1.348788e-02 
4.177547e-02 1.367019e-02 
4.264842e-02 1.385673e-02 
4.352938e-02 1.404735e-02 
4.441876e-02 1.424166e-02 
4.531745e-02 1.443955e-02 
4.622630e-02 1.463771e-02 
4.714659e-02 1.483181e-02 
4.807945e-02 1.501341e-02 
4.902912e-02 1.516576e-02 
5.000000e-02 1.526531e-02 
0.000000e+00 5.714286e-03 
9.855703e-04 5.829290e-03 
1.956057e-03 5.986099e-03 
2.910488e-03 6.166385e-03 
3.849809e-03 6.354889e-03 
4.775163e-03 6.546163e-03 
5.687671e-03 6.737182e-03 
6.588224e-03 6.925974e-03 
7.477858e-03 7.111843e-03 
8.357580e-03 7.294569e-03 
9.227871e-03 7.474421e-03 
1.008944e-02 7.651514e-03 
1.094290e-02 7.826120e-03 
1.178886e-02 7.998531e-03 
1.262784e-02 8.168896e-03 
1.346036e-02 8.337418e-03 
1.428689e-02 8.504284e-03 
1.510787e-02 8.669784e-03 
1.592381e-02 8.833954e-03 
1.673514e-02 8.996967e-03 
1.754231e-02 9.158964e-03 
1.834573e-02 9.320086e-03 
1.914582e-02 9.480432e-03 
1.994299e-02 9.640104e-03 
2.073765e-02 9.799198e-03 
2.153013e-02 9.957822e-03 
2.232089e-02 1.011604e-02 
2.311031e-02 1.027396e-02 
2.389880e-02 1.043164e-02 
2.468670e-02 1.058919e-02 
2.547443e-02 1.074669e-02 
2.626236e-02 1.090421e-02 
2.705089e-02 1.106184e-02 
2.784034e-02 1.121972e-02 
2.863116e-02 1.137788e-02 
2.942372e-02 1.153643e-02 
3.021842e-02 1.169546e-02 
3.101562e-02 1.185515e-02 
3.181575e-02 1.201554e-02 
3.261919e-02 1.217685e-02 
3.342633e-02 1.233921e-02 
3.423750e-02 1.250292e-02 
3.505319e-02 1.266801e-02 
3.587378e-02 1.283476e-02 
3.669972e-02 1.300333e-02 
3.753128e-02 1.317417e-02 
3.836894e-02 1.334742e-02 
3.921301e-02 1.352357e-02 
4.006381e-02 1.370296e-02 
4.092143e-02 1.388609e-02 
4.178644e-02 1.407325e-02 
4.265910e-02 1.426471e-02 
4.353963e-02 1.446035e-02 
4.442840e-02 1.465981e-02 
4.532624e-02 1.486299e-02 
4.623393e-02 1.506659e-02 
4.715265e-02 1.526624e-02 
4.808358e-02 1.545345e-02 
4.903108e-02 1.561093e-02 
5.000000e-02 1.571429e-02 
0.000000e+00 5.877551e-03 
9.857061e-04 5.997710e-03 
1.956337e-03 6.161008e-03 
2.910729e-03 6.347701e-03 
3.849880e-03 6.542488e-03 
4.775061e-03 6.739415e-03 
5.687347e-03 6.935788e-03 
6.587720e-03 7.129695e-03 
7.477193e-03 7.320511e-03 
8.356869e-03 7.508113e-03 
9.227160e-03 7.692748e-03 
1.008879e-02 7.874582e-03 
1.094235e-02 8.053884e-03 
1.178847e-02 8.230987e-03 
1.262765e-02 8.406019e-03 
1.346040e-02 8.579198e-03 
1.428721e-02 8.750705e-03 
1.510848e-02 8.920841e-03 
1.592474e-02 9.089635e-03 
1.673643e-02 9.257265e-03 
1.754397e-02 9.423867e-03 
1.834778e-02 9.589584e-03 
1.914828e-02 9.754517e-03 
1.994587e-02 9.918765e-03 
2.074096e-02 1.008243e-02 
2.153389e-02 1.024561e-02 
2.232510e-02 1.040839e-02 
2.311497e-02 1.057086e-02 
2.390392e-02 1.073309e-02 
2.469228e-02 1.089520e-02 
2.548047e-02 1.105724e-02 
2.626886e-02 1.121931e-02 
2.705783e-02 1.138150e-02 
2.784773e-02 1.154394e-02 
2.863898e-02 1.170666e-02 
2.943196e-02 1.186978e-02 
3.022708e-02 1.203340e-02 
3.102468e-02 1.219768e-02 
3.182519e-02 1.236268e-02 
3.262898e-02 1.252859e-02 
3.343647e-02 1.269557e-02 
3.424794e-02 1.286391e-02 
3.506391e-02 1.303364e-02 
3.588476e-02 1.320503e-02 
3.671092e-02 1.337826e-02 
3.754264e-02 1.355376e-02 
3.838044e-02 1.373169e-02 
3.922458e-02 1.391253e-02 
4.007541e-02 1.409662e-02 
4.093296e-02 1.428448e-02 
4.179782e-02 1.447640e-02 
4.267023e-02 1.467267e-02 
4.355037e-02 1.487322e-02 
4.443856e-02 1.507769e-02 
4.533559e-02 1.528604e-02 
4.624213e-02 1.549499e-02 
4.715922e-02 1.570016e-02 
4.808821e-02 1.589303e-02 
4.903338e-02 1.605581e-02 
5.000000e-02 1.616327e-02 
0.000000e+00 6.040816e-03 
9.859241e-04 6.166540e-03 
1.956743e-03 6.336707e-03 
2.911093e-03 6.529970e-03 
3.850033e-03 6.731077e-03 
4.775008e-03 6.933613e-03 
5.687043e-03 7.135248e-03 
6.587213e-03 7.334174e-03 
7.476513e-03 7.529843e-03 
8.356132e-03 7.722247e-03 
9.226418e-03 7.911603e-03 
1.008811e-02 8.098131e-03 
1.094178e-02 8.282093e-03 
1.178806e-02 8.463861e-03 
1.262745e-02 8.643542e-03 
1.346044e-02 8.821364e-03 
1.428752e-02 8.997505e-03 
1.510910e-02 9.172270e-03 
1.592569e-02 9.345686e-03 
1.673773e-02 9.517932e-03 
1.754566e-02 9.689140e-03 
1.834986e-02 9.859457e-03 
1.915078e-02 1.002898e-02 
1.994881e-02 1.019781e-02 
2.074434e-02 1.036605e-02 
2.153771e-02 1.053380e-02 
2.232937e-02 1.070114e-02 
2.311971e-02 1.086817e-02 
2.390912e-02 1.103496e-02 
2.469794e-02 1.120162e-02 
2.548660e-02 1.136822e-02 
2.627545e-02 1.153485e-02 
2.706488e-02 1.170160e-02 
2.785522e-02 1.186860e-02 
2.864691e-02 1.203590e-02 
2.944032e-02 1.220360e-02 
3.023585e-02 1.237180e-02 
3.103385e-02 1.254067e-02 
3.183475e-02 1.271028e-02 
3.263890e-02 1.288081e-02 
3.344673e-02 1.305241e-02 
3.425851e-02 1.322537e-02 
3.507477e-02 1.339972e-02 
3.589587e-02 1.357574e-02 
3.672225e-02 1.375360e-02 
3.755416e-02 1.393374e-02 
3.839209e-02 1.411631e-02 
3.923632e-02 1.430179e-02 
4.008719e-02 1.449052e-02 
4.094470e-02 1.468302e-02 
4.180944e-02 1.487960e-02 
4.268164e-02 1.508058e-02 
4.356146e-02 1.528589e-02 
4.444915e-02 1.549524e-02 
4.534544e-02 1.570862e-02 
4.625090e-02 1.592279e-02 
4.716638e-02 1.613342e-02 
4.809339e-02 1.633202e-02 
4.903604e-02 1.650031e-02 
5.000000e-02 1.661224e-02 
0.000000e+00 6.204082e-03 
9.862372e-04 6.335911e-03 
1.957275e-03 6.513419e-03 
2.911554e-03 6.713358e-03 
3.850216e-03 6.920740e-03 
4.774947e-03 7.128797e-03 
5.686694e-03 7.335564e-03 
6.586649e-03 7.539402e-03 
7.475769e-03 7.739826e-03 
8.355329e-03 7.936963e-03 
9.225615e-03 8.130987e-03 
1.008737e-02 8.322172e-03 
1.094116e-02 8.510768e-03 
1.178761e-02 8.697181e-03 
1.262721e-02 8.881499e-03 
1.346046e-02 9.063959e-03 
1.428783e-02 9.244732e-03 
1.510972e-02 9.424124e-03 
1.592665e-02 9.602164e-03 
1.673905e-02 9.779029e-03 
1.754737e-02 9.954848e-03 
1.835198e-02 1.012977e-02 
1.915333e-02 1.030389e-02 
1.995179e-02 1.047731e-02 
2.074777e-02 1.065013e-02 
2.154159e-02 1.082245e-02 
2.233372e-02 1.099436e-02 
2.312452e-02 1.116596e-02 
2.391440e-02 1.133731e-02 
2.470370e-02 1.150854e-02 
2.549283e-02 1.167970e-02 
2.628214e-02 1.185090e-02 
2.707203e-02 1.202222e-02 
2.786282e-02 1.219379e-02 
2.865495e-02 1.236566e-02 
2.944879e-02 1.253795e-02 
3.024474e-02 1.271074e-02 
3.104314e-02 1.288421e-02 
3.184441e-02 1.305843e-02 
3.264894e-02 1.323357e-02 
3.345710e-02 1.340979e-02 
3.426920e-02 1.358736e-02 
3.508575e-02 1.376633e-02 
3.590711e-02 1.394696e-02 
3.673372e-02 1.412943e-02 
3.756580e-02 1.431416e-02 
3.840388e-02 1.450133e-02 
3.924822e-02 1.469138e-02 
4.009915e-02 1.488469e-02 
4.095663e-02 1.508173e-02 
4.182130e-02 1.528286e-02 
4.269335e-02 1.548839e-02 
4.357292e-02 1.569833e-02 
4.446014e-02 1.591238e-02 
4.535575e-02 1.613061e-02 
4.626017e-02 1.634986e-02 
4.717405e-02 1.656588e-02 
4.809914e-02 1.677026e-02 
4.903911e-02 1.694432e-02 
5.000000e-02 1.706122e-02 
0.000000e+00 6.367347e-03 
9.866558e-04 6.505928e-03 
1.957918e-03 6.691264e-03 
2.912074e-03 6.898012e-03 
3.850373e-03 7.111612e-03 
4.774797e-03 7.325072e-03 
5.686207e-03 7.536822e-03 
6.585918e-03 7.745436e-03 
7.474843e-03 7.950501e-03 
8.354333e-03 8.152282e-03 
9.224614e-03 8.350906e-03 
1.008643e-02 8.546700e-03 
1.094034e-02 8.739894e-03 
1.178697e-02 8.930927e-03 
1.262679e-02 9.119866e-03 
1.346030e-02 9.306953e-03 
1.428796e-02 9.492352e-03 
1.511017e-02 9.676369e-03 
1.592744e-02 9.859033e-03 
1.674022e-02 1.004052e-02 
1.754893e-02 1.022095e-02 
1.835396e-02 1.040048e-02 
1.915574e-02 1.057920e-02 
1.995464e-02 1.075722e-02 
2.075108e-02 1.093463e-02 
2.154536e-02 1.111153e-02 
2.233795e-02 1.128802e-02 
2.312923e-02 1.146419e-02 
2.391958e-02 1.164012e-02 
2.470935e-02 1.181592e-02 
2.549895e-02 1.199165e-02 
2.628873e-02 1.216742e-02 
2.707908e-02 1.234332e-02 
2.787032e-02 1.251947e-02 
2.866289e-02 1.269593e-02 
2.945716e-02 1.287281e-02 
3.025353e-02 1.305020e-02 
3.105232e-02 1.322827e-02 
3.185398e-02 1.340709e-02 
3.265887e-02 1.358685e-02 
3.346738e-02 1.376768e-02 
3.427978e-02 1.394985e-02 
3.509662e-02 1.413342e-02 
3.591824e-02 1.431865e-02 
3.674508e-02 1.450571e-02 
3.757735e-02 1.469501e-02 
3.841558e-02 1.488672e-02 
3.926003e-02 1.508129e-02 
4.011104e-02 1.527908e-02 
4.096853e-02 1.548058e-02 
4.183316e-02 1.568612e-02 
4.270511e-02 1.589606e-02 
4.358450e-02 1.611044e-02 
4.447134e-02 1.632901e-02 
4.536637e-02 1.655188e-02 
4.626984e-02 1.677603e-02 
4.718221e-02 1.699732e-02 
4.810543e-02 1.720754e-02 
4.904258e-02 1.738768e-02 
5.000000e-02 1.751020e-02 
0.000000e+00 6.530612e-03 
9.871974e-04 6.676754e-03 
1.958660e-03 6.870435e-03 
2.912606e-03 7.084035e-03 
3.850434e-03 7.303687e-03 
4.774486e-03 7.522396e-03 
5.685517e-03 7.738956e-03 
6.584965e-03 7.952215e-03 
7.473692e-03 8.161817e-03 
8.353106e-03 8.368167e-03 
9.223384e-03 8.571341e-03 
1.008527e-02 8.771707e-03 
1.093931e-02 8.969479e-03 
1.178612e-02 9.165116e-03 
1.262617e-02 9.358668e-03 
1.345994e-02 9.550379e-03 
1.428790e-02 9.740406e-03 
1.511043e-02 9.929049e-03 
1.592805e-02 1.011634e-02 
1.674120e-02 1.030245e-02 
1.755031e-02 1.048751e-02 
1.835575e-02 1.067165e-02 
1.915797e-02 1.085498e-02 
1.995732e-02 1.103760e-02 
2.075422e-02 1.121961e-02 
2.154895e-02 1.140110e-02 
2.234201e-02 1.158218e-02 
2.313376e-02 1.176293e-02 
2.392459e-02 1.194344e-02 
2.471483e-02 1.212382e-02 
2.550490e-02 1.230413e-02 
2.629514e-02 1.248449e-02 
2.708596e-02 1.266497e-02 
2.787764e-02 1.284570e-02 
2.867065e-02 1.302675e-02 
2.946534e-02 1.320823e-02 
3.026213e-02 1.339022e-02 
3.106132e-02 1.357290e-02 
3.186336e-02 1.375633e-02 
3.266860e-02 1.394070e-02 
3.347744e-02 1.412614e-02 
3.429016e-02 1.431291e-02 
3.510728e-02 1.450107e-02 
3.592916e-02 1.469087e-02 
3.675623e-02 1.488249e-02 
3.758869e-02 1.507631e-02 
3.842708e-02 1.527251e-02 
3.927165e-02 1.547153e-02 
4.012277e-02 1.567372e-02 
4.098030e-02 1.587955e-02 
4.184494e-02 1.608937e-02 
4.271683e-02 1.630355e-02 
4.359613e-02 1.652217e-02 
4.448267e-02 1.674504e-02 
4.537720e-02 1.697230e-02 
4.627981e-02 1.720112e-02 
4.719076e-02 1.742757e-02 
4.811223e-02 1.764363e-02 
4.904643e-02 1.783020e-02 
5.000000e-02 1.795918e-02 
0.000000e+00 6.693878e-03 
9.878290e-04 6.848611e-03 
1.959383e-03 7.051160e-03 
2.912971e-03 7.271626e-03 
3.850191e-03 7.497118e-03 
4.773773e-03 7.720858e-03 
5.684361e-03 7.942021e-03 
6.583515e-03 8.159762e-03 
7.472031e-03 8.373779e-03 
8.351357e-03 8.584603e-03 
9.221628e-03 8.792259e-03 
1.008359e-02 8.997149e-03 
1.093775e-02 9.199469e-03 
1.178475e-02 9.399688e-03 
1.262503e-02 9.597840e-03 
1.345907e-02 9.794168e-03 
1.428733e-02 9.988821e-03 
1.511018e-02 1.018209e-02 
1.592815e-02 1.037401e-02 
1.674168e-02 1.056475e-02 
1.755119e-02 1.075443e-02 
1.835705e-02 1.094320e-02 
1.915970e-02 1.113115e-02 
1.995950e-02 1.131837e-02 
2.075685e-02 1.150498e-02 
2.155204e-02 1.169108e-02 
2.234556e-02 1.187675e-02 
2.313778e-02 1.206209e-02 
2.392908e-02 1.224719e-02 
2.471979e-02 1.243215e-02 
2.551033e-02 1.261706e-02 
2.630103e-02 1.280200e-02 
2.709230e-02 1.298708e-02 
2.788442e-02 1.317241e-02 
2.867786e-02 1.335805e-02 
2.947297e-02 1.354413e-02 
3.027016e-02 1.373073e-02 
3.106974e-02 1.391802e-02 
3.187215e-02 1.410607e-02 
3.267773e-02 1.429505e-02 
3.348691e-02 1.448510e-02 
3.429993e-02 1.467645e-02 
3.511733e-02 1.486919e-02 
3.593945e-02 1.506354e-02 
3.676674e-02 1.525969e-02 
3.759938e-02 1.545800e-02 
3.843794e-02 1.565865e-02 
3.928264e-02 1.586205e-02 
4.013386e-02 1.606855e-02 
4.099146e-02 1.627859e-02 
4.185614e-02 1.649254e-02 
4.272805e-02 1.671078e-02 
4.360732e-02 1.693342e-02 
4.449366e-02 1.716032e-02 
4.538781e-02 1.739169e-02 
4.628971e-02 1.762491e-02 
4.719944e-02 1.785631e-02 
4.811937e-02 1.807822e-02 
4.905059e-02 1.827165e-02 
5.000000e-02 1.840816e-02 
0.000000e+00 6.857143e-03 
9.885366e-04 7.021682e-03 
1.959998e-03 7.233495e-03 
2.912996e-03 7.460689e-03 
3.849427e-03 7.691671e-03 
4.772432e-03 7.920217e-03 
5.682520e-03 8.145792e-03 
6.581342e-03 8.367878e-03 
7.469635e-03 8.586220e-03 
8.348841e-03 8.801445e-03 
9.219083e-03 9.013540e-03 
1.008109e-02 9.222927e-03 
1.093537e-02 9.429783e-03 
1.178253e-02 9.634573e-03 
1.262302e-02 9.837321e-03 
1.345731e-02 1.003826e-02 
1.428584e-02 1.023755e-02 
1.510899e-02 1.043544e-02 
1.592730e-02 1.063200e-02 
1.674118e-02 1.082737e-02 
1.755106e-02 1.102169e-02 
1.835733e-02 1.121509e-02 
1.916039e-02 1.140766e-02 
1.996062e-02 1.159950e-02 
2.075840e-02 1.179072e-02 
2.155404e-02 1.198142e-02 
2.234800e-02 1.217169e-02 
2.314067e-02 1.236163e-02 
2.393242e-02 1.255133e-02 
2.472359e-02 1.274089e-02 
2.551458e-02 1.293040e-02 
2.630572e-02 1.311994e-02 
2.709742e-02 1.330961e-02 
2.788996e-02 1.349954e-02 
2.868381e-02 1.368979e-02 
2.947933e-02 1.388048e-02 
3.027691e-02 1.407169e-02 
3.107685e-02 1.426359e-02 
3.187962e-02 1.445625e-02 
3.268553e-02 1.464984e-02 
3.349502e-02 1.484450e-02 
3.430833e-02 1.504043e-02 
3.512599e-02 1.523773e-02 
3.594836e-02 1.543662e-02 
3.677586e-02 1.563727e-02 
3.760870e-02 1.584002e-02 
3.844742e-02 1.604505e-02 
3.929226e-02 1.625276e-02 
4.014362e-02 1.646346e-02 
4.100134e-02 1.667760e-02 
4.186615e-02 1.689552e-02 
4.273815e-02 1.711760e-02 
4.361754e-02 1.734402e-02 
4.450388e-02 1.757469e-02 
4.539789e-02 1.780984e-02 
4.629935e-02 1.804715e-02 
4.720822e-02 1.828329e-02 
4.812671e-02 1.851097e-02 
4.905486e-02 1.871174e-02 
5.000000e-02 1.885714e-02 
0.000000e+00 7.020408e-03 
9.891804e-04 7.196317e-03 
1.960180e-03 7.417719e-03 
2.912274e-03 7.651396e-03 
3.847718e-03 7.887468e-03 
4.770016e-03 8.120508e-03 
5.679536e-03 8.350262e-03 
6.577995e-03 8.576526e-03 
7.466051e-03 8.799084e-03 
8.345121e-03 9.018626e-03 
9.215320e-03 9.235106e-03 
1.007736e-02 9.448957e-03 
1.093174e-02 9.660331e-03 
1.177906e-02 9.869678e-03 
1.261975e-02 1.007702e-02 
1.345426e-02 1.028258e-02 
1.428306e-02 1.048649e-02 
1.510649e-02 1.068902e-02 
1.592511e-02 1.089021e-02 
1.673933e-02 1.109023e-02 
1.754957e-02 1.128918e-02 
1.835621e-02 1.148722e-02 
1.915967e-02 1.168442e-02 
1.996030e-02 1.188089e-02 
2.075849e-02 1.207673e-02 
2.155454e-02 1.227204e-02 
2.234892e-02 1.246691e-02 
2.314201e-02 1.266146e-02 
2.393419e-02 1.285576e-02 
2.472578e-02 1.304993e-02 
2.551720e-02 1.324404e-02 
2.630874e-02 1.343818e-02 
2.710084e-02 1.363246e-02 
2.789378e-02 1.382699e-02 
2.868802e-02 1.402185e-02 
2.948390e-02 1.421715e-02 
3.028184e-02 1.441299e-02 
3.108212e-02 1.460950e-02 
3.188521e-02 1.480678e-02 
3.269142e-02 1.500498e-02 
3.350119e-02 1.520423e-02 
3.431476e-02 1.540473e-02 
3.513268e-02 1.560658e-02 
3.595525e-02 1.580998e-02 
3.678295e-02 1.601511e-02 
3.761596e-02 1.622226e-02 
3.845484e-02 1.643162e-02 
3.929983e-02 1.664356e-02 
4.015134e-02 1.685838e-02 
4.100921e-02 1.707647e-02 
4.187420e-02 1.729819e-02 
4.274639e-02 1.752392e-02 
4.362601e-02 1.775386e-02 
4.451251e-02 1.798798e-02 
4.540661e-02 1.822654e-02 
4.630794e-02 1.846757e-02 
4.721632e-02 1.870812e-02 
4.813372e-02 1.894147e-02 
4.905906e-02 1.915019e-02 
5.000000e-02 1.930612e-02 
0.000000e+00 7.183673e-03 
9.896000e-04 7.372626e-03 
1.959593e-03 7.603535e-03 
2.910399e-03 7.843314e-03 
3.844675e-03 8.084018e-03 
4.766119e-03 8.321283e-03 
5.675004e-03 8.555049e-03 
6.573031e-03 8.785371e-03 
7.460807e-03 9.012086e-03 
8.339672e-03 9.235891e-03 
9.209765e-03 9.456733e-03 
1.007178e-02 9.675031e-03 
1.092619e-02 9.890921e-03 
1.177359e-02 1.010482e-02 
1.261441e-02 1.031675e-02 
1.344909e-02 1.052693e-02 
1.427808e-02 1.073548e-02 
1.510173e-02 1.094264e-02 
1.592059e-02 1.114848e-02 
1.673508e-02 1.135314e-02 
1.754562e-02 1.155674e-02 
1.835258e-02 1.175941e-02 
1.915637e-02 1.196124e-02 
1.995734e-02 1.216234e-02 
2.075588e-02 1.236280e-02 
2.155228e-02 1.256273e-02 
2.234702e-02 1.276222e-02 
2.314048e-02 1.296137e-02 
2.393303e-02 1.316029e-02 
2.472499e-02 1.335906e-02 
2.551677e-02 1.355778e-02 
2.630868e-02 1.375653e-02 
2.710112e-02 1.395542e-02 
2.789440e-02 1.415456e-02 
2.868897e-02 1.435403e-02 
2.948518e-02 1.455395e-02 
3.028342e-02 1.475440e-02 
3.108400e-02 1.495553e-02 
3.188736e-02 1.515742e-02 
3.269384e-02 1.536022e-02 
3.350385e-02 1.556406e-02 
3.431765e-02 1.576913e-02 
3.513577e-02 1.597551e-02 
3.595854e-02 1.618340e-02 
3.678640e-02 1.639297e-02 
3.761958e-02 1.660449e-02 
3.845862e-02 1.681813e-02 
3.930376e-02 1.703422e-02 
4.015544e-02 1.725305e-02 
4.101355e-02 1.747497e-02 
4.187882e-02 1.770033e-02 
4.275134e-02 1.792948e-02 
4.363138e-02 1.816267e-02 
4.451838e-02 1.839992e-02 
4.541296e-02 1.864149e-02 
4.631465e-02 1.888582e-02 
4.722321e-02 1.913041e-02 
4.813985e-02 1.936928e-02 
4.906278e-02 1.958660e-02 
5.000000e-02 1.975510e-02 
0.000000e+00 7.346939e-03 
9.894788e-04 7.550972e-03 
1.957674e-03 7.791139e-03 
2.906713e-03 8.036457e-03 
3.839618e-03 8.281301e-03 
4.760072e-03 8.522462e-03 
5.668263e-03 8.760040e-03 
6.565821e-03 8.994289e-03 
7.453298e-03 9.225091e-03 
8.331927e-03 9.453107e-03 
9.201883e-03 9.678285e-03 
1.006383e-02 9.901016e-03 
1.091824e-02 1.012142e-02 
1.176569e-02 1.033987e-02 
1.260660e-02 1.055640e-02 
1.344139e-02 1.077120e-02 
1.427051e-02 1.098439e-02 
1.509432e-02 1.119618e-02 
1.591337e-02 1.140667e-02 
1.672808e-02 1.161597e-02 
1.753885e-02 1.182422e-02 
1.834605e-02 1.203153e-02 
1.915011e-02 1.223800e-02 
1.995136e-02 1.244373e-02 
2.075016e-02 1.264882e-02 
2.154684e-02 1.285336e-02 
2.234188e-02 1.305746e-02 
2.313562e-02 1.326123e-02 
2.392846e-02 1.346475e-02 
2.472072e-02 1.366813e-02 
2.551280e-02 1.387146e-02 
2.630498e-02 1.407482e-02 
2.709769e-02 1.427832e-02 
2.789124e-02 1.448206e-02 
2.868608e-02 1.468615e-02 
2.948253e-02 1.489067e-02 
3.028100e-02 1.509574e-02 
3.108180e-02 1.530148e-02 
3.188537e-02 1.550798e-02 
3.269203e-02 1.571538e-02 
3.350221e-02 1.592381e-02 
3.431618e-02 1.613342e-02 
3.513446e-02 1.634432e-02 
3.595736e-02 1.655669e-02 
3.678534e-02 1.677067e-02 
3.761864e-02 1.698651e-02 
3.845781e-02 1.720439e-02 
3.930309e-02 1.742456e-02 
4.015493e-02 1.764732e-02 
4.101330e-02 1.787296e-02 
4.187890e-02 1.810180e-02 
4.275184e-02 1.833417e-02 
4.363244e-02 1.857034e-02 
4.452015e-02 1.881037e-02 
4.541553e-02 1.905453e-02 
4.631808e-02 1.930167e-02 
4.722742e-02 1.954983e-02 
4.814407e-02 1.979397e-02 
4.906568e-02 2.002056e-02 
5.000000e-02 2.020408e-02 
0.000000e+00 7.510204e-03 
9.880506e-04 7.730942e-03 
1.953251e-03 7.979332e-03 
2.900048e-03 8.229609e-03 
3.831441e-03 8.478189e-03 
4.750708e-03 8.723051e-03 
5.658092e-03 8.964381e-03 
6.555026e-03 9.202512e-03 
7.442063e-03 9.437408e-03 
8.320279e-03 9.669626e-03 
9.189923e-03 9.899153e-03 
1.005162e-02 1.012632e-02 
1.090584e-02 1.035125e-02 
1.175313e-02 1.057424e-02 
1.259393e-02 1.079536e-02 
1.342865e-02 1.101478e-02 
1.425771e-02 1.123261e-02 
1.508151e-02 1.144904e-02 
1.590058e-02 1.166416e-02 
1.671532e-02 1.187811e-02 
1.752615e-02 1.209099e-02 
1.833343e-02 1.230294e-02 
1.913758e-02 1.251403e-02 
1.993894e-02 1.272439e-02 
2.073784e-02 1.293408e-02 
2.153465e-02 1.314323e-02 
2.232982e-02 1.335194e-02 
2.312370e-02 1.356031e-02 
2.391669e-02 1.376843e-02 
2.470910e-02 1.397642e-02 
2.550133e-02 1.418434e-02 
2.629365e-02 1.439230e-02 
2.708649e-02 1.460040e-02 
2.788019e-02 1.480875e-02 
2.867515e-02 1.501744e-02 
2.947173e-02 1.522657e-02 
3.027031e-02 1.543624e-02 
3.107122e-02 1.564659e-02 
3.187488e-02 1.585769e-02 
3.268164e-02 1.606968e-02 
3.349189e-02 1.628268e-02 
3.430594e-02 1.649682e-02 
3.512428e-02 1.671223e-02 
3.594725e-02 1.692905e-02 
3.677529e-02 1.714744e-02 
3.760868e-02 1.736759e-02 
3.844793e-02 1.758966e-02 
3.929335e-02 1.781389e-02 
4.014538e-02 1.804052e-02 
4.100410e-02 1.826980e-02 
4.187015e-02 1.850201e-02 
4.274372e-02 1.873745e-02 
4.362514e-02 1.897639e-02 
4.451404e-02 1.921893e-02 
4.541087e-02 1.946531e-02 
4.631516e-02 1.971478e-02 
4.722650e-02 1.996597e-02 
4.814465e-02 2.021510e-02 
4.906708e-02 2.045159e-02 
5.000000e-02 2.065306e-02 
0.000000e+00 7.673469e-03 
9.845619e-04 7.912431e-03 
1.945619e-03 8.167950e-03 
2.889654e-03 8.422489e-03 
3.819331e-03 8.674427e-03 
4.737255e-03 8.922804e-03 
5.643731e-03 9.167822e-03 
6.539937e-03 9.409813e-03 
7.426429e-03 9.648811e-03 
8.304107e-03 9.885240e-03 
9.173306e-03 1.011913e-02 
1.003460e-02 1.035075e-02 
1.088848e-02 1.058021e-02 
1.173545e-02 1.080776e-02 
1.257597e-02 1.103347e-02 
1.341045e-02 1.125751e-02 
1.423925e-02 1.147996e-02 
1.506287e-02 1.170102e-02 
1.588176e-02 1.192077e-02 
1.669635e-02 1.213934e-02 
1.750704e-02 1.235685e-02 
1.831420e-02 1.257340e-02 
1.911823e-02 1.278910e-02 
1.991950e-02 1.300406e-02 
2.071831e-02 1.321835e-02 
2.151505e-02 1.343208e-02 
2.231016e-02 1.364538e-02 
2.310399e-02 1.385833e-02 
2.389692e-02 1.407103e-02 
2.468929e-02 1.428359e-02 
2.548147e-02 1.449610e-02 
2.627374e-02 1.470864e-02 
2.706654e-02 1.492132e-02 
2.786020e-02 1.513425e-02 
2.865512e-02 1.534752e-02 
2.945166e-02 1.556124e-02 
3.025018e-02 1.577550e-02 
3.105104e-02 1.599043e-02 
3.185463e-02 1.620611e-02 
3.266131e-02 1.642267e-02 
3.347149e-02 1.664023e-02 
3.428548e-02 1.685889e-02 
3.510375e-02 1.707880e-02 
3.592666e-02 1.730006e-02 
3.675464e-02 1.752284e-02 
3.758802e-02 1.774728e-02 
3.842728e-02 1.797354e-02 
3.927279e-02 1.820181e-02 
4.012497e-02 1.843228e-02 
4.098405e-02 1.866517e-02 
4.185059e-02 1.890071e-02 
4.272490e-02 1.913914e-02 
4.360734e-02 1.938071e-02 
4.449779e-02 1.962555e-02 
4.539660e-02 1.987385e-02 
4.630349e-02 2.012524e-02 
4.721806e-02 2.037896e-02 
4.813960e-02 2.063264e-02 
4.906572e-02 2.087935e-02 
5.000000e-02 2.110204e-02 
0.000000e+00 7.836735e-03 
9.770862e-04 8.093442e-03 
1.932975e-03 8.354696e-03 
2.873873e-03 8.613103e-03 
3.801680e-03 8.868386e-03 
4.718044e-03 9.120342e-03 
5.623419e-03 9.369176e-03 
6.518687e-03 9.615138e-03 
7.404408e-03 9.858337e-03 
8.281299e-03 1.009904e-02 
9.149786e-03 1.033734e-02 
1.001041e-02 1.057343e-02 
1.086366e-02 1.080743e-02 
1.171002e-02 1.103953e-02 
1.254995e-02 1.126983e-02 
1.338388e-02 1.149846e-02 
1.421217e-02 1.172553e-02 
1.503530e-02 1.195118e-02 
1.585374e-02 1.217553e-02 
1.666788e-02 1.239869e-02 
1.747813e-02 1.262078e-02 
1.828487e-02 1.284191e-02 
1.908850e-02 1.306217e-02 
1.988937e-02 1.328169e-02 
2.068782e-02 1.350053e-02 
2.148423e-02 1.371882e-02 
2.227901e-02 1.393666e-02 
2.307253e-02 1.415416e-02 
2.386514e-02 1.437140e-02 
2.465721e-02 1.458850e-02 
2.544908e-02 1.480555e-02 
2.624108e-02 1.502264e-02 
2.703360e-02 1.523987e-02 
2.782700e-02 1.545735e-02 
2.862165e-02 1.567517e-02 
2.941792e-02 1.589345e-02 
3.021616e-02 1.611227e-02 
3.101675e-02 1.633175e-02 
3.182007e-02 1.655200e-02 
3.262648e-02 1.677311e-02 
3.343637e-02 1.699520e-02 
3.425012e-02 1.721838e-02 
3.506813e-02 1.744278e-02 
3.589081e-02 1.766850e-02 
3.671856e-02 1.789568e-02 
3.755178e-02 1.812445e-02 
3.839091e-02 1.835494e-02 
3.923637e-02 1.858731e-02 
4.008859e-02 1.882172e-02 
4.094794e-02 1.905831e-02 
4.181492e-02 1.929729e-02 
4.268995e-02 1.953883e-02 
4.357346e-02 1.978315e-02 
4.446561e-02 2.003036e-02 
4.536679e-02 2.028061e-02 
4.627706e-02 2.053386e-02 
4.719627e-02 2.078991e-02 
4.812387e-02 2.104780e-02 
4.905815e-02 2.130451e-02 
5.000000e-02 2.155102e-02 
0.000000e+00 8.000000e-03 
9.629640e-04 8.269630e-03 
1.912785e-03 8.535580e-03 
2.850151e-03 8.798042e-03 
3.775721e-03 9.057202e-03 
4.690127e-03 9.313236e-03 
5.593978e-03 9.566314e-03 
6.487855e-03 9.816599e-03 
7.372322e-03 1.006425e-02 
8.247919e-03 1.030942e-02 
9.115171e-03 1.055225e-02 
9.974582e-03 1.079288e-02 
1.082664e-02 1.103146e-02 
1.167182e-02 1.126811e-02 
1.251059e-02 1.150297e-02 
1.334339e-02 1.173615e-02 
1.417066e-02 1.196778e-02 
1.499282e-02 1.219799e-02 
1.581029e-02 1.242688e-02 
1.662348e-02 1.265457e-02 
1.743278e-02 1.288118e-02 
1.823859e-02 1.310681e-02 
1.904129e-02 1.333156e-02 
1.984126e-02 1.355555e-02 
2.063887e-02 1.377888e-02 
2.143450e-02 1.400166e-02 
2.222851e-02 1.422398e-02 
2.302126e-02 1.444595e-02 
2.381311e-02 1.466767e-02 
2.460443e-02 1.488924e-02 
2.539557e-02 1.511076e-02 
2.618689e-02 1.533233e-02 
2.697874e-02 1.555405e-02 
2.777149e-02 1.577602e-02 
2.856550e-02 1.599834e-02 
2.936113e-02 1.622112e-02 
3.015874e-02 1.644445e-02 
3.095871e-02 1.666844e-02 
3.176141e-02 1.689319e-02 
3.256722e-02 1.711882e-02 
3.337652e-02 1.734543e-02 
3.418971e-02 1.757312e-02 
3.500718e-02 1.780201e-02 
3.582934e-02 1.803222e-02 
3.665661e-02 1.826385e-02 
3.748941e-02 1.849703e-02 
3.832818e-02 1.873189e-02 
3.917336e-02 1.896854e-02 
4.002542e-02 1.920712e-02 
4.088483e-02 1.944775e-02 
4.175208e-02 1.969058e-02 
4.262768e-02 1.993575e-02 
4.351214e-02 2.018340e-02 
4.440602e-02 2.043369e-02 
4.530987e-02 2.068676e-02 
4.622428e-02 2.094280e-02 
4.714985e-02 2.120196e-02 
4.808722e-02 2.146442e-02 
4.903704e-02 2.173037e-02 
5.000000e-02 2.200000e-02 
BC
4
4
4
4
4
4
4
4
4
4
4
4
4
4
4
4
4
4
4
4
4
4
4
4
4
4
4
4
4
4
4
4
4
4
4
4
4
4
4
4
4
4
4
4
4
4
4
4
4
4
4
4
4
4
4
4
4
4
4
-1
-1
-1
-1
-1
-1
-1
-1
-1
-1
-1
-1
-1
-1
-1
-1
-1
-1
-1
-1
-1
-1
-1
-1
-1
-1
-1
-1
-1
-1
-1
-1
-1
-1
-1
-1
-1
-1
-1
-1
-1
-1
-1
-1
-1
-1
-1
-1
-1
4
4
4
4
4
4
4
4
4
4
4
4
4
4
4
4
4
4
4
4
4
4
4
4
4
4
4
4
4
4
4
4
4
4
4
4
4
4
4
4
4
4
4
4
4
4
4
4
4
4
4
4
4
4
4
4
4
4
4
-1
-1
-1
-1
-1
-1
-1
-1
-1
-1
-1
-1
-1
-1
-1
-1
-1
-1
-1
-1
-1
-1
-1
-1
-1
-1
-1
-1
-1
-1
-1
-1
-1
-1
-1
-1
-1
-1
-1
-1
-1
-1
-1
-1
-1
-1
-1
-1
-1
