npart: 8 3 
ipart: 7 2 
ngrid: 48 46 
2.648971e+00 7.401264e-01 
2.656440e+00 7.401274e-01 
2.663909e+00 7.401284e-01 
2.671377e+00 7.401294e-01 
2.678846e+00 7.401304e-01 
2.686315e+00 7.401314e-01 
2.693784e+00 7.401324e-01 
2.701252e+00 7.401334e-01 
2.708721e+00 7.401344e-01 
2.716190e+00 7.401354e-01 
2.723659e+00 7.401365e-01 
2.731127e+00 7.401375e-01 
2.738596e+00 7.401385e-01 
2.746065e+00 7.401395e-01 
2.753534e+00 7.401406e-01 
2.761002e+00 7.401416e-01 
2.768471e+00 7.401427e-01 
2.775940e+00 7.401437e-01 
2.783409e+00 7.401448e-01 
2.790877e+00 7.401458e-01 
2.798346e+00 7.401469e-01 
2.805815e+00 7.401480e-01 
2.813284e+00 7.401490e-01 
2.820752e+00 7.401501e-01 
2.828221e+00 7.401512e-01 
2.835690e+00 7.401523e-01 
2.843159e+00 7.401534e-01 
2.850628e+00 7.401545e-01 
2.858096e+00 7.401556e-01 
2.865565e+00 7.401567e-01 
2.873034e+00 7.401578e-01 
2.880503e+00 7.401589e-01 
2.887971e+00 7.401600e-01 
2.895440e+00 7.401612e-01 
2.902909e+00 7.401623e-01 
2.910378e+00 7.401635e-01 
2.917847e+00 7.401646e-01 
2.925315e+00 7.401658e-01 
2.932784e+00 7.401669e-01 
2.940253e+00 7.401681e-01 
2.947722e+00 7.401692e-01 
2.955190e+00 7.401704e-01 
2.962659e+00 7.401714e-01 
2.970127e+00 7.401725e-01 
2.977596e+00 7.401734e-01 
2.985064e+00 7.401742e-01 
2.992532e+00 7.401747e-01 
3.000000e+00 7.401746e-01 
2.648971e+00 7.458966e-01 
2.656440e+00 7.458976e-01 
2.663908e+00 7.458987e-01 
2.671377e+00 7.458998e-01 
2.678846e+00 7.459009e-01 
2.686315e+00 7.459020e-01 
2.693783e+00 7.459030e-01 
2.701252e+00 7.459041e-01 
2.708721e+00 7.459052e-01 
2.716190e+00 7.459063e-01 
2.723658e+00 7.459074e-01 
2.731127e+00 7.459085e-01 
2.738596e+00 7.459096e-01 
2.746065e+00 7.459107e-01 
2.753533e+00 7.459119e-01 
2.761002e+00 7.459130e-01 
2.768471e+00 7.459141e-01 
2.775940e+00 7.459152e-01 
2.783408e+00 7.459164e-01 
2.790877e+00 7.459175e-01 
2.798346e+00 7.459187e-01 
2.805815e+00 7.459198e-01 
2.813283e+00 7.459210e-01 
2.820752e+00 7.459221e-01 
2.828221e+00 7.459233e-01 
2.835690e+00 7.459245e-01 
2.843159e+00 7.459256e-01 
2.850627e+00 7.459268e-01 
2.858096e+00 7.459280e-01 
2.865565e+00 7.459292e-01 
2.873034e+00 7.459304e-01 
2.880503e+00 7.459316e-01 
2.887971e+00 7.459328e-01 
2.895440e+00 7.459340e-01 
2.902909e+00 7.459353e-01 
2.910378e+00 7.459365e-01 
2.917846e+00 7.459377e-01 
2.925315e+00 7.459390e-01 
2.932784e+00 7.459402e-01 
2.940253e+00 7.459415e-01 
2.947721e+00 7.459427e-01 
2.955190e+00 7.459439e-01 
2.962659e+00 7.459451e-01 
2.970127e+00 7.459462e-01 
2.977596e+00 7.459472e-01 
2.985064e+00 7.459480e-01 
2.992532e+00 7.459485e-01 
3.000000e+00 7.459485e-01 
2.648971e+00 7.516667e-01 
2.656439e+00 7.516678e-01 
2.663908e+00 7.516690e-01 
2.671377e+00 7.516701e-01 
2.678846e+00 7.516713e-01 
2.686314e+00 7.516724e-01 
2.693783e+00 7.516736e-01 
2.701252e+00 7.516748e-01 
2.708721e+00 7.516759e-01 
2.716189e+00 7.516771e-01 
2.723658e+00 7.516783e-01 
2.731127e+00 7.516795e-01 
2.738596e+00 7.516807e-01 
2.746064e+00 7.516819e-01 
2.753533e+00 7.516831e-01 
2.761002e+00 7.516843e-01 
2.768471e+00 7.516855e-01 
2.775939e+00 7.516867e-01 
2.783408e+00 7.516879e-01 
2.790877e+00 7.516891e-01 
2.798346e+00 7.516904e-01 
2.805815e+00 7.516916e-01 
2.813283e+00 7.516928e-01 
2.820752e+00 7.516941e-01 
2.828221e+00 7.516953e-01 
2.835690e+00 7.516966e-01 
2.843158e+00 7.516979e-01 
2.850627e+00 7.516991e-01 
2.858096e+00 7.517004e-01 
2.865565e+00 7.517017e-01 
2.873034e+00 7.517030e-01 
2.880502e+00 7.517043e-01 
2.887971e+00 7.517056e-01 
2.895440e+00 7.517069e-01 
2.902909e+00 7.517082e-01 
2.910378e+00 7.517095e-01 
2.917846e+00 7.517108e-01 
2.925315e+00 7.517122e-01 
2.932784e+00 7.517135e-01 
2.940253e+00 7.517149e-01 
2.947721e+00 7.517162e-01 
2.955190e+00 7.517175e-01 
2.962659e+00 7.517188e-01 
2.970127e+00 7.517199e-01 
2.977596e+00 7.517210e-01 
2.985064e+00 7.517219e-01 
2.992532e+00 7.517224e-01 
3.000000e+00 7.517224e-01 
2.648970e+00 7.574366e-01 
2.656439e+00 7.574378e-01 
2.663908e+00 7.574391e-01 
2.671377e+00 7.574403e-01 
2.678845e+00 7.574416e-01 
2.686314e+00 7.574428e-01 
2.693783e+00 7.574441e-01 
2.701252e+00 7.574453e-01 
2.708720e+00 7.574466e-01 
2.716189e+00 7.574478e-01 
2.723658e+00 7.574491e-01 
2.731127e+00 7.574504e-01 
2.738595e+00 7.574516e-01 
2.746064e+00 7.574529e-01 
2.753533e+00 7.574542e-01 
2.761002e+00 7.574555e-01 
2.768471e+00 7.574568e-01 
2.775939e+00 7.574581e-01 
2.783408e+00 7.574594e-01 
2.790877e+00 7.574607e-01 
2.798346e+00 7.574620e-01 
2.805814e+00 7.574633e-01 
2.813283e+00 7.574647e-01 
2.820752e+00 7.574660e-01 
2.828221e+00 7.574673e-01 
2.835690e+00 7.574687e-01 
2.843158e+00 7.574700e-01 
2.850627e+00 7.574714e-01 
2.858096e+00 7.574728e-01 
2.865565e+00 7.574741e-01 
2.873034e+00 7.574755e-01 
2.880502e+00 7.574769e-01 
2.887971e+00 7.574783e-01 
2.895440e+00 7.574797e-01 
2.902909e+00 7.574811e-01 
2.910377e+00 7.574825e-01 
2.917846e+00 7.574839e-01 
2.925315e+00 7.574854e-01 
2.932784e+00 7.574868e-01 
2.940253e+00 7.574882e-01 
2.947721e+00 7.574896e-01 
2.955190e+00 7.574910e-01 
2.962659e+00 7.574924e-01 
2.970127e+00 7.574937e-01 
2.977596e+00 7.574948e-01 
2.985064e+00 7.574957e-01 
2.992532e+00 7.574963e-01 
3.000000e+00 7.574963e-01 
2.648970e+00 7.632065e-01 
2.656439e+00 7.632078e-01 
2.663908e+00 7.632091e-01 
2.671376e+00 7.632104e-01 
2.678845e+00 7.632117e-01 
2.686314e+00 7.632131e-01 
2.693783e+00 7.632144e-01 
2.701251e+00 7.632157e-01 
2.708720e+00 7.632171e-01 
2.716189e+00 7.632184e-01 
2.723658e+00 7.632198e-01 
2.731127e+00 7.632211e-01 
2.738595e+00 7.632225e-01 
2.746064e+00 7.632239e-01 
2.753533e+00 7.632252e-01 
2.761002e+00 7.632266e-01 
2.768470e+00 7.632280e-01 
2.775939e+00 7.632294e-01 
2.783408e+00 7.632308e-01 
2.790877e+00 7.632322e-01 
2.798345e+00 7.632336e-01 
2.805814e+00 7.632350e-01 
2.813283e+00 7.632364e-01 
2.820752e+00 7.632378e-01 
2.828221e+00 7.632393e-01 
2.835689e+00 7.632407e-01 
2.843158e+00 7.632421e-01 
2.850627e+00 7.632436e-01 
2.858096e+00 7.632451e-01 
2.865565e+00 7.632465e-01 
2.873033e+00 7.632480e-01 
2.880502e+00 7.632495e-01 
2.887971e+00 7.632510e-01 
2.895440e+00 7.632525e-01 
2.902909e+00 7.632540e-01 
2.910377e+00 7.632555e-01 
2.917846e+00 7.632570e-01 
2.925315e+00 7.632585e-01 
2.932784e+00 7.632601e-01 
2.940252e+00 7.632616e-01 
2.947721e+00 7.632631e-01 
2.955190e+00 7.632646e-01 
2.962659e+00 7.632660e-01 
2.970127e+00 7.632674e-01 
2.977596e+00 7.632686e-01 
2.985064e+00 7.632696e-01 
2.992532e+00 7.632702e-01 
3.000000e+00 7.632702e-01 
2.648970e+00 7.689762e-01 
2.656439e+00 7.689776e-01 
2.663908e+00 7.689790e-01 
2.671376e+00 7.689804e-01 
2.678845e+00 7.689818e-01 
2.686314e+00 7.689832e-01 
2.693783e+00 7.689846e-01 
2.701251e+00 7.689861e-01 
2.708720e+00 7.689875e-01 
2.716189e+00 7.689889e-01 
2.723658e+00 7.689904e-01 
2.731126e+00 7.689918e-01 
2.738595e+00 7.689933e-01 
2.746064e+00 7.689947e-01 
2.753533e+00 7.689962e-01 
2.761001e+00 7.689977e-01 
2.768470e+00 7.689991e-01 
2.775939e+00 7.690006e-01 
2.783408e+00 7.690021e-01 
2.790877e+00 7.690036e-01 
2.798345e+00 7.690051e-01 
2.805814e+00 7.690066e-01 
2.813283e+00 7.690081e-01 
2.820752e+00 7.690096e-01 
2.828220e+00 7.690111e-01 
2.835689e+00 7.690127e-01 
2.843158e+00 7.690142e-01 
2.850627e+00 7.690157e-01 
2.858096e+00 7.690173e-01 
2.865564e+00 7.690189e-01 
2.873033e+00 7.690204e-01 
2.880502e+00 7.690220e-01 
2.887971e+00 7.690236e-01 
2.895440e+00 7.690252e-01 
2.902909e+00 7.690268e-01 
2.910377e+00 7.690284e-01 
2.917846e+00 7.690300e-01 
2.925315e+00 7.690317e-01 
2.932784e+00 7.690333e-01 
2.940252e+00 7.690349e-01 
2.947721e+00 7.690365e-01 
2.955190e+00 7.690381e-01 
2.962659e+00 7.690396e-01 
2.970127e+00 7.690411e-01 
2.977596e+00 7.690424e-01 
2.985064e+00 7.690435e-01 
2.992532e+00 7.690441e-01 
3.000000e+00 7.690441e-01 
2.648970e+00 7.747457e-01 
2.656439e+00 7.747472e-01 
2.663907e+00 7.747487e-01 
2.671376e+00 7.747502e-01 
2.678845e+00 7.747517e-01 
2.686314e+00 7.747532e-01 
2.693782e+00 7.747547e-01 
2.701251e+00 7.747563e-01 
2.708720e+00 7.747578e-01 
2.716189e+00 7.747593e-01 
2.723657e+00 7.747608e-01 
2.731126e+00 7.747624e-01 
2.738595e+00 7.747639e-01 
2.746064e+00 7.747655e-01 
2.753533e+00 7.747670e-01 
2.761001e+00 7.747686e-01 
2.768470e+00 7.747702e-01 
2.775939e+00 7.747717e-01 
2.783408e+00 7.747733e-01 
2.790876e+00 7.747749e-01 
2.798345e+00 7.747765e-01 
2.805814e+00 7.747781e-01 
2.813283e+00 7.747797e-01 
2.820752e+00 7.747813e-01 
2.828220e+00 7.747829e-01 
2.835689e+00 7.747846e-01 
2.843158e+00 7.747862e-01 
2.850627e+00 7.747878e-01 
2.858096e+00 7.747895e-01 
2.865564e+00 7.747912e-01 
2.873033e+00 7.747928e-01 
2.880502e+00 7.747945e-01 
2.887971e+00 7.747962e-01 
2.895440e+00 7.747979e-01 
2.902908e+00 7.747996e-01 
2.910377e+00 7.748013e-01 
2.917846e+00 7.748030e-01 
2.925315e+00 7.748048e-01 
2.932784e+00 7.748065e-01 
2.940252e+00 7.748082e-01 
2.947721e+00 7.748099e-01 
2.955190e+00 7.748116e-01 
2.962659e+00 7.748133e-01 
2.970127e+00 7.748148e-01 
2.977596e+00 7.748162e-01 
2.985064e+00 7.748173e-01 
2.992532e+00 7.748180e-01 
3.000000e+00 7.748180e-01 
2.648970e+00 7.805151e-01 
2.656438e+00 7.805167e-01 
2.663907e+00 7.805183e-01 
2.671376e+00 7.805199e-01 
2.678845e+00 7.805215e-01 
2.686313e+00 7.805231e-01 
2.693782e+00 7.805247e-01 
2.701251e+00 7.805263e-01 
2.708720e+00 7.805280e-01 
2.716189e+00 7.805296e-01 
2.723657e+00 7.805312e-01 
2.731126e+00 7.805328e-01 
2.738595e+00 7.805345e-01 
2.746064e+00 7.805361e-01 
2.753532e+00 7.805378e-01 
2.761001e+00 7.805394e-01 
2.768470e+00 7.805411e-01 
2.775939e+00 7.805428e-01 
2.783408e+00 7.805444e-01 
2.790876e+00 7.805461e-01 
2.798345e+00 7.805478e-01 
2.805814e+00 7.805495e-01 
2.813283e+00 7.805512e-01 
2.820751e+00 7.805529e-01 
2.828220e+00 7.805547e-01 
2.835689e+00 7.805564e-01 
2.843158e+00 7.805581e-01 
2.850627e+00 7.805599e-01 
2.858095e+00 7.805616e-01 
2.865564e+00 7.805634e-01 
2.873033e+00 7.805652e-01 
2.880502e+00 7.805669e-01 
2.887971e+00 7.805687e-01 
2.895440e+00 7.805705e-01 
2.902908e+00 7.805723e-01 
2.910377e+00 7.805742e-01 
2.917846e+00 7.805760e-01 
2.925315e+00 7.805778e-01 
2.932784e+00 7.805797e-01 
2.940252e+00 7.805815e-01 
2.947721e+00 7.805833e-01 
2.955190e+00 7.805851e-01 
2.962658e+00 7.805869e-01 
2.970127e+00 7.805885e-01 
2.977596e+00 7.805900e-01 
2.985064e+00 7.805912e-01 
2.992532e+00 7.805919e-01 
3.000000e+00 7.805919e-01 
2.648969e+00 7.862844e-01 
2.656438e+00 7.862861e-01 
2.663907e+00 7.862878e-01 
2.671376e+00 7.862894e-01 
2.678845e+00 7.862911e-01 
2.686313e+00 7.862928e-01 
2.693782e+00 7.862946e-01 
2.701251e+00 7.862963e-01 
2.708720e+00 7.862980e-01 
2.716188e+00 7.862997e-01 
2.723657e+00 7.863014e-01 
2.731126e+00 7.863032e-01 
2.738595e+00 7.863049e-01 
2.746063e+00 7.863066e-01 
2.753532e+00 7.863084e-01 
2.761001e+00 7.863102e-01 
2.768470e+00 7.863119e-01 
2.775939e+00 7.863137e-01 
2.783407e+00 7.863155e-01 
2.790876e+00 7.863173e-01 
2.798345e+00 7.863190e-01 
2.805814e+00 7.863208e-01 
2.813283e+00 7.863227e-01 
2.820751e+00 7.863245e-01 
2.828220e+00 7.863263e-01 
2.835689e+00 7.863281e-01 
2.843158e+00 7.863300e-01 
2.850627e+00 7.863318e-01 
2.858095e+00 7.863337e-01 
2.865564e+00 7.863355e-01 
2.873033e+00 7.863374e-01 
2.880502e+00 7.863393e-01 
2.887971e+00 7.863412e-01 
2.895439e+00 7.863431e-01 
2.902908e+00 7.863451e-01 
2.910377e+00 7.863470e-01 
2.917846e+00 7.863489e-01 
2.925315e+00 7.863509e-01 
2.932783e+00 7.863528e-01 
2.940252e+00 7.863548e-01 
2.947721e+00 7.863567e-01 
2.955190e+00 7.863586e-01 
2.962658e+00 7.863605e-01 
2.970127e+00 7.863622e-01 
2.977596e+00 7.863638e-01 
2.985064e+00 7.863650e-01 
2.992532e+00 7.863658e-01 
3.000000e+00 7.863658e-01 
2.648969e+00 7.920534e-01 
2.656438e+00 7.920552e-01 
2.663907e+00 7.920570e-01 
2.671376e+00 7.920588e-01 
2.678844e+00 7.920606e-01 
2.686313e+00 7.920624e-01 
2.693782e+00 7.920642e-01 
2.701251e+00 7.920660e-01 
2.708719e+00 7.920678e-01 
2.716188e+00 7.920697e-01 
2.723657e+00 7.920715e-01 
2.731126e+00 7.920733e-01 
2.738595e+00 7.920752e-01 
2.746063e+00 7.920770e-01 
2.753532e+00 7.920789e-01 
2.761001e+00 7.920807e-01 
2.768470e+00 7.920826e-01 
2.775938e+00 7.920845e-01 
2.783407e+00 7.920864e-01 
2.790876e+00 7.920883e-01 
2.798345e+00 7.920902e-01 
2.805814e+00 7.920921e-01 
2.813282e+00 7.920940e-01 
2.820751e+00 7.920959e-01 
2.828220e+00 7.920978e-01 
2.835689e+00 7.920998e-01 
2.843158e+00 7.921017e-01 
2.850626e+00 7.921037e-01 
2.858095e+00 7.921057e-01 
2.865564e+00 7.921076e-01 
2.873033e+00 7.921096e-01 
2.880502e+00 7.921116e-01 
2.887971e+00 7.921137e-01 
2.895439e+00 7.921157e-01 
2.902908e+00 7.921177e-01 
2.910377e+00 7.921198e-01 
2.917846e+00 7.921218e-01 
2.925315e+00 7.921239e-01 
2.932783e+00 7.921260e-01 
2.940252e+00 7.921280e-01 
2.947721e+00 7.921301e-01 
2.955190e+00 7.921321e-01 
2.962658e+00 7.921341e-01 
2.970127e+00 7.921359e-01 
2.977596e+00 7.921375e-01 
2.985064e+00 7.921389e-01 
2.992532e+00 7.921397e-01 
3.000000e+00 7.921397e-01 
2.648969e+00 7.978223e-01 
2.656438e+00 7.978242e-01 
2.663907e+00 7.978261e-01 
2.671375e+00 7.978280e-01 
2.678844e+00 7.978299e-01 
2.686313e+00 7.978318e-01 
2.693782e+00 7.978337e-01 
2.701251e+00 7.978356e-01 
2.708719e+00 7.978375e-01 
2.716188e+00 7.978395e-01 
2.723657e+00 7.978414e-01 
2.731126e+00 7.978434e-01 
2.738594e+00 7.978453e-01 
2.746063e+00 7.978473e-01 
2.753532e+00 7.978492e-01 
2.761001e+00 7.978512e-01 
2.768470e+00 7.978532e-01 
2.775938e+00 7.978552e-01 
2.783407e+00 7.978571e-01 
2.790876e+00 7.978591e-01 
2.798345e+00 7.978612e-01 
2.805814e+00 7.978632e-01 
2.813282e+00 7.978652e-01 
2.820751e+00 7.978672e-01 
2.828220e+00 7.978693e-01 
2.835689e+00 7.978713e-01 
2.843158e+00 7.978734e-01 
2.850626e+00 7.978755e-01 
2.858095e+00 7.978776e-01 
2.865564e+00 7.978797e-01 
2.873033e+00 7.978818e-01 
2.880502e+00 7.978839e-01 
2.887970e+00 7.978860e-01 
2.895439e+00 7.978882e-01 
2.902908e+00 7.978903e-01 
2.910377e+00 7.978925e-01 
2.917846e+00 7.978947e-01 
2.925314e+00 7.978969e-01 
2.932783e+00 7.978991e-01 
2.940252e+00 7.979013e-01 
2.947721e+00 7.979034e-01 
2.955190e+00 7.979056e-01 
2.962658e+00 7.979076e-01 
2.970127e+00 7.979096e-01 
2.977596e+00 7.979113e-01 
2.985064e+00 7.979127e-01 
2.992532e+00 7.979136e-01 
3.000000e+00 7.979136e-01 
2.648969e+00 8.035909e-01 
2.656438e+00 8.035929e-01 
2.663906e+00 8.035949e-01 
2.671375e+00 8.035969e-01 
2.678844e+00 8.035989e-01 
2.686313e+00 8.036009e-01 
2.693782e+00 8.036030e-01 
2.701250e+00 8.036050e-01 
2.708719e+00 8.036070e-01 
2.716188e+00 8.036091e-01 
2.723657e+00 8.036111e-01 
2.731125e+00 8.036132e-01 
2.738594e+00 8.036153e-01 
2.746063e+00 8.036173e-01 
2.753532e+00 8.036194e-01 
2.761001e+00 8.036215e-01 
2.768469e+00 8.036236e-01 
2.775938e+00 8.036257e-01 
2.783407e+00 8.036278e-01 
2.790876e+00 8.036299e-01 
2.798345e+00 8.036320e-01 
2.805813e+00 8.036342e-01 
2.813282e+00 8.036363e-01 
2.820751e+00 8.036384e-01 
2.828220e+00 8.036406e-01 
2.835689e+00 8.036428e-01 
2.843157e+00 8.036450e-01 
2.850626e+00 8.036472e-01 
2.858095e+00 8.036494e-01 
2.865564e+00 8.036516e-01 
2.873033e+00 8.036538e-01 
2.880502e+00 8.036561e-01 
2.887970e+00 8.036583e-01 
2.895439e+00 8.036606e-01 
2.902908e+00 8.036629e-01 
2.910377e+00 8.036652e-01 
2.917846e+00 8.036675e-01 
2.925314e+00 8.036698e-01 
2.932783e+00 8.036721e-01 
2.940252e+00 8.036745e-01 
2.947721e+00 8.036767e-01 
2.955190e+00 8.036790e-01 
2.962658e+00 8.036812e-01 
2.970127e+00 8.036832e-01 
2.977595e+00 8.036851e-01 
2.985064e+00 8.036866e-01 
2.992532e+00 8.036875e-01 
3.000000e+00 8.036875e-01 
2.648969e+00 8.093593e-01 
2.656438e+00 8.093614e-01 
2.663906e+00 8.093635e-01 
2.671375e+00 8.093656e-01 
2.678844e+00 8.093678e-01 
2.686313e+00 8.093699e-01 
2.693781e+00 8.093720e-01 
2.701250e+00 8.093742e-01 
2.708719e+00 8.093763e-01 
2.716188e+00 8.093785e-01 
2.723657e+00 8.093807e-01 
2.731125e+00 8.093828e-01 
2.738594e+00 8.093850e-01 
2.746063e+00 8.093872e-01 
2.753532e+00 8.093894e-01 
2.761001e+00 8.093916e-01 
2.768469e+00 8.093938e-01 
2.775938e+00 8.093960e-01 
2.783407e+00 8.093983e-01 
2.790876e+00 8.094005e-01 
2.798344e+00 8.094027e-01 
2.805813e+00 8.094050e-01 
2.813282e+00 8.094073e-01 
2.820751e+00 8.094095e-01 
2.828220e+00 8.094118e-01 
2.835689e+00 8.094141e-01 
2.843157e+00 8.094164e-01 
2.850626e+00 8.094187e-01 
2.858095e+00 8.094211e-01 
2.865564e+00 8.094234e-01 
2.873033e+00 8.094258e-01 
2.880501e+00 8.094282e-01 
2.887970e+00 8.094306e-01 
2.895439e+00 8.094330e-01 
2.902908e+00 8.094354e-01 
2.910377e+00 8.094378e-01 
2.917846e+00 8.094403e-01 
2.925314e+00 8.094427e-01 
2.932783e+00 8.094452e-01 
2.940252e+00 8.094476e-01 
2.947721e+00 8.094500e-01 
2.955189e+00 8.094524e-01 
2.962658e+00 8.094547e-01 
2.970127e+00 8.094569e-01 
2.977595e+00 8.094588e-01 
2.985064e+00 8.094604e-01 
2.992532e+00 8.094614e-01 
3.000000e+00 8.094614e-01 
2.648969e+00 8.151274e-01 
2.656437e+00 8.151296e-01 
2.663906e+00 8.151318e-01 
2.671375e+00 8.151341e-01 
2.678844e+00 8.151363e-01 
2.686313e+00 8.151386e-01 
2.693781e+00 8.151409e-01 
2.701250e+00 8.151431e-01 
2.708719e+00 8.151454e-01 
2.716188e+00 8.151477e-01 
2.723656e+00 8.151500e-01 
2.731125e+00 8.151523e-01 
2.738594e+00 8.151546e-01 
2.746063e+00 8.151569e-01 
2.753532e+00 8.151592e-01 
2.761000e+00 8.151615e-01 
2.768469e+00 8.151639e-01 
2.775938e+00 8.151662e-01 
2.783407e+00 8.151686e-01 
2.790876e+00 8.151709e-01 
2.798344e+00 8.151733e-01 
2.805813e+00 8.151757e-01 
2.813282e+00 8.151781e-01 
2.820751e+00 8.151805e-01 
2.828220e+00 8.151829e-01 
2.835688e+00 8.151853e-01 
2.843157e+00 8.151878e-01 
2.850626e+00 8.151902e-01 
2.858095e+00 8.151927e-01 
2.865564e+00 8.151952e-01 
2.873033e+00 8.151977e-01 
2.880501e+00 8.152002e-01 
2.887970e+00 8.152027e-01 
2.895439e+00 8.152052e-01 
2.902908e+00 8.152078e-01 
2.910377e+00 8.152104e-01 
2.917845e+00 8.152130e-01 
2.925314e+00 8.152156e-01 
2.932783e+00 8.152182e-01 
2.940252e+00 8.152207e-01 
2.947721e+00 8.152233e-01 
2.955189e+00 8.152258e-01 
2.962658e+00 8.152283e-01 
2.970127e+00 8.152306e-01 
2.977595e+00 8.152326e-01 
2.985064e+00 8.152343e-01 
2.992532e+00 8.152353e-01 
3.000000e+00 8.152353e-01 
2.648969e+00 8.208952e-01 
2.656437e+00 8.208975e-01 
2.663906e+00 8.208999e-01 
2.671375e+00 8.209023e-01 
2.678844e+00 8.209047e-01 
2.686312e+00 8.209070e-01 
2.693781e+00 8.209094e-01 
2.701250e+00 8.209118e-01 
2.708719e+00 8.209142e-01 
2.716188e+00 8.209167e-01 
2.723656e+00 8.209191e-01 
2.731125e+00 8.209215e-01 
2.738594e+00 8.209239e-01 
2.746063e+00 8.209264e-01 
2.753532e+00 8.209288e-01 
2.761000e+00 8.209313e-01 
2.768469e+00 8.209338e-01 
2.775938e+00 8.209362e-01 
2.783407e+00 8.209387e-01 
2.790875e+00 8.209412e-01 
2.798344e+00 8.209437e-01 
2.805813e+00 8.209462e-01 
2.813282e+00 8.209488e-01 
2.820751e+00 8.209513e-01 
2.828220e+00 8.209539e-01 
2.835688e+00 8.209564e-01 
2.843157e+00 8.209590e-01 
2.850626e+00 8.209616e-01 
2.858095e+00 8.209642e-01 
2.865564e+00 8.209668e-01 
2.873032e+00 8.209694e-01 
2.880501e+00 8.209721e-01 
2.887970e+00 8.209748e-01 
2.895439e+00 8.209775e-01 
2.902908e+00 8.209802e-01 
2.910377e+00 8.209829e-01 
2.917845e+00 8.209856e-01 
2.925314e+00 8.209884e-01 
2.932783e+00 8.209911e-01 
2.940252e+00 8.209938e-01 
2.947721e+00 8.209966e-01 
2.955189e+00 8.209992e-01 
2.962658e+00 8.210018e-01 
2.970127e+00 8.210042e-01 
2.977595e+00 8.210064e-01 
2.985064e+00 8.210081e-01 
2.992532e+00 8.210092e-01 
3.000000e+00 8.210092e-01 
2.648968e+00 8.266626e-01 
2.656437e+00 8.266651e-01 
2.663906e+00 8.266676e-01 
2.671375e+00 8.266701e-01 
2.678844e+00 8.266727e-01 
2.686312e+00 8.266752e-01 
2.693781e+00 8.266777e-01 
2.701250e+00 8.266803e-01 
2.708719e+00 8.266828e-01 
2.716187e+00 8.266853e-01 
2.723656e+00 8.266879e-01 
2.731125e+00 8.266905e-01 
2.738594e+00 8.266930e-01 
2.746063e+00 8.266956e-01 
2.753531e+00 8.266982e-01 
2.761000e+00 8.267008e-01 
2.768469e+00 8.267034e-01 
2.775938e+00 8.267060e-01 
2.783407e+00 8.267087e-01 
2.790875e+00 8.267113e-01 
2.798344e+00 8.267139e-01 
2.805813e+00 8.267166e-01 
2.813282e+00 8.267193e-01 
2.820751e+00 8.267219e-01 
2.828219e+00 8.267246e-01 
2.835688e+00 8.267273e-01 
2.843157e+00 8.267301e-01 
2.850626e+00 8.267328e-01 
2.858095e+00 8.267355e-01 
2.865564e+00 8.267383e-01 
2.873032e+00 8.267411e-01 
2.880501e+00 8.267439e-01 
2.887970e+00 8.267467e-01 
2.895439e+00 8.267496e-01 
2.902908e+00 8.267524e-01 
2.910376e+00 8.267553e-01 
2.917845e+00 8.267582e-01 
2.925314e+00 8.267611e-01 
2.932783e+00 8.267640e-01 
2.940252e+00 8.267669e-01 
2.947721e+00 8.267698e-01 
2.955189e+00 8.267726e-01 
2.962658e+00 8.267753e-01 
2.970127e+00 8.267778e-01 
2.977595e+00 8.267801e-01 
2.985064e+00 8.267819e-01 
2.992532e+00 8.267831e-01 
3.000000e+00 8.267831e-01 
2.648968e+00 8.324297e-01 
2.656437e+00 8.324324e-01 
2.663906e+00 8.324350e-01 
2.671375e+00 8.324377e-01 
2.678843e+00 8.324403e-01 
2.686312e+00 8.324430e-01 
2.693781e+00 8.324457e-01 
2.701250e+00 8.324484e-01 
2.708719e+00 8.324511e-01 
2.716187e+00 8.324538e-01 
2.723656e+00 8.324565e-01 
2.731125e+00 8.324592e-01 
2.738594e+00 8.324619e-01 
2.746062e+00 8.324646e-01 
2.753531e+00 8.324674e-01 
2.761000e+00 8.324701e-01 
2.768469e+00 8.324728e-01 
2.775938e+00 8.324756e-01 
2.783406e+00 8.324784e-01 
2.790875e+00 8.324812e-01 
2.798344e+00 8.324840e-01 
2.805813e+00 8.324868e-01 
2.813282e+00 8.324896e-01 
2.820751e+00 8.324924e-01 
2.828219e+00 8.324953e-01 
2.835688e+00 8.324981e-01 
2.843157e+00 8.325010e-01 
2.850626e+00 8.325039e-01 
2.858095e+00 8.325068e-01 
2.865563e+00 8.325097e-01 
2.873032e+00 8.325126e-01 
2.880501e+00 8.325156e-01 
2.887970e+00 8.325186e-01 
2.895439e+00 8.325216e-01 
2.902908e+00 8.325246e-01 
2.910376e+00 8.325277e-01 
2.917845e+00 8.325307e-01 
2.925314e+00 8.325338e-01 
2.932783e+00 8.325369e-01 
2.940252e+00 8.325399e-01 
2.947720e+00 8.325429e-01 
2.955189e+00 8.325459e-01 
2.962658e+00 8.325488e-01 
2.970127e+00 8.325515e-01 
2.977595e+00 8.325539e-01 
2.985064e+00 8.325558e-01 
2.992532e+00 8.325570e-01 
3.000000e+00 8.325570e-01 
2.648968e+00 8.381964e-01 
2.656437e+00 8.381992e-01 
2.663906e+00 8.382020e-01 
2.671374e+00 8.382048e-01 
2.678843e+00 8.382076e-01 
2.686312e+00 8.382105e-01 
2.693781e+00 8.382133e-01 
2.701250e+00 8.382161e-01 
2.708718e+00 8.382190e-01 
2.716187e+00 8.382218e-01 
2.723656e+00 8.382247e-01 
2.731125e+00 8.382275e-01 
2.738594e+00 8.382304e-01 
2.746062e+00 8.382333e-01 
2.753531e+00 8.382362e-01 
2.761000e+00 8.382391e-01 
2.768469e+00 8.382420e-01 
2.775938e+00 8.382449e-01 
2.783406e+00 8.382479e-01 
2.790875e+00 8.382508e-01 
2.798344e+00 8.382538e-01 
2.805813e+00 8.382567e-01 
2.813282e+00 8.382597e-01 
2.820750e+00 8.382627e-01 
2.828219e+00 8.382657e-01 
2.835688e+00 8.382687e-01 
2.843157e+00 8.382717e-01 
2.850626e+00 8.382748e-01 
2.858095e+00 8.382779e-01 
2.865563e+00 8.382809e-01 
2.873032e+00 8.382841e-01 
2.880501e+00 8.382872e-01 
2.887970e+00 8.382903e-01 
2.895439e+00 8.382935e-01 
2.902907e+00 8.382967e-01 
2.910376e+00 8.382999e-01 
2.917845e+00 8.383032e-01 
2.925314e+00 8.383064e-01 
2.932783e+00 8.383096e-01 
2.940252e+00 8.383129e-01 
2.947720e+00 8.383161e-01 
2.955189e+00 8.383192e-01 
2.962658e+00 8.383222e-01 
2.970127e+00 8.383251e-01 
2.977595e+00 8.383276e-01 
2.985064e+00 8.383296e-01 
2.992532e+00 8.383309e-01 
3.000000e+00 8.383309e-01 
2.648968e+00 8.439626e-01 
2.656437e+00 8.439656e-01 
2.663906e+00 8.439685e-01 
2.671374e+00 8.439715e-01 
2.678843e+00 8.439745e-01 
2.686312e+00 8.439775e-01 
2.693781e+00 8.439805e-01 
2.701250e+00 8.439835e-01 
2.708718e+00 8.439865e-01 
2.716187e+00 8.439895e-01 
2.723656e+00 8.439925e-01 
2.731125e+00 8.439956e-01 
2.738594e+00 8.439986e-01 
2.746062e+00 8.440017e-01 
2.753531e+00 8.440047e-01 
2.761000e+00 8.440078e-01 
2.768469e+00 8.440109e-01 
2.775937e+00 8.440140e-01 
2.783406e+00 8.440171e-01 
2.790875e+00 8.440202e-01 
2.798344e+00 8.440233e-01 
2.805813e+00 8.440264e-01 
2.813282e+00 8.440296e-01 
2.820750e+00 8.440327e-01 
2.828219e+00 8.440359e-01 
2.835688e+00 8.440391e-01 
2.843157e+00 8.440423e-01 
2.850626e+00 8.440455e-01 
2.858094e+00 8.440488e-01 
2.865563e+00 8.440520e-01 
2.873032e+00 8.440553e-01 
2.880501e+00 8.440586e-01 
2.887970e+00 8.440619e-01 
2.895439e+00 8.440653e-01 
2.902907e+00 8.440687e-01 
2.910376e+00 8.440721e-01 
2.917845e+00 8.440755e-01 
2.925314e+00 8.440789e-01 
2.932783e+00 8.440824e-01 
2.940252e+00 8.440858e-01 
2.947720e+00 8.440892e-01 
2.955189e+00 8.440925e-01 
2.962658e+00 8.440957e-01 
2.970127e+00 8.440987e-01 
2.977595e+00 8.441013e-01 
2.985064e+00 8.441035e-01 
2.992532e+00 8.441048e-01 
3.000000e+00 8.441048e-01 
2.648968e+00 8.497283e-01 
2.656437e+00 8.497314e-01 
2.663905e+00 8.497346e-01 
2.671374e+00 8.497377e-01 
2.678843e+00 8.497409e-01 
2.686312e+00 8.497440e-01 
2.693781e+00 8.497472e-01 
2.701249e+00 8.497504e-01 
2.708718e+00 8.497536e-01 
2.716187e+00 8.497568e-01 
2.723656e+00 8.497600e-01 
2.731125e+00 8.497632e-01 
2.738593e+00 8.497664e-01 
2.746062e+00 8.497697e-01 
2.753531e+00 8.497729e-01 
2.761000e+00 8.497762e-01 
2.768469e+00 8.497794e-01 
2.775937e+00 8.497827e-01 
2.783406e+00 8.497859e-01 
2.790875e+00 8.497892e-01 
2.798344e+00 8.497925e-01 
2.805813e+00 8.497958e-01 
2.813281e+00 8.497992e-01 
2.820750e+00 8.498025e-01 
2.828219e+00 8.498059e-01 
2.835688e+00 8.498092e-01 
2.843157e+00 8.498126e-01 
2.850626e+00 8.498160e-01 
2.858094e+00 8.498195e-01 
2.865563e+00 8.498229e-01 
2.873032e+00 8.498264e-01 
2.880501e+00 8.498299e-01 
2.887970e+00 8.498334e-01 
2.895438e+00 8.498370e-01 
2.902907e+00 8.498405e-01 
2.910376e+00 8.498441e-01 
2.917845e+00 8.498477e-01 
2.925314e+00 8.498514e-01 
2.932783e+00 8.498550e-01 
2.940251e+00 8.498586e-01 
2.947720e+00 8.498622e-01 
2.955189e+00 8.498657e-01 
2.962658e+00 8.498691e-01 
2.970127e+00 8.498723e-01 
2.977595e+00 8.498751e-01 
2.985064e+00 8.498773e-01 
2.992532e+00 8.498787e-01 
3.000000e+00 8.498787e-01 
2.648968e+00 8.554934e-01 
2.656437e+00 8.554967e-01 
2.663905e+00 8.555001e-01 
2.671374e+00 8.555034e-01 
2.678843e+00 8.555068e-01 
2.686312e+00 8.555101e-01 
2.693781e+00 8.555135e-01 
2.701249e+00 8.555169e-01 
2.708718e+00 8.555202e-01 
2.716187e+00 8.555236e-01 
2.723656e+00 8.555270e-01 
2.731125e+00 8.555304e-01 
2.738593e+00 8.555339e-01 
2.746062e+00 8.555373e-01 
2.753531e+00 8.555407e-01 
2.761000e+00 8.555441e-01 
2.768469e+00 8.555476e-01 
2.775937e+00 8.555510e-01 
2.783406e+00 8.555545e-01 
2.790875e+00 8.555580e-01 
2.798344e+00 8.555615e-01 
2.805813e+00 8.555650e-01 
2.813281e+00 8.555685e-01 
2.820750e+00 8.555720e-01 
2.828219e+00 8.555756e-01 
2.835688e+00 8.555792e-01 
2.843157e+00 8.555827e-01 
2.850625e+00 8.555863e-01 
2.858094e+00 8.555900e-01 
2.865563e+00 8.555936e-01 
2.873032e+00 8.555973e-01 
2.880501e+00 8.556010e-01 
2.887970e+00 8.556047e-01 
2.895438e+00 8.556085e-01 
2.902907e+00 8.556122e-01 
2.910376e+00 8.556161e-01 
2.917845e+00 8.556199e-01 
2.925314e+00 8.556237e-01 
2.932783e+00 8.556276e-01 
2.940251e+00 8.556314e-01 
2.947720e+00 8.556352e-01 
2.955189e+00 8.556389e-01 
2.962658e+00 8.556425e-01 
2.970127e+00 8.556458e-01 
2.977595e+00 8.556488e-01 
2.985064e+00 8.556511e-01 
2.992532e+00 8.556526e-01 
3.000000e+00 8.556526e-01 
2.648968e+00 8.612579e-01 
2.656436e+00 8.612614e-01 
2.663905e+00 8.612650e-01 
2.671374e+00 8.612685e-01 
2.678843e+00 8.612721e-01 
2.686312e+00 8.612757e-01 
2.693780e+00 8.612792e-01 
2.701249e+00 8.612828e-01 
2.708718e+00 8.612864e-01 
2.716187e+00 8.612900e-01 
2.723656e+00 8.612936e-01 
2.731124e+00 8.612972e-01 
2.738593e+00 8.613008e-01 
2.746062e+00 8.613045e-01 
2.753531e+00 8.613081e-01 
2.761000e+00 8.613117e-01 
2.768468e+00 8.613154e-01 
2.775937e+00 8.613191e-01 
2.783406e+00 8.613227e-01 
2.790875e+00 8.613264e-01 
2.798344e+00 8.613301e-01 
2.805812e+00 8.613338e-01 
2.813281e+00 8.613376e-01 
2.820750e+00 8.613413e-01 
2.828219e+00 8.613450e-01 
2.835688e+00 8.613488e-01 
2.843157e+00 8.613526e-01 
2.850625e+00 8.613564e-01 
2.858094e+00 8.613603e-01 
2.865563e+00 8.613641e-01 
2.873032e+00 8.613680e-01 
2.880501e+00 8.613719e-01 
2.887970e+00 8.613759e-01 
2.895438e+00 8.613798e-01 
2.902907e+00 8.613838e-01 
2.910376e+00 8.613879e-01 
2.917845e+00 8.613919e-01 
2.925314e+00 8.613960e-01 
2.932783e+00 8.614000e-01 
2.940251e+00 8.614041e-01 
2.947720e+00 8.614081e-01 
2.955189e+00 8.614120e-01 
2.962658e+00 8.614158e-01 
2.970126e+00 8.614194e-01 
2.977595e+00 8.614225e-01 
2.985064e+00 8.614250e-01 
2.992532e+00 8.614265e-01 
3.000000e+00 8.614265e-01 
2.648968e+00 8.670218e-01 
2.656436e+00 8.670255e-01 
2.663905e+00 8.670293e-01 
2.671374e+00 8.670331e-01 
2.678843e+00 8.670369e-01 
2.686312e+00 8.670407e-01 
2.693780e+00 8.670444e-01 
2.701249e+00 8.670483e-01 
2.708718e+00 8.670521e-01 
2.716187e+00 8.670559e-01 
2.723656e+00 8.670597e-01 
2.731124e+00 8.670635e-01 
2.738593e+00 8.670674e-01 
2.746062e+00 8.670712e-01 
2.753531e+00 8.670751e-01 
2.761000e+00 8.670790e-01 
2.768468e+00 8.670828e-01 
2.775937e+00 8.670867e-01 
2.783406e+00 8.670906e-01 
2.790875e+00 8.670945e-01 
2.798344e+00 8.670984e-01 
2.805812e+00 8.671023e-01 
2.813281e+00 8.671063e-01 
2.820750e+00 8.671102e-01 
2.828219e+00 8.671142e-01 
2.835688e+00 8.671182e-01 
2.843156e+00 8.671222e-01 
2.850625e+00 8.671263e-01 
2.858094e+00 8.671303e-01 
2.865563e+00 8.671344e-01 
2.873032e+00 8.671385e-01 
2.880501e+00 8.671426e-01 
2.887969e+00 8.671468e-01 
2.895438e+00 8.671510e-01 
2.902907e+00 8.671553e-01 
2.910376e+00 8.671595e-01 
2.917845e+00 8.671638e-01 
2.925314e+00 8.671681e-01 
2.932782e+00 8.671724e-01 
2.940251e+00 8.671767e-01 
2.947720e+00 8.671810e-01 
2.955189e+00 8.671852e-01 
2.962658e+00 8.671892e-01 
2.970126e+00 8.671929e-01 
2.977595e+00 8.671962e-01 
2.985064e+00 8.671988e-01 
2.992532e+00 8.672004e-01 
3.000000e+00 8.672004e-01 
2.648968e+00 8.727849e-01 
2.656436e+00 8.727889e-01 
2.663905e+00 8.727929e-01 
2.671374e+00 8.727969e-01 
2.678843e+00 8.728010e-01 
2.686311e+00 8.728050e-01 
2.693780e+00 8.728090e-01 
2.701249e+00 8.728131e-01 
2.708718e+00 8.728171e-01 
2.716187e+00 8.728212e-01 
2.723655e+00 8.728253e-01 
2.731124e+00 8.728293e-01 
2.738593e+00 8.728334e-01 
2.746062e+00 8.728375e-01 
2.753531e+00 8.728416e-01 
2.760999e+00 8.728457e-01 
2.768468e+00 8.728498e-01 
2.775937e+00 8.728539e-01 
2.783406e+00 8.728580e-01 
2.790875e+00 8.728622e-01 
2.798343e+00 8.728663e-01 
2.805812e+00 8.728705e-01 
2.813281e+00 8.728747e-01 
2.820750e+00 8.728789e-01 
2.828219e+00 8.728831e-01 
2.835688e+00 8.728873e-01 
2.843156e+00 8.728916e-01 
2.850625e+00 8.728958e-01 
2.858094e+00 8.729001e-01 
2.865563e+00 8.729044e-01 
2.873032e+00 8.729088e-01 
2.880501e+00 8.729132e-01 
2.887969e+00 8.729176e-01 
2.895438e+00 8.729220e-01 
2.902907e+00 8.729265e-01 
2.910376e+00 8.729310e-01 
2.917845e+00 8.729356e-01 
2.925314e+00 8.729401e-01 
2.932782e+00 8.729447e-01 
2.940251e+00 8.729493e-01 
2.947720e+00 8.729538e-01 
2.955189e+00 8.729582e-01 
2.962658e+00 8.729625e-01 
2.970126e+00 8.729664e-01 
2.977595e+00 8.729699e-01 
2.985063e+00 8.729727e-01 
2.992532e+00 8.729744e-01 
3.000000e+00 8.729743e-01 
2.648967e+00 8.785473e-01 
2.656436e+00 8.785516e-01 
2.663905e+00 8.785559e-01 
2.671374e+00 8.785602e-01 
2.678843e+00 8.785644e-01 
2.686311e+00 8.785687e-01 
2.693780e+00 8.785730e-01 
2.701249e+00 8.785773e-01 
2.708718e+00 8.785816e-01 
2.716187e+00 8.785860e-01 
2.723655e+00 8.785903e-01 
2.731124e+00 8.785946e-01 
2.738593e+00 8.785989e-01 
2.746062e+00 8.786033e-01 
2.753531e+00 8.786076e-01 
2.760999e+00 8.786120e-01 
2.768468e+00 8.786163e-01 
2.775937e+00 8.786207e-01 
2.783406e+00 8.786251e-01 
2.790875e+00 8.786295e-01 
2.798343e+00 8.786339e-01 
2.805812e+00 8.786383e-01 
2.813281e+00 8.786427e-01 
2.820750e+00 8.786472e-01 
2.828219e+00 8.786516e-01 
2.835687e+00 8.786561e-01 
2.843156e+00 8.786606e-01 
2.850625e+00 8.786651e-01 
2.858094e+00 8.786697e-01 
2.865563e+00 8.786743e-01 
2.873032e+00 8.786789e-01 
2.880500e+00 8.786835e-01 
2.887969e+00 8.786882e-01 
2.895438e+00 8.786929e-01 
2.902907e+00 8.786976e-01 
2.910376e+00 8.787024e-01 
2.917845e+00 8.787072e-01 
2.925313e+00 8.787121e-01 
2.932782e+00 8.787169e-01 
2.940251e+00 8.787217e-01 
2.947720e+00 8.787265e-01 
2.955189e+00 8.787312e-01 
2.962658e+00 8.787357e-01 
2.970126e+00 8.787399e-01 
2.977595e+00 8.787436e-01 
2.985063e+00 8.787465e-01 
2.992532e+00 8.787483e-01 
3.000000e+00 8.787482e-01 
2.648967e+00 8.843090e-01 
2.656436e+00 8.843135e-01 
2.663905e+00 8.843181e-01 
2.671374e+00 8.843227e-01 
2.678843e+00 8.843272e-01 
2.686311e+00 8.843318e-01 
2.693780e+00 8.843364e-01 
2.701249e+00 8.843409e-01 
2.708718e+00 8.843455e-01 
2.716186e+00 8.843501e-01 
2.723655e+00 8.843547e-01 
2.731124e+00 8.843593e-01 
2.738593e+00 8.843639e-01 
2.746062e+00 8.843685e-01 
2.753531e+00 8.843732e-01 
2.760999e+00 8.843778e-01 
2.768468e+00 8.843824e-01 
2.775937e+00 8.843871e-01 
2.783406e+00 8.843917e-01 
2.790875e+00 8.843964e-01 
2.798343e+00 8.844010e-01 
2.805812e+00 8.844057e-01 
2.813281e+00 8.844104e-01 
2.820750e+00 8.844151e-01 
2.828219e+00 8.844199e-01 
2.835687e+00 8.844246e-01 
2.843156e+00 8.844294e-01 
2.850625e+00 8.844342e-01 
2.858094e+00 8.844390e-01 
2.865563e+00 8.844438e-01 
2.873032e+00 8.844487e-01 
2.880500e+00 8.844536e-01 
2.887969e+00 8.844586e-01 
2.895438e+00 8.844635e-01 
2.902907e+00 8.844686e-01 
2.910376e+00 8.844736e-01 
2.917845e+00 8.844787e-01 
2.925313e+00 8.844838e-01 
2.932782e+00 8.844890e-01 
2.940251e+00 8.844941e-01 
2.947720e+00 8.844992e-01 
2.955189e+00 8.845042e-01 
2.962658e+00 8.845089e-01 
2.970126e+00 8.845134e-01 
2.977595e+00 8.845173e-01 
2.985063e+00 8.845203e-01 
2.992532e+00 8.845222e-01 
3.000000e+00 8.845221e-01 
2.648967e+00 8.900699e-01 
2.656436e+00 8.900747e-01 
2.663905e+00 8.900796e-01 
2.671374e+00 8.900844e-01 
2.678842e+00 8.900893e-01 
2.686311e+00 8.900942e-01 
2.693780e+00 8.900990e-01 
2.701249e+00 8.901039e-01 
2.708718e+00 8.901088e-01 
2.716186e+00 8.901137e-01 
2.723655e+00 8.901186e-01 
2.731124e+00 8.901235e-01 
2.738593e+00 8.901284e-01 
2.746062e+00 8.901333e-01 
2.753530e+00 8.901382e-01 
2.760999e+00 8.901431e-01 
2.768468e+00 8.901480e-01 
2.775937e+00 8.901530e-01 
2.783406e+00 8.901579e-01 
2.790874e+00 8.901628e-01 
2.798343e+00 8.901678e-01 
2.805812e+00 8.901728e-01 
2.813281e+00 8.901778e-01 
2.820750e+00 8.901828e-01 
2.828219e+00 8.901878e-01 
2.835687e+00 8.901928e-01 
2.843156e+00 8.901978e-01 
2.850625e+00 8.902029e-01 
2.858094e+00 8.902080e-01 
2.865563e+00 8.902131e-01 
2.873031e+00 8.902183e-01 
2.880500e+00 8.902235e-01 
2.887969e+00 8.902287e-01 
2.895438e+00 8.902340e-01 
2.902907e+00 8.902393e-01 
2.910376e+00 8.902447e-01 
2.917844e+00 8.902501e-01 
2.925313e+00 8.902555e-01 
2.932782e+00 8.902609e-01 
2.940251e+00 8.902664e-01 
2.947720e+00 8.902718e-01 
2.955189e+00 8.902770e-01 
2.962657e+00 8.902821e-01 
2.970126e+00 8.902868e-01 
2.977595e+00 8.902910e-01 
2.985063e+00 8.902942e-01 
2.992532e+00 8.902961e-01 
3.000000e+00 8.902960e-01 
2.648967e+00 8.958299e-01 
2.656436e+00 8.958350e-01 
2.663905e+00 8.958402e-01 
2.671374e+00 8.958454e-01 
2.678842e+00 8.958506e-01 
2.686311e+00 8.958558e-01 
2.693780e+00 8.958610e-01 
2.701249e+00 8.958661e-01 
2.708718e+00 8.958713e-01 
2.716186e+00 8.958765e-01 
2.723655e+00 8.958818e-01 
2.731124e+00 8.958870e-01 
2.738593e+00 8.958922e-01 
2.746062e+00 8.958974e-01 
2.753530e+00 8.959027e-01 
2.760999e+00 8.959079e-01 
2.768468e+00 8.959131e-01 
2.775937e+00 8.959183e-01 
2.783406e+00 8.959236e-01 
2.790874e+00 8.959289e-01 
2.798343e+00 8.959341e-01 
2.805812e+00 8.959394e-01 
2.813281e+00 8.959447e-01 
2.820750e+00 8.959500e-01 
2.828218e+00 8.959553e-01 
2.835687e+00 8.959606e-01 
2.843156e+00 8.959660e-01 
2.850625e+00 8.959713e-01 
2.858094e+00 8.959767e-01 
2.865563e+00 8.959822e-01 
2.873031e+00 8.959876e-01 
2.880500e+00 8.959931e-01 
2.887969e+00 8.959987e-01 
2.895438e+00 8.960042e-01 
2.902907e+00 8.960099e-01 
2.910376e+00 8.960155e-01 
2.917844e+00 8.960212e-01 
2.925313e+00 8.960270e-01 
2.932782e+00 8.960328e-01 
2.940251e+00 8.960385e-01 
2.947720e+00 8.960443e-01 
2.955189e+00 8.960499e-01 
2.962657e+00 8.960553e-01 
2.970126e+00 8.960602e-01 
2.977595e+00 8.960646e-01 
2.985063e+00 8.960681e-01 
2.992532e+00 8.960701e-01 
3.000000e+00 8.960699e-01 
2.648967e+00 9.015890e-01 
2.656436e+00 9.015945e-01 
2.663905e+00 9.016001e-01 
2.671373e+00 9.016056e-01 
2.678842e+00 9.016111e-01 
2.686311e+00 9.016167e-01 
2.693780e+00 9.016222e-01 
2.701249e+00 9.016277e-01 
2.708717e+00 9.016333e-01 
2.716186e+00 9.016388e-01 
2.723655e+00 9.016444e-01 
2.731124e+00 9.016499e-01 
2.738593e+00 9.016555e-01 
2.746061e+00 9.016610e-01 
2.753530e+00 9.016666e-01 
2.760999e+00 9.016721e-01 
2.768468e+00 9.016777e-01 
2.775937e+00 9.016833e-01 
2.783406e+00 9.016888e-01 
2.790874e+00 9.016944e-01 
2.798343e+00 9.017000e-01 
2.805812e+00 9.017056e-01 
2.813281e+00 9.017112e-01 
2.820750e+00 9.017168e-01 
2.828218e+00 9.017225e-01 
2.835687e+00 9.017281e-01 
2.843156e+00 9.017338e-01 
2.850625e+00 9.017395e-01 
2.858094e+00 9.017452e-01 
2.865562e+00 9.017509e-01 
2.873031e+00 9.017567e-01 
2.880500e+00 9.017625e-01 
2.887969e+00 9.017684e-01 
2.895438e+00 9.017743e-01 
2.902907e+00 9.017802e-01 
2.910376e+00 9.017862e-01 
2.917844e+00 9.017923e-01 
2.925313e+00 9.017984e-01 
2.932782e+00 9.018045e-01 
2.940251e+00 9.018106e-01 
2.947720e+00 9.018167e-01 
2.955189e+00 9.018226e-01 
2.962657e+00 9.018283e-01 
2.970126e+00 9.018336e-01 
2.977595e+00 9.018383e-01 
2.985063e+00 9.018419e-01 
2.992532e+00 9.018440e-01 
3.000000e+00 9.018438e-01 
2.648967e+00 9.073473e-01 
2.656436e+00 9.073532e-01 
2.663905e+00 9.073591e-01 
2.671373e+00 9.073650e-01 
2.678842e+00 9.073709e-01 
2.686311e+00 9.073768e-01 
2.693780e+00 9.073827e-01 
2.701249e+00 9.073886e-01 
2.708717e+00 9.073945e-01 
2.716186e+00 9.074004e-01 
2.723655e+00 9.074063e-01 
2.731124e+00 9.074122e-01 
2.738593e+00 9.074181e-01 
2.746061e+00 9.074241e-01 
2.753530e+00 9.074300e-01 
2.760999e+00 9.074359e-01 
2.768468e+00 9.074418e-01 
2.775937e+00 9.074477e-01 
2.783405e+00 9.074536e-01 
2.790874e+00 9.074596e-01 
2.798343e+00 9.074655e-01 
2.805812e+00 9.074714e-01 
2.813281e+00 9.074774e-01 
2.820750e+00 9.074833e-01 
2.828218e+00 9.074893e-01 
2.835687e+00 9.074953e-01 
2.843156e+00 9.075013e-01 
2.850625e+00 9.075073e-01 
2.858094e+00 9.075134e-01 
2.865562e+00 9.075194e-01 
2.873031e+00 9.075255e-01 
2.880500e+00 9.075317e-01 
2.887969e+00 9.075379e-01 
2.895438e+00 9.075441e-01 
2.902907e+00 9.075504e-01 
2.910375e+00 9.075567e-01 
2.917844e+00 9.075631e-01 
2.925313e+00 9.075696e-01 
2.932782e+00 9.075760e-01 
2.940251e+00 9.075825e-01 
2.947720e+00 9.075890e-01 
2.955188e+00 9.075953e-01 
2.962657e+00 9.076014e-01 
2.970126e+00 9.076070e-01 
2.977595e+00 9.076120e-01 
2.985063e+00 9.076158e-01 
2.992532e+00 9.076180e-01 
3.000000e+00 9.076177e-01 
2.648967e+00 9.131049e-01 
2.656436e+00 9.131112e-01 
2.663905e+00 9.131175e-01 
2.671373e+00 9.131237e-01 
2.678842e+00 9.131300e-01 
2.686311e+00 9.131363e-01 
2.693780e+00 9.131426e-01 
2.701249e+00 9.131489e-01 
2.708717e+00 9.131552e-01 
2.716186e+00 9.131614e-01 
2.723655e+00 9.131677e-01 
2.731124e+00 9.131740e-01 
2.738593e+00 9.131803e-01 
2.746061e+00 9.131866e-01 
2.753530e+00 9.131929e-01 
2.760999e+00 9.131992e-01 
2.768468e+00 9.132055e-01 
2.775937e+00 9.132117e-01 
2.783405e+00 9.132180e-01 
2.790874e+00 9.132243e-01 
2.798343e+00 9.132306e-01 
2.805812e+00 9.132369e-01 
2.813281e+00 9.132432e-01 
2.820749e+00 9.132495e-01 
2.828218e+00 9.132558e-01 
2.835687e+00 9.132622e-01 
2.843156e+00 9.132685e-01 
2.850625e+00 9.132749e-01 
2.858094e+00 9.132813e-01 
2.865562e+00 9.132877e-01 
2.873031e+00 9.132942e-01 
2.880500e+00 9.133006e-01 
2.887969e+00 9.133072e-01 
2.895438e+00 9.133138e-01 
2.902907e+00 9.133204e-01 
2.910375e+00 9.133271e-01 
2.917844e+00 9.133338e-01 
2.925313e+00 9.133406e-01 
2.932782e+00 9.133475e-01 
2.940251e+00 9.133543e-01 
2.947720e+00 9.133612e-01 
2.955188e+00 9.133679e-01 
2.962657e+00 9.133743e-01 
2.970126e+00 9.133803e-01 
2.977595e+00 9.133856e-01 
2.985063e+00 9.133897e-01 
2.992532e+00 9.133920e-01 
3.000000e+00 9.133915e-01 
2.648967e+00 9.188617e-01 
2.656436e+00 9.188684e-01 
2.663905e+00 9.188751e-01 
2.671373e+00 9.188818e-01 
2.678842e+00 9.188885e-01 
2.686311e+00 9.188952e-01 
2.693780e+00 9.189019e-01 
2.701249e+00 9.189085e-01 
2.708717e+00 9.189152e-01 
2.716186e+00 9.189219e-01 
2.723655e+00 9.189286e-01 
2.731124e+00 9.189353e-01 
2.738593e+00 9.189420e-01 
2.746061e+00 9.189487e-01 
2.753530e+00 9.189553e-01 
2.760999e+00 9.189620e-01 
2.768468e+00 9.189687e-01 
2.775937e+00 9.189753e-01 
2.783405e+00 9.189820e-01 
2.790874e+00 9.189887e-01 
2.798343e+00 9.189954e-01 
2.805812e+00 9.190020e-01 
2.813281e+00 9.190087e-01 
2.820749e+00 9.190154e-01 
2.828218e+00 9.190221e-01 
2.835687e+00 9.190288e-01 
2.843156e+00 9.190355e-01 
2.850625e+00 9.190422e-01 
2.858093e+00 9.190490e-01 
2.865562e+00 9.190558e-01 
2.873031e+00 9.190626e-01 
2.880500e+00 9.190694e-01 
2.887969e+00 9.190763e-01 
2.895438e+00 9.190832e-01 
2.902906e+00 9.190902e-01 
2.910375e+00 9.190973e-01 
2.917844e+00 9.191044e-01 
2.925313e+00 9.191116e-01 
2.932782e+00 9.191188e-01 
2.940251e+00 9.191260e-01 
2.947720e+00 9.191333e-01 
2.955188e+00 9.191404e-01 
2.962657e+00 9.191472e-01 
2.970126e+00 9.191536e-01 
2.977595e+00 9.191592e-01 
2.985063e+00 9.191635e-01 
2.992532e+00 9.191660e-01 
3.000000e+00 9.191654e-01 
2.648967e+00 9.246180e-01 
2.656436e+00 9.246251e-01 
2.663904e+00 9.246323e-01 
2.671373e+00 9.246394e-01 
2.678842e+00 9.246465e-01 
2.686311e+00 9.246536e-01 
2.693780e+00 9.246607e-01 
2.701248e+00 9.246678e-01 
2.708717e+00 9.246749e-01 
2.716186e+00 9.246820e-01 
2.723655e+00 9.246891e-01 
2.731124e+00 9.246962e-01 
2.738592e+00 9.247033e-01 
2.746061e+00 9.247104e-01 
2.753530e+00 9.247175e-01 
2.760999e+00 9.247246e-01 
2.768468e+00 9.247316e-01 
2.775936e+00 9.247387e-01 
2.783405e+00 9.247458e-01 
2.790874e+00 9.247528e-01 
2.798343e+00 9.247599e-01 
2.805812e+00 9.247670e-01 
2.813281e+00 9.247740e-01 
2.820749e+00 9.247811e-01 
2.828218e+00 9.247881e-01 
2.835687e+00 9.247952e-01 
2.843156e+00 9.248023e-01 
2.850625e+00 9.248094e-01 
2.858093e+00 9.248165e-01 
2.865562e+00 9.248237e-01 
2.873031e+00 9.248308e-01 
2.880500e+00 9.248380e-01 
2.887969e+00 9.248453e-01 
2.895438e+00 9.248526e-01 
2.902906e+00 9.248599e-01 
2.910375e+00 9.248673e-01 
2.917844e+00 9.248748e-01 
2.925313e+00 9.248824e-01 
2.932782e+00 9.248900e-01 
2.940251e+00 9.248976e-01 
2.947719e+00 9.249053e-01 
2.955188e+00 9.249128e-01 
2.962657e+00 9.249201e-01 
2.970126e+00 9.249268e-01 
2.977595e+00 9.249328e-01 
2.985063e+00 9.249374e-01 
2.992532e+00 9.249400e-01 
3.000000e+00 9.249393e-01 
2.648967e+00 9.303740e-01 
2.656436e+00 9.303816e-01 
2.663904e+00 9.303891e-01 
2.671373e+00 9.303967e-01 
2.678842e+00 9.304042e-01 
2.686311e+00 9.304118e-01 
2.693780e+00 9.304193e-01 
2.701248e+00 9.304269e-01 
2.708717e+00 9.304344e-01 
2.716186e+00 9.304419e-01 
2.723655e+00 9.304494e-01 
2.731124e+00 9.304570e-01 
2.738592e+00 9.304645e-01 
2.746061e+00 9.304720e-01 
2.753530e+00 9.304795e-01 
2.760999e+00 9.304870e-01 
2.768468e+00 9.304945e-01 
2.775936e+00 9.305020e-01 
2.783405e+00 9.305094e-01 
2.790874e+00 9.305169e-01 
2.798343e+00 9.305243e-01 
2.805812e+00 9.305318e-01 
2.813280e+00 9.305392e-01 
2.820749e+00 9.305467e-01 
2.828218e+00 9.305541e-01 
2.835687e+00 9.305616e-01 
2.843156e+00 9.305690e-01 
2.850625e+00 9.305765e-01 
2.858093e+00 9.305840e-01 
2.865562e+00 9.305915e-01 
2.873031e+00 9.305991e-01 
2.880500e+00 9.306066e-01 
2.887969e+00 9.306142e-01 
2.895437e+00 9.306219e-01 
2.902906e+00 9.306296e-01 
2.910375e+00 9.306374e-01 
2.917844e+00 9.306452e-01 
2.925313e+00 9.306531e-01 
2.932782e+00 9.306611e-01 
2.940251e+00 9.306691e-01 
2.947719e+00 9.306772e-01 
2.955188e+00 9.306851e-01 
2.962657e+00 9.306928e-01 
2.970126e+00 9.307000e-01 
2.977595e+00 9.307063e-01 
2.985063e+00 9.307113e-01 
2.992532e+00 9.307140e-01 
3.000000e+00 9.307132e-01 
2.648967e+00 9.361302e-01 
2.656436e+00 9.361382e-01 
2.663904e+00 9.361462e-01 
2.671373e+00 9.361542e-01 
2.678842e+00 9.361622e-01 
2.686311e+00 9.361702e-01 
2.693780e+00 9.361782e-01 
2.701248e+00 9.361861e-01 
2.708717e+00 9.361941e-01 
2.716186e+00 9.362020e-01 
2.723655e+00 9.362100e-01 
2.731124e+00 9.362179e-01 
2.738592e+00 9.362259e-01 
2.746061e+00 9.362338e-01 
2.753530e+00 9.362417e-01 
2.760999e+00 9.362496e-01 
2.768468e+00 9.362575e-01 
2.775936e+00 9.362654e-01 
2.783405e+00 9.362733e-01 
2.790874e+00 9.362811e-01 
2.798343e+00 9.362890e-01 
2.805812e+00 9.362968e-01 
2.813280e+00 9.363046e-01 
2.820749e+00 9.363125e-01 
2.828218e+00 9.363203e-01 
2.835687e+00 9.363281e-01 
2.843156e+00 9.363360e-01 
2.850624e+00 9.363438e-01 
2.858093e+00 9.363517e-01 
2.865562e+00 9.363595e-01 
2.873031e+00 9.363674e-01 
2.880500e+00 9.363753e-01 
2.887969e+00 9.363833e-01 
2.895437e+00 9.363913e-01 
2.902906e+00 9.363993e-01 
2.910375e+00 9.364075e-01 
2.917844e+00 9.364156e-01 
2.925313e+00 9.364239e-01 
2.932782e+00 9.364322e-01 
2.940250e+00 9.364406e-01 
2.947719e+00 9.364490e-01 
2.955188e+00 9.364574e-01 
2.962657e+00 9.364655e-01 
2.970126e+00 9.364731e-01 
2.977594e+00 9.364798e-01 
2.985063e+00 9.364851e-01 
2.992532e+00 9.364880e-01 
3.000000e+00 9.364871e-01 
2.648967e+00 9.418871e-01 
2.656436e+00 9.418955e-01 
2.663904e+00 9.419040e-01 
2.671373e+00 9.419124e-01 
2.678842e+00 9.419208e-01 
2.686311e+00 9.419292e-01 
2.693779e+00 9.419376e-01 
2.701248e+00 9.419460e-01 
2.708717e+00 9.419544e-01 
2.716186e+00 9.419628e-01 
2.723655e+00 9.419711e-01 
2.731124e+00 9.419795e-01 
2.738592e+00 9.419878e-01 
2.746061e+00 9.419962e-01 
2.753530e+00 9.420045e-01 
2.760999e+00 9.420128e-01 
2.768468e+00 9.420211e-01 
2.775936e+00 9.420294e-01 
2.783405e+00 9.420376e-01 
2.790874e+00 9.420459e-01 
2.798343e+00 9.420541e-01 
2.805812e+00 9.420623e-01 
2.813280e+00 9.420705e-01 
2.820749e+00 9.420787e-01 
2.828218e+00 9.420869e-01 
2.835687e+00 9.420951e-01 
2.843156e+00 9.421032e-01 
2.850624e+00 9.421114e-01 
2.858093e+00 9.421196e-01 
2.865562e+00 9.421279e-01 
2.873031e+00 9.421361e-01 
2.880500e+00 9.421443e-01 
2.887969e+00 9.421526e-01 
2.895437e+00 9.421609e-01 
2.902906e+00 9.421693e-01 
2.910375e+00 9.421777e-01 
2.917844e+00 9.421862e-01 
2.925313e+00 9.421947e-01 
2.932781e+00 9.422034e-01 
2.940250e+00 9.422121e-01 
2.947719e+00 9.422209e-01 
2.955188e+00 9.422296e-01 
2.962657e+00 9.422381e-01 
2.970126e+00 9.422461e-01 
2.977594e+00 9.422533e-01 
2.985063e+00 9.422589e-01 
2.992532e+00 9.422620e-01 
3.000000e+00 9.422610e-01 
2.648967e+00 9.476452e-01 
2.656435e+00 9.476540e-01 
2.663904e+00 9.476629e-01 
2.671373e+00 9.476717e-01 
2.678842e+00 9.476805e-01 
2.686311e+00 9.476893e-01 
2.693779e+00 9.476981e-01 
2.701248e+00 9.477069e-01 
2.708717e+00 9.477157e-01 
2.716186e+00 9.477245e-01 
2.723655e+00 9.477333e-01 
2.731123e+00 9.477420e-01 
2.738592e+00 9.477507e-01 
2.746061e+00 9.477595e-01 
2.753530e+00 9.477682e-01 
2.760999e+00 9.477768e-01 
2.768467e+00 9.477855e-01 
2.775936e+00 9.477942e-01 
2.783405e+00 9.478028e-01 
2.790874e+00 9.478114e-01 
2.798343e+00 9.478200e-01 
2.805811e+00 9.478285e-01 
2.813280e+00 9.478370e-01 
2.820749e+00 9.478456e-01 
2.828218e+00 9.478541e-01 
2.835687e+00 9.478626e-01 
2.843156e+00 9.478711e-01 
2.850624e+00 9.478796e-01 
2.858093e+00 9.478882e-01 
2.865562e+00 9.478967e-01 
2.873031e+00 9.479052e-01 
2.880500e+00 9.479138e-01 
2.887968e+00 9.479223e-01 
2.895437e+00 9.479309e-01 
2.902906e+00 9.479395e-01 
2.910375e+00 9.479482e-01 
2.917844e+00 9.479570e-01 
2.925313e+00 9.479658e-01 
2.932781e+00 9.479747e-01 
2.940250e+00 9.479837e-01 
2.947719e+00 9.479928e-01 
2.955188e+00 9.480018e-01 
2.962657e+00 9.480106e-01 
2.970126e+00 9.480191e-01 
2.977594e+00 9.480266e-01 
2.985063e+00 9.480327e-01 
2.992532e+00 9.480360e-01 
3.000000e+00 9.480349e-01 
2.648967e+00 9.534054e-01 
2.656435e+00 9.534146e-01 
2.663904e+00 9.534239e-01 
2.671373e+00 9.534331e-01 
2.678842e+00 9.534422e-01 
2.686311e+00 9.534514e-01 
2.693779e+00 9.534606e-01 
2.701248e+00 9.534697e-01 
2.708717e+00 9.534789e-01 
2.716186e+00 9.534880e-01 
2.723655e+00 9.534971e-01 
2.731123e+00 9.535062e-01 
2.738592e+00 9.535153e-01 
2.746061e+00 9.535243e-01 
2.753530e+00 9.535334e-01 
2.760999e+00 9.535424e-01 
2.768467e+00 9.535514e-01 
2.775936e+00 9.535604e-01 
2.783405e+00 9.535693e-01 
2.790874e+00 9.535782e-01 
2.798343e+00 9.535871e-01 
2.805811e+00 9.535960e-01 
2.813280e+00 9.536048e-01 
2.820749e+00 9.536136e-01 
2.828218e+00 9.536224e-01 
2.835687e+00 9.536312e-01 
2.843155e+00 9.536400e-01 
2.850624e+00 9.536488e-01 
2.858093e+00 9.536576e-01 
2.865562e+00 9.536664e-01 
2.873031e+00 9.536752e-01 
2.880500e+00 9.536840e-01 
2.887968e+00 9.536928e-01 
2.895437e+00 9.537016e-01 
2.902906e+00 9.537104e-01 
2.910375e+00 9.537193e-01 
2.917844e+00 9.537282e-01 
2.925312e+00 9.537372e-01 
2.932781e+00 9.537463e-01 
2.940250e+00 9.537555e-01 
2.947719e+00 9.537648e-01 
2.955188e+00 9.537741e-01 
2.962657e+00 9.537832e-01 
2.970125e+00 9.537920e-01 
2.977594e+00 9.537999e-01 
2.985063e+00 9.538063e-01 
2.992532e+00 9.538100e-01 
3.000000e+00 9.538088e-01 
2.648967e+00 9.591696e-01 
2.656435e+00 9.591791e-01 
2.663904e+00 9.591886e-01 
2.671373e+00 9.591981e-01 
2.678842e+00 9.592076e-01 
2.686311e+00 9.592170e-01 
2.693779e+00 9.592265e-01 
2.701248e+00 9.592359e-01 
2.708717e+00 9.592453e-01 
2.716186e+00 9.592547e-01 
2.723655e+00 9.592641e-01 
2.731123e+00 9.592734e-01 
2.738592e+00 9.592828e-01 
2.746061e+00 9.592921e-01 
2.753530e+00 9.593014e-01 
2.760999e+00 9.593107e-01 
2.768467e+00 9.593199e-01 
2.775936e+00 9.593291e-01 
2.783405e+00 9.593383e-01 
2.790874e+00 9.593474e-01 
2.798343e+00 9.593565e-01 
2.805811e+00 9.593656e-01 
2.813280e+00 9.593746e-01 
2.820749e+00 9.593837e-01 
2.828218e+00 9.593927e-01 
2.835687e+00 9.594017e-01 
2.843155e+00 9.594107e-01 
2.850624e+00 9.594196e-01 
2.858093e+00 9.594286e-01 
2.865562e+00 9.594376e-01 
2.873031e+00 9.594465e-01 
2.880499e+00 9.594555e-01 
2.887968e+00 9.594644e-01 
2.895437e+00 9.594733e-01 
2.902906e+00 9.594823e-01 
2.910375e+00 9.594913e-01 
2.917844e+00 9.595003e-01 
2.925312e+00 9.595093e-01 
2.932781e+00 9.595185e-01 
2.940250e+00 9.595278e-01 
2.947719e+00 9.595371e-01 
2.955188e+00 9.595465e-01 
2.962657e+00 9.595558e-01 
2.970125e+00 9.595648e-01 
2.977594e+00 9.595730e-01 
2.985063e+00 9.595799e-01 
2.992531e+00 9.595839e-01 
3.000000e+00 9.595827e-01 
2.648967e+00 9.649407e-01 
2.656435e+00 9.649504e-01 
2.663904e+00 9.649600e-01 
2.671373e+00 9.649696e-01 
2.678842e+00 9.649792e-01 
2.686311e+00 9.649888e-01 
2.693779e+00 9.649984e-01 
2.701248e+00 9.650079e-01 
2.708717e+00 9.650175e-01 
2.716186e+00 9.650270e-01 
2.723655e+00 9.650365e-01 
2.731123e+00 9.650459e-01 
2.738592e+00 9.650554e-01 
2.746061e+00 9.650648e-01 
2.753530e+00 9.650742e-01 
2.760999e+00 9.650836e-01 
2.768467e+00 9.650929e-01 
2.775936e+00 9.651022e-01 
2.783405e+00 9.651115e-01 
2.790874e+00 9.651207e-01 
2.798343e+00 9.651299e-01 
2.805811e+00 9.651390e-01 
2.813280e+00 9.651481e-01 
2.820749e+00 9.651571e-01 
2.828218e+00 9.651662e-01 
2.835687e+00 9.651752e-01 
2.843155e+00 9.651843e-01 
2.850624e+00 9.651933e-01 
2.858093e+00 9.652023e-01 
2.865562e+00 9.652113e-01 
2.873031e+00 9.652202e-01 
2.880499e+00 9.652292e-01 
2.887968e+00 9.652381e-01 
2.895437e+00 9.652470e-01 
2.902906e+00 9.652559e-01 
2.910375e+00 9.652648e-01 
2.917844e+00 9.652737e-01 
2.925312e+00 9.652827e-01 
2.932781e+00 9.652917e-01 
2.940250e+00 9.653009e-01 
2.947719e+00 9.653101e-01 
2.955188e+00 9.653194e-01 
2.962656e+00 9.653286e-01 
2.970125e+00 9.653377e-01 
2.977594e+00 9.653461e-01 
2.985063e+00 9.653533e-01 
2.992531e+00 9.653577e-01 
3.000000e+00 9.653566e-01 
2.648967e+00 9.707224e-01 
2.656435e+00 9.707320e-01 
2.663904e+00 9.707415e-01 
2.671373e+00 9.707510e-01 
2.678842e+00 9.707605e-01 
2.686311e+00 9.707700e-01 
2.693779e+00 9.707795e-01 
2.701248e+00 9.707889e-01 
2.708717e+00 9.707984e-01 
2.716186e+00 9.708078e-01 
2.723655e+00 9.708172e-01 
2.731123e+00 9.708265e-01 
2.738592e+00 9.708358e-01 
2.746061e+00 9.708451e-01 
2.753530e+00 9.708544e-01 
2.760999e+00 9.708636e-01 
2.768467e+00 9.708728e-01 
2.775936e+00 9.708820e-01 
2.783405e+00 9.708911e-01 
2.790874e+00 9.709002e-01 
2.798343e+00 9.709092e-01 
2.805811e+00 9.709181e-01 
2.813280e+00 9.709270e-01 
2.820749e+00 9.709358e-01 
2.828218e+00 9.709447e-01 
2.835687e+00 9.709536e-01 
2.843155e+00 9.709624e-01 
2.850624e+00 9.709712e-01 
2.858093e+00 9.709800e-01 
2.865562e+00 9.709888e-01 
2.873031e+00 9.709975e-01 
2.880499e+00 9.710062e-01 
2.887968e+00 9.710149e-01 
2.895437e+00 9.710236e-01 
2.902906e+00 9.710322e-01 
2.910375e+00 9.710408e-01 
2.917843e+00 9.710493e-01 
2.925312e+00 9.710579e-01 
2.932781e+00 9.710665e-01 
2.940250e+00 9.710753e-01 
2.947719e+00 9.710841e-01 
2.955188e+00 9.710930e-01 
2.962656e+00 9.711019e-01 
2.970125e+00 9.711107e-01 
2.977594e+00 9.711191e-01 
2.985063e+00 9.711266e-01 
2.992531e+00 9.711314e-01 
3.000000e+00 9.711305e-01 
2.648966e+00 9.765198e-01 
2.656435e+00 9.765289e-01 
2.663904e+00 9.765380e-01 
2.671373e+00 9.765471e-01 
2.678842e+00 9.765561e-01 
2.686310e+00 9.765652e-01 
2.693779e+00 9.765742e-01 
2.701248e+00 9.765832e-01 
2.708717e+00 9.765921e-01 
2.716186e+00 9.766011e-01 
2.723654e+00 9.766100e-01 
2.731123e+00 9.766189e-01 
2.738592e+00 9.766277e-01 
2.746061e+00 9.766365e-01 
2.753530e+00 9.766453e-01 
2.760998e+00 9.766541e-01 
2.768467e+00 9.766628e-01 
2.775936e+00 9.766714e-01 
2.783405e+00 9.766800e-01 
2.790874e+00 9.766886e-01 
2.798342e+00 9.766971e-01 
2.805811e+00 9.767054e-01 
2.813280e+00 9.767138e-01 
2.820749e+00 9.767221e-01 
2.828218e+00 9.767304e-01 
2.835686e+00 9.767387e-01 
2.843155e+00 9.767470e-01 
2.850624e+00 9.767553e-01 
2.858093e+00 9.767635e-01 
2.865562e+00 9.767718e-01 
2.873031e+00 9.767799e-01 
2.880499e+00 9.767881e-01 
2.887968e+00 9.767962e-01 
2.895437e+00 9.768042e-01 
2.902906e+00 9.768122e-01 
2.910375e+00 9.768201e-01 
2.917843e+00 9.768280e-01 
2.925312e+00 9.768358e-01 
2.932781e+00 9.768437e-01 
2.940250e+00 9.768517e-01 
2.947719e+00 9.768598e-01 
2.955187e+00 9.768679e-01 
2.962656e+00 9.768760e-01 
2.970125e+00 9.768842e-01 
2.977594e+00 9.768921e-01 
2.985063e+00 9.768996e-01 
2.992531e+00 9.769049e-01 
3.000000e+00 9.769044e-01 
2.648966e+00 9.823358e-01 
2.656435e+00 9.823441e-01 
2.663904e+00 9.823523e-01 
2.671373e+00 9.823605e-01 
2.678842e+00 9.823686e-01 
2.686310e+00 9.823768e-01 
2.693779e+00 9.823849e-01 
2.701248e+00 9.823930e-01 
2.708717e+00 9.824010e-01 
2.716186e+00 9.824091e-01 
2.723654e+00 9.824171e-01 
2.731123e+00 9.824251e-01 
2.738592e+00 9.824330e-01 
2.746061e+00 9.824409e-01 
2.753530e+00 9.824488e-01 
2.760998e+00 9.824566e-01 
2.768467e+00 9.824644e-01 
2.775936e+00 9.824721e-01 
2.783405e+00 9.824798e-01 
2.790874e+00 9.824875e-01 
2.798342e+00 9.824950e-01 
2.805811e+00 9.825025e-01 
2.813280e+00 9.825098e-01 
2.820749e+00 9.825172e-01 
2.828218e+00 9.825246e-01 
2.835686e+00 9.825319e-01 
2.843155e+00 9.825393e-01 
2.850624e+00 9.825467e-01 
2.858093e+00 9.825540e-01 
2.865562e+00 9.825612e-01 
2.873030e+00 9.825685e-01 
2.880499e+00 9.825756e-01 
2.887968e+00 9.825828e-01 
2.895437e+00 9.825898e-01 
2.902906e+00 9.825968e-01 
2.910374e+00 9.826037e-01 
2.917843e+00 9.826105e-01 
2.925312e+00 9.826172e-01 
2.932781e+00 9.826240e-01 
2.940250e+00 9.826309e-01 
2.947719e+00 9.826378e-01 
2.955187e+00 9.826447e-01 
2.962656e+00 9.826516e-01 
2.970125e+00 9.826586e-01 
2.977594e+00 9.826657e-01 
2.985063e+00 9.826726e-01 
2.992531e+00 9.826781e-01 
3.000000e+00 9.826783e-01 
2.648966e+00 9.881790e-01 
2.656435e+00 9.881856e-01 
2.663904e+00 9.881923e-01 
2.671373e+00 9.881989e-01 
2.678842e+00 9.882055e-01 
2.686310e+00 9.882121e-01 
2.693779e+00 9.882187e-01 
2.701248e+00 9.882252e-01 
2.708717e+00 9.882317e-01 
2.716186e+00 9.882382e-01 
2.723654e+00 9.882446e-01 
2.731123e+00 9.882511e-01 
2.738592e+00 9.882575e-01 
2.746061e+00 9.882638e-01 
2.753530e+00 9.882701e-01 
2.760998e+00 9.882764e-01 
2.768467e+00 9.882827e-01 
2.775936e+00 9.882889e-01 
2.783405e+00 9.882950e-01 
2.790874e+00 9.883011e-01 
2.798342e+00 9.883072e-01 
2.805811e+00 9.883131e-01 
2.813280e+00 9.883189e-01 
2.820749e+00 9.883248e-01 
2.828218e+00 9.883306e-01 
2.835686e+00 9.883365e-01 
2.843155e+00 9.883424e-01 
2.850624e+00 9.883482e-01 
2.858093e+00 9.883540e-01 
2.865562e+00 9.883598e-01 
2.873030e+00 9.883655e-01 
2.880499e+00 9.883712e-01 
2.887968e+00 9.883768e-01 
2.895437e+00 9.883823e-01 
2.902906e+00 9.883878e-01 
2.910374e+00 9.883932e-01 
2.917843e+00 9.883985e-01 
2.925312e+00 9.884036e-01 
2.932781e+00 9.884088e-01 
2.940250e+00 9.884140e-01 
2.947718e+00 9.884192e-01 
2.955187e+00 9.884244e-01 
2.962656e+00 9.884295e-01 
2.970125e+00 9.884348e-01 
2.977594e+00 9.884402e-01 
2.985062e+00 9.884459e-01 
2.992531e+00 9.884510e-01 
3.000000e+00 9.884522e-01 
2.648966e+00 9.940652e-01 
2.656435e+00 9.940692e-01 
2.663904e+00 9.940732e-01 
2.671373e+00 9.940771e-01 
2.678842e+00 9.940811e-01 
2.686310e+00 9.940850e-01 
2.693779e+00 9.940890e-01 
2.701248e+00 9.940929e-01 
2.708717e+00 9.940967e-01 
2.716186e+00 9.941006e-01 
2.723654e+00 9.941044e-01 
2.731123e+00 9.941083e-01 
2.738592e+00 9.941121e-01 
2.746061e+00 9.941158e-01 
2.753530e+00 9.941196e-01 
2.760998e+00 9.941233e-01 
2.768467e+00 9.941270e-01 
2.775936e+00 9.941307e-01 
2.783405e+00 9.941343e-01 
2.790874e+00 9.941379e-01 
2.798342e+00 9.941414e-01 
2.805811e+00 9.941448e-01 
2.813280e+00 9.941482e-01 
2.820749e+00 9.941516e-01 
2.828218e+00 9.941550e-01 
2.835686e+00 9.941584e-01 
2.843155e+00 9.941618e-01 
2.850624e+00 9.941652e-01 
2.858093e+00 9.941686e-01 
2.865562e+00 9.941720e-01 
2.873030e+00 9.941753e-01 
2.880499e+00 9.941786e-01 
2.887968e+00 9.941818e-01 
2.895437e+00 9.941850e-01 
2.902906e+00 9.941882e-01 
2.910374e+00 9.941913e-01 
2.917843e+00 9.941942e-01 
2.925312e+00 9.941971e-01 
2.932781e+00 9.941999e-01 
2.940250e+00 9.942028e-01 
2.947718e+00 9.942057e-01 
2.955187e+00 9.942085e-01 
2.962656e+00 9.942112e-01 
2.970125e+00 9.942140e-01 
2.977594e+00 9.942170e-01 
2.985062e+00 9.942204e-01 
2.992531e+00 9.942239e-01 
3.000000e+00 9.942261e-01 
2.648966e+00 1.000000e+00 
2.656435e+00 1.000000e+00 
2.663904e+00 1.000000e+00 
2.671373e+00 1.000000e+00 
2.678842e+00 1.000000e+00 
2.686310e+00 1.000000e+00 
2.693779e+00 1.000000e+00 
2.701248e+00 1.000000e+00 
2.708717e+00 1.000000e+00 
2.716186e+00 1.000000e+00 
2.723654e+00 1.000000e+00 
2.731123e+00 1.000000e+00 
2.738592e+00 1.000000e+00 
2.746061e+00 1.000000e+00 
2.753530e+00 1.000000e+00 
2.760998e+00 1.000000e+00 
2.768467e+00 1.000000e+00 
2.775936e+00 1.000000e+00 
2.783405e+00 1.000000e+00 
2.790874e+00 1.000000e+00 
2.798342e+00 1.000000e+00 
2.805811e+00 1.000000e+00 
2.813280e+00 1.000000e+00 
2.820749e+00 1.000000e+00 
2.828218e+00 1.000000e+00 
2.835686e+00 1.000000e+00 
2.843155e+00 1.000000e+00 
2.850624e+00 1.000000e+00 
2.858093e+00 1.000000e+00 
2.865562e+00 1.000000e+00 
2.873030e+00 1.000000e+00 
2.880499e+00 1.000000e+00 
2.887968e+00 1.000000e+00 
2.895437e+00 1.000000e+00 
2.902906e+00 1.000000e+00 
2.910374e+00 1.000000e+00 
2.917843e+00 1.000000e+00 
2.925312e+00 1.000000e+00 
2.932781e+00 1.000000e+00 
2.940250e+00 1.000000e+00 
2.947718e+00 1.000000e+00 
2.955187e+00 1.000000e+00 
2.962656e+00 1.000000e+00 
2.970125e+00 1.000000e+00 
2.977594e+00 1.000000e+00 
2.985062e+00 1.000000e+00 
2.992531e+00 1.000000e+00 
3.000000e+00 1.000000e+00 
BC
-1
-1
-1
-1
-1
-1
-1
-1
-1
-1
-1
-1
-1
-1
-1
-1
-1
-1
-1
-1
-1
-1
-1
-1
-1
-1
-1
-1
-1
-1
-1
-1
-1
-1
-1
-1
-1
-1
-1
-1
-1
-1
-1
-1
-1
-1
-1
3
3
3
3
3
3
3
3
3
3
3
3
3
3
3
3
3
3
3
3
3
3
3
3
3
3
3
3
3
3
3
3
3
3
3
3
3
3
3
3
3
3
3
3
3
4
4
4
4
4
4
4
4
4
4
4
4
4
4
4
4
4
4
4
4
4
4
4
4
4
4
4
4
4
4
4
4
4
4
4
4
4
4
4
4
4
4
4
4
4
4
4
-1
-1
-1
-1
-1
-1
-1
-1
-1
-1
-1
-1
-1
-1
-1
-1
-1
-1
-1
-1
-1
-1
-1
-1
-1
-1
-1
-1
-1
-1
-1
-1
-1
-1
-1
-1
-1
-1
-1
-1
-1
-1
-1
-1
-1
