npart: 8 3 
ipart: 1 1 
ngrid: 51 48 
4.188789e-01 3.645189e-01 
4.247937e-01 3.664006e-01 
4.306891e-01 3.683367e-01 
4.365691e-01 3.703274e-01 
4.424371e-01 3.723725e-01 
4.485138e-01 3.745502e-01 
4.545864e-01 3.767850e-01 
4.606594e-01 3.790770e-01 
4.667360e-01 3.814237e-01 
4.728205e-01 3.838235e-01 
4.789168e-01 3.862741e-01 
4.850304e-01 3.887747e-01 
4.911662e-01 3.913221e-01 
4.973299e-01 3.939148e-01 
5.035277e-01 3.965497e-01 
5.097657e-01 3.992232e-01 
5.160531e-01 4.019246e-01 
5.223965e-01 4.046370e-01 
5.288041e-01 4.073364e-01 
5.352799e-01 4.099844e-01 
5.418349e-01 4.125822e-01 
5.484656e-01 4.150478e-01 
5.551856e-01 4.172143e-01 
5.620014e-01 4.186651e-01 
5.689459e-01 4.187977e-01 
5.763124e-01 4.217982e-01 
5.837612e-01 4.246158e-01 
5.912696e-01 4.272913e-01 
5.988348e-01 4.298215e-01 
6.064523e-01 4.322080e-01 
6.141184e-01 4.344510e-01 
6.218286e-01 4.365532e-01 
6.295781e-01 4.385204e-01 
6.373626e-01 4.403569e-01 
6.451778e-01 4.420690e-01 
6.530179e-01 4.436715e-01 
6.608790e-01 4.451737e-01 
6.687580e-01 4.465846e-01 
6.766526e-01 4.479084e-01 
6.845597e-01 4.491578e-01 
6.924774e-01 4.503390e-01 
7.004044e-01 4.514565e-01 
7.083395e-01 4.525137e-01 
7.162820e-01 4.535129e-01 
7.242307e-01 4.544592e-01 
7.321850e-01 4.553534e-01 
7.401446e-01 4.561956e-01 
7.481090e-01 4.569853e-01 
7.560781e-01 4.577195e-01 
7.642486e-01 4.585166e-01 
7.723676e-01 4.592491e-01 
4.182612e-01 3.713899e-01 
4.241977e-01 3.732405e-01 
4.301158e-01 3.751444e-01 
4.360194e-01 3.771018e-01 
4.419117e-01 3.791127e-01 
4.480170e-01 3.812546e-01 
4.541188e-01 3.834526e-01 
4.602216e-01 3.857068e-01 
4.663285e-01 3.880146e-01 
4.724437e-01 3.903744e-01 
4.785711e-01 3.927839e-01 
4.847160e-01 3.952425e-01 
4.908830e-01 3.977468e-01 
4.970777e-01 4.002953e-01 
5.033062e-01 4.028849e-01 
5.095744e-01 4.055120e-01 
5.158913e-01 4.081660e-01 
5.222634e-01 4.108303e-01 
5.286989e-01 4.134810e-01 
5.352018e-01 4.160800e-01 
5.417829e-01 4.186290e-01 
5.484387e-01 4.210469e-01 
5.551816e-01 4.231672e-01 
5.620162e-01 4.245751e-01 
5.689717e-01 4.246687e-01 
5.763397e-01 4.276467e-01 
5.837892e-01 4.304438e-01 
5.912977e-01 4.331001e-01 
5.988624e-01 4.356125e-01 
6.064789e-01 4.379827e-01 
6.141435e-01 4.402107e-01 
6.218518e-01 4.422996e-01 
6.295990e-01 4.442546e-01 
6.373809e-01 4.460803e-01 
6.451931e-01 4.477829e-01 
6.530299e-01 4.493770e-01 
6.608876e-01 4.508718e-01 
6.687629e-01 4.522763e-01 
6.766537e-01 4.535947e-01 
6.845569e-01 4.548392e-01 
6.924705e-01 4.560164e-01 
7.003933e-01 4.571306e-01 
7.083243e-01 4.581850e-01 
7.162624e-01 4.591822e-01 
7.242067e-01 4.601269e-01 
7.321565e-01 4.610202e-01 
7.401116e-01 4.618619e-01 
7.480715e-01 4.626518e-01 
7.560359e-01 4.633868e-01 
7.642049e-01 4.641860e-01 
7.723227e-01 4.649206e-01 
4.176776e-01 3.782446e-01 
4.236355e-01 3.800647e-01 
4.295758e-01 3.819371e-01 
4.355025e-01 3.838621e-01 
4.414188e-01 3.858395e-01 
4.475521e-01 3.879466e-01 
4.536825e-01 3.901087e-01 
4.598146e-01 3.923260e-01 
4.659513e-01 3.945959e-01 
4.720967e-01 3.969168e-01 
4.782547e-01 3.992865e-01 
4.844302e-01 4.017042e-01 
4.906279e-01 4.041667e-01 
4.968532e-01 4.066724e-01 
5.031119e-01 4.092183e-01 
5.094099e-01 4.118008e-01 
5.157560e-01 4.144094e-01 
5.221567e-01 4.170275e-01 
5.286202e-01 4.196317e-01 
5.351500e-01 4.221840e-01 
5.417572e-01 4.246866e-01 
5.484378e-01 4.270589e-01 
5.552034e-01 4.291354e-01 
5.620568e-01 4.305028e-01 
5.690234e-01 4.305604e-01 
5.763922e-01 4.335156e-01 
5.838418e-01 4.362916e-01 
5.913496e-01 4.389282e-01 
5.989132e-01 4.414225e-01 
6.065280e-01 4.437759e-01 
6.141904e-01 4.459887e-01 
6.218961e-01 4.480636e-01 
6.296403e-01 4.500061e-01 
6.374187e-01 4.518206e-01 
6.452272e-01 4.535133e-01 
6.530601e-01 4.550986e-01 
6.609136e-01 4.565856e-01 
6.687845e-01 4.579833e-01 
6.766709e-01 4.592957e-01 
6.845693e-01 4.605351e-01 
6.924782e-01 4.617079e-01 
7.003962e-01 4.628183e-01 
7.083221e-01 4.638696e-01 
7.162552e-01 4.648643e-01 
7.241944e-01 4.658071e-01 
7.321391e-01 4.666990e-01 
7.400889e-01 4.675400e-01 
7.480435e-01 4.683296e-01 
7.560026e-01 4.690650e-01 
7.641693e-01 4.698653e-01 
7.722854e-01 4.706013e-01 
4.171290e-01 3.850876e-01 
4.231078e-01 3.868778e-01 
4.290700e-01 3.887194e-01 
4.350193e-01 3.906126e-01 
4.409591e-01 3.925572e-01 
4.471198e-01 3.946301e-01 
4.532783e-01 3.967571e-01 
4.594391e-01 3.989382e-01 
4.656050e-01 4.011711e-01 
4.717799e-01 4.034540e-01 
4.779677e-01 4.057848e-01 
4.841732e-01 4.081628e-01 
4.904009e-01 4.105846e-01 
4.966561e-01 4.130488e-01 
5.029445e-01 4.155524e-01 
5.092718e-01 4.180917e-01 
5.156467e-01 4.206565e-01 
5.220758e-01 4.232304e-01 
5.285668e-01 4.257900e-01 
5.351235e-01 4.282977e-01 
5.417565e-01 4.307559e-01 
5.484616e-01 4.330848e-01 
5.552496e-01 4.351196e-01 
5.621214e-01 4.364487e-01 
5.690996e-01 4.364730e-01 
5.764686e-01 4.394048e-01 
5.839175e-01 4.421593e-01 
5.914241e-01 4.447758e-01 
5.989858e-01 4.472514e-01 
6.065983e-01 4.495876e-01 
6.142579e-01 4.517846e-01 
6.219603e-01 4.538452e-01 
6.297007e-01 4.557748e-01 
6.374751e-01 4.575777e-01 
6.452793e-01 4.592600e-01 
6.531075e-01 4.608360e-01 
6.609562e-01 4.623149e-01 
6.688221e-01 4.637054e-01 
6.767032e-01 4.650114e-01 
6.845964e-01 4.662453e-01 
6.924998e-01 4.674132e-01 
7.004122e-01 4.685195e-01 
7.083326e-01 4.695673e-01 
7.162600e-01 4.705590e-01 
7.241934e-01 4.714995e-01 
7.321322e-01 4.723897e-01 
7.400762e-01 4.732294e-01 
7.480248e-01 4.740184e-01 
7.559779e-01 4.747538e-01 
7.641419e-01 4.755546e-01 
7.722559e-01 4.762914e-01 
4.166139e-01 3.919209e-01 
4.226134e-01 3.936818e-01 
4.285971e-01 3.954931e-01 
4.345686e-01 3.973550e-01 
4.405313e-01 3.992676e-01 
4.467190e-01 4.013070e-01 
4.529051e-01 4.033996e-01 
4.590939e-01 4.055454e-01 
4.652884e-01 4.077421e-01 
4.714923e-01 4.099880e-01 
4.777093e-01 4.122808e-01 
4.839442e-01 4.146200e-01 
4.902013e-01 4.170023e-01 
4.964857e-01 4.194262e-01 
5.028033e-01 4.218888e-01 
5.091593e-01 4.243865e-01 
5.155626e-01 4.269091e-01 
5.220195e-01 4.294404e-01 
5.285379e-01 4.319572e-01 
5.351209e-01 4.344221e-01 
5.417794e-01 4.368378e-01 
5.485087e-01 4.391252e-01 
5.553186e-01 4.411201e-01 
5.622087e-01 4.424130e-01 
5.691984e-01 4.424062e-01 
5.765670e-01 4.453142e-01 
5.840147e-01 4.480467e-01 
5.915195e-01 4.506426e-01 
5.990788e-01 4.530991e-01 
6.066883e-01 4.554177e-01 
6.143445e-01 4.575984e-01 
6.220430e-01 4.596443e-01 
6.297791e-01 4.615604e-01 
6.375489e-01 4.633513e-01 
6.453481e-01 4.650228e-01 
6.531711e-01 4.665892e-01 
6.610143e-01 4.680595e-01 
6.688746e-01 4.694422e-01 
6.767499e-01 4.707415e-01 
6.846372e-01 4.719695e-01 
6.925346e-01 4.731321e-01 
7.004409e-01 4.742338e-01 
7.083550e-01 4.752777e-01 
7.162761e-01 4.762661e-01 
7.242031e-01 4.772038e-01 
7.321355e-01 4.780918e-01 
7.400729e-01 4.789299e-01 
7.480150e-01 4.797179e-01 
7.559615e-01 4.804528e-01 
7.641224e-01 4.812534e-01 
7.722338e-01 4.819904e-01 
4.161319e-01 3.987468e-01 
4.221517e-01 4.004789e-01 
4.281565e-01 4.022605e-01 
4.341499e-01 4.040918e-01 
4.401350e-01 4.059729e-01 
4.463491e-01 4.079795e-01 
4.525623e-01 4.100384e-01 
4.587787e-01 4.121497e-01 
4.650012e-01 4.143109e-01 
4.712334e-01 4.165206e-01 
4.774790e-01 4.187764e-01 
4.837425e-01 4.210778e-01 
4.900283e-01 4.234216e-01 
4.963414e-01 4.258064e-01 
5.026874e-01 4.282292e-01 
5.090716e-01 4.306866e-01 
5.155028e-01 4.331684e-01 
5.219871e-01 4.356586e-01 
5.285322e-01 4.381342e-01 
5.351412e-01 4.405579e-01 
5.418247e-01 4.429328e-01 
5.485777e-01 4.451804e-01 
5.554090e-01 4.471371e-01 
5.623169e-01 4.483956e-01 
5.693186e-01 4.483599e-01 
5.766862e-01 4.512436e-01 
5.841321e-01 4.539536e-01 
5.916345e-01 4.565285e-01 
5.991908e-01 4.589654e-01 
6.067969e-01 4.612658e-01 
6.144491e-01 4.634299e-01 
6.221431e-01 4.654605e-01 
6.298745e-01 4.673628e-01 
6.376390e-01 4.691412e-01 
6.454327e-01 4.708015e-01 
6.532499e-01 4.723578e-01 
6.610872e-01 4.738190e-01 
6.689413e-01 4.751937e-01 
6.768102e-01 4.764858e-01 
6.846910e-01 4.777074e-01 
6.925818e-01 4.788643e-01 
7.004814e-01 4.799610e-01 
7.083887e-01 4.810005e-01 
7.163030e-01 4.819852e-01 
7.242231e-01 4.829198e-01 
7.321485e-01 4.838051e-01 
7.400789e-01 4.846412e-01 
7.480138e-01 4.854277e-01 
7.559532e-01 4.861617e-01 
7.641106e-01 4.869617e-01 
7.722191e-01 4.876984e-01 
4.156806e-01 4.055656e-01 
4.217204e-01 4.072695e-01 
4.277460e-01 4.090220e-01 
4.337609e-01 4.108234e-01 
4.397682e-01 4.126737e-01 
4.460084e-01 4.146482e-01 
4.522482e-01 4.166742e-01 
4.584916e-01 4.187518e-01 
4.647416e-01 4.208785e-01 
4.710016e-01 4.230528e-01 
4.772752e-01 4.252726e-01 
4.835668e-01 4.275373e-01 
4.898808e-01 4.298437e-01 
4.962220e-01 4.321905e-01 
5.025959e-01 4.345748e-01 
5.090078e-01 4.369931e-01 
5.154663e-01 4.394355e-01 
5.219774e-01 4.418860e-01 
5.285488e-01 4.443217e-01 
5.351832e-01 4.467058e-01 
5.418911e-01 4.490414e-01 
5.486671e-01 4.512505e-01 
5.555194e-01 4.531706e-01 
5.624447e-01 4.543963e-01 
5.694583e-01 4.543336e-01 
5.768245e-01 4.571925e-01 
5.842681e-01 4.598795e-01 
5.917677e-01 4.624329e-01 
5.993206e-01 4.648498e-01 
6.069227e-01 4.671317e-01 
6.145704e-01 4.692787e-01 
6.222595e-01 4.712936e-01 
6.299855e-01 4.731816e-01 
6.377444e-01 4.749471e-01 
6.455321e-01 4.765957e-01 
6.533430e-01 4.781415e-01 
6.611738e-01 4.795933e-01 
6.690212e-01 4.809595e-01 
6.768833e-01 4.822440e-01 
6.847571e-01 4.834587e-01 
6.926409e-01 4.846096e-01 
7.005333e-01 4.857008e-01 
7.084333e-01 4.867356e-01 
7.163402e-01 4.877161e-01 
7.242529e-01 4.886471e-01 
7.321708e-01 4.895294e-01 
7.400936e-01 4.903631e-01 
7.480210e-01 4.911477e-01 
7.559527e-01 4.918804e-01 
7.641062e-01 4.926791e-01 
7.722114e-01 4.934148e-01 
4.152600e-01 4.123801e-01 
4.213196e-01 4.140562e-01 
4.273657e-01 4.157802e-01 
4.334017e-01 4.175521e-01 
4.394307e-01 4.193722e-01 
4.456965e-01 4.213154e-01 
4.519624e-01 4.233091e-01 
4.582324e-01 4.253537e-01 
4.645092e-01 4.274466e-01 
4.707964e-01 4.295865e-01 
4.770974e-01 4.317710e-01 
4.834166e-01 4.339999e-01 
4.897581e-01 4.362699e-01 
4.961267e-01 4.385797e-01 
5.025280e-01 4.409265e-01 
5.089669e-01 4.433069e-01 
5.154521e-01 4.457111e-01 
5.219894e-01 4.481231e-01 
5.285864e-01 4.505203e-01 
5.352457e-01 4.528661e-01 
5.419773e-01 4.551636e-01 
5.487758e-01 4.573356e-01 
5.556484e-01 4.592205e-01 
5.625908e-01 4.604149e-01 
5.696163e-01 4.603271e-01 
5.769806e-01 4.631607e-01 
5.844216e-01 4.658243e-01 
5.919179e-01 4.683557e-01 
5.994669e-01 4.707521e-01 
6.070645e-01 4.730150e-01 
6.147073e-01 4.751444e-01 
6.223911e-01 4.771432e-01 
6.301113e-01 4.790166e-01 
6.378641e-01 4.807686e-01 
6.456453e-01 4.824052e-01 
6.534495e-01 4.839401e-01 
6.612733e-01 4.853819e-01 
6.691137e-01 4.867392e-01 
6.769685e-01 4.880157e-01 
6.848349e-01 4.892232e-01 
6.927111e-01 4.903676e-01 
7.005958e-01 4.914530e-01 
7.084882e-01 4.924825e-01 
7.163872e-01 4.934585e-01 
7.242920e-01 4.943855e-01 
7.322021e-01 4.952644e-01 
7.401169e-01 4.960952e-01 
7.480362e-01 4.968775e-01 
7.559598e-01 4.976085e-01 
7.641091e-01 4.984054e-01 
7.722107e-01 4.991397e-01 
4.148689e-01 4.191913e-01 
4.209480e-01 4.208402e-01 
4.270142e-01 4.225361e-01 
4.330710e-01 4.242792e-01 
4.391213e-01 4.260697e-01 
4.454122e-01 4.279820e-01 
4.517038e-01 4.299441e-01 
4.579998e-01 4.319563e-01 
4.643030e-01 4.340162e-01 
4.706168e-01 4.361223e-01 
4.769445e-01 4.382725e-01 
4.832906e-01 4.404665e-01 
4.896590e-01 4.427009e-01 
4.960545e-01 4.449748e-01 
5.024824e-01 4.472851e-01 
5.089478e-01 4.496287e-01 
5.154590e-01 4.519958e-01 
5.220219e-01 4.543705e-01 
5.286439e-01 4.567303e-01 
5.353274e-01 4.590389e-01 
5.420822e-01 4.612997e-01 
5.489026e-01 4.634359e-01 
5.557949e-01 4.652868e-01 
5.627539e-01 4.664513e-01 
5.697912e-01 4.663399e-01 
5.771533e-01 4.691478e-01 
5.845912e-01 4.717875e-01 
5.920838e-01 4.742965e-01 
5.996286e-01 4.766720e-01 
6.072214e-01 4.789153e-01 
6.148589e-01 4.810268e-01 
6.225369e-01 4.830091e-01 
6.302510e-01 4.848673e-01 
6.379972e-01 4.866055e-01 
6.457715e-01 4.882296e-01 
6.535687e-01 4.897531e-01 
6.613851e-01 4.911847e-01 
6.692179e-01 4.925326e-01 
6.770651e-01 4.938007e-01 
6.849236e-01 4.950005e-01 
6.927919e-01 4.961380e-01 
7.006686e-01 4.972172e-01 
7.085528e-01 4.982411e-01 
7.164437e-01 4.992121e-01 
7.243402e-01 5.001347e-01 
7.322419e-01 5.010098e-01 
7.401484e-01 5.018373e-01 
7.480592e-01 5.026169e-01 
7.559743e-01 5.033458e-01 
7.641191e-01 5.041403e-01 
7.722167e-01 5.048728e-01 
4.145066e-01 4.260009e-01 
4.206049e-01 4.276229e-01 
4.266909e-01 4.292912e-01 
4.327680e-01 4.310059e-01 
4.388392e-01 4.327673e-01 
4.451548e-01 4.346494e-01 
4.514715e-01 4.365805e-01 
4.577930e-01 4.385610e-01 
4.641220e-01 4.405884e-01 
4.704618e-01 4.426615e-01 
4.768157e-01 4.447781e-01 
4.831880e-01 4.469379e-01 
4.895826e-01 4.491377e-01 
4.960043e-01 4.513764e-01 
5.024582e-01 4.536513e-01 
5.089493e-01 4.559590e-01 
5.154860e-01 4.582900e-01 
5.220739e-01 4.606284e-01 
5.287201e-01 4.629520e-01 
5.354273e-01 4.652246e-01 
5.422047e-01 4.674497e-01 
5.490462e-01 4.695513e-01 
5.559577e-01 4.713693e-01 
5.629328e-01 4.725052e-01 
5.699819e-01 4.723716e-01 
5.773415e-01 4.751533e-01 
5.847760e-01 4.777687e-01 
5.922645e-01 4.802549e-01 
5.998047e-01 4.826089e-01 
6.073923e-01 4.848324e-01 
6.150242e-01 4.869254e-01 
6.226961e-01 4.888907e-01 
6.304036e-01 4.907334e-01 
6.381429e-01 4.924574e-01 
6.459100e-01 4.940686e-01 
6.536997e-01 4.955804e-01 
6.615085e-01 4.970013e-01 
6.693334e-01 4.983394e-01 
6.771725e-01 4.995987e-01 
6.850229e-01 5.007905e-01 
6.928828e-01 5.019206e-01 
7.007512e-01 5.029932e-01 
7.086269e-01 5.040111e-01 
7.165092e-01 5.049768e-01 
7.243971e-01 5.058946e-01 
7.322901e-01 5.067654e-01 
7.401878e-01 5.075892e-01 
7.480898e-01 5.083657e-01 
7.559961e-01 5.090921e-01 
7.641359e-01 5.098838e-01 
7.722293e-01 5.106140e-01 
4.141714e-01 4.328089e-01 
4.202886e-01 4.344045e-01 
4.263942e-01 4.360457e-01 
4.324913e-01 4.377326e-01 
4.385830e-01 4.394655e-01 
4.449228e-01 4.413178e-01 
4.512642e-01 4.432185e-01 
4.576106e-01 4.451679e-01 
4.639648e-01 4.471637e-01 
4.703301e-01 4.492045e-01 
4.767096e-01 4.512882e-01 
4.831075e-01 4.534146e-01 
4.895278e-01 4.555805e-01 
4.959750e-01 4.577851e-01 
5.024543e-01 4.600254e-01 
5.089705e-01 4.622982e-01 
5.155319e-01 4.645940e-01 
5.221442e-01 4.668972e-01 
5.288142e-01 4.691855e-01 
5.355443e-01 4.714231e-01 
5.423436e-01 4.736136e-01 
5.492057e-01 4.756815e-01 
5.561358e-01 4.774677e-01 
5.631267e-01 4.785761e-01 
5.701875e-01 4.784217e-01 
5.775442e-01 4.811767e-01 
5.849749e-01 4.837674e-01 
5.924591e-01 4.862302e-01 
5.999943e-01 4.885625e-01 
6.075765e-01 4.907657e-01 
6.152024e-01 4.928399e-01 
6.228678e-01 4.947878e-01 
6.305685e-01 4.966145e-01 
6.383006e-01 4.983239e-01 
6.460602e-01 4.999218e-01 
6.538420e-01 5.014215e-01 
6.616428e-01 5.028312e-01 
6.694595e-01 5.041592e-01 
6.772902e-01 5.054093e-01 
6.851321e-01 5.065926e-01 
6.929834e-01 5.077151e-01 
7.008430e-01 5.087806e-01 
7.087099e-01 5.097922e-01 
7.165833e-01 5.107521e-01 
7.244623e-01 5.116647e-01 
7.323462e-01 5.125309e-01 
7.402348e-01 5.133507e-01 
7.481277e-01 5.141237e-01 
7.560248e-01 5.148472e-01 
7.641594e-01 5.156354e-01 
7.722482e-01 5.163627e-01 
4.138626e-01 4.396169e-01 
4.199985e-01 4.411866e-01 
4.261232e-01 4.428011e-01 
4.322399e-01 4.444607e-01 
4.383517e-01 4.461655e-01 
4.447154e-01 4.479886e-01 
4.510809e-01 4.498594e-01 
4.574518e-01 4.517783e-01 
4.638307e-01 4.537430e-01 
4.702208e-01 4.557521e-01 
4.766253e-01 4.578036e-01 
4.830483e-01 4.598973e-01 
4.894936e-01 4.620302e-01 
4.959657e-01 4.642013e-01 
5.024697e-01 4.664078e-01 
5.090104e-01 4.686466e-01 
5.155960e-01 4.709082e-01 
5.222319e-01 4.731770e-01 
5.289250e-01 4.754310e-01 
5.356774e-01 4.776346e-01 
5.424980e-01 4.797913e-01 
5.493800e-01 4.818265e-01 
5.563281e-01 4.835819e-01 
5.633344e-01 4.846637e-01 
5.704068e-01 4.844898e-01 
5.777604e-01 4.872178e-01 
5.851871e-01 4.897832e-01 
5.926666e-01 4.922223e-01 
6.001966e-01 4.945324e-01 
6.077731e-01 4.967148e-01 
6.153926e-01 4.987698e-01 
6.230513e-01 5.006999e-01 
6.307449e-01 5.025102e-01 
6.384695e-01 5.042047e-01 
6.462212e-01 5.057889e-01 
6.539950e-01 5.072760e-01 
6.617874e-01 5.086743e-01 
6.695956e-01 5.099917e-01 
6.774176e-01 5.112322e-01 
6.852507e-01 5.124067e-01 
6.930931e-01 5.135211e-01 
7.009437e-01 5.145792e-01 
7.088015e-01 5.155841e-01 
7.166657e-01 5.165378e-01 
7.245354e-01 5.174449e-01 
7.324100e-01 5.183061e-01 
7.402892e-01 5.191214e-01 
7.481727e-01 5.198905e-01 
7.560603e-01 5.206108e-01 
7.641893e-01 5.213951e-01 
7.722732e-01 5.221190e-01 
4.135789e-01 4.464253e-01 
4.197331e-01 4.479695e-01 
4.258766e-01 4.495578e-01 
4.320127e-01 4.511905e-01 
4.381441e-01 4.528677e-01 
4.445312e-01 4.546622e-01 
4.509205e-01 4.565037e-01 
4.573154e-01 4.583927e-01 
4.637185e-01 4.603268e-01 
4.701330e-01 4.623049e-01 
4.765619e-01 4.643249e-01 
4.830093e-01 4.663867e-01 
4.894789e-01 4.684872e-01 
4.959753e-01 4.706256e-01 
5.025034e-01 4.727991e-01 
5.090681e-01 4.750047e-01 
5.156771e-01 4.772328e-01 
5.223361e-01 4.794681e-01 
5.290517e-01 4.816886e-01 
5.358258e-01 4.838590e-01 
5.426670e-01 4.859829e-01 
5.495683e-01 4.879862e-01 
5.565339e-01 4.897116e-01 
5.635551e-01 4.907679e-01 
5.706390e-01 4.905755e-01 
5.779891e-01 4.932759e-01 
5.854115e-01 4.958158e-01 
5.928862e-01 4.982307e-01 
6.004107e-01 5.005181e-01 
6.079811e-01 5.026794e-01 
6.155942e-01 5.047147e-01 
6.232459e-01 5.066267e-01 
6.309320e-01 5.084202e-01 
6.386488e-01 5.100993e-01 
6.463924e-01 5.116694e-01 
6.541578e-01 5.131436e-01 
6.619417e-01 5.145300e-01 
6.697411e-01 5.158366e-01 
6.775542e-01 5.170670e-01 
6.853782e-01 5.182324e-01 
6.932114e-01 5.193383e-01 
7.010527e-01 5.203887e-01 
7.089011e-01 5.213863e-01 
7.167559e-01 5.223336e-01 
7.246160e-01 5.232347e-01 
7.324810e-01 5.240905e-01 
7.403506e-01 5.249010e-01 
7.482244e-01 5.256659e-01 
7.561022e-01 5.263825e-01 
7.642254e-01 5.271624e-01 
7.723041e-01 5.278826e-01 
4.133191e-01 4.532348e-01 
4.194914e-01 4.547539e-01 
4.256535e-01 4.563164e-01 
4.318085e-01 4.579227e-01 
4.379592e-01 4.595728e-01 
4.443693e-01 4.613391e-01 
4.507819e-01 4.631519e-01 
4.572004e-01 4.650115e-01 
4.636272e-01 4.669157e-01 
4.700655e-01 4.688634e-01 
4.765182e-01 4.708526e-01 
4.829895e-01 4.728830e-01 
4.894830e-01 4.749519e-01 
4.960031e-01 4.770584e-01 
5.025547e-01 4.791996e-01 
5.091426e-01 4.813726e-01 
5.157746e-01 4.835680e-01 
5.224560e-01 4.857706e-01 
5.291933e-01 4.879584e-01 
5.359885e-01 4.900964e-01 
5.428497e-01 4.921883e-01 
5.497697e-01 4.941605e-01 
5.567522e-01 4.958566e-01 
5.637878e-01 4.968882e-01 
5.708831e-01 4.966783e-01 
5.782295e-01 4.993508e-01 
5.856475e-01 5.018646e-01 
5.931170e-01 5.042550e-01 
6.006358e-01 5.065194e-01 
6.082000e-01 5.086591e-01 
6.158062e-01 5.106744e-01 
6.234507e-01 5.125678e-01 
6.311292e-01 5.143442e-01 
6.388380e-01 5.160075e-01 
6.465733e-01 5.175631e-01 
6.543301e-01 5.190239e-01 
6.621051e-01 5.203981e-01 
6.698955e-01 5.216934e-01 
6.776994e-01 5.229135e-01 
6.855140e-01 5.240693e-01 
6.933378e-01 5.251664e-01 
7.011696e-01 5.262085e-01 
7.090084e-01 5.271987e-01 
7.168535e-01 5.281391e-01 
7.247038e-01 5.290339e-01 
7.325590e-01 5.298839e-01 
7.404188e-01 5.306892e-01 
7.482826e-01 5.314495e-01 
7.561504e-01 5.321621e-01 
7.642675e-01 5.329373e-01 
7.723408e-01 5.336534e-01 
4.130817e-01 4.600454e-01 
4.192719e-01 4.615399e-01 
4.254523e-01 4.630771e-01 
4.316259e-01 4.646574e-01 
4.377956e-01 4.662810e-01 
4.442284e-01 4.680197e-01 
4.506639e-01 4.698042e-01 
4.571055e-01 4.716351e-01 
4.635556e-01 4.735100e-01 
4.700172e-01 4.754279e-01 
4.764933e-01 4.773868e-01 
4.829880e-01 4.793867e-01 
4.895047e-01 4.814246e-01 
4.960480e-01 4.834997e-01 
5.026225e-01 4.856094e-01 
5.092331e-01 4.877506e-01 
5.158874e-01 4.899141e-01 
5.225906e-01 4.920846e-01 
5.293492e-01 4.942404e-01 
5.361648e-01 4.963467e-01 
5.430453e-01 4.984072e-01 
5.499835e-01 5.003490e-01 
5.569824e-01 5.020168e-01 
5.640322e-01 5.030244e-01 
5.711386e-01 5.027978e-01 
5.784812e-01 5.054419e-01 
5.858944e-01 5.079293e-01 
5.933586e-01 5.102947e-01 
6.008715e-01 5.125356e-01 
6.084291e-01 5.146534e-01 
6.160284e-01 5.166482e-01 
6.236654e-01 5.185227e-01 
6.313360e-01 5.202816e-01 
6.390366e-01 5.219287e-01 
6.467633e-01 5.234695e-01 
6.545113e-01 5.249167e-01 
6.622772e-01 5.262782e-01 
6.700584e-01 5.275618e-01 
6.778529e-01 5.287712e-01 
6.856580e-01 5.299171e-01 
6.934721e-01 5.310049e-01 
7.012941e-01 5.320386e-01 
7.091231e-01 5.330209e-01 
7.169582e-01 5.339540e-01 
7.247986e-01 5.348421e-01 
7.326438e-01 5.356861e-01 
7.404934e-01 5.364858e-01 
7.483470e-01 5.372411e-01 
7.562046e-01 5.379494e-01 
7.643153e-01 5.387194e-01 
7.723830e-01 5.394310e-01 
4.128659e-01 4.668581e-01 
4.190737e-01 4.683283e-01 
4.252720e-01 4.698407e-01 
4.314640e-01 4.713955e-01 
4.376523e-01 4.729931e-01 
4.441074e-01 4.747046e-01 
4.505655e-01 4.764615e-01 
4.570297e-01 4.782641e-01 
4.635026e-01 4.801103e-01 
4.699872e-01 4.819990e-01 
4.764862e-01 4.839282e-01 
4.830038e-01 4.858980e-01 
4.895433e-01 4.879056e-01 
4.961091e-01 4.899501e-01 
5.027060e-01 4.920288e-01 
5.093387e-01 4.941389e-01 
5.160148e-01 4.962710e-01 
5.227393e-01 4.984101e-01 
5.295184e-01 5.005345e-01 
5.363538e-01 5.026098e-01 
5.432532e-01 5.046397e-01 
5.502090e-01 5.065517e-01 
5.572238e-01 5.081917e-01 
5.642873e-01 5.091760e-01 
5.714048e-01 5.089335e-01 
5.787433e-01 5.115489e-01 
5.861516e-01 5.140094e-01 
5.936103e-01 5.163495e-01 
6.011171e-01 5.185665e-01 
6.086680e-01 5.206620e-01 
6.162601e-01 5.226360e-01 
6.238895e-01 5.244911e-01 
6.315520e-01 5.262321e-01 
6.392441e-01 5.278627e-01 
6.469620e-01 5.293883e-01 
6.547010e-01 5.308214e-01 
6.624577e-01 5.321699e-01 
6.702294e-01 5.334416e-01 
6.780143e-01 5.346399e-01 
6.858096e-01 5.357754e-01 
6.936139e-01 5.368537e-01 
7.014259e-01 5.378785e-01 
7.092448e-01 5.388526e-01 
7.170698e-01 5.397781e-01 
7.249000e-01 5.406592e-01 
7.327349e-01 5.414967e-01 
7.405742e-01 5.422905e-01 
7.484175e-01 5.430405e-01 
7.562647e-01 5.437440e-01 
7.643688e-01 5.445085e-01 
7.724306e-01 5.452154e-01 
4.126704e-01 4.736733e-01 
4.188955e-01 4.751197e-01 
4.251115e-01 4.766076e-01 
4.313216e-01 4.781374e-01 
4.375282e-01 4.797093e-01 
4.440053e-01 4.813942e-01 
4.504855e-01 4.831239e-01 
4.569721e-01 4.848987e-01 
4.634674e-01 4.867167e-01 
4.699744e-01 4.885767e-01 
4.764959e-01 4.904769e-01 
4.830358e-01 4.924173e-01 
4.895976e-01 4.943951e-01 
4.961855e-01 4.964094e-01 
5.028043e-01 4.984579e-01 
5.094586e-01 5.005373e-01 
5.161559e-01 5.026387e-01 
5.229011e-01 5.047470e-01 
5.297003e-01 5.068407e-01 
5.365550e-01 5.088856e-01 
5.434727e-01 5.108854e-01 
5.504456e-01 5.127683e-01 
5.574759e-01 5.143811e-01 
5.645530e-01 5.153427e-01 
5.716812e-01 5.150850e-01 
5.790156e-01 5.176712e-01 
5.864188e-01 5.201044e-01 
5.938717e-01 5.224188e-01 
6.013722e-01 5.246116e-01 
6.089163e-01 5.266844e-01 
6.165009e-01 5.286372e-01 
6.241225e-01 5.304726e-01 
6.317767e-01 5.321953e-01 
6.394602e-01 5.338090e-01 
6.471692e-01 5.353191e-01 
6.548989e-01 5.367378e-01 
6.626461e-01 5.380730e-01 
6.704082e-01 5.393323e-01 
6.781832e-01 5.405191e-01 
6.859687e-01 5.416441e-01 
6.937629e-01 5.427125e-01 
7.015647e-01 5.437280e-01 
7.093734e-01 5.446935e-01 
7.171881e-01 5.456111e-01 
7.250078e-01 5.464848e-01 
7.328323e-01 5.473154e-01 
7.406610e-01 5.481031e-01 
7.484938e-01 5.488473e-01 
7.563303e-01 5.495458e-01 
7.644276e-01 5.503044e-01 
7.724834e-01 5.510062e-01 
4.124942e-01 4.804916e-01 
4.187364e-01 4.819145e-01 
4.249698e-01 4.833784e-01 
4.311976e-01 4.848836e-01 
4.374222e-01 4.864302e-01 
4.439209e-01 4.880890e-01 
4.504229e-01 4.897918e-01 
4.569315e-01 4.915394e-01 
4.634488e-01 4.933296e-01 
4.699778e-01 4.951615e-01 
4.765213e-01 4.970331e-01 
4.830832e-01 4.989445e-01 
4.896668e-01 5.008931e-01 
4.962764e-01 5.028779e-01 
5.029166e-01 5.048966e-01 
5.095920e-01 5.069460e-01 
5.163099e-01 5.090172e-01 
5.230753e-01 5.110952e-01 
5.298941e-01 5.131588e-01 
5.367676e-01 5.151738e-01 
5.437031e-01 5.171441e-01 
5.506927e-01 5.189985e-01 
5.577383e-01 5.205846e-01 
5.648286e-01 5.215241e-01 
5.719675e-01 5.212517e-01 
5.792975e-01 5.238084e-01 
5.866954e-01 5.262140e-01 
5.941425e-01 5.285022e-01 
6.016364e-01 5.306705e-01 
6.091735e-01 5.327202e-01 
6.167506e-01 5.346515e-01 
6.243640e-01 5.364668e-01 
6.320098e-01 5.381709e-01 
6.396845e-01 5.397674e-01 
6.473843e-01 5.412615e-01 
6.551046e-01 5.426655e-01 
6.628422e-01 5.439870e-01 
6.705944e-01 5.452336e-01 
6.783595e-01 5.464087e-01 
6.861348e-01 5.475227e-01 
6.939188e-01 5.485808e-01 
7.017103e-01 5.495869e-01 
7.095085e-01 5.505434e-01 
7.173126e-01 5.514527e-01 
7.251218e-01 5.523187e-01 
7.329356e-01 5.531422e-01 
7.407537e-01 5.539232e-01 
7.485757e-01 5.546615e-01 
7.564014e-01 5.553545e-01 
7.644917e-01 5.561070e-01 
7.725411e-01 5.568033e-01 
4.123361e-01 4.873129e-01 
4.185951e-01 4.887128e-01 
4.248458e-01 4.901530e-01 
4.310910e-01 4.916339e-01 
4.373333e-01 4.931558e-01 
4.438533e-01 4.947888e-01 
4.503768e-01 4.964653e-01 
4.569069e-01 4.981861e-01 
4.634458e-01 4.999491e-01 
4.699965e-01 5.017532e-01 
4.765616e-01 5.035968e-01 
4.831450e-01 5.054798e-01 
4.897500e-01 5.073996e-01 
4.963807e-01 5.093554e-01 
5.030419e-01 5.113448e-01 
5.097379e-01 5.133647e-01 
5.164760e-01 5.154063e-01 
5.232611e-01 5.174545e-01 
5.300991e-01 5.194884e-01 
5.369909e-01 5.214741e-01 
5.439439e-01 5.234153e-01 
5.509499e-01 5.252416e-01 
5.580105e-01 5.268016e-01 
5.651139e-01 5.277196e-01 
5.722635e-01 5.274331e-01 
5.795889e-01 5.299598e-01 
5.869814e-01 5.323375e-01 
5.944224e-01 5.345992e-01 
6.019096e-01 5.367426e-01 
6.094394e-01 5.387688e-01 
6.170088e-01 5.406783e-01 
6.246141e-01 5.424732e-01 
6.322512e-01 5.441584e-01 
6.399169e-01 5.457373e-01 
6.476074e-01 5.472152e-01 
6.553180e-01 5.486041e-01 
6.630458e-01 5.499116e-01 
6.707880e-01 5.511452e-01 
6.785429e-01 5.523082e-01 
6.863079e-01 5.534109e-01 
6.940814e-01 5.544585e-01 
7.018624e-01 5.554547e-01 
7.096500e-01 5.564020e-01 
7.174435e-01 5.573027e-01 
7.252419e-01 5.581607e-01 
7.330448e-01 5.589767e-01 
7.408520e-01 5.597508e-01 
7.486630e-01 5.604828e-01 
7.564778e-01 5.611701e-01 
7.645607e-01 5.619159e-01 
7.726035e-01 5.626063e-01 
4.121951e-01 4.941379e-01 
4.184708e-01 4.955151e-01 
4.247384e-01 4.969320e-01 
4.310008e-01 4.983890e-01 
4.372605e-01 4.998865e-01 
4.438014e-01 5.014941e-01 
4.503460e-01 5.031447e-01 
4.568974e-01 5.048391e-01 
4.634576e-01 5.065752e-01 
4.700295e-01 5.083521e-01 
4.766158e-01 5.101681e-01 
4.832203e-01 5.120231e-01 
4.898463e-01 5.139147e-01 
4.964978e-01 5.158419e-01 
5.031794e-01 5.178025e-01 
5.098957e-01 5.197934e-01 
5.166536e-01 5.218057e-01 
5.234580e-01 5.238246e-01 
5.303145e-01 5.258292e-01 
5.372244e-01 5.277860e-01 
5.441944e-01 5.296987e-01 
5.512165e-01 5.314973e-01 
5.582917e-01 5.330316e-01 
5.654081e-01 5.339285e-01 
5.725684e-01 5.336286e-01 
5.798891e-01 5.361250e-01 
5.872760e-01 5.384744e-01 
5.947107e-01 5.407093e-01 
6.021911e-01 5.428274e-01 
6.097136e-01 5.448300e-01 
6.172750e-01 5.467172e-01 
6.248719e-01 5.484914e-01 
6.325003e-01 5.501573e-01 
6.401567e-01 5.517183e-01 
6.478377e-01 5.531797e-01 
6.555386e-01 5.545532e-01 
6.632564e-01 5.558464e-01 
6.709884e-01 5.570667e-01 
6.787330e-01 5.582173e-01 
6.864875e-01 5.593084e-01 
6.942504e-01 5.603451e-01 
7.020207e-01 5.613311e-01 
7.097975e-01 5.622689e-01 
7.175801e-01 5.631607e-01 
7.253676e-01 5.640103e-01 
7.331595e-01 5.648186e-01 
7.409556e-01 5.655855e-01 
7.487556e-01 5.663108e-01 
7.565592e-01 5.669921e-01 
7.646345e-01 5.677309e-01 
7.726704e-01 5.684151e-01 
4.120703e-01 5.009666e-01 
4.183624e-01 5.023213e-01 
4.246466e-01 5.037152e-01 
4.309259e-01 5.051488e-01 
4.372027e-01 5.066222e-01 
4.437644e-01 5.082048e-01 
4.503298e-01 5.098299e-01 
4.569020e-01 5.114984e-01 
4.634832e-01 5.132081e-01 
4.700760e-01 5.149582e-01 
4.766832e-01 5.167469e-01 
4.833084e-01 5.185744e-01 
4.899549e-01 5.204381e-01 
4.966268e-01 5.223373e-01 
5.033285e-01 5.242694e-01 
5.100645e-01 5.262317e-01 
5.168418e-01 5.282152e-01 
5.236650e-01 5.302052e-01 
5.305399e-01 5.321809e-01 
5.374673e-01 5.341092e-01 
5.444540e-01 5.359936e-01 
5.514918e-01 5.377650e-01 
5.585815e-01 5.392740e-01 
5.657106e-01 5.401503e-01 
5.728815e-01 5.398376e-01 
5.801973e-01 5.423035e-01 
5.875785e-01 5.446242e-01 
5.950069e-01 5.468320e-01 
6.024803e-01 5.489245e-01 
6.099952e-01 5.509030e-01 
6.175486e-01 5.527676e-01 
6.251370e-01 5.545209e-01 
6.327564e-01 5.561672e-01 
6.404035e-01 5.577100e-01 
6.480749e-01 5.591545e-01 
6.557659e-01 5.605124e-01 
6.634735e-01 5.617910e-01 
6.711952e-01 5.629976e-01 
6.789293e-01 5.641355e-01 
6.866731e-01 5.652147e-01 
6.944253e-01 5.662403e-01 
7.021847e-01 5.672158e-01 
7.099506e-01 5.681438e-01 
7.177222e-01 5.690264e-01 
7.254986e-01 5.698674e-01 
7.332794e-01 5.706676e-01 
7.410643e-01 5.714270e-01 
7.488530e-01 5.721454e-01 
7.566453e-01 5.728203e-01 
7.647128e-01 5.735518e-01 
7.727417e-01 5.742296e-01 
4.119607e-01 5.077990e-01 
4.182689e-01 5.091317e-01 
4.245696e-01 5.105029e-01 
4.308656e-01 5.119133e-01 
4.371592e-01 5.133631e-01 
4.437412e-01 5.149210e-01 
4.503272e-01 5.165210e-01 
4.569200e-01 5.181638e-01 
4.635217e-01 5.198475e-01 
4.701351e-01 5.215712e-01 
4.767628e-01 5.233331e-01 
4.834084e-01 5.251335e-01 
4.900751e-01 5.269698e-01 
4.967670e-01 5.288412e-01 
5.034884e-01 5.307453e-01 
5.102437e-01 5.326793e-01 
5.170399e-01 5.346343e-01 
5.238817e-01 5.365958e-01 
5.307744e-01 5.385430e-01 
5.377190e-01 5.404431e-01 
5.447220e-01 5.422997e-01 
5.517751e-01 5.440441e-01 
5.588789e-01 5.455282e-01 
5.660207e-01 5.463843e-01 
5.732020e-01 5.460596e-01 
5.805128e-01 5.484945e-01 
5.878882e-01 5.507863e-01 
5.953101e-01 5.529666e-01 
6.027764e-01 5.550332e-01 
6.102837e-01 5.569873e-01 
6.178289e-01 5.588292e-01 
6.254086e-01 5.605611e-01 
6.330190e-01 5.621875e-01 
6.406566e-01 5.637119e-01 
6.483182e-01 5.651392e-01 
6.559992e-01 5.664811e-01 
6.636966e-01 5.677448e-01 
6.714078e-01 5.689375e-01 
6.791312e-01 5.700625e-01 
6.868643e-01 5.711295e-01 
6.946056e-01 5.721436e-01 
7.023541e-01 5.731084e-01 
7.101089e-01 5.740263e-01 
7.178694e-01 5.748993e-01 
7.256346e-01 5.757314e-01 
7.334041e-01 5.765233e-01 
7.411777e-01 5.772750e-01 
7.489550e-01 5.779861e-01 
7.567358e-01 5.786544e-01 
7.647955e-01 5.793785e-01 
7.728173e-01 5.800495e-01 
4.118654e-01 5.146350e-01 
4.181896e-01 5.159459e-01 
4.245065e-01 5.172948e-01 
4.308188e-01 5.186824e-01 
4.371290e-01 5.201088e-01 
4.437312e-01 5.216424e-01 
4.503374e-01 5.232177e-01 
4.569504e-01 5.248353e-01 
4.635725e-01 5.264934e-01 
4.702061e-01 5.281910e-01 
4.768540e-01 5.299265e-01 
4.835196e-01 5.317002e-01 
4.902061e-01 5.335094e-01 
4.969176e-01 5.353534e-01 
5.036583e-01 5.372299e-01 
5.104327e-01 5.391360e-01 
5.172474e-01 5.410629e-01 
5.241072e-01 5.429961e-01 
5.310173e-01 5.449151e-01 
5.379787e-01 5.467873e-01 
5.449977e-01 5.486163e-01 
5.520659e-01 5.503341e-01 
5.591836e-01 5.517936e-01 
5.663376e-01 5.526299e-01 
5.735295e-01 5.522938e-01 
5.808352e-01 5.546975e-01 
5.882046e-01 5.569600e-01 
5.956199e-01 5.591126e-01 
6.030790e-01 5.611530e-01 
6.105785e-01 5.630825e-01 
6.181155e-01 5.649012e-01 
6.256864e-01 5.666115e-01 
6.332876e-01 5.682178e-01 
6.409157e-01 5.697234e-01 
6.485675e-01 5.711333e-01 
6.562383e-01 5.724590e-01 
6.639253e-01 5.737076e-01 
6.716259e-01 5.748861e-01 
6.793386e-01 5.759978e-01 
6.870609e-01 5.770524e-01 
6.947912e-01 5.780548e-01 
7.025286e-01 5.790085e-01 
7.102722e-01 5.799160e-01 
7.180214e-01 5.807794e-01 
7.257753e-01 5.816023e-01 
7.335334e-01 5.823856e-01 
7.412956e-01 5.831291e-01 
7.490614e-01 5.838328e-01 
7.568307e-01 5.844942e-01 
7.648823e-01 5.852106e-01 
7.728968e-01 5.858747e-01 
4.117835e-01 5.214748e-01 
4.181234e-01 5.227642e-01 
4.244563e-01 5.240911e-01 
4.307848e-01 5.254561e-01 
4.371113e-01 5.268596e-01 
4.437333e-01 5.283692e-01 
4.503595e-01 5.299200e-01 
4.569926e-01 5.315128e-01 
4.636346e-01 5.331455e-01 
4.702882e-01 5.348175e-01 
4.769558e-01 5.365270e-01 
4.836412e-01 5.382742e-01 
4.903472e-01 5.400567e-01 
4.970779e-01 5.418737e-01 
5.038376e-01 5.437229e-01 
5.106306e-01 5.456013e-01 
5.174635e-01 5.475004e-01 
5.243410e-01 5.494056e-01 
5.312682e-01 5.512967e-01 
5.382460e-01 5.531413e-01 
5.452806e-01 5.549429e-01 
5.523635e-01 5.566343e-01 
5.594947e-01 5.580695e-01 
5.666609e-01 5.588866e-01 
5.738630e-01 5.585396e-01 
5.811636e-01 5.609119e-01 
5.885269e-01 5.631448e-01 
5.959356e-01 5.652694e-01 
6.033874e-01 5.672833e-01 
6.108791e-01 5.691879e-01 
6.184077e-01 5.709832e-01 
6.259698e-01 5.726717e-01 
6.335617e-01 5.742575e-01 
6.411802e-01 5.757442e-01 
6.488219e-01 5.771364e-01 
6.564825e-01 5.784456e-01 
6.641591e-01 5.796787e-01 
6.718491e-01 5.808428e-01 
6.795510e-01 5.819410e-01 
6.872622e-01 5.829829e-01 
6.949815e-01 5.839734e-01 
7.027077e-01 5.849158e-01 
7.104400e-01 5.858128e-01 
7.181779e-01 5.866661e-01 
7.259204e-01 5.874796e-01 
7.336671e-01 5.882540e-01 
7.414177e-01 5.889893e-01 
7.491719e-01 5.896853e-01 
7.569296e-01 5.903395e-01 
7.649731e-01 5.910480e-01 
7.729802e-01 5.917051e-01 
4.117142e-01 5.283184e-01 
4.180696e-01 5.295865e-01 
4.244182e-01 5.308917e-01 
4.307627e-01 5.322345e-01 
4.371053e-01 5.336153e-01 
4.437469e-01 5.351013e-01 
4.503928e-01 5.366280e-01 
4.570456e-01 5.381962e-01 
4.637073e-01 5.398039e-01 
4.703806e-01 5.414505e-01 
4.770677e-01 5.431342e-01 
4.837724e-01 5.448554e-01 
4.904976e-01 5.466114e-01 
4.972473e-01 5.484017e-01 
5.040256e-01 5.502238e-01 
5.108369e-01 5.520749e-01 
5.176877e-01 5.539464e-01 
5.245825e-01 5.558240e-01 
5.315264e-01 5.576874e-01 
5.385203e-01 5.595046e-01 
5.455701e-01 5.612792e-01 
5.526673e-01 5.629444e-01 
5.598117e-01 5.643557e-01 
5.669899e-01 5.651538e-01 
5.742022e-01 5.647965e-01 
5.814976e-01 5.671370e-01 
5.888548e-01 5.693401e-01 
5.962567e-01 5.714364e-01 
6.037012e-01 5.734236e-01 
6.111850e-01 5.753030e-01 
6.187051e-01 5.770748e-01 
6.262583e-01 5.787411e-01 
6.338409e-01 5.803063e-01 
6.414497e-01 5.817737e-01 
6.490814e-01 5.831480e-01 
6.567317e-01 5.844404e-01 
6.643977e-01 5.856580e-01 
6.720769e-01 5.868074e-01 
6.797679e-01 5.878919e-01 
6.874681e-01 5.889209e-01 
6.951762e-01 5.898991e-01 
7.028912e-01 5.908301e-01 
7.106122e-01 5.917162e-01 
7.183386e-01 5.925593e-01 
7.260696e-01 5.933632e-01 
7.338048e-01 5.941285e-01 
7.415438e-01 5.948553e-01 
7.492864e-01 5.955432e-01 
7.570324e-01 5.961902e-01 
7.650676e-01 5.968905e-01 
7.730672e-01 5.975403e-01 
4.116566e-01 5.351659e-01 
4.180274e-01 5.364131e-01 
4.243915e-01 5.376968e-01 
4.307517e-01 5.390176e-01 
4.371101e-01 5.403759e-01 
4.437712e-01 5.418386e-01 
4.504365e-01 5.433414e-01 
4.571088e-01 5.448853e-01 
4.637900e-01 5.464684e-01 
4.704825e-01 5.480899e-01 
4.771890e-01 5.497482e-01 
4.839127e-01 5.514435e-01 
4.906568e-01 5.531734e-01 
4.974251e-01 5.549372e-01 
5.042217e-01 5.567325e-01 
5.110509e-01 5.585566e-01 
5.179192e-01 5.604007e-01 
5.248310e-01 5.622508e-01 
5.317914e-01 5.640868e-01 
5.388010e-01 5.658768e-01 
5.458656e-01 5.676246e-01 
5.529769e-01 5.692640e-01 
5.601343e-01 5.706515e-01 
5.673242e-01 5.714310e-01 
5.745466e-01 5.710639e-01 
5.818367e-01 5.733723e-01 
5.891878e-01 5.755454e-01 
5.965829e-01 5.776132e-01 
6.040200e-01 5.795735e-01 
6.114957e-01 5.814275e-01 
6.190074e-01 5.831753e-01 
6.265516e-01 5.848194e-01 
6.341248e-01 5.863636e-01 
6.417238e-01 5.878116e-01 
6.493454e-01 5.891678e-01 
6.569853e-01 5.904433e-01 
6.646407e-01 5.916449e-01 
6.723092e-01 5.927795e-01 
6.799892e-01 5.938500e-01 
6.876783e-01 5.948659e-01 
6.953752e-01 5.958318e-01 
7.030789e-01 5.967510e-01 
7.107885e-01 5.976260e-01 
7.185034e-01 5.984587e-01 
7.262229e-01 5.992527e-01 
7.339464e-01 6.000087e-01 
7.416738e-01 6.007268e-01 
7.494046e-01 6.014066e-01 
7.571388e-01 6.020460e-01 
7.651658e-01 6.027381e-01 
7.731578e-01 6.033804e-01 
4.116101e-01 5.420173e-01 
4.179960e-01 5.432437e-01 
4.243755e-01 5.445061e-01 
4.307512e-01 5.458053e-01 
4.371252e-01 5.471414e-01 
4.438055e-01 5.485810e-01 
4.504900e-01 5.500602e-01 
4.571815e-01 5.515801e-01 
4.638818e-01 5.531388e-01 
4.705935e-01 5.547354e-01 
4.773189e-01 5.563685e-01 
4.840615e-01 5.580383e-01 
4.908242e-01 5.597423e-01 
4.976107e-01 5.614799e-01 
5.044254e-01 5.632487e-01 
5.112722e-01 5.650459e-01 
5.181577e-01 5.668629e-01 
5.250862e-01 5.686857e-01 
5.320626e-01 5.704945e-01 
5.390876e-01 5.722576e-01 
5.461669e-01 5.739787e-01 
5.532919e-01 5.755925e-01 
5.604621e-01 5.769565e-01 
5.676635e-01 5.777177e-01 
5.748960e-01 5.773412e-01 
5.821808e-01 5.796174e-01 
5.895257e-01 5.817602e-01 
5.969140e-01 5.837992e-01 
6.043436e-01 5.857324e-01 
6.118113e-01 5.875607e-01 
6.193144e-01 5.892846e-01 
6.268496e-01 5.909060e-01 
6.344133e-01 5.924292e-01 
6.420025e-01 5.938575e-01 
6.496139e-01 5.951953e-01 
6.572434e-01 5.964537e-01 
6.648881e-01 5.976393e-01 
6.725457e-01 5.987588e-01 
6.802147e-01 5.998152e-01 
6.878927e-01 6.008177e-01 
6.955783e-01 6.017710e-01 
7.032706e-01 6.026783e-01 
7.109687e-01 6.035421e-01 
7.186721e-01 6.043642e-01 
7.263800e-01 6.051481e-01 
7.340918e-01 6.058946e-01 
7.418075e-01 6.066038e-01 
7.495265e-01 6.072752e-01 
7.572489e-01 6.079068e-01 
7.652674e-01 6.085904e-01 
7.732517e-01 6.092250e-01 
4.115740e-01 5.488725e-01 
4.179748e-01 5.500783e-01 
4.243695e-01 5.513198e-01 
4.307604e-01 5.525975e-01 
4.371499e-01 5.539117e-01 
4.438491e-01 5.553284e-01 
4.505526e-01 5.567843e-01 
4.572631e-01 5.582804e-01 
4.639823e-01 5.598149e-01 
4.707129e-01 5.613870e-01 
4.774569e-01 5.629951e-01 
4.842181e-01 5.646396e-01 
4.909990e-01 5.663179e-01 
4.978037e-01 5.680294e-01 
5.046360e-01 5.697719e-01 
5.115002e-01 5.715424e-01 
5.184026e-01 5.733326e-01 
5.253475e-01 5.751284e-01 
5.323396e-01 5.769101e-01 
5.393797e-01 5.786464e-01 
5.464732e-01 5.803411e-01 
5.536118e-01 5.819293e-01 
5.607945e-01 5.832701e-01 
5.680073e-01 5.840132e-01 
5.752499e-01 5.836278e-01 
5.825293e-01 5.858716e-01 
5.898679e-01 5.879839e-01 
5.972493e-01 5.899940e-01 
6.046714e-01 5.918998e-01 
6.121310e-01 5.937023e-01 
6.196255e-01 5.954019e-01 
6.271516e-01 5.970006e-01 
6.347059e-01 5.985025e-01 
6.422852e-01 5.999109e-01 
6.498864e-01 6.012303e-01 
6.575054e-01 6.024713e-01 
6.651394e-01 6.036406e-01 
6.727861e-01 6.047448e-01 
6.804440e-01 6.057869e-01 
6.881108e-01 6.067759e-01 
6.957851e-01 6.077164e-01 
7.034659e-01 6.086117e-01 
7.111526e-01 6.094640e-01 
7.188444e-01 6.102753e-01 
7.265406e-01 6.110490e-01 
7.342407e-01 6.117858e-01 
7.419446e-01 6.124859e-01 
7.496518e-01 6.131488e-01 
7.573623e-01 6.137724e-01 
7.653723e-01 6.144473e-01 
7.733488e-01 6.150741e-01 
4.115475e-01 5.557314e-01 
4.179632e-01 5.569169e-01 
4.243728e-01 5.581377e-01 
4.307788e-01 5.593941e-01 
4.371835e-01 5.606866e-01 
4.439014e-01 5.620806e-01 
4.506237e-01 5.635134e-01 
4.573529e-01 5.649860e-01 
4.640909e-01 5.664965e-01 
4.708400e-01 5.680442e-01 
4.776025e-01 5.696276e-01 
4.843819e-01 5.712469e-01 
4.911809e-01 5.728998e-01 
4.980034e-01 5.745856e-01 
5.048531e-01 5.763019e-01 
5.117344e-01 5.780459e-01 
5.186534e-01 5.798093e-01 
5.256143e-01 5.815782e-01 
5.326219e-01 5.833331e-01 
5.396768e-01 5.850428e-01 
5.467843e-01 5.867112e-01 
5.539360e-01 5.882740e-01 
5.611310e-01 5.895918e-01 
5.683551e-01 5.903171e-01 
5.756076e-01 5.899233e-01 
5.828817e-01 5.921344e-01 
5.902140e-01 5.942161e-01 
5.975884e-01 5.961970e-01 
6.050030e-01 5.980752e-01 
6.124546e-01 5.998518e-01 
6.199404e-01 6.015269e-01 
6.274574e-01 6.031027e-01 
6.350021e-01 6.045831e-01 
6.425715e-01 6.059715e-01 
6.501625e-01 6.072721e-01 
6.577709e-01 6.084956e-01 
6.653942e-01 6.096486e-01 
6.730300e-01 6.107373e-01 
6.806768e-01 6.117649e-01 
6.883323e-01 6.127402e-01 
6.959952e-01 6.136678e-01 
7.036646e-01 6.145508e-01 
7.113397e-01 6.153915e-01 
7.190199e-01 6.161918e-01 
7.267044e-01 6.169551e-01 
7.343928e-01 6.176821e-01 
7.420849e-01 6.183728e-01 
7.497802e-01 6.190270e-01 
7.574788e-01 6.196426e-01 
7.654802e-01 6.203086e-01 
7.734489e-01 6.209274e-01 
4.115303e-01 5.625939e-01 
4.179605e-01 5.637594e-01 
4.243848e-01 5.649595e-01 
4.308058e-01 5.661949e-01 
4.372254e-01 5.674659e-01 
4.439619e-01 5.688374e-01 
4.507027e-01 5.702473e-01 
4.574505e-01 5.716966e-01 
4.642069e-01 5.731833e-01 
4.709744e-01 5.747068e-01 
4.777551e-01 5.762657e-01 
4.845525e-01 5.778601e-01 
4.913694e-01 5.794877e-01 
4.982093e-01 5.811478e-01 
5.050762e-01 5.828382e-01 
5.119744e-01 5.845559e-01 
5.189097e-01 5.862927e-01 
5.258863e-01 5.880349e-01 
5.329091e-01 5.897630e-01 
5.399784e-01 5.914462e-01 
5.470997e-01 5.930885e-01 
5.542643e-01 5.946262e-01 
5.614713e-01 5.959210e-01 
5.687064e-01 5.966289e-01 
5.759687e-01 5.962270e-01 
5.832374e-01 5.984052e-01 
5.905634e-01 6.004560e-01 
5.979309e-01 6.024077e-01 
6.053379e-01 6.042581e-01 
6.127814e-01 6.060085e-01 
6.202586e-01 6.076590e-01 
6.277665e-01 6.092117e-01 
6.353016e-01 6.106706e-01 
6.428610e-01 6.120387e-01 
6.504417e-01 6.133205e-01 
6.580397e-01 6.145263e-01 
6.656522e-01 6.156627e-01 
6.732770e-01 6.167359e-01 
6.809127e-01 6.177488e-01 
6.885569e-01 6.187103e-01 
6.962085e-01 6.196247e-01 
7.038664e-01 6.204953e-01 
7.115300e-01 6.213243e-01 
7.191985e-01 6.221134e-01 
7.268713e-01 6.228662e-01 
7.345479e-01 6.235832e-01 
7.422281e-01 6.242645e-01 
7.499116e-01 6.249098e-01 
7.575983e-01 6.255171e-01 
7.655911e-01 6.261742e-01 
7.735519e-01 6.267849e-01 
4.115217e-01 5.694599e-01 
4.179663e-01 5.706055e-01 
4.244052e-01 5.717852e-01 
4.308409e-01 5.729998e-01 
4.372753e-01 5.742495e-01 
4.440301e-01 5.755987e-01 
4.507892e-01 5.769859e-01 
4.575553e-01 5.784120e-01 
4.643299e-01 5.798751e-01 
4.711155e-01 5.813747e-01 
4.779143e-01 5.829092e-01 
4.847295e-01 5.844789e-01 
4.915638e-01 5.860814e-01 
4.984210e-01 5.877160e-01 
5.053049e-01 5.893806e-01 
5.122195e-01 5.910722e-01 
5.191709e-01 5.927825e-01 
5.261631e-01 5.944980e-01 
5.332007e-01 5.961996e-01 
5.402843e-01 5.978565e-01 
5.474189e-01 5.994727e-01 
5.545962e-01 6.009854e-01 
5.618150e-01 6.022575e-01 
5.690610e-01 6.029480e-01 
5.763331e-01 6.025385e-01 
5.835963e-01 6.046837e-01 
5.909161e-01 6.067035e-01 
5.982766e-01 6.086257e-01 
6.056761e-01 6.104482e-01 
6.131114e-01 6.121723e-01 
6.205799e-01 6.137980e-01 
6.280786e-01 6.153275e-01 
6.356042e-01 6.167646e-01 
6.431537e-01 6.181123e-01 
6.507241e-01 6.193751e-01 
6.583115e-01 6.205631e-01 
6.659132e-01 6.216827e-01 
6.735271e-01 6.227402e-01 
6.811516e-01 6.237383e-01 
6.887846e-01 6.246858e-01 
6.964247e-01 6.255870e-01 
7.040712e-01 6.264450e-01 
7.117231e-01 6.272621e-01 
7.193800e-01 6.280400e-01 
7.270411e-01 6.287820e-01 
7.347059e-01 6.294889e-01 
7.423743e-01 6.301606e-01 
7.500459e-01 6.307969e-01 
7.577206e-01 6.313958e-01 
7.657047e-01 6.320438e-01 
7.736576e-01 6.326463e-01 
4.115211e-01 5.763294e-01 
4.179799e-01 5.774552e-01 
4.244333e-01 5.786147e-01 
4.308834e-01 5.798086e-01 
4.373324e-01 5.810372e-01 
4.441053e-01 5.823644e-01 
4.508826e-01 5.837290e-01 
4.576668e-01 5.851321e-01 
4.644594e-01 5.865718e-01 
4.712629e-01 5.880476e-01 
4.780794e-01 5.895579e-01 
4.849122e-01 5.911030e-01 
4.917639e-01 5.926805e-01 
4.986381e-01 5.942899e-01 
5.055387e-01 5.959287e-01 
5.124696e-01 5.975943e-01 
5.194368e-01 5.992783e-01 
5.264442e-01 6.009673e-01 
5.334965e-01 6.026424e-01 
5.405940e-01 6.042732e-01 
5.477417e-01 6.058635e-01 
5.549314e-01 6.073512e-01 
5.621618e-01 6.086007e-01 
5.694185e-01 6.092742e-01 
5.767002e-01 6.088572e-01 
5.839580e-01 6.109693e-01 
5.912715e-01 6.129580e-01 
5.986251e-01 6.148505e-01 
6.060169e-01 6.166450e-01 
6.134441e-01 6.183426e-01 
6.209040e-01 6.199434e-01 
6.283936e-01 6.214495e-01 
6.359095e-01 6.228647e-01 
6.434491e-01 6.241919e-01 
6.510092e-01 6.254356e-01 
6.585860e-01 6.266056e-01 
6.661770e-01 6.277084e-01 
6.737799e-01 6.287500e-01 
6.813932e-01 6.297332e-01 
6.890149e-01 6.306665e-01 
6.966437e-01 6.315544e-01 
7.042786e-01 6.323997e-01 
7.119190e-01 6.332047e-01 
7.195642e-01 6.339712e-01 
7.272135e-01 6.347024e-01 
7.348665e-01 6.353990e-01 
7.425230e-01 6.360610e-01 
7.501827e-01 6.366882e-01 
7.578455e-01 6.372785e-01 
7.658210e-01 6.379174e-01 
7.737659e-01 6.385115e-01 
4.115279e-01 5.832023e-01 
4.180009e-01 5.843085e-01 
4.244684e-01 5.854480e-01 
4.309329e-01 5.866214e-01 
4.373963e-01 5.878290e-01 
4.441872e-01 5.891342e-01 
4.509824e-01 5.904765e-01 
4.577844e-01 5.918567e-01 
4.645949e-01 5.932732e-01 
4.714162e-01 5.947253e-01 
4.782502e-01 5.962115e-01 
4.851003e-01 5.977322e-01 
4.919691e-01 5.992849e-01 
4.988601e-01 6.008690e-01 
5.057772e-01 6.024824e-01 
5.127241e-01 6.041220e-01 
5.197069e-01 6.057799e-01 
5.267293e-01 6.074425e-01 
5.337960e-01 6.090912e-01 
5.409072e-01 6.106959e-01 
5.480679e-01 6.122605e-01 
5.552698e-01 6.137235e-01 
5.625115e-01 6.149505e-01 
5.697787e-01 6.156071e-01 
5.770699e-01 6.151829e-01 
5.843224e-01 6.172617e-01 
5.916295e-01 6.192191e-01 
5.989762e-01 6.210819e-01 
6.063605e-01 6.228482e-01 
6.137795e-01 6.245192e-01 
6.212307e-01 6.260949e-01 
6.287111e-01 6.275775e-01 
6.362175e-01 6.289706e-01 
6.437471e-01 6.302772e-01 
6.512969e-01 6.315016e-01 
6.588632e-01 6.326536e-01 
6.664433e-01 6.337394e-01 
6.740352e-01 6.347649e-01 
6.816374e-01 6.357331e-01 
6.892478e-01 6.366523e-01 
6.968652e-01 6.375266e-01 
7.044886e-01 6.383591e-01 
7.121174e-01 6.391520e-01 
7.197509e-01 6.399069e-01 
7.273885e-01 6.406271e-01 
7.350297e-01 6.413133e-01 
7.426743e-01 6.419655e-01 
7.503221e-01 6.425834e-01 
7.579729e-01 6.431651e-01 
7.659398e-01 6.437948e-01 
7.738767e-01 6.443804e-01 
4.115416e-01 5.900786e-01 
4.180285e-01 5.911654e-01 
4.245102e-01 5.922850e-01 
4.309888e-01 5.934380e-01 
4.374665e-01 5.946248e-01 
4.442751e-01 5.959082e-01 
4.510881e-01 5.972282e-01 
4.579078e-01 5.985858e-01 
4.647360e-01 5.999791e-01 
4.715747e-01 6.014077e-01 
4.784261e-01 6.028700e-01 
4.852934e-01 6.043663e-01 
4.921791e-01 6.058943e-01 
4.990867e-01 6.074534e-01 
5.060200e-01 6.090413e-01 
5.129828e-01 6.106551e-01 
5.199809e-01 6.122869e-01 
5.270182e-01 6.139233e-01 
5.340990e-01 6.155457e-01 
5.412237e-01 6.171245e-01 
5.483971e-01 6.186634e-01 
5.556110e-01 6.201018e-01 
5.628639e-01 6.213066e-01 
5.701415e-01 6.219464e-01 
5.774422e-01 6.215152e-01 
5.846892e-01 6.235606e-01 
5.919900e-01 6.254864e-01 
5.993297e-01 6.273194e-01 
6.067064e-01 6.290574e-01 
6.141173e-01 6.307016e-01 
6.215598e-01 6.322522e-01 
6.290311e-01 6.337112e-01 
6.365279e-01 6.350821e-01 
6.440476e-01 6.363680e-01 
6.515871e-01 6.375730e-01 
6.591428e-01 6.387068e-01 
6.667121e-01 6.397755e-01 
6.742930e-01 6.407849e-01 
6.818841e-01 6.417380e-01 
6.894832e-01 6.426427e-01 
6.970891e-01 6.435035e-01 
7.047010e-01 6.443231e-01 
7.123182e-01 6.451037e-01 
7.199400e-01 6.458469e-01 
7.275659e-01 6.465561e-01 
7.351953e-01 6.472318e-01 
7.428281e-01 6.478741e-01 
7.504639e-01 6.484826e-01 
7.581028e-01 6.490555e-01 
7.660609e-01 6.496758e-01 
7.739898e-01 6.502529e-01 
4.115619e-01 5.969582e-01 
4.180625e-01 5.980257e-01 
4.245581e-01 5.991256e-01 
4.310508e-01 6.002584e-01 
4.375424e-01 6.014246e-01 
4.443687e-01 6.026864e-01 
4.511993e-01 6.039842e-01 
4.580366e-01 6.053192e-01 
4.648822e-01 6.066895e-01 
4.717382e-01 6.080947e-01 
4.786068e-01 6.095332e-01 
4.854910e-01 6.110053e-01 
4.923935e-01 6.125087e-01 
4.993175e-01 6.140428e-01 
5.062669e-01 6.156054e-01 
5.132453e-01 6.171935e-01 
5.202586e-01 6.187993e-01 
5.273104e-01 6.204095e-01 
5.344052e-01 6.220058e-01 
5.415432e-01 6.235588e-01 
5.487292e-01 6.250722e-01 
5.559550e-01 6.264860e-01 
5.632190e-01 6.276686e-01 
5.705070e-01 6.282917e-01 
5.778171e-01 6.278538e-01 
5.850587e-01 6.298656e-01 
5.923532e-01 6.317599e-01 
5.996859e-01 6.335628e-01 
6.070551e-01 6.352725e-01 
6.144578e-01 6.368899e-01 
6.218916e-01 6.384152e-01 
6.293537e-01 6.398504e-01 
6.368410e-01 6.411990e-01 
6.443506e-01 6.424641e-01 
6.518798e-01 6.436496e-01 
6.594249e-01 6.447651e-01 
6.669835e-01 6.458166e-01 
6.745533e-01 6.468098e-01 
6.821332e-01 6.477476e-01 
6.897210e-01 6.486379e-01 
6.973155e-01 6.494849e-01 
7.049159e-01 6.502914e-01 
7.125214e-01 6.510597e-01 
7.201316e-01 6.517912e-01 
7.277457e-01 6.524892e-01 
7.353633e-01 6.531543e-01 
7.429842e-01 6.537865e-01 
7.506081e-01 6.543856e-01 
7.582349e-01 6.549496e-01 
7.661843e-01 6.555603e-01 
7.741050e-01 6.561286e-01 
4.115880e-01 6.038411e-01 
4.181023e-01 6.048895e-01 
4.246116e-01 6.059697e-01 
4.311182e-01 6.070825e-01 
4.376238e-01 6.082281e-01 
4.444675e-01 6.094684e-01 
4.513155e-01 6.107442e-01 
4.581702e-01 6.120567e-01 
4.650331e-01 6.134042e-01 
4.719063e-01 6.147860e-01 
4.787919e-01 6.162008e-01 
4.856929e-01 6.176488e-01 
4.926119e-01 6.191278e-01 
4.995522e-01 6.206370e-01 
5.065174e-01 6.221743e-01 
5.135113e-01 6.237368e-01 
5.205396e-01 6.253167e-01 
5.276059e-01 6.269008e-01 
5.347144e-01 6.284711e-01 
5.418656e-01 6.299983e-01 
5.490640e-01 6.314862e-01 
5.563015e-01 6.328755e-01 
5.635765e-01 6.340360e-01 
5.708747e-01 6.346426e-01 
5.781941e-01 6.341983e-01 
5.854304e-01 6.361764e-01 
5.927186e-01 6.380391e-01 
6.000443e-01 6.398119e-01 
6.074059e-01 6.414930e-01 
6.148004e-01 6.430834e-01 
6.222256e-01 6.445833e-01 
6.296785e-01 6.459947e-01 
6.371561e-01 6.473210e-01 
6.446558e-01 6.485651e-01 
6.521747e-01 6.497310e-01 
6.597092e-01 6.508281e-01 
6.672570e-01 6.518622e-01 
6.748158e-01 6.528392e-01 
6.823845e-01 6.537616e-01 
6.899610e-01 6.546373e-01 
6.975441e-01 6.554705e-01 
7.051329e-01 6.562640e-01 
7.127269e-01 6.570198e-01 
7.203253e-01 6.577395e-01 
7.279276e-01 6.584262e-01 
7.355334e-01 6.590806e-01 
7.431424e-01 6.597027e-01 
7.507544e-01 6.602922e-01 
7.583693e-01 6.608473e-01 
7.663098e-01 6.614483e-01 
7.742224e-01 6.620077e-01 
4.116197e-01 6.107271e-01 
4.181475e-01 6.117564e-01 
4.246705e-01 6.128172e-01 
4.311908e-01 6.139100e-01 
4.377101e-01 6.150353e-01 
4.445711e-01 6.162540e-01 
4.514364e-01 6.175080e-01 
4.583083e-01 6.187982e-01 
4.651884e-01 6.201229e-01 
4.720786e-01 6.214815e-01 
4.789810e-01 6.228727e-01 
4.858987e-01 6.242966e-01 
4.928340e-01 6.257512e-01 
4.997903e-01 6.272356e-01 
5.067713e-01 6.287477e-01 
5.137806e-01 6.302847e-01 
5.208236e-01 6.318387e-01 
5.279041e-01 6.333969e-01 
5.350263e-01 6.349411e-01 
5.421905e-01 6.364426e-01 
5.494011e-01 6.379051e-01 
5.566501e-01 6.392700e-01 
5.639360e-01 6.404084e-01 
5.712444e-01 6.409987e-01 
5.785731e-01 6.405482e-01 
5.858039e-01 6.424926e-01 
5.930858e-01 6.443235e-01 
6.004046e-01 6.460661e-01 
6.077586e-01 6.477185e-01 
6.151450e-01 6.492819e-01 
6.225615e-01 6.507564e-01 
6.300052e-01 6.521438e-01 
6.374733e-01 6.534476e-01 
6.449630e-01 6.546707e-01 
6.524716e-01 6.558169e-01 
6.599955e-01 6.568955e-01 
6.675324e-01 6.579123e-01 
6.750803e-01 6.588728e-01 
6.826378e-01 6.597798e-01 
6.902030e-01 6.606409e-01 
6.977746e-01 6.614602e-01 
7.053519e-01 6.622404e-01 
7.129343e-01 6.629837e-01 
7.205210e-01 6.636914e-01 
7.281115e-01 6.643668e-01 
7.357055e-01 6.650105e-01 
7.433027e-01 6.656223e-01 
7.509027e-01 6.662022e-01 
7.585056e-01 6.667482e-01 
7.664373e-01 6.673394e-01 
7.743417e-01 6.678899e-01 
4.116566e-01 6.176159e-01 
4.181978e-01 6.186263e-01 
4.247342e-01 6.196677e-01 
4.312681e-01 6.207407e-01 
4.378010e-01 6.218457e-01 
4.446792e-01 6.230432e-01 
4.515617e-01 6.242753e-01 
4.584507e-01 6.255432e-01 
4.653477e-01 6.268452e-01 
4.722548e-01 6.281807e-01 
4.791738e-01 6.295484e-01 
4.861080e-01 6.309484e-01 
4.930595e-01 6.323786e-01 
5.000318e-01 6.338383e-01 
5.070283e-01 6.353253e-01 
5.140527e-01 6.368368e-01 
5.211104e-01 6.383650e-01 
5.282050e-01 6.398972e-01 
5.353407e-01 6.414155e-01 
5.425176e-01 6.428913e-01 
5.497402e-01 6.443285e-01 
5.570007e-01 6.456690e-01 
5.642973e-01 6.467855e-01 
5.716157e-01 6.473596e-01 
5.789536e-01 6.469032e-01 
5.861790e-01 6.488137e-01 
5.934546e-01 6.506127e-01 
6.007665e-01 6.523250e-01 
6.081129e-01 6.539488e-01 
6.154911e-01 6.554850e-01 
6.228989e-01 6.569339e-01 
6.303336e-01 6.582973e-01 
6.377920e-01 6.595786e-01 
6.452718e-01 6.607805e-01 
6.527701e-01 6.619070e-01 
6.602834e-01 6.629671e-01 
6.678095e-01 6.639663e-01 
6.753464e-01 6.649104e-01 
6.828928e-01 6.658018e-01 
6.904466e-01 6.666483e-01 
6.980069e-01 6.674536e-01 
7.055727e-01 6.682205e-01 
7.131434e-01 6.689511e-01 
7.207185e-01 6.696469e-01 
7.282973e-01 6.703109e-01 
7.358794e-01 6.709437e-01 
7.434647e-01 6.715452e-01 
7.510528e-01 6.721154e-01 
7.586438e-01 6.726522e-01 
7.665667e-01 6.732336e-01 
7.744629e-01 6.737751e-01 
4.116983e-01 6.245075e-01 
4.182527e-01 6.254991e-01 
4.248026e-01 6.265213e-01 
4.313499e-01 6.275746e-01 
4.378963e-01 6.286593e-01 
4.447915e-01 6.298356e-01 
4.516910e-01 6.310460e-01 
4.585969e-01 6.322918e-01 
4.655107e-01 6.335712e-01 
4.724345e-01 6.348836e-01 
4.793701e-01 6.362278e-01 
4.863206e-01 6.376040e-01 
4.932882e-01 6.390099e-01 
5.002762e-01 6.404450e-01 
5.072881e-01 6.419069e-01 
5.143275e-01 6.433929e-01 
5.213997e-01 6.448954e-01 
5.285082e-01 6.464017e-01 
5.356572e-01 6.478941e-01 
5.428467e-01 6.493443e-01 
5.500813e-01 6.507562e-01 
5.573530e-01 6.520724e-01 
5.646601e-01 6.531671e-01 
5.719885e-01 6.537250e-01 
5.793355e-01 6.532630e-01 
5.865556e-01 6.551396e-01 
5.938249e-01 6.569066e-01 
6.011298e-01 6.585885e-01 
6.084687e-01 6.601835e-01 
6.158388e-01 6.616925e-01 
6.232380e-01 6.631158e-01 
6.306635e-01 6.644551e-01 
6.381124e-01 6.657137e-01 
6.455822e-01 6.668945e-01 
6.530702e-01 6.680011e-01 
6.605730e-01 6.690425e-01 
6.680883e-01 6.700243e-01 
6.756142e-01 6.709518e-01 
6.831494e-01 6.718276e-01 
6.906920e-01 6.726593e-01 
6.982408e-01 6.734505e-01 
7.057951e-01 6.742042e-01 
7.133543e-01 6.749221e-01 
7.209177e-01 6.756058e-01 
7.284847e-01 6.762583e-01 
7.360551e-01 6.768801e-01 
7.436285e-01 6.774713e-01 
7.512047e-01 6.780317e-01 
7.587837e-01 6.785594e-01 
7.666978e-01 6.791308e-01 
7.745859e-01 6.796631e-01 
4.117445e-01 6.314017e-01 
4.183120e-01 6.323747e-01 
4.248751e-01 6.333776e-01 
4.314357e-01 6.344113e-01 
4.379955e-01 6.354760e-01 
4.449076e-01 6.366311e-01 
4.518239e-01 6.378199e-01 
4.587467e-01 6.390436e-01 
4.656772e-01 6.403004e-01 
4.726175e-01 6.415899e-01 
4.795695e-01 6.429107e-01 
4.865362e-01 6.442631e-01 
4.935197e-01 6.456448e-01 
5.005234e-01 6.470552e-01 
5.075505e-01 6.484922e-01 
5.146048e-01 6.499528e-01 
5.216913e-01 6.514296e-01 
5.288136e-01 6.529100e-01 
5.359757e-01 6.543765e-01 
5.431777e-01 6.558012e-01 
5.504240e-01 6.571878e-01 
5.577068e-01 6.584798e-01 
5.650243e-01 6.595526e-01 
5.723625e-01 6.600946e-01 
5.797186e-01 6.596271e-01 
5.869333e-01 6.614697e-01 
5.941964e-01 6.632047e-01 
6.014944e-01 6.648562e-01 
6.088257e-01 6.664223e-01 
6.161878e-01 6.679041e-01 
6.235783e-01 6.693016e-01 
6.309947e-01 6.706167e-01 
6.384340e-01 6.718527e-01 
6.458939e-01 6.730122e-01 
6.533716e-01 6.740989e-01 
6.608639e-01 6.751216e-01 
6.683684e-01 6.760858e-01 
6.758834e-01 6.769967e-01 
6.834075e-01 6.778569e-01 
6.909388e-01 6.786737e-01 
6.984762e-01 6.794509e-01 
7.060190e-01 6.801911e-01 
7.135666e-01 6.808962e-01 
7.211184e-01 6.815678e-01 
7.286737e-01 6.822088e-01 
7.362323e-01 6.828196e-01 
7.437939e-01 6.834004e-01 
7.513582e-01 6.839509e-01 
7.589252e-01 6.844694e-01 
7.668306e-01 6.850308e-01 
7.747105e-01 6.855540e-01 
4.117947e-01 6.382985e-01 
4.183753e-01 6.392528e-01 
4.249515e-01 6.402367e-01 
4.315253e-01 6.412508e-01 
4.380983e-01 6.422955e-01 
4.450272e-01 6.434295e-01 
4.519603e-01 6.445968e-01 
4.588997e-01 6.457985e-01 
4.658468e-01 6.470328e-01 
4.728036e-01 6.482994e-01 
4.797719e-01 6.495969e-01 
4.867545e-01 6.509255e-01 
4.937539e-01 6.522831e-01 
5.007730e-01 6.536690e-01 
5.078153e-01 6.550809e-01 
5.148842e-01 6.565162e-01 
5.219849e-01 6.579674e-01 
5.291209e-01 6.594220e-01 
5.362960e-01 6.608626e-01 
5.435103e-01 6.622618e-01 
5.507682e-01 6.636232e-01 
5.580620e-01 6.648910e-01 
5.653898e-01 6.659420e-01 
5.727376e-01 6.664681e-01 
5.801027e-01 6.659954e-01 
5.873120e-01 6.678038e-01 
5.945689e-01 6.695068e-01 
6.018600e-01 6.711278e-01 
6.091839e-01 6.726650e-01 
6.165378e-01 6.741194e-01 
6.239198e-01 6.754911e-01 
6.313270e-01 6.767820e-01 
6.387569e-01 6.779953e-01 
6.462068e-01 6.791335e-01 
6.536743e-01 6.802003e-01 
6.611561e-01 6.812042e-01 
6.686499e-01 6.821507e-01 
6.761539e-01 6.830450e-01 
6.836669e-01 6.838894e-01 
6.911869e-01 6.846913e-01 
6.987130e-01 6.854544e-01 
7.062444e-01 6.861811e-01 
7.137804e-01 6.868735e-01 
7.213205e-01 6.875329e-01 
7.288642e-01 6.881623e-01 
7.364110e-01 6.887621e-01 
7.439607e-01 6.893324e-01 
7.515132e-01 6.898730e-01 
7.590683e-01 6.903822e-01 
7.669650e-01 6.909336e-01 
7.748368e-01 6.914475e-01 
4.118488e-01 6.451977e-01 
4.184423e-01 6.461335e-01 
4.250315e-01 6.470984e-01 
4.316183e-01 6.480931e-01 
4.382045e-01 6.491179e-01 
4.451501e-01 6.502309e-01 
4.520998e-01 6.513767e-01 
4.590557e-01 6.525563e-01 
4.660193e-01 6.537683e-01 
4.729924e-01 6.550120e-01 
4.799768e-01 6.562862e-01 
4.869755e-01 6.575911e-01 
4.939904e-01 6.589246e-01 
5.010249e-01 6.602859e-01 
5.080822e-01 6.616730e-01 
5.151657e-01 6.630830e-01 
5.222805e-01 6.645085e-01 
5.294300e-01 6.659373e-01 
5.366179e-01 6.673522e-01 
5.438445e-01 6.687258e-01 
5.511138e-01 6.700621e-01 
5.584184e-01 6.713057e-01 
5.657563e-01 6.723351e-01 
5.731138e-01 6.728453e-01 
5.804876e-01 6.723675e-01 
5.876917e-01 6.741418e-01 
5.949424e-01 6.758126e-01 
6.022267e-01 6.774030e-01 
6.095430e-01 6.789112e-01 
6.168890e-01 6.803383e-01 
6.242623e-01 6.816842e-01 
6.316605e-01 6.829508e-01 
6.390808e-01 6.841413e-01 
6.465209e-01 6.852581e-01 
6.539782e-01 6.863049e-01 
6.614494e-01 6.872901e-01 
6.689325e-01 6.882189e-01 
6.764256e-01 6.890965e-01 
6.839275e-01 6.899252e-01 
6.914364e-01 6.907121e-01 
6.989511e-01 6.914610e-01 
7.064710e-01 6.921742e-01 
7.139955e-01 6.928537e-01 
7.215241e-01 6.935009e-01 
7.290560e-01 6.941187e-01 
7.365911e-01 6.947074e-01 
7.441291e-01 6.952672e-01 
7.516697e-01 6.957979e-01 
7.592129e-01 6.962977e-01 
7.671009e-01 6.968391e-01 
7.749646e-01 6.973437e-01 
4.119063e-01 6.520993e-01 
4.185127e-01 6.530167e-01 
4.251148e-01 6.539627e-01 
4.317146e-01 6.549380e-01 
4.383137e-01 6.559430e-01 
4.452759e-01 6.570350e-01 
4.522422e-01 6.581594e-01 
4.592146e-01 6.593172e-01 
4.661945e-01 6.605068e-01 
4.731838e-01 6.617277e-01 
4.801843e-01 6.629787e-01 
4.871987e-01 6.642599e-01 
4.942292e-01 6.655693e-01 
5.012790e-01 6.669061e-01 
5.083512e-01 6.682683e-01 
5.154491e-01 6.696530e-01 
5.225778e-01 6.710529e-01 
5.297407e-01 6.724559e-01 
5.369414e-01 6.738451e-01 
5.441800e-01 6.751933e-01 
5.514607e-01 6.765044e-01 
5.587760e-01 6.777239e-01 
5.661240e-01 6.787316e-01 
5.734910e-01 6.792261e-01 
5.808737e-01 6.787433e-01 
5.880725e-01 6.804834e-01 
5.953170e-01 6.821221e-01 
6.025945e-01 6.836819e-01 
6.099034e-01 6.851611e-01 
6.172412e-01 6.865607e-01 
6.246060e-01 6.878808e-01 
6.319952e-01 6.891231e-01 
6.394060e-01 6.902907e-01 
6.468362e-01 6.913861e-01 
6.542833e-01 6.924129e-01 
6.617441e-01 6.933792e-01 
6.692165e-01 6.942902e-01 
6.766987e-01 6.951511e-01 
6.841895e-01 6.959640e-01 
6.916871e-01 6.967360e-01 
6.991906e-01 6.974706e-01 
7.066991e-01 6.981703e-01 
7.142120e-01 6.988369e-01 
7.217290e-01 6.994719e-01 
7.292493e-01 7.000779e-01 
7.367727e-01 7.006555e-01 
7.442989e-01 7.012048e-01 
7.518277e-01 7.017254e-01 
7.593590e-01 7.022159e-01 
7.672382e-01 7.027470e-01 
7.750938e-01 7.032423e-01 
4.119671e-01 6.590033e-01 
4.185862e-01 6.599023e-01 
4.252011e-01 6.608295e-01 
4.318138e-01 6.617855e-01 
4.384258e-01 6.627707e-01 
4.454045e-01 6.638418e-01 
4.523872e-01 6.649448e-01 
4.593760e-01 6.660808e-01 
4.663721e-01 6.672480e-01 
4.733775e-01 6.684462e-01 
4.803939e-01 6.696740e-01 
4.874241e-01 6.709316e-01 
4.944701e-01 6.722169e-01 
5.015350e-01 6.735293e-01 
5.086219e-01 6.748665e-01 
5.157342e-01 6.762259e-01 
5.228768e-01 6.776003e-01 
5.300529e-01 6.789776e-01 
5.372662e-01 6.803410e-01 
5.445168e-01 6.816638e-01 
5.518087e-01 6.829498e-01 
5.591346e-01 6.841452e-01 
5.664925e-01 6.851312e-01 
5.738690e-01 6.856101e-01 
5.812606e-01 6.851226e-01 
5.884541e-01 6.868284e-01 
5.956924e-01 6.884349e-01 
6.029631e-01 6.899640e-01 
6.102646e-01 6.914141e-01 
6.175944e-01 6.927862e-01 
6.249506e-01 6.940804e-01 
6.323308e-01 6.952984e-01 
6.397322e-01 6.964431e-01 
6.471525e-01 6.975171e-01 
6.545894e-01 6.985238e-01 
6.620398e-01 6.994712e-01 
6.695015e-01 7.003645e-01 
6.769728e-01 7.012085e-01 
6.844526e-01 7.020056e-01 
6.919390e-01 7.027626e-01 
6.994312e-01 7.034829e-01 
7.069283e-01 7.041691e-01 
7.144297e-01 7.048228e-01 
7.219351e-01 7.054454e-01 
7.294438e-01 7.060398e-01 
7.369555e-01 7.066062e-01 
7.444699e-01 7.071449e-01 
7.519869e-01 7.076556e-01 
7.595064e-01 7.081366e-01 
7.673769e-01 7.086575e-01 
7.752244e-01 7.091433e-01 
4.120309e-01 6.659095e-01 
4.186626e-01 6.667902e-01 
4.252903e-01 6.676986e-01 
4.319157e-01 6.686354e-01 
4.385406e-01 6.696009e-01 
4.455356e-01 6.706512e-01 
4.525347e-01 6.717328e-01 
4.595397e-01 6.728469e-01 
4.665520e-01 6.739919e-01 
4.735734e-01 6.751674e-01 
4.806057e-01 6.763720e-01 
4.876514e-01 6.776059e-01 
4.947128e-01 6.788672e-01 
5.017927e-01 6.801551e-01 
5.088943e-01 6.814676e-01 
5.160208e-01 6.828017e-01 
5.231771e-01 6.841505e-01 
5.303664e-01 6.855020e-01 
5.375922e-01 6.868397e-01 
5.448546e-01 6.881371e-01 
5.521577e-01 6.893980e-01 
5.594941e-01 6.905693e-01 
5.668619e-01 6.915338e-01 
5.742477e-01 6.919970e-01 
5.816480e-01 6.915050e-01 
5.888364e-01 6.931766e-01 
5.960685e-01 6.947508e-01 
6.033324e-01 6.962492e-01 
6.106265e-01 6.976702e-01 
6.179484e-01 6.990148e-01 
6.252961e-01 7.002830e-01 
6.326672e-01 7.014766e-01 
6.400592e-01 7.025984e-01 
6.474697e-01 7.036509e-01 
6.548964e-01 7.046375e-01 
6.623364e-01 7.055660e-01 
6.697874e-01 7.064415e-01 
6.772479e-01 7.072687e-01 
6.847166e-01 7.080500e-01 
6.921919e-01 7.087919e-01 
6.996728e-01 7.094979e-01 
7.071585e-01 7.101704e-01 
7.146486e-01 7.108112e-01 
7.221424e-01 7.114215e-01 
7.296394e-01 7.120041e-01 
7.371395e-01 7.125594e-01 
7.446422e-01 7.130875e-01 
7.521474e-01 7.135881e-01 
7.596551e-01 7.140597e-01 
7.675169e-01 7.145703e-01 
7.753564e-01 7.150465e-01 
4.120974e-01 6.728177e-01 
4.187417e-01 6.736801e-01 
4.253820e-01 6.745698e-01 
4.320202e-01 6.754874e-01 
4.386577e-01 6.764333e-01 
4.456691e-01 6.774628e-01 
4.526844e-01 6.785231e-01 
4.597056e-01 6.796155e-01 
4.667340e-01 6.807382e-01 
4.737713e-01 6.818909e-01 
4.808193e-01 6.830724e-01 
4.878805e-01 6.842828e-01 
4.949571e-01 6.855201e-01 
5.020520e-01 6.867836e-01 
5.091682e-01 6.880711e-01 
5.163089e-01 6.893800e-01 
5.234788e-01 6.907033e-01 
5.306811e-01 6.920291e-01 
5.379193e-01 6.933410e-01 
5.451935e-01 6.946130e-01 
5.525075e-01 6.958489e-01 
5.598543e-01 6.969961e-01 
5.672318e-01 6.979391e-01 
5.746269e-01 6.983868e-01 
5.820359e-01 6.978903e-01 
5.892190e-01 6.995276e-01 
5.964451e-01 7.010694e-01 
6.037023e-01 7.025371e-01 
6.109890e-01 7.039290e-01 
6.183029e-01 7.052461e-01 
6.256421e-01 7.064884e-01 
6.330043e-01 7.076575e-01 
6.403868e-01 7.087564e-01 
6.477876e-01 7.097874e-01 
6.552042e-01 7.107538e-01 
6.626337e-01 7.116634e-01 
6.700742e-01 7.125210e-01 
6.775238e-01 7.133314e-01 
6.849816e-01 7.140968e-01 
6.924457e-01 7.148236e-01 
6.999154e-01 7.155153e-01 
7.073898e-01 7.161742e-01 
7.148683e-01 7.168020e-01 
7.223507e-01 7.174000e-01 
7.298362e-01 7.179708e-01 
7.373245e-01 7.185149e-01 
7.448156e-01 7.190323e-01 
7.523090e-01 7.195229e-01 
7.598049e-01 7.199850e-01 
7.676582e-01 7.204852e-01 
7.754896e-01 7.209519e-01 
4.121666e-01 6.797279e-01 
4.188233e-01 6.805721e-01 
4.254762e-01 6.814432e-01 
4.321270e-01 6.823417e-01 
4.387771e-01 6.832680e-01 
4.458047e-01 6.842767e-01 
4.528362e-01 6.853158e-01 
4.598735e-01 6.863863e-01 
4.669178e-01 6.874869e-01 
4.739710e-01 6.886169e-01 
4.810346e-01 6.897753e-01 
4.881113e-01 6.909621e-01 
4.952031e-01 6.921754e-01 
5.023128e-01 6.934144e-01 
5.094435e-01 6.946772e-01 
5.165982e-01 6.959608e-01 
5.237816e-01 6.972586e-01 
5.309969e-01 6.985586e-01 
5.382474e-01 6.998449e-01 
5.455332e-01 7.010915e-01 
5.528581e-01 7.023023e-01 
5.602152e-01 7.034254e-01 
5.676024e-01 7.043469e-01 
5.750066e-01 7.047791e-01 
5.824243e-01 7.042784e-01 
5.896023e-01 7.058813e-01 
5.968223e-01 7.073909e-01 
6.040727e-01 7.088278e-01 
6.113520e-01 7.101905e-01 
6.186580e-01 7.114800e-01 
6.259888e-01 7.126963e-01 
6.333420e-01 7.138410e-01 
6.407152e-01 7.149169e-01 
6.481062e-01 7.159264e-01 
6.555127e-01 7.168726e-01 
6.629319e-01 7.177633e-01 
6.703618e-01 7.186030e-01 
6.778006e-01 7.193966e-01 
6.852474e-01 7.201460e-01 
6.927005e-01 7.208578e-01 
7.001589e-01 7.215351e-01 
7.076219e-01 7.221804e-01 
7.150891e-01 7.227951e-01 
7.225600e-01 7.233808e-01 
7.300339e-01 7.239398e-01 
7.375107e-01 7.244727e-01 
7.449900e-01 7.249794e-01 
7.524718e-01 7.254599e-01 
7.599559e-01 7.259125e-01 
7.678006e-01 7.264023e-01 
7.756239e-01 7.268593e-01 
4.122381e-01 6.866399e-01 
4.189072e-01 6.874661e-01 
4.255725e-01 6.883185e-01 
4.322359e-01 6.891979e-01 
4.388986e-01 6.901047e-01 
4.459424e-01 6.910926e-01 
4.529899e-01 6.921105e-01 
4.600432e-01 6.931594e-01 
4.671035e-01 6.942377e-01 
4.741724e-01 6.953451e-01 
4.812516e-01 6.964803e-01 
4.883436e-01 6.976436e-01 
4.954504e-01 6.988329e-01 
5.025749e-01 7.000476e-01 
5.097200e-01 7.012855e-01 
5.168887e-01 7.025439e-01 
5.240855e-01 7.038161e-01 
5.313136e-01 7.050904e-01 
5.385763e-01 7.063510e-01 
5.458737e-01 7.075722e-01 
5.532094e-01 7.087580e-01 
5.605766e-01 7.098571e-01 
5.679734e-01 7.107571e-01 
5.753868e-01 7.111739e-01 
5.828129e-01 7.106690e-01 
5.899858e-01 7.122375e-01 
5.971998e-01 7.137147e-01 
6.044435e-01 7.151209e-01 
6.117155e-01 7.164544e-01 
6.190137e-01 7.177163e-01 
6.263360e-01 7.189066e-01 
6.336803e-01 7.200268e-01 
6.410442e-01 7.210797e-01 
6.484254e-01 7.220677e-01 
6.558219e-01 7.229938e-01 
6.632307e-01 7.238654e-01 
6.706500e-01 7.246873e-01 
6.780781e-01 7.254640e-01 
6.855140e-01 7.261975e-01 
6.929560e-01 7.268941e-01 
7.004032e-01 7.275571e-01 
7.078550e-01 7.281887e-01 
7.153108e-01 7.287904e-01 
7.227702e-01 7.293637e-01 
7.302326e-01 7.299109e-01 
7.376978e-01 7.304326e-01 
7.451655e-01 7.309286e-01 
7.526356e-01 7.313990e-01 
7.601079e-01 7.318421e-01 
7.679441e-01 7.323214e-01 
7.757595e-01 7.327687e-01 
BC
-1
-1
-1
-1
-1
-1
-1
-1
-1
-1
-1
-1
-1
-1
-1
-1
-1
-1
-1
-1
-1
-1
-1
-1
-1
-1
-1
-1
-1
-1
-1
-1
-1
-1
-1
-1
-1
-1
-1
-1
-1
-1
-1
-1
-1
-1
-1
-1
-1
-1
-1
-1
-1
-1
-1
-1
-1
-1
-1
-1
-1
-1
-1
-1
-1
-1
-1
-1
-1
-1
-1
-1
-1
-1
-1
-1
-1
-1
-1
-1
-1
-1
-1
-1
-1
-1
-1
-1
-1
-1
-1
-1
-1
-1
-1
-1
-1
-1
-1
-1
-1
-1
-1
-1
-1
-1
-1
-1
-1
-1
-1
-1
-1
-1
-1
-1
-1
-1
-1
-1
-1
-1
-1
-1
-1
-1
-1
-1
-1
-1
-1
-1
-1
-1
-1
-1
-1
-1
-1
-1
-1
-1
-1
-1
-1
-1
-1
-1
-1
-1
-1
-1
-1
-1
-1
-1
-1
-1
-1
-1
-1
-1
-1
-1
-1
-1
-1
-1
-1
-1
-1
-1
-1
-1
-1
-1
-1
-1
-1
-1
-1
-1
-1
-1
-1
-1
-1
-1
-1
-1
-1
-1
-1
-1
